0.000000000000000000e+00 9.891000000000000000e+03
5.000000000000000000e+01 1.016200000000000000e+04
1.000000000000000000e+02 1.014700000000000000e+04
1.500000000000000000e+02 1.043500000000000000e+04
2.000000000000000000e+02 1.082000000000000000e+04
2.500000000000000000e+02 1.098300000000000000e+04
3.000000000000000000e+02 1.107300000000000000e+04
3.500000000000000000e+02 1.123900000000000000e+04
4.000000000000000000e+02 1.148800000000000000e+04
4.500000000000000000e+02 1.144000000000000000e+04
5.000000000000000000e+02 1.146100000000000000e+04
5.500000000000000000e+02 1.173400000000000000e+04
6.000000000000000000e+02 1.153600000000000000e+04
6.500000000000000000e+02 1.174600000000000000e+04
7.000000000000000000e+02 1.178400000000000000e+04
7.500000000000000000e+02 1.199000000000000000e+04
8.000000000000000000e+02 1.195600000000000000e+04
8.500000000000000000e+02 1.216500000000000000e+04
9.000000000000000000e+02 1.212700000000000000e+04
9.500000000000000000e+02 1.198600000000000000e+04
1.000000000000000000e+03 1.222700000000000000e+04
1.050000000000000000e+03 1.216700000000000000e+04
1.100000000000000000e+03 1.193400000000000000e+04
1.150000000000000000e+03 1.222500000000000000e+04
1.200000000000000000e+03 1.221800000000000000e+04
1.250000000000000000e+03 1.189100000000000000e+04
1.300000000000000000e+03 1.191300000000000000e+04
1.350000000000000000e+03 1.164700000000000000e+04
1.400000000000000000e+03 1.186100000000000000e+04
1.450000000000000000e+03 1.169000000000000000e+04
1.500000000000000000e+03 1.170400000000000000e+04
1.550000000000000000e+03 1.149000000000000000e+04
1.600000000000000000e+03 1.156800000000000000e+04
1.650000000000000000e+03 1.154400000000000000e+04
1.700000000000000000e+03 1.140300000000000000e+04
1.750000000000000000e+03 1.123000000000000000e+04
1.800000000000000000e+03 1.089100000000000000e+04
1.850000000000000000e+03 1.097300000000000000e+04
1.900000000000000000e+03 1.063000000000000000e+04
1.950000000000000000e+03 1.045100000000000000e+04
2.000000000000000000e+03 1.039800000000000000e+04
2.050000000000000000e+03 1.037400000000000000e+04
2.100000000000000000e+03 1.006200000000000000e+04
2.150000000000000000e+03 9.779000000000000000e+03
2.200000000000000000e+03 9.570000000000000000e+03
2.250000000000000000e+03 9.304000000000000000e+03
2.300000000000000000e+03 9.286000000000000000e+03
2.350000000000000000e+03 9.056000000000000000e+03
2.400000000000000000e+03 8.957000000000000000e+03
2.450000000000000000e+03 8.349000000000000000e+03
2.500000000000000000e+03 8.186000000000000000e+03
2.550000000000000000e+03 7.631000000000000000e+03
2.600000000000000000e+03 7.524000000000000000e+03
2.650000000000000000e+03 7.404000000000000000e+03
2.700000000000000000e+03 7.053000000000000000e+03
2.750000000000000000e+03 6.826000000000000000e+03
2.800000000000000000e+03 6.757000000000000000e+03
2.850000000000000000e+03 6.442000000000000000e+03
2.900000000000000000e+03 6.122000000000000000e+03
2.950000000000000000e+03 5.929000000000000000e+03
3.000000000000000000e+03 5.553000000000000000e+03
3.050000000000000000e+03 5.509000000000000000e+03
3.100000000000000000e+03 5.283000000000000000e+03
3.150000000000000000e+03 4.895000000000000000e+03
3.200000000000000000e+03 4.877000000000000000e+03
3.250000000000000000e+03 4.605000000000000000e+03
3.300000000000000000e+03 4.446000000000000000e+03
3.350000000000000000e+03 4.312000000000000000e+03
3.400000000000000000e+03 4.269000000000000000e+03
3.450000000000000000e+03 4.193000000000000000e+03
3.500000000000000000e+03 4.092000000000000000e+03
3.550000000000000000e+03 3.987000000000000000e+03
3.600000000000000000e+03 3.987000000000000000e+03
3.650000000000000000e+03 3.965000000000000000e+03
3.700000000000000000e+03 3.971000000000000000e+03
3.750000000000000000e+03 4.003000000000000000e+03
3.800000000000000000e+03 4.041000000000000000e+03
3.850000000000000000e+03 4.026000000000000000e+03
3.900000000000000000e+03 4.203000000000000000e+03
3.950000000000000000e+03 4.267000000000000000e+03
4.000000000000000000e+03 4.374000000000000000e+03
4.050000000000000000e+03 4.499000000000000000e+03
4.100000000000000000e+03 4.799000000000000000e+03
4.150000000000000000e+03 4.927000000000000000e+03
4.200000000000000000e+03 5.150000000000000000e+03
4.250000000000000000e+03 5.392000000000000000e+03
4.300000000000000000e+03 5.946000000000000000e+03
4.350000000000000000e+03 6.003000000000000000e+03
4.400000000000000000e+03 6.343000000000000000e+03
4.450000000000000000e+03 6.610000000000000000e+03
4.500000000000000000e+03 6.831000000000000000e+03
4.550000000000000000e+03 7.340000000000000000e+03
4.600000000000000000e+03 7.731000000000000000e+03
4.650000000000000000e+03 7.925000000000000000e+03
4.700000000000000000e+03 8.173000000000000000e+03
4.750000000000000000e+03 8.587000000000000000e+03
4.800000000000000000e+03 8.730000000000000000e+03
4.850000000000000000e+03 9.238000000000000000e+03
4.900000000000000000e+03 9.403000000000000000e+03
4.950000000000000000e+03 9.445000000000000000e+03
5.000000000000000000e+03 9.767000000000000000e+03
5.050000000000000000e+03 1.000200000000000000e+04
5.100000000000000000e+03 1.035800000000000000e+04
5.150000000000000000e+03 1.066900000000000000e+04
5.200000000000000000e+03 1.072200000000000000e+04
5.250000000000000000e+03 1.087500000000000000e+04
5.300000000000000000e+03 1.093500000000000000e+04
5.350000000000000000e+03 1.116400000000000000e+04
5.400000000000000000e+03 1.109400000000000000e+04
5.450000000000000000e+03 1.134700000000000000e+04
5.500000000000000000e+03 1.171300000000000000e+04
5.550000000000000000e+03 1.170300000000000000e+04
5.600000000000000000e+03 1.167900000000000000e+04
5.650000000000000000e+03 1.178700000000000000e+04
5.700000000000000000e+03 1.163300000000000000e+04
5.750000000000000000e+03 1.196700000000000000e+04
5.800000000000000000e+03 1.180800000000000000e+04
5.850000000000000000e+03 1.193800000000000000e+04
5.900000000000000000e+03 1.230900000000000000e+04
5.950000000000000000e+03 1.210000000000000000e+04
6.000000000000000000e+03 1.204100000000000000e+04
6.050000000000000000e+03 1.197400000000000000e+04
6.100000000000000000e+03 1.201900000000000000e+04
6.150000000000000000e+03 1.210200000000000000e+04
6.200000000000000000e+03 1.207600000000000000e+04
6.250000000000000000e+03 1.176900000000000000e+04
6.300000000000000000e+03 1.188800000000000000e+04
6.350000000000000000e+03 1.186200000000000000e+04
6.400000000000000000e+03 1.174600000000000000e+04
6.450000000000000000e+03 1.190500000000000000e+04
6.500000000000000000e+03 1.172900000000000000e+04
6.550000000000000000e+03 1.173400000000000000e+04
6.600000000000000000e+03 1.139600000000000000e+04
6.650000000000000000e+03 1.135800000000000000e+04
6.700000000000000000e+03 1.144400000000000000e+04
6.750000000000000000e+03 1.130100000000000000e+04
6.800000000000000000e+03 1.091700000000000000e+04
6.850000000000000000e+03 1.119400000000000000e+04
6.900000000000000000e+03 1.089500000000000000e+04
6.950000000000000000e+03 1.065400000000000000e+04
7.000000000000000000e+03 1.063600000000000000e+04
7.050000000000000000e+03 1.024800000000000000e+04
7.100000000000000000e+03 1.006800000000000000e+04
7.150000000000000000e+03 9.740000000000000000e+03
7.200000000000000000e+03 9.721000000000000000e+03
7.250000000000000000e+03 9.514000000000000000e+03
7.300000000000000000e+03 9.199000000000000000e+03
7.350000000000000000e+03 8.957000000000000000e+03
7.400000000000000000e+03 8.728000000000000000e+03
7.450000000000000000e+03 8.398000000000000000e+03
7.500000000000000000e+03 8.203000000000000000e+03
7.550000000000000000e+03 7.973000000000000000e+03
7.600000000000000000e+03 7.624000000000000000e+03
7.650000000000000000e+03 7.397000000000000000e+03
7.700000000000000000e+03 7.169000000000000000e+03
7.750000000000000000e+03 6.872000000000000000e+03
7.800000000000000000e+03 6.534000000000000000e+03
7.850000000000000000e+03 6.475000000000000000e+03
7.900000000000000000e+03 6.156000000000000000e+03
7.950000000000000000e+03 5.974000000000000000e+03
8.000000000000000000e+03 5.751000000000000000e+03
8.050000000000000000e+03 5.479000000000000000e+03
8.100000000000000000e+03 5.278000000000000000e+03
8.150000000000000000e+03 5.177000000000000000e+03
8.200000000000000000e+03 4.864000000000000000e+03
8.250000000000000000e+03 4.612000000000000000e+03
8.300000000000000000e+03 4.514000000000000000e+03
8.350000000000000000e+03 4.417000000000000000e+03
8.400000000000000000e+03 4.206000000000000000e+03
8.450000000000000000e+03 4.156000000000000000e+03
8.500000000000000000e+03 4.079000000000000000e+03
8.550000000000000000e+03 4.004000000000000000e+03
8.600000000000000000e+03 3.887000000000000000e+03
8.650000000000000000e+03 3.901000000000000000e+03
8.700000000000000000e+03 3.940000000000000000e+03
8.750000000000000000e+03 3.885000000000000000e+03
8.800000000000000000e+03 4.030000000000000000e+03
8.850000000000000000e+03 4.059000000000000000e+03
8.900000000000000000e+03 4.153000000000000000e+03
8.950000000000000000e+03 4.301000000000000000e+03
9.000000000000000000e+03 4.419000000000000000e+03
9.050000000000000000e+03 4.538000000000000000e+03
9.100000000000000000e+03 4.782000000000000000e+03
9.150000000000000000e+03 5.004000000000000000e+03
9.200000000000000000e+03 5.155000000000000000e+03
9.250000000000000000e+03 5.408000000000000000e+03
9.300000000000000000e+03 5.755000000000000000e+03
9.350000000000000000e+03 6.048000000000000000e+03
9.400000000000000000e+03 6.373000000000000000e+03
9.450000000000000000e+03 6.588000000000000000e+03
9.500000000000000000e+03 6.901000000000000000e+03
9.550000000000000000e+03 7.200000000000000000e+03
9.600000000000000000e+03 7.663000000000000000e+03
9.650000000000000000e+03 7.924000000000000000e+03
9.700000000000000000e+03 8.110000000000000000e+03
9.750000000000000000e+03 8.570000000000000000e+03
9.800000000000000000e+03 8.762000000000000000e+03
9.850000000000000000e+03 8.971000000000000000e+03
9.900000000000000000e+03 9.395000000000000000e+03
9.950000000000000000e+03 9.635000000000000000e+03
