0.000000000000000000e+00 1.142600000000000000e+04
2.000000000000000000e+02 1.157800000000000000e+04
4.000000000000000000e+02 1.187400000000000000e+04
6.000000000000000000e+02 1.185600000000000000e+04
8.000000000000000000e+02 1.220300000000000000e+04
1.000000000000000000e+03 1.214700000000000000e+04
1.200000000000000000e+03 1.228500000000000000e+04
1.400000000000000000e+03 1.244000000000000000e+04
1.600000000000000000e+03 1.248600000000000000e+04
1.800000000000000000e+03 1.280000000000000000e+04
2.000000000000000000e+03 1.248400000000000000e+04
2.200000000000000000e+03 1.276500000000000000e+04
2.400000000000000000e+03 1.264100000000000000e+04
2.600000000000000000e+03 1.285000000000000000e+04
2.800000000000000000e+03 1.287800000000000000e+04
3.000000000000000000e+03 1.286200000000000000e+04
3.200000000000000000e+03 1.298700000000000000e+04
3.400000000000000000e+03 1.328200000000000000e+04
3.600000000000000000e+03 1.295300000000000000e+04
3.800000000000000000e+03 1.323900000000000000e+04
4.000000000000000000e+03 1.320500000000000000e+04
4.200000000000000000e+03 1.327700000000000000e+04
4.400000000000000000e+03 1.303200000000000000e+04
4.600000000000000000e+03 1.305400000000000000e+04
4.800000000000000000e+03 1.331400000000000000e+04
5.000000000000000000e+03 1.300900000000000000e+04
5.200000000000000000e+03 1.301900000000000000e+04
5.400000000000000000e+03 1.292800000000000000e+04
5.600000000000000000e+03 1.255600000000000000e+04
5.800000000000000000e+03 1.276800000000000000e+04
6.000000000000000000e+03 1.256900000000000000e+04
6.200000000000000000e+03 1.258700000000000000e+04
6.400000000000000000e+03 1.220000000000000000e+04
6.600000000000000000e+03 1.223100000000000000e+04
6.800000000000000000e+03 1.225400000000000000e+04
7.000000000000000000e+03 1.214900000000000000e+04
7.200000000000000000e+03 1.199300000000000000e+04
7.400000000000000000e+03 1.159800000000000000e+04
7.600000000000000000e+03 1.159500000000000000e+04
7.800000000000000000e+03 1.132900000000000000e+04
8.000000000000000000e+03 1.102200000000000000e+04
8.200000000000000000e+03 1.091600000000000000e+04
8.400000000000000000e+03 1.082300000000000000e+04
8.600000000000000000e+03 1.055600000000000000e+04
8.800000000000000000e+03 1.012200000000000000e+04
9.000000000000000000e+03 9.969000000000000000e+03
9.200000000000000000e+03 9.828000000000000000e+03
9.400000000000000000e+03 9.485000000000000000e+03
9.600000000000000000e+03 8.975000000000000000e+03
9.800000000000000000e+03 8.822000000000000000e+03
1.000000000000000000e+04 8.465000000000000000e+03
1.020000000000000000e+04 8.168000000000000000e+03
1.040000000000000000e+04 8.034000000000000000e+03
1.060000000000000000e+04 7.589000000000000000e+03
1.080000000000000000e+04 7.236000000000000000e+03
1.100000000000000000e+04 7.074000000000000000e+03
1.120000000000000000e+04 6.722000000000000000e+03
1.140000000000000000e+04 6.418000000000000000e+03
1.160000000000000000e+04 5.836000000000000000e+03
1.180000000000000000e+04 5.725000000000000000e+03
1.200000000000000000e+04 5.490000000000000000e+03
1.220000000000000000e+04 5.384000000000000000e+03
1.240000000000000000e+04 5.211000000000000000e+03
1.260000000000000000e+04 4.931000000000000000e+03
1.280000000000000000e+04 4.653000000000000000e+03
1.300000000000000000e+04 4.670000000000000000e+03
1.320000000000000000e+04 4.540000000000000000e+03
1.340000000000000000e+04 4.339000000000000000e+03
1.360000000000000000e+04 4.206000000000000000e+03
1.380000000000000000e+04 4.177000000000000000e+03
1.400000000000000000e+04 4.159000000000000000e+03
1.420000000000000000e+04 4.180000000000000000e+03
1.440000000000000000e+04 4.261000000000000000e+03
1.460000000000000000e+04 4.260000000000000000e+03
1.480000000000000000e+04 4.345000000000000000e+03
1.500000000000000000e+04 4.436000000000000000e+03
1.520000000000000000e+04 4.619000000000000000e+03
1.540000000000000000e+04 4.678000000000000000e+03
1.560000000000000000e+04 4.973000000000000000e+03
1.580000000000000000e+04 5.161000000000000000e+03
1.600000000000000000e+04 5.476000000000000000e+03
1.620000000000000000e+04 5.845000000000000000e+03
1.640000000000000000e+04 5.851000000000000000e+03
1.660000000000000000e+04 6.396000000000000000e+03
1.680000000000000000e+04 6.804000000000000000e+03
1.700000000000000000e+04 6.939000000000000000e+03
1.720000000000000000e+04 7.332000000000000000e+03
1.740000000000000000e+04 7.778000000000000000e+03
1.760000000000000000e+04 8.197000000000000000e+03
1.780000000000000000e+04 8.063000000000000000e+03
1.800000000000000000e+04 8.794000000000000000e+03
1.820000000000000000e+04 9.089000000000000000e+03
1.840000000000000000e+04 9.323000000000000000e+03
1.860000000000000000e+04 9.831000000000000000e+03
1.880000000000000000e+04 9.921000000000000000e+03
1.900000000000000000e+04 1.020300000000000000e+04
1.920000000000000000e+04 1.046100000000000000e+04
1.940000000000000000e+04 1.067600000000000000e+04
1.960000000000000000e+04 1.092900000000000000e+04
1.980000000000000000e+04 1.101100000000000000e+04
2.000000000000000000e+04 1.163200000000000000e+04
2.020000000000000000e+04 1.172100000000000000e+04
2.040000000000000000e+04 1.193100000000000000e+04
2.060000000000000000e+04 1.190300000000000000e+04
2.080000000000000000e+04 1.215800000000000000e+04
2.100000000000000000e+04 1.221200000000000000e+04
2.120000000000000000e+04 1.240300000000000000e+04
2.140000000000000000e+04 1.248600000000000000e+04
2.160000000000000000e+04 1.247700000000000000e+04
2.180000000000000000e+04 1.264200000000000000e+04
2.200000000000000000e+04 1.276000000000000000e+04
2.220000000000000000e+04 1.291900000000000000e+04
2.240000000000000000e+04 1.305200000000000000e+04
2.260000000000000000e+04 1.286000000000000000e+04
2.280000000000000000e+04 1.278700000000000000e+04
2.300000000000000000e+04 1.287300000000000000e+04
2.320000000000000000e+04 1.300200000000000000e+04
2.340000000000000000e+04 1.327600000000000000e+04
2.360000000000000000e+04 1.318900000000000000e+04
2.380000000000000000e+04 1.317700000000000000e+04
2.400000000000000000e+04 1.325100000000000000e+04
2.420000000000000000e+04 1.337500000000000000e+04
2.440000000000000000e+04 1.308800000000000000e+04
2.460000000000000000e+04 1.295100000000000000e+04
2.480000000000000000e+04 1.296300000000000000e+04
2.500000000000000000e+04 1.278300000000000000e+04
2.520000000000000000e+04 1.311200000000000000e+04
2.540000000000000000e+04 1.285300000000000000e+04
2.560000000000000000e+04 1.282800000000000000e+04
2.580000000000000000e+04 1.287100000000000000e+04
2.600000000000000000e+04 1.253400000000000000e+04
2.620000000000000000e+04 1.262300000000000000e+04
2.640000000000000000e+04 1.262000000000000000e+04
2.660000000000000000e+04 1.236500000000000000e+04
2.680000000000000000e+04 1.218700000000000000e+04
2.700000000000000000e+04 1.176600000000000000e+04
2.720000000000000000e+04 1.167900000000000000e+04
2.740000000000000000e+04 1.181600000000000000e+04
2.760000000000000000e+04 1.142400000000000000e+04
2.780000000000000000e+04 1.126300000000000000e+04
2.800000000000000000e+04 1.107400000000000000e+04
2.820000000000000000e+04 1.089200000000000000e+04
2.840000000000000000e+04 1.088000000000000000e+04
2.860000000000000000e+04 1.054200000000000000e+04
2.880000000000000000e+04 1.006700000000000000e+04
2.900000000000000000e+04 1.013200000000000000e+04
2.920000000000000000e+04 9.618000000000000000e+03
2.940000000000000000e+04 9.470000000000000000e+03
2.960000000000000000e+04 9.072000000000000000e+03
2.980000000000000000e+04 8.801000000000000000e+03
3.000000000000000000e+04 8.568000000000000000e+03
3.020000000000000000e+04 8.060000000000000000e+03
3.040000000000000000e+04 7.892000000000000000e+03
3.060000000000000000e+04 7.413000000000000000e+03
3.080000000000000000e+04 7.279000000000000000e+03
3.100000000000000000e+04 7.061000000000000000e+03
3.120000000000000000e+04 6.722000000000000000e+03
3.140000000000000000e+04 6.366000000000000000e+03
3.160000000000000000e+04 6.168000000000000000e+03
3.180000000000000000e+04 5.839000000000000000e+03
3.200000000000000000e+04 5.475000000000000000e+03
3.220000000000000000e+04 5.358000000000000000e+03
3.240000000000000000e+04 5.083000000000000000e+03
3.260000000000000000e+04 4.984000000000000000e+03
3.280000000000000000e+04 4.554000000000000000e+03
3.300000000000000000e+04 4.503000000000000000e+03
3.320000000000000000e+04 4.404000000000000000e+03
3.340000000000000000e+04 4.292000000000000000e+03
3.360000000000000000e+04 4.229000000000000000e+03
3.380000000000000000e+04 4.238000000000000000e+03
3.400000000000000000e+04 4.088000000000000000e+03
3.420000000000000000e+04 4.063000000000000000e+03
3.440000000000000000e+04 4.260000000000000000e+03
3.460000000000000000e+04 4.213000000000000000e+03
3.480000000000000000e+04 4.208000000000000000e+03
3.500000000000000000e+04 4.434000000000000000e+03
3.520000000000000000e+04 4.600000000000000000e+03
3.540000000000000000e+04 4.838000000000000000e+03
3.560000000000000000e+04 4.853000000000000000e+03
3.580000000000000000e+04 5.206000000000000000e+03
3.600000000000000000e+04 5.540000000000000000e+03
3.620000000000000000e+04 5.748000000000000000e+03
3.640000000000000000e+04 6.013000000000000000e+03
3.660000000000000000e+04 6.390000000000000000e+03
3.680000000000000000e+04 6.609000000000000000e+03
3.700000000000000000e+04 7.050000000000000000e+03
3.720000000000000000e+04 7.196000000000000000e+03
3.740000000000000000e+04 7.642000000000000000e+03
3.760000000000000000e+04 8.110000000000000000e+03
3.780000000000000000e+04 8.329000000000000000e+03
3.800000000000000000e+04 8.775000000000000000e+03
3.820000000000000000e+04 9.171000000000000000e+03
3.840000000000000000e+04 9.293000000000000000e+03
3.860000000000000000e+04 9.659000000000000000e+03
3.880000000000000000e+04 9.859000000000000000e+03
3.900000000000000000e+04 9.797000000000000000e+03
3.920000000000000000e+04 1.031400000000000000e+04
3.940000000000000000e+04 1.095200000000000000e+04
3.960000000000000000e+04 1.079500000000000000e+04
3.980000000000000000e+04 1.124600000000000000e+04
