0.000000000000000000e+00 8.135000000000000000e+03
5.000000000000000000e+02 8.349000000000000000e+03
1.000000000000000000e+03 8.415000000000000000e+03
1.500000000000000000e+03 8.384000000000000000e+03
2.000000000000000000e+03 8.618000000000000000e+03
2.500000000000000000e+03 8.521000000000000000e+03
3.000000000000000000e+03 8.991000000000000000e+03
3.500000000000000000e+03 9.075000000000000000e+03
4.000000000000000000e+03 9.071000000000000000e+03
4.500000000000000000e+03 9.253000000000000000e+03
5.000000000000000000e+03 9.152000000000000000e+03
5.500000000000000000e+03 9.267000000000000000e+03
6.000000000000000000e+03 9.312000000000000000e+03
6.500000000000000000e+03 9.468000000000000000e+03
7.000000000000000000e+03 9.301000000000000000e+03
7.500000000000000000e+03 9.286000000000000000e+03
8.000000000000000000e+03 9.342000000000000000e+03
8.500000000000000000e+03 9.395000000000000000e+03
9.000000000000000000e+03 9.333000000000000000e+03
9.500000000000000000e+03 9.559000000000000000e+03
1.000000000000000000e+04 9.716000000000000000e+03
1.050000000000000000e+04 9.456000000000000000e+03
1.100000000000000000e+04 9.408000000000000000e+03
1.150000000000000000e+04 9.305000000000000000e+03
1.200000000000000000e+04 9.480000000000000000e+03
1.250000000000000000e+04 9.490000000000000000e+03
1.300000000000000000e+04 9.154000000000000000e+03
1.350000000000000000e+04 9.232000000000000000e+03
1.400000000000000000e+04 9.067000000000000000e+03
1.450000000000000000e+04 9.116000000000000000e+03
1.500000000000000000e+04 8.943000000000000000e+03
1.550000000000000000e+04 8.895000000000000000e+03
1.600000000000000000e+04 8.838000000000000000e+03
1.650000000000000000e+04 8.729000000000000000e+03
1.700000000000000000e+04 8.935000000000000000e+03
1.750000000000000000e+04 8.708000000000000000e+03
1.800000000000000000e+04 8.438000000000000000e+03
1.850000000000000000e+04 8.170000000000000000e+03
1.900000000000000000e+04 8.152000000000000000e+03
1.950000000000000000e+04 7.916000000000000000e+03
2.000000000000000000e+04 7.890000000000000000e+03
2.050000000000000000e+04 7.637000000000000000e+03
2.100000000000000000e+04 7.413000000000000000e+03
2.150000000000000000e+04 7.346000000000000000e+03
2.200000000000000000e+04 7.354000000000000000e+03
2.250000000000000000e+04 7.103000000000000000e+03
2.300000000000000000e+04 6.898000000000000000e+03
2.350000000000000000e+04 6.655000000000000000e+03
2.400000000000000000e+04 6.381000000000000000e+03
2.450000000000000000e+04 6.122000000000000000e+03
2.500000000000000000e+04 5.852000000000000000e+03
2.550000000000000000e+04 5.600000000000000000e+03
2.600000000000000000e+04 5.471000000000000000e+03
2.650000000000000000e+04 5.220000000000000000e+03
2.700000000000000000e+04 4.831000000000000000e+03
2.750000000000000000e+04 4.701000000000000000e+03
2.800000000000000000e+04 4.557000000000000000e+03
2.850000000000000000e+04 4.169000000000000000e+03
2.900000000000000000e+04 4.028000000000000000e+03
2.950000000000000000e+04 3.752000000000000000e+03
3.000000000000000000e+04 3.578000000000000000e+03
3.050000000000000000e+04 3.455000000000000000e+03
3.100000000000000000e+04 3.178000000000000000e+03
3.150000000000000000e+04 3.104000000000000000e+03
3.200000000000000000e+04 2.999000000000000000e+03
3.250000000000000000e+04 2.945000000000000000e+03
3.300000000000000000e+04 2.865000000000000000e+03
3.350000000000000000e+04 2.787000000000000000e+03
3.400000000000000000e+04 2.643000000000000000e+03
3.450000000000000000e+04 2.611000000000000000e+03
3.500000000000000000e+04 2.633000000000000000e+03
3.550000000000000000e+04 2.732000000000000000e+03
3.600000000000000000e+04 2.771000000000000000e+03
3.650000000000000000e+04 2.759000000000000000e+03
3.700000000000000000e+04 2.872000000000000000e+03
3.750000000000000000e+04 2.961000000000000000e+03
3.800000000000000000e+04 3.042000000000000000e+03
3.850000000000000000e+04 3.228000000000000000e+03
3.900000000000000000e+04 3.456000000000000000e+03
3.950000000000000000e+04 3.694000000000000000e+03
4.000000000000000000e+04 3.816000000000000000e+03
4.050000000000000000e+04 4.068000000000000000e+03
4.100000000000000000e+04 4.323000000000000000e+03
4.150000000000000000e+04 4.328000000000000000e+03
4.200000000000000000e+04 4.702000000000000000e+03
4.250000000000000000e+04 5.004000000000000000e+03
4.300000000000000000e+04 5.218000000000000000e+03
4.350000000000000000e+04 5.503000000000000000e+03
4.400000000000000000e+04 5.785000000000000000e+03
4.450000000000000000e+04 5.896000000000000000e+03
4.500000000000000000e+04 6.185000000000000000e+03
4.550000000000000000e+04 6.413000000000000000e+03
4.600000000000000000e+04 6.619000000000000000e+03
4.650000000000000000e+04 6.846000000000000000e+03
4.700000000000000000e+04 6.904000000000000000e+03
4.750000000000000000e+04 7.044000000000000000e+03
4.800000000000000000e+04 7.542000000000000000e+03
4.850000000000000000e+04 7.682000000000000000e+03
4.900000000000000000e+04 7.672000000000000000e+03
4.950000000000000000e+04 8.138000000000000000e+03
5.000000000000000000e+04 8.361000000000000000e+03
5.050000000000000000e+04 8.501000000000000000e+03
5.100000000000000000e+04 8.457000000000000000e+03
5.150000000000000000e+04 8.301000000000000000e+03
5.200000000000000000e+04 8.631000000000000000e+03
5.250000000000000000e+04 8.605000000000000000e+03
5.300000000000000000e+04 8.908000000000000000e+03
5.350000000000000000e+04 9.037000000000000000e+03
5.400000000000000000e+04 9.069000000000000000e+03
5.450000000000000000e+04 9.141000000000000000e+03
5.500000000000000000e+04 9.187000000000000000e+03
5.550000000000000000e+04 9.483000000000000000e+03
5.600000000000000000e+04 9.331000000000000000e+03
5.650000000000000000e+04 9.437000000000000000e+03
5.700000000000000000e+04 9.324000000000000000e+03
5.750000000000000000e+04 9.323000000000000000e+03
5.800000000000000000e+04 9.321000000000000000e+03
5.850000000000000000e+04 9.295000000000000000e+03
5.900000000000000000e+04 9.216000000000000000e+03
5.950000000000000000e+04 9.601000000000000000e+03
6.000000000000000000e+04 9.664000000000000000e+03
6.050000000000000000e+04 9.533000000000000000e+03
6.100000000000000000e+04 9.450000000000000000e+03
6.150000000000000000e+04 9.370000000000000000e+03
6.200000000000000000e+04 9.211000000000000000e+03
6.250000000000000000e+04 9.420000000000000000e+03
6.300000000000000000e+04 9.225000000000000000e+03
6.350000000000000000e+04 9.198000000000000000e+03
6.400000000000000000e+04 9.078000000000000000e+03
6.450000000000000000e+04 9.136000000000000000e+03
6.500000000000000000e+04 9.065000000000000000e+03
6.550000000000000000e+04 9.037000000000000000e+03
6.600000000000000000e+04 9.002000000000000000e+03
6.650000000000000000e+04 8.857000000000000000e+03
6.700000000000000000e+04 8.988000000000000000e+03
6.750000000000000000e+04 8.703000000000000000e+03
6.800000000000000000e+04 8.277000000000000000e+03
6.850000000000000000e+04 8.317000000000000000e+03
6.900000000000000000e+04 8.216000000000000000e+03
6.950000000000000000e+04 8.188000000000000000e+03
7.000000000000000000e+04 8.052000000000000000e+03
7.050000000000000000e+04 7.713000000000000000e+03
7.100000000000000000e+04 7.627000000000000000e+03
7.150000000000000000e+04 7.313000000000000000e+03
7.200000000000000000e+04 7.256000000000000000e+03
7.250000000000000000e+04 7.046000000000000000e+03
7.300000000000000000e+04 6.858000000000000000e+03
7.350000000000000000e+04 6.542000000000000000e+03
7.400000000000000000e+04 6.284000000000000000e+03
7.450000000000000000e+04 6.107000000000000000e+03
7.500000000000000000e+04 5.795000000000000000e+03
7.550000000000000000e+04 5.425000000000000000e+03
7.600000000000000000e+04 5.391000000000000000e+03
7.650000000000000000e+04 5.465000000000000000e+03
7.700000000000000000e+04 5.016000000000000000e+03
7.750000000000000000e+04 4.843000000000000000e+03
7.800000000000000000e+04 4.540000000000000000e+03
7.850000000000000000e+04 4.144000000000000000e+03
7.900000000000000000e+04 4.030000000000000000e+03
7.950000000000000000e+04 3.738000000000000000e+03
8.000000000000000000e+04 3.547000000000000000e+03
8.050000000000000000e+04 3.511000000000000000e+03
8.100000000000000000e+04 3.325000000000000000e+03
8.150000000000000000e+04 3.045000000000000000e+03
8.200000000000000000e+04 3.115000000000000000e+03
8.250000000000000000e+04 2.887000000000000000e+03
8.300000000000000000e+04 2.813000000000000000e+03
8.350000000000000000e+04 2.845000000000000000e+03
8.400000000000000000e+04 2.735000000000000000e+03
8.450000000000000000e+04 2.545000000000000000e+03
8.500000000000000000e+04 2.583000000000000000e+03
8.550000000000000000e+04 2.755000000000000000e+03
8.600000000000000000e+04 2.606000000000000000e+03
8.650000000000000000e+04 2.812000000000000000e+03
8.700000000000000000e+04 2.856000000000000000e+03
8.750000000000000000e+04 2.897000000000000000e+03
8.800000000000000000e+04 3.022000000000000000e+03
8.850000000000000000e+04 3.207000000000000000e+03
8.900000000000000000e+04 3.387000000000000000e+03
8.950000000000000000e+04 3.653000000000000000e+03
9.000000000000000000e+04 3.806000000000000000e+03
9.050000000000000000e+04 3.921000000000000000e+03
9.100000000000000000e+04 4.273000000000000000e+03
9.150000000000000000e+04 4.351000000000000000e+03
9.200000000000000000e+04 4.747000000000000000e+03
9.250000000000000000e+04 4.970000000000000000e+03
9.300000000000000000e+04 5.304000000000000000e+03
9.350000000000000000e+04 5.513000000000000000e+03
9.400000000000000000e+04 5.756000000000000000e+03
9.450000000000000000e+04 6.075000000000000000e+03
9.500000000000000000e+04 6.116000000000000000e+03
9.550000000000000000e+04 6.268000000000000000e+03
9.600000000000000000e+04 6.633000000000000000e+03
9.650000000000000000e+04 6.766000000000000000e+03
9.700000000000000000e+04 6.950000000000000000e+03
9.750000000000000000e+04 7.165000000000000000e+03
9.800000000000000000e+04 7.311000000000000000e+03
9.850000000000000000e+04 7.497000000000000000e+03
9.900000000000000000e+04 7.773000000000000000e+03
9.950000000000000000e+04 7.969000000000000000e+03
