0.000000000000000000e+00 1.176400000000000000e+04
1.000000000000000000e+03 1.181900000000000000e+04
2.000000000000000000e+03 1.178200000000000000e+04
3.000000000000000000e+03 1.239800000000000000e+04
4.000000000000000000e+03 1.219400000000000000e+04
5.000000000000000000e+03 1.248400000000000000e+04
6.000000000000000000e+03 1.272900000000000000e+04
7.000000000000000000e+03 1.268700000000000000e+04
8.000000000000000000e+03 1.280400000000000000e+04
9.000000000000000000e+03 1.315600000000000000e+04
1.000000000000000000e+04 1.329700000000000000e+04
1.100000000000000000e+04 1.277900000000000000e+04
1.200000000000000000e+04 1.296100000000000000e+04
1.300000000000000000e+04 1.326500000000000000e+04
1.400000000000000000e+04 1.335700000000000000e+04
1.500000000000000000e+04 1.339300000000000000e+04
1.600000000000000000e+04 1.354600000000000000e+04
1.700000000000000000e+04 1.323000000000000000e+04
1.800000000000000000e+04 1.321700000000000000e+04
1.900000000000000000e+04 1.343400000000000000e+04
2.000000000000000000e+04 1.372400000000000000e+04
2.100000000000000000e+04 1.347300000000000000e+04
2.200000000000000000e+04 1.335000000000000000e+04
2.300000000000000000e+04 1.342100000000000000e+04
2.400000000000000000e+04 1.320100000000000000e+04
2.500000000000000000e+04 1.320300000000000000e+04
2.600000000000000000e+04 1.335000000000000000e+04
2.700000000000000000e+04 1.291100000000000000e+04
2.800000000000000000e+04 1.281300000000000000e+04
2.900000000000000000e+04 1.305400000000000000e+04
3.000000000000000000e+04 1.280300000000000000e+04
3.100000000000000000e+04 1.269900000000000000e+04
3.200000000000000000e+04 1.271500000000000000e+04
3.300000000000000000e+04 1.273900000000000000e+04
3.400000000000000000e+04 1.219300000000000000e+04
3.500000000000000000e+04 1.221500000000000000e+04
3.600000000000000000e+04 1.250600000000000000e+04
3.700000000000000000e+04 1.199300000000000000e+04
3.800000000000000000e+04 1.172200000000000000e+04
3.900000000000000000e+04 1.141400000000000000e+04
4.000000000000000000e+04 1.102400000000000000e+04
4.100000000000000000e+04 1.086400000000000000e+04
4.200000000000000000e+04 1.099800000000000000e+04
4.300000000000000000e+04 1.055700000000000000e+04
4.400000000000000000e+04 1.007200000000000000e+04
4.500000000000000000e+04 9.860000000000000000e+03
4.600000000000000000e+04 9.689000000000000000e+03
4.700000000000000000e+04 9.306000000000000000e+03
4.800000000000000000e+04 8.929000000000000000e+03
4.900000000000000000e+04 8.755000000000000000e+03
5.000000000000000000e+04 8.236000000000000000e+03
5.100000000000000000e+04 8.086000000000000000e+03
5.200000000000000000e+04 7.718000000000000000e+03
5.300000000000000000e+04 7.402000000000000000e+03
5.400000000000000000e+04 6.926000000000000000e+03
5.500000000000000000e+04 6.555000000000000000e+03
5.600000000000000000e+04 6.331000000000000000e+03
5.700000000000000000e+04 5.978000000000000000e+03
5.800000000000000000e+04 5.762000000000000000e+03
5.900000000000000000e+04 5.493000000000000000e+03
6.000000000000000000e+04 5.194000000000000000e+03
6.100000000000000000e+04 5.011000000000000000e+03
6.200000000000000000e+04 4.783000000000000000e+03
6.300000000000000000e+04 4.636000000000000000e+03
6.400000000000000000e+04 4.518000000000000000e+03
6.500000000000000000e+04 4.507000000000000000e+03
6.600000000000000000e+04 4.206000000000000000e+03
6.700000000000000000e+04 3.997000000000000000e+03
6.800000000000000000e+04 4.010000000000000000e+03
6.900000000000000000e+04 3.997000000000000000e+03
7.000000000000000000e+04 3.967000000000000000e+03
7.100000000000000000e+04 4.025000000000000000e+03
7.200000000000000000e+04 3.945000000000000000e+03
7.300000000000000000e+04 4.220000000000000000e+03
7.400000000000000000e+04 4.221000000000000000e+03
7.500000000000000000e+04 4.533000000000000000e+03
7.600000000000000000e+04 4.570000000000000000e+03
7.700000000000000000e+04 4.722000000000000000e+03
7.800000000000000000e+04 4.973000000000000000e+03
7.900000000000000000e+04 5.487000000000000000e+03
8.000000000000000000e+04 5.572000000000000000e+03
8.100000000000000000e+04 5.776000000000000000e+03
8.200000000000000000e+04 6.304000000000000000e+03
8.300000000000000000e+04 6.508000000000000000e+03
8.400000000000000000e+04 6.818000000000000000e+03
8.500000000000000000e+04 7.010000000000000000e+03
8.600000000000000000e+04 7.682000000000000000e+03
8.700000000000000000e+04 7.970000000000000000e+03
8.800000000000000000e+04 8.439000000000000000e+03
8.900000000000000000e+04 8.621000000000000000e+03
9.000000000000000000e+04 8.711000000000000000e+03
9.100000000000000000e+04 9.182000000000000000e+03
9.200000000000000000e+04 9.381000000000000000e+03
9.300000000000000000e+04 9.794000000000000000e+03
9.400000000000000000e+04 1.003500000000000000e+04
9.500000000000000000e+04 1.024700000000000000e+04
9.600000000000000000e+04 1.075300000000000000e+04
9.700000000000000000e+04 1.117000000000000000e+04
9.800000000000000000e+04 1.125900000000000000e+04
9.900000000000000000e+04 1.162600000000000000e+04
1.000000000000000000e+05 1.162200000000000000e+04
1.010000000000000000e+05 1.187900000000000000e+04
1.020000000000000000e+05 1.201000000000000000e+04
1.030000000000000000e+05 1.231600000000000000e+04
1.040000000000000000e+05 1.235900000000000000e+04
1.050000000000000000e+05 1.242000000000000000e+04
1.060000000000000000e+05 1.263200000000000000e+04
1.070000000000000000e+05 1.266800000000000000e+04
1.080000000000000000e+05 1.296700000000000000e+04
1.090000000000000000e+05 1.316200000000000000e+04
1.100000000000000000e+05 1.330100000000000000e+04
1.110000000000000000e+05 1.286500000000000000e+04
1.120000000000000000e+05 1.322000000000000000e+04
1.130000000000000000e+05 1.323600000000000000e+04
1.140000000000000000e+05 1.324500000000000000e+04
1.150000000000000000e+05 1.330300000000000000e+04
1.160000000000000000e+05 1.355500000000000000e+04
1.170000000000000000e+05 1.329800000000000000e+04
1.180000000000000000e+05 1.340900000000000000e+04
1.190000000000000000e+05 1.343900000000000000e+04
1.200000000000000000e+05 1.364900000000000000e+04
1.210000000000000000e+05 1.348200000000000000e+04
1.220000000000000000e+05 1.358500000000000000e+04
1.230000000000000000e+05 1.319200000000000000e+04
1.240000000000000000e+05 1.320200000000000000e+04
1.250000000000000000e+05 1.319500000000000000e+04
1.260000000000000000e+05 1.323800000000000000e+04
1.270000000000000000e+05 1.329100000000000000e+04
1.280000000000000000e+05 1.255600000000000000e+04
1.290000000000000000e+05 1.307900000000000000e+04
1.300000000000000000e+05 1.273800000000000000e+04
1.310000000000000000e+05 1.286500000000000000e+04
1.320000000000000000e+05 1.294700000000000000e+04
1.330000000000000000e+05 1.273500000000000000e+04
1.340000000000000000e+05 1.243900000000000000e+04
1.350000000000000000e+05 1.201400000000000000e+04
1.360000000000000000e+05 1.224100000000000000e+04
1.370000000000000000e+05 1.183300000000000000e+04
1.380000000000000000e+05 1.169800000000000000e+04
1.390000000000000000e+05 1.135200000000000000e+04
1.400000000000000000e+05 1.123000000000000000e+04
1.410000000000000000e+05 1.089500000000000000e+04
1.420000000000000000e+05 1.089000000000000000e+04
1.430000000000000000e+05 1.064500000000000000e+04
1.440000000000000000e+05 1.011500000000000000e+04
1.450000000000000000e+05 9.942000000000000000e+03
1.460000000000000000e+05 9.789000000000000000e+03
1.470000000000000000e+05 9.187000000000000000e+03
1.480000000000000000e+05 9.176000000000000000e+03
1.490000000000000000e+05 8.981000000000000000e+03
1.500000000000000000e+05 8.404000000000000000e+03
1.510000000000000000e+05 7.998000000000000000e+03
1.520000000000000000e+05 7.711000000000000000e+03
1.530000000000000000e+05 7.322000000000000000e+03
1.540000000000000000e+05 6.941000000000000000e+03
1.550000000000000000e+05 6.607000000000000000e+03
1.560000000000000000e+05 6.422000000000000000e+03
1.570000000000000000e+05 5.933000000000000000e+03
1.580000000000000000e+05 5.752000000000000000e+03
1.590000000000000000e+05 5.568000000000000000e+03
1.600000000000000000e+05 5.267000000000000000e+03
1.610000000000000000e+05 4.993000000000000000e+03
1.620000000000000000e+05 4.729000000000000000e+03
1.630000000000000000e+05 4.591000000000000000e+03
1.640000000000000000e+05 4.416000000000000000e+03
1.650000000000000000e+05 4.311000000000000000e+03
1.660000000000000000e+05 4.196000000000000000e+03
1.670000000000000000e+05 3.992000000000000000e+03
1.680000000000000000e+05 3.930000000000000000e+03
1.690000000000000000e+05 3.922000000000000000e+03
1.700000000000000000e+05 3.990000000000000000e+03
1.710000000000000000e+05 4.067000000000000000e+03
1.720000000000000000e+05 4.104000000000000000e+03
1.730000000000000000e+05 4.166000000000000000e+03
1.740000000000000000e+05 4.042000000000000000e+03
1.750000000000000000e+05 4.368000000000000000e+03
1.760000000000000000e+05 4.571000000000000000e+03
1.770000000000000000e+05 4.737000000000000000e+03
1.780000000000000000e+05 4.973000000000000000e+03
1.790000000000000000e+05 5.281000000000000000e+03
1.800000000000000000e+05 5.597000000000000000e+03
1.810000000000000000e+05 5.791000000000000000e+03
1.820000000000000000e+05 6.366000000000000000e+03
1.830000000000000000e+05 6.460000000000000000e+03
1.840000000000000000e+05 6.858000000000000000e+03
1.850000000000000000e+05 7.115000000000000000e+03
1.860000000000000000e+05 7.579000000000000000e+03
1.870000000000000000e+05 7.874000000000000000e+03
1.880000000000000000e+05 8.127000000000000000e+03
1.890000000000000000e+05 8.565000000000000000e+03
1.900000000000000000e+05 8.817000000000000000e+03
1.910000000000000000e+05 9.004000000000000000e+03
1.920000000000000000e+05 9.648000000000000000e+03
1.930000000000000000e+05 9.876000000000000000e+03
1.940000000000000000e+05 9.922000000000000000e+03
1.950000000000000000e+05 1.030300000000000000e+04
1.960000000000000000e+05 1.090600000000000000e+04
1.970000000000000000e+05 1.101500000000000000e+04
1.980000000000000000e+05 1.126300000000000000e+04
1.990000000000000000e+05 1.164200000000000000e+04
