0.000000000000000000e+00 2.865900000000000000e+04
1.000000000000000000e+04 2.872500000000000000e+04
2.000000000000000000e+04 2.913700000000000000e+04
3.000000000000000000e+04 2.968200000000000000e+04
4.000000000000000000e+04 2.960100000000000000e+04
5.000000000000000000e+04 3.015300000000000000e+04
6.000000000000000000e+04 3.061300000000000000e+04
7.000000000000000000e+04 3.097400000000000000e+04
8.000000000000000000e+04 3.087700000000000000e+04
9.000000000000000000e+04 3.163900000000000000e+04
1.000000000000000000e+05 3.123200000000000000e+04
1.100000000000000000e+05 3.142100000000000000e+04
1.200000000000000000e+05 3.153100000000000000e+04
1.300000000000000000e+05 3.187000000000000000e+04
1.400000000000000000e+05 3.228100000000000000e+04
1.500000000000000000e+05 3.231600000000000000e+04
1.600000000000000000e+05 3.194500000000000000e+04
1.700000000000000000e+05 3.214700000000000000e+04
1.800000000000000000e+05 3.227100000000000000e+04
1.900000000000000000e+05 3.217900000000000000e+04
2.000000000000000000e+05 3.227000000000000000e+04
2.100000000000000000e+05 3.266600000000000000e+04
2.200000000000000000e+05 3.188300000000000000e+04
2.300000000000000000e+05 3.194100000000000000e+04
2.400000000000000000e+05 3.195400000000000000e+04
2.500000000000000000e+05 3.179300000000000000e+04
2.600000000000000000e+05 3.193000000000000000e+04
2.700000000000000000e+05 3.139200000000000000e+04
2.800000000000000000e+05 3.159100000000000000e+04
2.900000000000000000e+05 3.108500000000000000e+04
3.000000000000000000e+05 3.099200000000000000e+04
3.100000000000000000e+05 3.074600000000000000e+04
3.200000000000000000e+05 3.039100000000000000e+04
3.300000000000000000e+05 2.991200000000000000e+04
3.400000000000000000e+05 2.975200000000000000e+04
3.500000000000000000e+05 2.961100000000000000e+04
3.600000000000000000e+05 2.898300000000000000e+04
3.700000000000000000e+05 2.862200000000000000e+04
3.800000000000000000e+05 2.832900000000000000e+04
3.900000000000000000e+05 2.733200000000000000e+04
4.000000000000000000e+05 2.720400000000000000e+04
4.100000000000000000e+05 2.649200000000000000e+04
4.200000000000000000e+05 2.600900000000000000e+04
4.300000000000000000e+05 2.508100000000000000e+04
4.400000000000000000e+05 2.480400000000000000e+04
4.500000000000000000e+05 2.385000000000000000e+04
4.600000000000000000e+05 2.272900000000000000e+04
4.700000000000000000e+05 2.252600000000000000e+04
4.800000000000000000e+05 2.154300000000000000e+04
4.900000000000000000e+05 2.088000000000000000e+04
5.000000000000000000e+05 1.988500000000000000e+04
5.100000000000000000e+05 1.931500000000000000e+04
5.200000000000000000e+05 1.833600000000000000e+04
5.300000000000000000e+05 1.740800000000000000e+04
5.400000000000000000e+05 1.693100000000000000e+04
5.500000000000000000e+05 1.600100000000000000e+04
5.600000000000000000e+05 1.509100000000000000e+04
5.700000000000000000e+05 1.441500000000000000e+04
5.800000000000000000e+05 1.362500000000000000e+04
5.900000000000000000e+05 1.284900000000000000e+04
6.000000000000000000e+05 1.245000000000000000e+04
6.100000000000000000e+05 1.169300000000000000e+04
6.200000000000000000e+05 1.123700000000000000e+04
6.300000000000000000e+05 1.076400000000000000e+04
6.400000000000000000e+05 1.033800000000000000e+04
6.500000000000000000e+05 1.022500000000000000e+04
6.600000000000000000e+05 9.667000000000000000e+03
6.700000000000000000e+05 9.752000000000000000e+03
6.800000000000000000e+05 9.384000000000000000e+03
6.900000000000000000e+05 9.307000000000000000e+03
7.000000000000000000e+05 9.377000000000000000e+03
7.100000000000000000e+05 9.367000000000000000e+03
7.200000000000000000e+05 9.511000000000000000e+03
7.300000000000000000e+05 9.940000000000000000e+03
7.400000000000000000e+05 1.008400000000000000e+04
7.500000000000000000e+05 1.068700000000000000e+04
7.600000000000000000e+05 1.091900000000000000e+04
7.700000000000000000e+05 1.149800000000000000e+04
7.800000000000000000e+05 1.232800000000000000e+04
7.900000000000000000e+05 1.272700000000000000e+04
8.000000000000000000e+05 1.351900000000000000e+04
8.100000000000000000e+05 1.399700000000000000e+04
8.200000000000000000e+05 1.487200000000000000e+04
8.300000000000000000e+05 1.566700000000000000e+04
8.400000000000000000e+05 1.636700000000000000e+04
8.500000000000000000e+05 1.709300000000000000e+04
8.600000000000000000e+05 1.792400000000000000e+04
8.700000000000000000e+05 1.858200000000000000e+04
8.800000000000000000e+05 1.970900000000000000e+04
8.900000000000000000e+05 2.071700000000000000e+04
9.000000000000000000e+05 2.107200000000000000e+04
9.100000000000000000e+05 2.187100000000000000e+04
9.200000000000000000e+05 2.321900000000000000e+04
9.300000000000000000e+05 2.361700000000000000e+04
9.400000000000000000e+05 2.439200000000000000e+04
9.500000000000000000e+05 2.506000000000000000e+04
9.600000000000000000e+05 2.574800000000000000e+04
9.700000000000000000e+05 2.610500000000000000e+04
9.800000000000000000e+05 2.672800000000000000e+04
9.900000000000000000e+05 2.722500000000000000e+04
1.000000000000000000e+06 2.793900000000000000e+04
1.010000000000000000e+06 2.828400000000000000e+04
1.020000000000000000e+06 2.865700000000000000e+04
1.030000000000000000e+06 2.905700000000000000e+04
1.040000000000000000e+06 2.948100000000000000e+04
1.050000000000000000e+06 2.951500000000000000e+04
1.060000000000000000e+06 3.036700000000000000e+04
1.070000000000000000e+06 3.034900000000000000e+04
1.080000000000000000e+06 3.080100000000000000e+04
1.090000000000000000e+06 3.089500000000000000e+04
1.100000000000000000e+06 3.072600000000000000e+04
1.110000000000000000e+06 3.111600000000000000e+04
1.120000000000000000e+06 3.139600000000000000e+04
1.130000000000000000e+06 3.196600000000000000e+04
1.140000000000000000e+06 3.204100000000000000e+04
1.150000000000000000e+06 3.219400000000000000e+04
1.160000000000000000e+06 3.184800000000000000e+04
1.170000000000000000e+06 3.193200000000000000e+04
1.180000000000000000e+06 3.227800000000000000e+04
1.190000000000000000e+06 3.183700000000000000e+04
1.200000000000000000e+06 3.227600000000000000e+04
1.210000000000000000e+06 3.196400000000000000e+04
1.220000000000000000e+06 3.167600000000000000e+04
1.230000000000000000e+06 3.160600000000000000e+04
1.240000000000000000e+06 3.201500000000000000e+04
1.250000000000000000e+06 3.162000000000000000e+04
1.260000000000000000e+06 3.170700000000000000e+04
1.270000000000000000e+06 3.157200000000000000e+04
1.280000000000000000e+06 3.130400000000000000e+04
1.290000000000000000e+06 3.090200000000000000e+04
1.300000000000000000e+06 3.066700000000000000e+04
1.310000000000000000e+06 3.044500000000000000e+04
1.320000000000000000e+06 3.015000000000000000e+04
1.330000000000000000e+06 3.006700000000000000e+04
1.340000000000000000e+06 2.964700000000000000e+04
1.350000000000000000e+06 2.911700000000000000e+04
1.360000000000000000e+06 2.870900000000000000e+04
1.370000000000000000e+06 2.879600000000000000e+04
1.380000000000000000e+06 2.729500000000000000e+04
1.390000000000000000e+06 2.780100000000000000e+04
1.400000000000000000e+06 2.653000000000000000e+04
1.410000000000000000e+06 2.631000000000000000e+04
1.420000000000000000e+06 2.579400000000000000e+04
1.430000000000000000e+06 2.495400000000000000e+04
1.440000000000000000e+06 2.473800000000000000e+04
1.450000000000000000e+06 2.374300000000000000e+04
1.460000000000000000e+06 2.285800000000000000e+04
1.470000000000000000e+06 2.243300000000000000e+04
1.480000000000000000e+06 2.150000000000000000e+04
1.490000000000000000e+06 2.065000000000000000e+04
1.500000000000000000e+06 1.995000000000000000e+04
1.510000000000000000e+06 1.922000000000000000e+04
1.520000000000000000e+06 1.817100000000000000e+04
1.530000000000000000e+06 1.751000000000000000e+04
1.540000000000000000e+06 1.676400000000000000e+04
1.550000000000000000e+06 1.602600000000000000e+04
1.560000000000000000e+06 1.493900000000000000e+04
1.570000000000000000e+06 1.438100000000000000e+04
1.580000000000000000e+06 1.334400000000000000e+04
1.590000000000000000e+06 1.305300000000000000e+04
1.600000000000000000e+06 1.238500000000000000e+04
1.610000000000000000e+06 1.165900000000000000e+04
1.620000000000000000e+06 1.116400000000000000e+04
1.630000000000000000e+06 1.090100000000000000e+04
1.640000000000000000e+06 1.041700000000000000e+04
1.650000000000000000e+06 9.929000000000000000e+03
1.660000000000000000e+06 9.732000000000000000e+03
1.670000000000000000e+06 9.535000000000000000e+03
1.680000000000000000e+06 9.542000000000000000e+03
1.690000000000000000e+06 9.185000000000000000e+03
1.700000000000000000e+06 9.242000000000000000e+03
1.710000000000000000e+06 9.583000000000000000e+03
1.720000000000000000e+06 9.545000000000000000e+03
1.730000000000000000e+06 9.829000000000000000e+03
1.740000000000000000e+06 1.025000000000000000e+04
1.750000000000000000e+06 1.033000000000000000e+04
1.760000000000000000e+06 1.106700000000000000e+04
1.770000000000000000e+06 1.126600000000000000e+04
1.780000000000000000e+06 1.200500000000000000e+04
1.790000000000000000e+06 1.231800000000000000e+04
1.800000000000000000e+06 1.322600000000000000e+04
1.810000000000000000e+06 1.387900000000000000e+04
1.820000000000000000e+06 1.465900000000000000e+04
1.830000000000000000e+06 1.527900000000000000e+04
1.840000000000000000e+06 1.599400000000000000e+04
1.850000000000000000e+06 1.691300000000000000e+04
1.860000000000000000e+06 1.775300000000000000e+04
1.870000000000000000e+06 1.865100000000000000e+04
1.880000000000000000e+06 1.958100000000000000e+04
1.890000000000000000e+06 2.014700000000000000e+04
1.900000000000000000e+06 2.109900000000000000e+04
1.910000000000000000e+06 2.175900000000000000e+04
1.920000000000000000e+06 2.272400000000000000e+04
1.930000000000000000e+06 2.325700000000000000e+04
1.940000000000000000e+06 2.436000000000000000e+04
1.950000000000000000e+06 2.494300000000000000e+04
1.960000000000000000e+06 2.550700000000000000e+04
1.970000000000000000e+06 2.616400000000000000e+04
1.980000000000000000e+06 2.638400000000000000e+04
1.990000000000000000e+06 2.709900000000000000e+04
