0.000000000000000000e+00 8.495000000000000000e+03
1.400000000000000000e+01 9.061000000000000000e+03
2.800000000000000000e+01 9.295000000000000000e+03
4.200000000000000000e+01 9.433000000000000000e+03
5.600000000000000000e+01 9.893000000000000000e+03
7.000000000000000000e+01 9.780000000000000000e+03
8.400000000000000000e+01 1.009100000000000000e+04
9.800000000000000000e+01 1.020600000000000000e+04
1.120000000000000000e+02 1.040200000000000000e+04
1.260000000000000000e+02 1.058900000000000000e+04
1.400000000000000000e+02 1.077000000000000000e+04
1.540000000000000000e+02 1.104300000000000000e+04
1.680000000000000000e+02 1.081700000000000000e+04
1.820000000000000000e+02 1.110500000000000000e+04
1.960000000000000000e+02 1.127100000000000000e+04
2.100000000000000000e+02 1.154000000000000000e+04
2.240000000000000000e+02 1.144800000000000000e+04
2.380000000000000000e+02 1.133200000000000000e+04
2.520000000000000000e+02 1.163100000000000000e+04
2.660000000000000000e+02 1.181300000000000000e+04
2.800000000000000000e+02 1.184200000000000000e+04
2.940000000000000000e+02 1.167800000000000000e+04
3.080000000000000000e+02 1.176400000000000000e+04
3.220000000000000000e+02 1.180700000000000000e+04
3.360000000000000000e+02 1.182500000000000000e+04
3.500000000000000000e+02 1.182900000000000000e+04
3.640000000000000000e+02 1.187100000000000000e+04
3.780000000000000000e+02 1.200400000000000000e+04
3.920000000000000000e+02 1.195800000000000000e+04
4.060000000000000000e+02 1.181200000000000000e+04
4.200000000000000000e+02 1.170900000000000000e+04
4.340000000000000000e+02 1.171600000000000000e+04
4.480000000000000000e+02 1.157900000000000000e+04
4.620000000000000000e+02 1.180300000000000000e+04
4.760000000000000000e+02 1.182300000000000000e+04
4.900000000000000000e+02 1.138600000000000000e+04
5.040000000000000000e+02 1.148200000000000000e+04
5.180000000000000000e+02 1.142000000000000000e+04
5.320000000000000000e+02 1.120900000000000000e+04
5.460000000000000000e+02 1.129500000000000000e+04
5.600000000000000000e+02 1.100300000000000000e+04
5.740000000000000000e+02 1.084900000000000000e+04
5.880000000000000000e+02 1.085700000000000000e+04
6.020000000000000000e+02 1.063900000000000000e+04
6.160000000000000000e+02 1.043400000000000000e+04
6.300000000000000000e+02 1.033400000000000000e+04
6.440000000000000000e+02 1.047900000000000000e+04
6.580000000000000000e+02 1.022200000000000000e+04
6.720000000000000000e+02 1.006500000000000000e+04
6.860000000000000000e+02 9.685000000000000000e+03
7.000000000000000000e+02 9.427000000000000000e+03
7.140000000000000000e+02 9.469000000000000000e+03
7.280000000000000000e+02 9.174000000000000000e+03
7.420000000000000000e+02 9.013000000000000000e+03
7.560000000000000000e+02 8.752000000000000000e+03
7.700000000000000000e+02 8.750000000000000000e+03
7.840000000000000000e+02 8.537000000000000000e+03
7.980000000000000000e+02 8.241000000000000000e+03
8.120000000000000000e+02 7.990000000000000000e+03
8.260000000000000000e+02 7.823000000000000000e+03
8.400000000000000000e+02 7.564000000000000000e+03
8.540000000000000000e+02 7.466000000000000000e+03
8.680000000000000000e+02 7.261000000000000000e+03
8.820000000000000000e+02 6.867000000000000000e+03
8.960000000000000000e+02 6.863000000000000000e+03
9.100000000000000000e+02 6.680000000000000000e+03
9.240000000000000000e+02 6.580000000000000000e+03
9.380000000000000000e+02 6.294000000000000000e+03
9.520000000000000000e+02 6.290000000000000000e+03
9.660000000000000000e+02 6.145000000000000000e+03
9.800000000000000000e+02 5.976000000000000000e+03
9.940000000000000000e+02 5.891000000000000000e+03
1.008000000000000000e+03 5.815000000000000000e+03
1.022000000000000000e+03 5.641000000000000000e+03
1.036000000000000000e+03 5.637000000000000000e+03
1.050000000000000000e+03 5.379000000000000000e+03
1.064000000000000000e+03 5.518000000000000000e+03
1.078000000000000000e+03 5.361000000000000000e+03
1.092000000000000000e+03 5.342000000000000000e+03
1.106000000000000000e+03 5.221000000000000000e+03
1.120000000000000000e+03 5.292000000000000000e+03
1.134000000000000000e+03 5.279000000000000000e+03
1.148000000000000000e+03 5.310000000000000000e+03
1.162000000000000000e+03 5.252000000000000000e+03
1.176000000000000000e+03 5.421000000000000000e+03
1.190000000000000000e+03 5.400000000000000000e+03
1.204000000000000000e+03 5.562000000000000000e+03
1.218000000000000000e+03 5.637000000000000000e+03
1.232000000000000000e+03 5.822000000000000000e+03
1.246000000000000000e+03 6.091000000000000000e+03
1.260000000000000000e+03 5.948000000000000000e+03
1.274000000000000000e+03 6.240000000000000000e+03
1.288000000000000000e+03 6.405000000000000000e+03
1.302000000000000000e+03 6.591000000000000000e+03
1.316000000000000000e+03 6.794000000000000000e+03
1.330000000000000000e+03 7.165000000000000000e+03
1.344000000000000000e+03 7.100000000000000000e+03
1.358000000000000000e+03 7.604000000000000000e+03
1.372000000000000000e+03 7.681000000000000000e+03
1.386000000000000000e+03 8.216000000000000000e+03
1.400000000000000000e+03 8.583000000000000000e+03
1.414000000000000000e+03 8.446000000000000000e+03
1.428000000000000000e+03 8.848000000000000000e+03
1.442000000000000000e+03 9.035000000000000000e+03
1.456000000000000000e+03 9.289000000000000000e+03
1.470000000000000000e+03 9.622000000000000000e+03
1.484000000000000000e+03 9.971000000000000000e+03
1.498000000000000000e+03 9.920000000000000000e+03
1.512000000000000000e+03 1.018800000000000000e+04
1.526000000000000000e+03 1.037200000000000000e+04
1.540000000000000000e+03 1.040400000000000000e+04
1.554000000000000000e+03 1.078900000000000000e+04
1.568000000000000000e+03 1.090300000000000000e+04
1.582000000000000000e+03 1.106500000000000000e+04
1.596000000000000000e+03 1.118300000000000000e+04
1.610000000000000000e+03 1.118500000000000000e+04
1.624000000000000000e+03 1.132900000000000000e+04
1.638000000000000000e+03 1.140700000000000000e+04
1.652000000000000000e+03 1.172100000000000000e+04
1.666000000000000000e+03 1.147500000000000000e+04
1.680000000000000000e+03 1.181100000000000000e+04
1.694000000000000000e+03 1.173400000000000000e+04
1.708000000000000000e+03 1.161900000000000000e+04
1.722000000000000000e+03 1.168900000000000000e+04
1.736000000000000000e+03 1.195500000000000000e+04
1.750000000000000000e+03 1.188300000000000000e+04
1.764000000000000000e+03 1.182100000000000000e+04
1.778000000000000000e+03 1.196900000000000000e+04
1.792000000000000000e+03 1.207500000000000000e+04
1.806000000000000000e+03 1.192900000000000000e+04
1.820000000000000000e+03 1.176200000000000000e+04
1.834000000000000000e+03 1.192800000000000000e+04
1.848000000000000000e+03 1.186000000000000000e+04
1.862000000000000000e+03 1.197100000000000000e+04
1.876000000000000000e+03 1.182200000000000000e+04
1.890000000000000000e+03 1.172900000000000000e+04
1.904000000000000000e+03 1.178800000000000000e+04
1.918000000000000000e+03 1.164200000000000000e+04
1.932000000000000000e+03 1.133300000000000000e+04
1.946000000000000000e+03 1.144600000000000000e+04
1.960000000000000000e+03 1.131600000000000000e+04
1.974000000000000000e+03 1.127800000000000000e+04
1.988000000000000000e+03 1.121900000000000000e+04
2.002000000000000000e+03 1.134900000000000000e+04
2.016000000000000000e+03 1.112300000000000000e+04
2.030000000000000000e+03 1.064700000000000000e+04
2.044000000000000000e+03 1.061300000000000000e+04
2.058000000000000000e+03 1.059800000000000000e+04
2.072000000000000000e+03 1.026000000000000000e+04
2.086000000000000000e+03 1.003100000000000000e+04
2.100000000000000000e+03 1.014900000000000000e+04
2.114000000000000000e+03 9.738000000000000000e+03
2.128000000000000000e+03 9.584000000000000000e+03
2.142000000000000000e+03 9.418000000000000000e+03
2.156000000000000000e+03 9.345000000000000000e+03
2.170000000000000000e+03 9.024000000000000000e+03
2.184000000000000000e+03 8.887000000000000000e+03
2.198000000000000000e+03 8.678000000000000000e+03
2.212000000000000000e+03 8.508000000000000000e+03
2.226000000000000000e+03 8.217000000000000000e+03
2.240000000000000000e+03 8.075000000000000000e+03
2.254000000000000000e+03 7.864000000000000000e+03
2.268000000000000000e+03 7.678000000000000000e+03
2.282000000000000000e+03 7.351000000000000000e+03
2.296000000000000000e+03 7.389000000000000000e+03
2.310000000000000000e+03 7.168000000000000000e+03
2.324000000000000000e+03 6.862000000000000000e+03
2.338000000000000000e+03 6.797000000000000000e+03
2.352000000000000000e+03 6.579000000000000000e+03
2.366000000000000000e+03 6.404000000000000000e+03
2.380000000000000000e+03 6.339000000000000000e+03
2.394000000000000000e+03 6.005000000000000000e+03
2.408000000000000000e+03 6.118000000000000000e+03
2.422000000000000000e+03 5.922000000000000000e+03
2.436000000000000000e+03 5.796000000000000000e+03
2.450000000000000000e+03 5.753000000000000000e+03
2.464000000000000000e+03 5.611000000000000000e+03
2.478000000000000000e+03 5.520000000000000000e+03
2.492000000000000000e+03 5.338000000000000000e+03
2.506000000000000000e+03 5.394000000000000000e+03
2.520000000000000000e+03 5.299000000000000000e+03
2.534000000000000000e+03 5.332000000000000000e+03
2.548000000000000000e+03 5.079000000000000000e+03
2.562000000000000000e+03 5.198000000000000000e+03
2.576000000000000000e+03 5.166000000000000000e+03
2.590000000000000000e+03 5.321000000000000000e+03
2.604000000000000000e+03 5.162000000000000000e+03
2.618000000000000000e+03 5.469000000000000000e+03
2.632000000000000000e+03 5.457000000000000000e+03
2.646000000000000000e+03 5.600000000000000000e+03
2.660000000000000000e+03 5.802000000000000000e+03
2.674000000000000000e+03 5.832000000000000000e+03
2.688000000000000000e+03 6.047000000000000000e+03
2.702000000000000000e+03 6.303000000000000000e+03
2.716000000000000000e+03 6.340000000000000000e+03
2.730000000000000000e+03 6.509000000000000000e+03
2.744000000000000000e+03 6.882000000000000000e+03
2.758000000000000000e+03 6.986000000000000000e+03
2.772000000000000000e+03 7.230000000000000000e+03
2.786000000000000000e+03 7.434000000000000000e+03
2.800000000000000000e+03 7.551000000000000000e+03
2.814000000000000000e+03 7.999000000000000000e+03
2.828000000000000000e+03 7.942000000000000000e+03
2.842000000000000000e+03 8.408000000000000000e+03
