0.000000000000000000e+00 1.229100000000000000e+04
2.000000000000000000e+03 1.230200000000000000e+04
4.000000000000000000e+03 1.285000000000000000e+04
6.000000000000000000e+03 1.289900000000000000e+04
8.000000000000000000e+03 1.317800000000000000e+04
1.000000000000000000e+04 1.312000000000000000e+04
1.200000000000000000e+04 1.344300000000000000e+04
1.400000000000000000e+04 1.363900000000000000e+04
1.600000000000000000e+04 1.376600000000000000e+04
1.800000000000000000e+04 1.363800000000000000e+04
2.000000000000000000e+04 1.406800000000000000e+04
2.200000000000000000e+04 1.396000000000000000e+04
2.400000000000000000e+04 1.397200000000000000e+04
2.600000000000000000e+04 1.399800000000000000e+04
2.800000000000000000e+04 1.411100000000000000e+04
3.000000000000000000e+04 1.415100000000000000e+04
3.200000000000000000e+04 1.402500000000000000e+04
3.400000000000000000e+04 1.425800000000000000e+04
3.600000000000000000e+04 1.407500000000000000e+04
3.800000000000000000e+04 1.439200000000000000e+04
4.000000000000000000e+04 1.400100000000000000e+04
4.200000000000000000e+04 1.406100000000000000e+04
4.400000000000000000e+04 1.419900000000000000e+04
4.600000000000000000e+04 1.403400000000000000e+04
4.800000000000000000e+04 1.390200000000000000e+04
5.000000000000000000e+04 1.397800000000000000e+04
5.200000000000000000e+04 1.389700000000000000e+04
5.400000000000000000e+04 1.410700000000000000e+04
5.600000000000000000e+04 1.387200000000000000e+04
5.800000000000000000e+04 1.372200000000000000e+04
6.000000000000000000e+04 1.361000000000000000e+04
6.200000000000000000e+04 1.340100000000000000e+04
6.400000000000000000e+04 1.335400000000000000e+04
6.600000000000000000e+04 1.299900000000000000e+04
6.800000000000000000e+04 1.299300000000000000e+04
7.000000000000000000e+04 1.300600000000000000e+04
7.200000000000000000e+04 1.273400000000000000e+04
7.400000000000000000e+04 1.240500000000000000e+04
7.600000000000000000e+04 1.256900000000000000e+04
7.800000000000000000e+04 1.195600000000000000e+04
8.000000000000000000e+04 1.166100000000000000e+04
8.200000000000000000e+04 1.152500000000000000e+04
8.400000000000000000e+04 1.142900000000000000e+04
8.600000000000000000e+04 1.107400000000000000e+04
8.800000000000000000e+04 1.081600000000000000e+04
9.000000000000000000e+04 1.060300000000000000e+04
9.200000000000000000e+04 1.031200000000000000e+04
9.400000000000000000e+04 9.804000000000000000e+03
9.600000000000000000e+04 9.348000000000000000e+03
9.800000000000000000e+04 9.304000000000000000e+03
1.000000000000000000e+05 8.823000000000000000e+03
1.020000000000000000e+05 8.431000000000000000e+03
1.040000000000000000e+05 8.244000000000000000e+03
1.060000000000000000e+05 7.895000000000000000e+03
1.080000000000000000e+05 7.632000000000000000e+03
1.100000000000000000e+05 7.070000000000000000e+03
1.120000000000000000e+05 6.665000000000000000e+03
1.140000000000000000e+05 6.526000000000000000e+03
1.160000000000000000e+05 6.230000000000000000e+03
1.180000000000000000e+05 5.853000000000000000e+03
1.200000000000000000e+05 5.521000000000000000e+03
1.220000000000000000e+05 5.247000000000000000e+03
1.240000000000000000e+05 5.028000000000000000e+03
1.260000000000000000e+05 4.927000000000000000e+03
1.280000000000000000e+05 4.673000000000000000e+03
1.300000000000000000e+05 4.548000000000000000e+03
1.320000000000000000e+05 4.448000000000000000e+03
1.340000000000000000e+05 4.385000000000000000e+03
1.360000000000000000e+05 4.250000000000000000e+03
1.380000000000000000e+05 4.253000000000000000e+03
1.400000000000000000e+05 4.496000000000000000e+03
1.420000000000000000e+05 4.182000000000000000e+03
1.440000000000000000e+05 4.449000000000000000e+03
1.460000000000000000e+05 4.536000000000000000e+03
1.480000000000000000e+05 4.551000000000000000e+03
1.500000000000000000e+05 4.788000000000000000e+03
1.520000000000000000e+05 5.089000000000000000e+03
1.540000000000000000e+05 5.106000000000000000e+03
1.560000000000000000e+05 5.504000000000000000e+03
1.580000000000000000e+05 5.658000000000000000e+03
1.600000000000000000e+05 6.137000000000000000e+03
1.620000000000000000e+05 6.409000000000000000e+03
1.640000000000000000e+05 6.706000000000000000e+03
1.660000000000000000e+05 7.007000000000000000e+03
1.680000000000000000e+05 7.263000000000000000e+03
1.700000000000000000e+05 7.576000000000000000e+03
1.720000000000000000e+05 8.113000000000000000e+03
1.740000000000000000e+05 8.526000000000000000e+03
1.760000000000000000e+05 8.782000000000000000e+03
1.780000000000000000e+05 9.239000000000000000e+03
1.800000000000000000e+05 9.567000000000000000e+03
1.820000000000000000e+05 9.835000000000000000e+03
1.840000000000000000e+05 1.009200000000000000e+04
1.860000000000000000e+05 1.042500000000000000e+04
1.880000000000000000e+05 1.091800000000000000e+04
1.900000000000000000e+05 1.116600000000000000e+04
1.920000000000000000e+05 1.135400000000000000e+04
1.940000000000000000e+05 1.165400000000000000e+04
1.960000000000000000e+05 1.183900000000000000e+04
1.980000000000000000e+05 1.205000000000000000e+04
2.000000000000000000e+05 1.241800000000000000e+04
2.020000000000000000e+05 1.260100000000000000e+04
2.040000000000000000e+05 1.264500000000000000e+04
2.060000000000000000e+05 1.268300000000000000e+04
2.080000000000000000e+05 1.325500000000000000e+04
2.100000000000000000e+05 1.312200000000000000e+04
2.120000000000000000e+05 1.332300000000000000e+04
2.140000000000000000e+05 1.336800000000000000e+04
2.160000000000000000e+05 1.371600000000000000e+04
2.180000000000000000e+05 1.360700000000000000e+04
2.200000000000000000e+05 1.373700000000000000e+04
2.220000000000000000e+05 1.365100000000000000e+04
2.240000000000000000e+05 1.373600000000000000e+04
2.260000000000000000e+05 1.399800000000000000e+04
2.280000000000000000e+05 1.408000000000000000e+04
2.300000000000000000e+05 1.403600000000000000e+04
2.320000000000000000e+05 1.422300000000000000e+04
2.340000000000000000e+05 1.393700000000000000e+04
2.360000000000000000e+05 1.417700000000000000e+04
2.380000000000000000e+05 1.408500000000000000e+04
2.400000000000000000e+05 1.419300000000000000e+04
2.420000000000000000e+05 1.420500000000000000e+04
2.440000000000000000e+05 1.403300000000000000e+04
2.460000000000000000e+05 1.398500000000000000e+04
2.480000000000000000e+05 1.407900000000000000e+04
2.500000000000000000e+05 1.400800000000000000e+04
2.520000000000000000e+05 1.395700000000000000e+04
2.540000000000000000e+05 1.390800000000000000e+04
2.560000000000000000e+05 1.382400000000000000e+04
2.580000000000000000e+05 1.376800000000000000e+04
2.600000000000000000e+05 1.366000000000000000e+04
2.620000000000000000e+05 1.341200000000000000e+04
2.640000000000000000e+05 1.349900000000000000e+04
2.660000000000000000e+05 1.320100000000000000e+04
2.680000000000000000e+05 1.322000000000000000e+04
2.700000000000000000e+05 1.286800000000000000e+04
2.720000000000000000e+05 1.287100000000000000e+04
2.740000000000000000e+05 1.266600000000000000e+04
2.760000000000000000e+05 1.237500000000000000e+04
2.780000000000000000e+05 1.207000000000000000e+04
2.800000000000000000e+05 1.182300000000000000e+04
2.820000000000000000e+05 1.159000000000000000e+04
2.840000000000000000e+05 1.161700000000000000e+04
2.860000000000000000e+05 1.104000000000000000e+04
2.880000000000000000e+05 1.085700000000000000e+04
2.900000000000000000e+05 1.052400000000000000e+04
2.920000000000000000e+05 1.042200000000000000e+04
2.940000000000000000e+05 9.872000000000000000e+03
2.960000000000000000e+05 9.574000000000000000e+03
2.980000000000000000e+05 9.279000000000000000e+03
3.000000000000000000e+05 8.803000000000000000e+03
3.020000000000000000e+05 8.753000000000000000e+03
3.040000000000000000e+05 8.260000000000000000e+03
3.060000000000000000e+05 7.644000000000000000e+03
3.080000000000000000e+05 7.425000000000000000e+03
3.100000000000000000e+05 7.285000000000000000e+03
3.120000000000000000e+05 6.938000000000000000e+03
3.140000000000000000e+05 6.505000000000000000e+03
3.160000000000000000e+05 6.192000000000000000e+03
3.180000000000000000e+05 5.827000000000000000e+03
3.200000000000000000e+05 5.632000000000000000e+03
3.220000000000000000e+05 5.250000000000000000e+03
3.240000000000000000e+05 5.011000000000000000e+03
3.260000000000000000e+05 4.952000000000000000e+03
3.280000000000000000e+05 4.715000000000000000e+03
3.300000000000000000e+05 4.579000000000000000e+03
3.320000000000000000e+05 4.525000000000000000e+03
3.340000000000000000e+05 4.359000000000000000e+03
3.360000000000000000e+05 4.326000000000000000e+03
3.380000000000000000e+05 4.209000000000000000e+03
3.400000000000000000e+05 4.391000000000000000e+03
3.420000000000000000e+05 4.473000000000000000e+03
3.440000000000000000e+05 4.524000000000000000e+03
3.460000000000000000e+05 4.615000000000000000e+03
3.480000000000000000e+05 4.546000000000000000e+03
3.500000000000000000e+05 4.879000000000000000e+03
3.520000000000000000e+05 5.080000000000000000e+03
3.540000000000000000e+05 5.338000000000000000e+03
3.560000000000000000e+05 5.324000000000000000e+03
3.580000000000000000e+05 5.685000000000000000e+03
3.600000000000000000e+05 6.105000000000000000e+03
3.620000000000000000e+05 6.344000000000000000e+03
3.640000000000000000e+05 6.695000000000000000e+03
3.660000000000000000e+05 6.815000000000000000e+03
3.680000000000000000e+05 7.346000000000000000e+03
3.700000000000000000e+05 7.635000000000000000e+03
3.720000000000000000e+05 7.994000000000000000e+03
3.740000000000000000e+05 8.331000000000000000e+03
3.760000000000000000e+05 8.702000000000000000e+03
3.780000000000000000e+05 8.966000000000000000e+03
3.800000000000000000e+05 9.641000000000000000e+03
3.820000000000000000e+05 9.857000000000000000e+03
3.840000000000000000e+05 1.010900000000000000e+04
3.860000000000000000e+05 1.035500000000000000e+04
3.880000000000000000e+05 1.075100000000000000e+04
3.900000000000000000e+05 1.105800000000000000e+04
3.920000000000000000e+05 1.121900000000000000e+04
3.940000000000000000e+05 1.158600000000000000e+04
3.960000000000000000e+05 1.180800000000000000e+04
3.980000000000000000e+05 1.214500000000000000e+04
