0.000000000000000000e+00 9.535000000000000000e+03
3.330000000000000000e+02 9.531000000000000000e+03
6.660000000000000000e+02 9.641000000000000000e+03
9.990000000000000000e+02 9.883000000000000000e+03
1.332000000000000000e+03 9.722000000000000000e+03
1.665000000000000000e+03 1.009600000000000000e+04
1.998000000000000000e+03 9.999000000000000000e+03
2.331000000000000000e+03 1.011700000000000000e+04
2.664000000000000000e+03 1.042600000000000000e+04
2.997000000000000000e+03 1.050500000000000000e+04
3.330000000000000000e+03 1.081400000000000000e+04
3.663000000000000000e+03 1.101000000000000000e+04
3.996000000000000000e+03 1.095500000000000000e+04
4.329000000000000000e+03 1.066400000000000000e+04
4.662000000000000000e+03 1.064700000000000000e+04
4.995000000000000000e+03 1.068000000000000000e+04
5.328000000000000000e+03 1.050000000000000000e+04
5.661000000000000000e+03 1.063300000000000000e+04
5.994000000000000000e+03 1.089000000000000000e+04
6.327000000000000000e+03 1.064600000000000000e+04
6.660000000000000000e+03 1.053800000000000000e+04
6.993000000000000000e+03 1.071000000000000000e+04
7.326000000000000000e+03 1.074700000000000000e+04
7.659000000000000000e+03 1.070700000000000000e+04
7.992000000000000000e+03 1.066000000000000000e+04
8.325000000000000000e+03 1.071800000000000000e+04
8.658000000000000000e+03 1.082700000000000000e+04
8.991000000000000000e+03 1.082100000000000000e+04
9.324000000000000000e+03 1.065600000000000000e+04
9.657000000000000000e+03 1.060400000000000000e+04
9.990000000000000000e+03 1.060800000000000000e+04
1.032300000000000000e+04 1.041200000000000000e+04
1.065600000000000000e+04 1.025600000000000000e+04
1.098900000000000000e+04 1.030800000000000000e+04
1.132200000000000000e+04 1.000300000000000000e+04
1.165500000000000000e+04 9.920000000000000000e+03
1.198800000000000000e+04 9.570000000000000000e+03
1.232100000000000000e+04 9.524000000000000000e+03
1.265400000000000000e+04 9.434000000000000000e+03
1.298700000000000000e+04 9.321000000000000000e+03
1.332000000000000000e+04 9.330000000000000000e+03
1.365300000000000000e+04 9.041000000000000000e+03
1.398600000000000000e+04 8.850000000000000000e+03
1.431900000000000000e+04 8.649000000000000000e+03
1.465200000000000000e+04 8.492000000000000000e+03
1.498500000000000000e+04 8.084000000000000000e+03
1.531800000000000000e+04 8.016000000000000000e+03
1.565100000000000000e+04 7.888000000000000000e+03
1.598400000000000000e+04 7.311000000000000000e+03
1.631700000000000000e+04 7.121000000000000000e+03
1.665000000000000000e+04 7.119000000000000000e+03
1.698300000000000000e+04 6.722000000000000000e+03
1.731600000000000000e+04 6.391000000000000000e+03
1.764900000000000000e+04 6.100000000000000000e+03
1.798200000000000000e+04 5.905000000000000000e+03
1.831500000000000000e+04 5.548000000000000000e+03
1.864800000000000000e+04 5.255000000000000000e+03
1.898100000000000000e+04 4.879000000000000000e+03
1.931400000000000000e+04 4.712000000000000000e+03
1.964700000000000000e+04 4.675000000000000000e+03
1.998000000000000000e+04 4.430000000000000000e+03
2.031300000000000000e+04 4.312000000000000000e+03
2.064600000000000000e+04 4.042000000000000000e+03
2.097900000000000000e+04 3.767000000000000000e+03
2.131200000000000000e+04 3.604000000000000000e+03
2.164500000000000000e+04 3.511000000000000000e+03
2.197800000000000000e+04 3.515000000000000000e+03
2.231100000000000000e+04 3.240000000000000000e+03
2.264400000000000000e+04 3.292000000000000000e+03
2.297700000000000000e+04 3.216000000000000000e+03
2.331000000000000000e+04 3.232000000000000000e+03
2.364300000000000000e+04 3.094000000000000000e+03
2.397600000000000000e+04 3.362000000000000000e+03
2.430900000000000000e+04 3.249000000000000000e+03
2.464200000000000000e+04 3.393000000000000000e+03
2.497500000000000000e+04 3.449000000000000000e+03
2.530800000000000000e+04 3.655000000000000000e+03
2.564100000000000000e+04 3.801000000000000000e+03
2.597400000000000000e+04 3.859000000000000000e+03
2.630700000000000000e+04 4.146000000000000000e+03
2.664000000000000000e+04 4.515000000000000000e+03
2.697300000000000000e+04 4.793000000000000000e+03
2.730600000000000000e+04 4.862000000000000000e+03
2.763900000000000000e+04 5.177000000000000000e+03
2.797200000000000000e+04 5.326000000000000000e+03
2.830500000000000000e+04 5.670000000000000000e+03
2.863800000000000000e+04 5.881000000000000000e+03
2.897100000000000000e+04 6.235000000000000000e+03
2.930400000000000000e+04 6.605000000000000000e+03
2.963700000000000000e+04 6.912000000000000000e+03
2.997000000000000000e+04 6.968000000000000000e+03
3.030300000000000000e+04 7.510000000000000000e+03
3.063600000000000000e+04 7.798000000000000000e+03
3.096900000000000000e+04 7.875000000000000000e+03
3.130200000000000000e+04 8.119000000000000000e+03
3.163500000000000000e+04 8.431000000000000000e+03
3.196800000000000000e+04 8.651000000000000000e+03
3.230100000000000000e+04 9.175000000000000000e+03
3.263400000000000000e+04 9.130000000000000000e+03
3.296700000000000000e+04 9.302000000000000000e+03
3.330000000000000000e+04 9.432000000000000000e+03
3.363300000000000000e+04 9.584000000000000000e+03
3.396600000000000000e+04 9.698000000000000000e+03
3.429900000000000000e+04 9.849000000000000000e+03
3.463200000000000000e+04 9.971000000000000000e+03
3.496500000000000000e+04 1.014800000000000000e+04
3.529800000000000000e+04 1.002200000000000000e+04
3.563100000000000000e+04 9.964000000000000000e+03
3.596400000000000000e+04 1.029200000000000000e+04
3.629700000000000000e+04 1.055800000000000000e+04
3.663000000000000000e+04 1.070600000000000000e+04
3.696300000000000000e+04 1.069900000000000000e+04
3.729600000000000000e+04 1.080700000000000000e+04
3.762900000000000000e+04 1.073800000000000000e+04
3.796200000000000000e+04 1.080600000000000000e+04
3.829500000000000000e+04 1.056500000000000000e+04
3.862800000000000000e+04 1.068400000000000000e+04
3.896100000000000000e+04 1.093700000000000000e+04
3.929400000000000000e+04 1.082400000000000000e+04
3.962700000000000000e+04 1.086400000000000000e+04
3.996000000000000000e+04 1.104800000000000000e+04
4.029300000000000000e+04 1.079700000000000000e+04
4.062600000000000000e+04 1.071200000000000000e+04
4.095900000000000000e+04 1.056600000000000000e+04
4.129200000000000000e+04 1.056700000000000000e+04
4.162500000000000000e+04 1.053300000000000000e+04
4.195800000000000000e+04 1.085600000000000000e+04
4.229100000000000000e+04 1.063900000000000000e+04
4.262400000000000000e+04 1.057000000000000000e+04
4.295700000000000000e+04 1.057400000000000000e+04
4.329000000000000000e+04 1.072300000000000000e+04
4.362300000000000000e+04 1.048400000000000000e+04
4.395600000000000000e+04 1.037600000000000000e+04
4.428900000000000000e+04 1.018800000000000000e+04
4.462200000000000000e+04 9.870000000000000000e+03
4.495500000000000000e+04 9.915000000000000000e+03
4.528800000000000000e+04 9.467000000000000000e+03
4.562100000000000000e+04 9.445000000000000000e+03
4.595400000000000000e+04 9.425000000000000000e+03
4.628700000000000000e+04 9.523000000000000000e+03
4.662000000000000000e+04 9.170000000000000000e+03
4.695300000000000000e+04 9.120000000000000000e+03
4.728600000000000000e+04 8.876000000000000000e+03
4.761900000000000000e+04 8.592000000000000000e+03
4.795200000000000000e+04 8.448000000000000000e+03
4.828500000000000000e+04 8.246000000000000000e+03
4.861800000000000000e+04 7.870000000000000000e+03
4.895100000000000000e+04 7.763000000000000000e+03
4.928400000000000000e+04 7.547000000000000000e+03
4.961700000000000000e+04 7.105000000000000000e+03
4.995000000000000000e+04 7.089000000000000000e+03
5.028300000000000000e+04 6.805000000000000000e+03
5.061600000000000000e+04 6.308000000000000000e+03
5.094900000000000000e+04 6.098000000000000000e+03
5.128200000000000000e+04 5.770000000000000000e+03
5.161500000000000000e+04 5.525000000000000000e+03
5.194800000000000000e+04 5.295000000000000000e+03
5.228100000000000000e+04 5.155000000000000000e+03
5.261400000000000000e+04 4.869000000000000000e+03
5.294700000000000000e+04 4.593000000000000000e+03
5.328000000000000000e+04 4.369000000000000000e+03
5.361300000000000000e+04 4.236000000000000000e+03
5.394600000000000000e+04 3.929000000000000000e+03
5.427900000000000000e+04 3.826000000000000000e+03
5.461200000000000000e+04 3.671000000000000000e+03
5.494500000000000000e+04 3.590000000000000000e+03
5.527800000000000000e+04 3.499000000000000000e+03
5.561100000000000000e+04 3.297000000000000000e+03
5.594400000000000000e+04 3.293000000000000000e+03
5.627700000000000000e+04 3.231000000000000000e+03
5.661000000000000000e+04 3.208000000000000000e+03
5.694300000000000000e+04 3.280000000000000000e+03
5.727600000000000000e+04 3.258000000000000000e+03
5.760900000000000000e+04 3.193000000000000000e+03
5.794200000000000000e+04 3.372000000000000000e+03
5.827500000000000000e+04 3.520000000000000000e+03
5.860800000000000000e+04 3.638000000000000000e+03
5.894100000000000000e+04 3.826000000000000000e+03
5.927400000000000000e+04 3.974000000000000000e+03
5.960700000000000000e+04 4.214000000000000000e+03
5.994000000000000000e+04 4.347000000000000000e+03
6.027300000000000000e+04 4.659000000000000000e+03
6.060600000000000000e+04 4.952000000000000000e+03
6.093900000000000000e+04 5.035000000000000000e+03
6.127200000000000000e+04 5.219000000000000000e+03
6.160500000000000000e+04 5.586000000000000000e+03
6.193800000000000000e+04 5.812000000000000000e+03
6.227100000000000000e+04 6.110000000000000000e+03
6.260400000000000000e+04 6.280000000000000000e+03
6.293700000000000000e+04 6.794000000000000000e+03
6.327000000000000000e+04 7.073000000000000000e+03
6.360300000000000000e+04 7.446000000000000000e+03
6.393600000000000000e+04 7.645000000000000000e+03
6.426900000000000000e+04 7.698000000000000000e+03
6.460200000000000000e+04 8.083000000000000000e+03
6.493500000000000000e+04 8.348000000000000000e+03
6.526800000000000000e+04 8.729000000000000000e+03
6.560100000000000000e+04 8.838000000000000000e+03
6.593400000000000000e+04 9.191000000000000000e+03
6.626700000000000000e+04 9.255000000000000000e+03
