0.000000000000000000e+00 1.273600000000000000e+04
5.000000000000000000e+03 1.317500000000000000e+04
1.000000000000000000e+04 1.341000000000000000e+04
1.500000000000000000e+04 1.358700000000000000e+04
2.000000000000000000e+04 1.369800000000000000e+04
2.500000000000000000e+04 1.366100000000000000e+04
3.000000000000000000e+04 1.401300000000000000e+04
3.500000000000000000e+04 1.397900000000000000e+04
4.000000000000000000e+04 1.397000000000000000e+04
4.500000000000000000e+04 1.419000000000000000e+04
5.000000000000000000e+04 1.444900000000000000e+04
5.500000000000000000e+04 1.420200000000000000e+04
6.000000000000000000e+04 1.427900000000000000e+04
6.500000000000000000e+04 1.463500000000000000e+04
7.000000000000000000e+04 1.477200000000000000e+04
7.500000000000000000e+04 1.465800000000000000e+04
8.000000000000000000e+04 1.488600000000000000e+04
8.500000000000000000e+04 1.452500000000000000e+04
9.000000000000000000e+04 1.461900000000000000e+04
9.500000000000000000e+04 1.475500000000000000e+04
1.000000000000000000e+05 1.464600000000000000e+04
1.050000000000000000e+05 1.464600000000000000e+04
1.100000000000000000e+05 1.446900000000000000e+04
1.150000000000000000e+05 1.459600000000000000e+04
1.200000000000000000e+05 1.457500000000000000e+04
1.250000000000000000e+05 1.462400000000000000e+04
1.300000000000000000e+05 1.454000000000000000e+04
1.350000000000000000e+05 1.447600000000000000e+04
1.400000000000000000e+05 1.431800000000000000e+04
1.450000000000000000e+05 1.407300000000000000e+04
1.500000000000000000e+05 1.403600000000000000e+04
1.550000000000000000e+05 1.390300000000000000e+04
1.600000000000000000e+05 1.372200000000000000e+04
1.650000000000000000e+05 1.393400000000000000e+04
1.700000000000000000e+05 1.356100000000000000e+04
1.750000000000000000e+05 1.312600000000000000e+04
1.800000000000000000e+05 1.322000000000000000e+04
1.850000000000000000e+05 1.293800000000000000e+04
1.900000000000000000e+05 1.290700000000000000e+04
1.950000000000000000e+05 1.265700000000000000e+04
2.000000000000000000e+05 1.241900000000000000e+04
2.050000000000000000e+05 1.190400000000000000e+04
2.100000000000000000e+05 1.170300000000000000e+04
2.150000000000000000e+05 1.156500000000000000e+04
2.200000000000000000e+05 1.116700000000000000e+04
2.250000000000000000e+05 1.092100000000000000e+04
2.300000000000000000e+05 1.059900000000000000e+04
2.350000000000000000e+05 1.014900000000000000e+04
2.400000000000000000e+05 9.765000000000000000e+03
2.450000000000000000e+05 9.441000000000000000e+03
2.500000000000000000e+05 9.113000000000000000e+03
2.550000000000000000e+05 8.686000000000000000e+03
2.600000000000000000e+05 8.273000000000000000e+03
2.650000000000000000e+05 7.739000000000000000e+03
2.700000000000000000e+05 7.690000000000000000e+03
2.750000000000000000e+05 7.154000000000000000e+03
2.800000000000000000e+05 6.782000000000000000e+03
2.850000000000000000e+05 6.533000000000000000e+03
2.900000000000000000e+05 6.120000000000000000e+03
2.950000000000000000e+05 5.768000000000000000e+03
3.000000000000000000e+05 5.556000000000000000e+03
3.050000000000000000e+05 5.272000000000000000e+03
3.100000000000000000e+05 5.010000000000000000e+03
3.150000000000000000e+05 4.870000000000000000e+03
3.200000000000000000e+05 4.669000000000000000e+03
3.250000000000000000e+05 4.609000000000000000e+03
3.300000000000000000e+05 4.293000000000000000e+03
3.350000000000000000e+05 4.315000000000000000e+03
3.400000000000000000e+05 4.188000000000000000e+03
3.450000000000000000e+05 4.259000000000000000e+03
3.500000000000000000e+05 4.107000000000000000e+03
3.550000000000000000e+05 4.379000000000000000e+03
3.600000000000000000e+05 4.318000000000000000e+03
3.650000000000000000e+05 4.406000000000000000e+03
3.700000000000000000e+05 4.637000000000000000e+03
3.750000000000000000e+05 4.791000000000000000e+03
3.800000000000000000e+05 5.017000000000000000e+03
3.850000000000000000e+05 5.311000000000000000e+03
3.900000000000000000e+05 5.510000000000000000e+03
3.950000000000000000e+05 5.646000000000000000e+03
4.000000000000000000e+05 6.193000000000000000e+03
4.050000000000000000e+05 6.322000000000000000e+03
4.100000000000000000e+05 6.674000000000000000e+03
4.150000000000000000e+05 7.027000000000000000e+03
4.200000000000000000e+05 7.466000000000000000e+03
4.250000000000000000e+05 7.740000000000000000e+03
4.300000000000000000e+05 8.128000000000000000e+03
4.350000000000000000e+05 8.748000000000000000e+03
4.400000000000000000e+05 8.956000000000000000e+03
4.450000000000000000e+05 9.222000000000000000e+03
4.500000000000000000e+05 9.758000000000000000e+03
4.550000000000000000e+05 1.017000000000000000e+04
4.600000000000000000e+05 1.050800000000000000e+04
4.650000000000000000e+05 1.063600000000000000e+04
4.700000000000000000e+05 1.119300000000000000e+04
4.750000000000000000e+05 1.137200000000000000e+04
4.800000000000000000e+05 1.165800000000000000e+04
4.850000000000000000e+05 1.222700000000000000e+04
4.900000000000000000e+05 1.245100000000000000e+04
4.950000000000000000e+05 1.252700000000000000e+04
5.000000000000000000e+05 1.278100000000000000e+04
5.050000000000000000e+05 1.261200000000000000e+04
5.100000000000000000e+05 1.305400000000000000e+04
5.150000000000000000e+05 1.340000000000000000e+04
5.200000000000000000e+05 1.344400000000000000e+04
5.250000000000000000e+05 1.348800000000000000e+04
5.300000000000000000e+05 1.396100000000000000e+04
5.350000000000000000e+05 1.392400000000000000e+04
5.400000000000000000e+05 1.416500000000000000e+04
5.450000000000000000e+05 1.430600000000000000e+04
5.500000000000000000e+05 1.444300000000000000e+04
5.550000000000000000e+05 1.447300000000000000e+04
5.600000000000000000e+05 1.447600000000000000e+04
5.650000000000000000e+05 1.434500000000000000e+04
5.700000000000000000e+05 1.434300000000000000e+04
5.750000000000000000e+05 1.465700000000000000e+04
5.800000000000000000e+05 1.471100000000000000e+04
5.850000000000000000e+05 1.468500000000000000e+04
5.900000000000000000e+05 1.461800000000000000e+04
5.950000000000000000e+05 1.439500000000000000e+04
6.000000000000000000e+05 1.468400000000000000e+04
6.050000000000000000e+05 1.451800000000000000e+04
6.100000000000000000e+05 1.452600000000000000e+04
6.150000000000000000e+05 1.429500000000000000e+04
6.200000000000000000e+05 1.432800000000000000e+04
6.250000000000000000e+05 1.421700000000000000e+04
6.300000000000000000e+05 1.454200000000000000e+04
6.350000000000000000e+05 1.436600000000000000e+04
6.400000000000000000e+05 1.405000000000000000e+04
6.450000000000000000e+05 1.414500000000000000e+04
6.500000000000000000e+05 1.419200000000000000e+04
6.550000000000000000e+05 1.390900000000000000e+04
6.600000000000000000e+05 1.376200000000000000e+04
6.650000000000000000e+05 1.377500000000000000e+04
6.700000000000000000e+05 1.355000000000000000e+04
6.750000000000000000e+05 1.325500000000000000e+04
6.800000000000000000e+05 1.346300000000000000e+04
6.850000000000000000e+05 1.306600000000000000e+04
6.900000000000000000e+05 1.263800000000000000e+04
6.950000000000000000e+05 1.267600000000000000e+04
7.000000000000000000e+05 1.258300000000000000e+04
7.050000000000000000e+05 1.192800000000000000e+04
7.100000000000000000e+05 1.159300000000000000e+04
7.150000000000000000e+05 1.143000000000000000e+04
7.200000000000000000e+05 1.133400000000000000e+04
7.250000000000000000e+05 1.092900000000000000e+04
7.300000000000000000e+05 1.042400000000000000e+04
7.350000000000000000e+05 1.025000000000000000e+04
7.400000000000000000e+05 9.881000000000000000e+03
7.450000000000000000e+05 9.482000000000000000e+03
7.500000000000000000e+05 9.084000000000000000e+03
7.550000000000000000e+05 8.493000000000000000e+03
7.600000000000000000e+05 8.392000000000000000e+03
7.650000000000000000e+05 8.104000000000000000e+03
7.700000000000000000e+05 7.460000000000000000e+03
7.750000000000000000e+05 7.176000000000000000e+03
7.800000000000000000e+05 6.766000000000000000e+03
7.850000000000000000e+05 6.635000000000000000e+03
7.900000000000000000e+05 6.066000000000000000e+03
7.950000000000000000e+05 5.750000000000000000e+03
8.000000000000000000e+05 5.664000000000000000e+03
8.050000000000000000e+05 5.386000000000000000e+03
8.100000000000000000e+05 4.939000000000000000e+03
8.150000000000000000e+05 4.883000000000000000e+03
8.200000000000000000e+05 4.675000000000000000e+03
8.250000000000000000e+05 4.479000000000000000e+03
8.300000000000000000e+05 4.334000000000000000e+03
8.350000000000000000e+05 4.243000000000000000e+03
8.400000000000000000e+05 4.214000000000000000e+03
8.450000000000000000e+05 4.253000000000000000e+03
8.500000000000000000e+05 4.411000000000000000e+03
8.550000000000000000e+05 4.281000000000000000e+03
8.600000000000000000e+05 4.482000000000000000e+03
8.650000000000000000e+05 4.476000000000000000e+03
8.700000000000000000e+05 4.497000000000000000e+03
8.750000000000000000e+05 4.822000000000000000e+03
8.800000000000000000e+05 5.036000000000000000e+03
8.850000000000000000e+05 5.229000000000000000e+03
8.900000000000000000e+05 5.373000000000000000e+03
8.950000000000000000e+05 5.831000000000000000e+03
9.000000000000000000e+05 6.124000000000000000e+03
9.050000000000000000e+05 6.422000000000000000e+03
9.100000000000000000e+05 6.559000000000000000e+03
9.150000000000000000e+05 7.002000000000000000e+03
9.200000000000000000e+05 7.440000000000000000e+03
9.250000000000000000e+05 7.802000000000000000e+03
9.300000000000000000e+05 8.141000000000000000e+03
9.350000000000000000e+05 8.464000000000000000e+03
9.400000000000000000e+05 9.021000000000000000e+03
9.450000000000000000e+05 9.247000000000000000e+03
9.500000000000000000e+05 9.834000000000000000e+03
9.550000000000000000e+05 9.903000000000000000e+03
9.600000000000000000e+05 1.046600000000000000e+04
9.650000000000000000e+05 1.079400000000000000e+04
9.700000000000000000e+05 1.103700000000000000e+04
9.750000000000000000e+05 1.124200000000000000e+04
9.800000000000000000e+05 1.174100000000000000e+04
9.850000000000000000e+05 1.192300000000000000e+04
9.900000000000000000e+05 1.213700000000000000e+04
9.950000000000000000e+05 1.265400000000000000e+04
