0.000000000000000000e+00 2.116600000000000000e+04
5.000000000000000000e+03 2.138900000000000000e+04
1.000000000000000000e+04 2.175300000000000000e+04
1.500000000000000000e+04 2.199700000000000000e+04
2.000000000000000000e+04 2.242700000000000000e+04
2.500000000000000000e+04 2.229900000000000000e+04
3.000000000000000000e+04 2.296200000000000000e+04
3.500000000000000000e+04 2.296800000000000000e+04
4.000000000000000000e+04 2.347600000000000000e+04
4.500000000000000000e+04 2.333100000000000000e+04
5.000000000000000000e+04 2.349100000000000000e+04
5.500000000000000000e+04 2.338500000000000000e+04
6.000000000000000000e+04 2.375500000000000000e+04
6.500000000000000000e+04 2.389600000000000000e+04
7.000000000000000000e+04 2.361600000000000000e+04
7.500000000000000000e+04 2.413500000000000000e+04
8.000000000000000000e+04 2.405900000000000000e+04
8.500000000000000000e+04 2.423100000000000000e+04
9.000000000000000000e+04 2.386700000000000000e+04
9.500000000000000000e+04 2.417200000000000000e+04
1.000000000000000000e+05 2.414100000000000000e+04
1.050000000000000000e+05 2.410900000000000000e+04
1.100000000000000000e+05 2.369400000000000000e+04
1.150000000000000000e+05 2.382100000000000000e+04
1.200000000000000000e+05 2.418000000000000000e+04
1.250000000000000000e+05 2.386900000000000000e+04
1.300000000000000000e+05 2.400500000000000000e+04
1.350000000000000000e+05 2.368800000000000000e+04
1.400000000000000000e+05 2.355100000000000000e+04
1.450000000000000000e+05 2.350200000000000000e+04
1.500000000000000000e+05 2.318600000000000000e+04
1.550000000000000000e+05 2.284500000000000000e+04
1.600000000000000000e+05 2.285600000000000000e+04
1.650000000000000000e+05 2.276300000000000000e+04
1.700000000000000000e+05 2.263400000000000000e+04
1.750000000000000000e+05 2.226800000000000000e+04
1.800000000000000000e+05 2.196800000000000000e+04
1.850000000000000000e+05 2.128100000000000000e+04
1.900000000000000000e+05 2.114900000000000000e+04
1.950000000000000000e+05 2.073500000000000000e+04
2.000000000000000000e+05 2.036300000000000000e+04
2.050000000000000000e+05 2.002900000000000000e+04
2.100000000000000000e+05 1.981400000000000000e+04
2.150000000000000000e+05 1.910400000000000000e+04
2.200000000000000000e+05 1.838400000000000000e+04
2.250000000000000000e+05 1.783500000000000000e+04
2.300000000000000000e+05 1.753900000000000000e+04
2.350000000000000000e+05 1.710100000000000000e+04
2.400000000000000000e+05 1.642700000000000000e+04
2.450000000000000000e+05 1.599500000000000000e+04
2.500000000000000000e+05 1.535700000000000000e+04
2.550000000000000000e+05 1.494500000000000000e+04
2.600000000000000000e+05 1.405900000000000000e+04
2.650000000000000000e+05 1.348500000000000000e+04
2.700000000000000000e+05 1.307000000000000000e+04
2.750000000000000000e+05 1.240400000000000000e+04
2.800000000000000000e+05 1.158800000000000000e+04
2.850000000000000000e+05 1.108200000000000000e+04
2.900000000000000000e+05 1.076900000000000000e+04
2.950000000000000000e+05 1.029000000000000000e+04
3.000000000000000000e+05 9.887000000000000000e+03
3.050000000000000000e+05 9.373000000000000000e+03
3.100000000000000000e+05 8.909000000000000000e+03
3.150000000000000000e+05 8.444000000000000000e+03
3.200000000000000000e+05 8.191000000000000000e+03
3.250000000000000000e+05 7.991000000000000000e+03
3.300000000000000000e+05 7.675000000000000000e+03
3.350000000000000000e+05 7.475000000000000000e+03
3.400000000000000000e+05 7.347000000000000000e+03
3.450000000000000000e+05 7.527000000000000000e+03
3.500000000000000000e+05 7.345000000000000000e+03
3.550000000000000000e+05 7.550000000000000000e+03
3.600000000000000000e+05 7.584000000000000000e+03
3.650000000000000000e+05 7.884000000000000000e+03
3.700000000000000000e+05 8.172000000000000000e+03
3.750000000000000000e+05 8.194000000000000000e+03
3.800000000000000000e+05 8.516000000000000000e+03
3.850000000000000000e+05 9.155000000000000000e+03
3.900000000000000000e+05 9.623000000000000000e+03
3.950000000000000000e+05 9.900000000000000000e+03
4.000000000000000000e+05 1.046800000000000000e+04
4.050000000000000000e+05 1.063500000000000000e+04
4.100000000000000000e+05 1.140800000000000000e+04
4.150000000000000000e+05 1.224200000000000000e+04
4.200000000000000000e+05 1.277300000000000000e+04
4.250000000000000000e+05 1.318100000000000000e+04
4.300000000000000000e+05 1.396300000000000000e+04
4.350000000000000000e+05 1.455100000000000000e+04
4.400000000000000000e+05 1.537300000000000000e+04
4.450000000000000000e+05 1.580700000000000000e+04
4.500000000000000000e+05 1.660000000000000000e+04
4.550000000000000000e+05 1.699400000000000000e+04
4.600000000000000000e+05 1.733500000000000000e+04
4.650000000000000000e+05 1.807700000000000000e+04
4.700000000000000000e+05 1.837000000000000000e+04
4.750000000000000000e+05 1.926500000000000000e+04
4.800000000000000000e+05 1.959100000000000000e+04
4.850000000000000000e+05 1.979400000000000000e+04
4.900000000000000000e+05 2.063000000000000000e+04
4.950000000000000000e+05 2.094700000000000000e+04
5.000000000000000000e+05 2.117000000000000000e+04
5.050000000000000000e+05 2.138700000000000000e+04
5.100000000000000000e+05 2.134800000000000000e+04
5.150000000000000000e+05 2.224200000000000000e+04
5.200000000000000000e+05 2.243400000000000000e+04
5.250000000000000000e+05 2.276500000000000000e+04
5.300000000000000000e+05 2.274000000000000000e+04
5.350000000000000000e+05 2.299700000000000000e+04
5.400000000000000000e+05 2.312100000000000000e+04
5.450000000000000000e+05 2.341400000000000000e+04
5.500000000000000000e+05 2.383600000000000000e+04
5.550000000000000000e+05 2.362200000000000000e+04
5.600000000000000000e+05 2.386400000000000000e+04
5.650000000000000000e+05 2.389300000000000000e+04
5.700000000000000000e+05 2.396100000000000000e+04
5.750000000000000000e+05 2.412100000000000000e+04
5.800000000000000000e+05 2.392200000000000000e+04
5.850000000000000000e+05 2.391400000000000000e+04
5.900000000000000000e+05 2.421600000000000000e+04
5.950000000000000000e+05 2.396100000000000000e+04
6.000000000000000000e+05 2.419000000000000000e+04
6.050000000000000000e+05 2.433500000000000000e+04
6.100000000000000000e+05 2.400300000000000000e+04
6.150000000000000000e+05 2.380800000000000000e+04
6.200000000000000000e+05 2.391500000000000000e+04
6.250000000000000000e+05 2.389600000000000000e+04
6.300000000000000000e+05 2.412600000000000000e+04
6.350000000000000000e+05 2.379900000000000000e+04
6.400000000000000000e+05 2.352600000000000000e+04
6.450000000000000000e+05 2.318600000000000000e+04
6.500000000000000000e+05 2.336100000000000000e+04
6.550000000000000000e+05 2.312500000000000000e+04
6.600000000000000000e+05 2.288200000000000000e+04
6.650000000000000000e+05 2.253500000000000000e+04
6.700000000000000000e+05 2.258300000000000000e+04
6.750000000000000000e+05 2.233500000000000000e+04
6.800000000000000000e+05 2.179600000000000000e+04
6.850000000000000000e+05 2.121200000000000000e+04
6.900000000000000000e+05 2.123300000000000000e+04
6.950000000000000000e+05 2.104200000000000000e+04
7.000000000000000000e+05 2.066300000000000000e+04
7.050000000000000000e+05 2.018000000000000000e+04
7.100000000000000000e+05 1.991700000000000000e+04
7.150000000000000000e+05 1.902000000000000000e+04
7.200000000000000000e+05 1.866800000000000000e+04
7.250000000000000000e+05 1.790700000000000000e+04
7.300000000000000000e+05 1.757500000000000000e+04
7.350000000000000000e+05 1.716100000000000000e+04
7.400000000000000000e+05 1.661200000000000000e+04
7.450000000000000000e+05 1.590800000000000000e+04
7.500000000000000000e+05 1.535500000000000000e+04
7.550000000000000000e+05 1.479900000000000000e+04
7.600000000000000000e+05 1.415700000000000000e+04
7.650000000000000000e+05 1.368700000000000000e+04
7.700000000000000000e+05 1.296400000000000000e+04
7.750000000000000000e+05 1.215200000000000000e+04
7.800000000000000000e+05 1.167400000000000000e+04
7.850000000000000000e+05 1.129500000000000000e+04
7.900000000000000000e+05 1.070100000000000000e+04
7.950000000000000000e+05 1.017400000000000000e+04
8.000000000000000000e+05 9.829000000000000000e+03
8.050000000000000000e+05 9.123000000000000000e+03
8.100000000000000000e+05 9.024000000000000000e+03
8.150000000000000000e+05 8.358000000000000000e+03
8.200000000000000000e+05 8.321000000000000000e+03
8.250000000000000000e+05 7.979000000000000000e+03
8.300000000000000000e+05 7.965000000000000000e+03
8.350000000000000000e+05 7.609000000000000000e+03
8.400000000000000000e+05 7.659000000000000000e+03
8.450000000000000000e+05 7.535000000000000000e+03
8.500000000000000000e+05 7.518000000000000000e+03
8.550000000000000000e+05 7.390000000000000000e+03
8.600000000000000000e+05 7.666000000000000000e+03
8.650000000000000000e+05 7.901000000000000000e+03
8.700000000000000000e+05 8.180000000000000000e+03
8.750000000000000000e+05 8.301000000000000000e+03
8.800000000000000000e+05 8.595000000000000000e+03
8.850000000000000000e+05 9.005000000000000000e+03
8.900000000000000000e+05 9.551000000000000000e+03
8.950000000000000000e+05 9.787000000000000000e+03
9.000000000000000000e+05 1.048700000000000000e+04
9.050000000000000000e+05 1.101700000000000000e+04
9.100000000000000000e+05 1.160000000000000000e+04
9.150000000000000000e+05 1.223100000000000000e+04
9.200000000000000000e+05 1.276100000000000000e+04
9.250000000000000000e+05 1.322000000000000000e+04
9.300000000000000000e+05 1.397400000000000000e+04
9.350000000000000000e+05 1.474900000000000000e+04
9.400000000000000000e+05 1.514900000000000000e+04
9.450000000000000000e+05 1.584900000000000000e+04
9.500000000000000000e+05 1.630700000000000000e+04
9.550000000000000000e+05 1.683400000000000000e+04
9.600000000000000000e+05 1.734500000000000000e+04
9.650000000000000000e+05 1.781800000000000000e+04
9.700000000000000000e+05 1.857800000000000000e+04
9.750000000000000000e+05 1.904700000000000000e+04
9.800000000000000000e+05 1.941100000000000000e+04
9.850000000000000000e+05 1.990200000000000000e+04
9.900000000000000000e+05 2.036900000000000000e+04
9.950000000000000000e+05 2.074600000000000000e+04
