0.000000000000000000e+00 1.321300000000000000e+04
3.300000000000000000e+01 1.362700000000000000e+04
6.600000000000000000e+01 1.370900000000000000e+04
9.900000000000000000e+01 1.417500000000000000e+04
1.320000000000000000e+02 1.478900000000000000e+04
1.650000000000000000e+02 1.437100000000000000e+04
1.980000000000000000e+02 1.480000000000000000e+04
2.310000000000000000e+02 1.522000000000000000e+04
2.640000000000000000e+02 1.510700000000000000e+04
2.970000000000000000e+02 1.556300000000000000e+04
3.300000000000000000e+02 1.531600000000000000e+04
3.630000000000000000e+02 1.549600000000000000e+04
3.960000000000000000e+02 1.578600000000000000e+04
4.290000000000000000e+02 1.590600000000000000e+04
4.620000000000000000e+02 1.603300000000000000e+04
4.950000000000000000e+02 1.643900000000000000e+04
5.280000000000000000e+02 1.631600000000000000e+04
5.610000000000000000e+02 1.632400000000000000e+04
5.940000000000000000e+02 1.615500000000000000e+04
6.270000000000000000e+02 1.666400000000000000e+04
6.600000000000000000e+02 1.646300000000000000e+04
6.930000000000000000e+02 1.651800000000000000e+04
7.260000000000000000e+02 1.663600000000000000e+04
7.590000000000000000e+02 1.649900000000000000e+04
7.920000000000000000e+02 1.651600000000000000e+04
8.250000000000000000e+02 1.650400000000000000e+04
8.580000000000000000e+02 1.605800000000000000e+04
8.910000000000000000e+02 1.659500000000000000e+04
9.240000000000000000e+02 1.634900000000000000e+04
9.570000000000000000e+02 1.633500000000000000e+04
9.900000000000000000e+02 1.649000000000000000e+04
1.023000000000000000e+03 1.598200000000000000e+04
1.056000000000000000e+03 1.625900000000000000e+04
1.089000000000000000e+03 1.626000000000000000e+04
1.122000000000000000e+03 1.586400000000000000e+04
1.155000000000000000e+03 1.565400000000000000e+04
1.188000000000000000e+03 1.568500000000000000e+04
1.221000000000000000e+03 1.542200000000000000e+04
1.254000000000000000e+03 1.530100000000000000e+04
1.287000000000000000e+03 1.525200000000000000e+04
1.320000000000000000e+03 1.478600000000000000e+04
1.353000000000000000e+03 1.499200000000000000e+04
1.386000000000000000e+03 1.441600000000000000e+04
1.419000000000000000e+03 1.432800000000000000e+04
1.452000000000000000e+03 1.402700000000000000e+04
1.485000000000000000e+03 1.366500000000000000e+04
1.518000000000000000e+03 1.362700000000000000e+04
1.551000000000000000e+03 1.332500000000000000e+04
1.584000000000000000e+03 1.289900000000000000e+04
1.617000000000000000e+03 1.282100000000000000e+04
1.650000000000000000e+03 1.236100000000000000e+04
1.683000000000000000e+03 1.217800000000000000e+04
1.716000000000000000e+03 1.169000000000000000e+04
1.749000000000000000e+03 1.133400000000000000e+04
1.782000000000000000e+03 1.111600000000000000e+04
1.815000000000000000e+03 1.065200000000000000e+04
1.848000000000000000e+03 1.038600000000000000e+04
1.881000000000000000e+03 1.016200000000000000e+04
1.914000000000000000e+03 9.764000000000000000e+03
1.947000000000000000e+03 9.294000000000000000e+03
1.980000000000000000e+03 8.955000000000000000e+03
2.013000000000000000e+03 8.789000000000000000e+03
2.046000000000000000e+03 8.468000000000000000e+03
2.079000000000000000e+03 8.247000000000000000e+03
2.112000000000000000e+03 8.010000000000000000e+03
2.145000000000000000e+03 7.725000000000000000e+03
2.178000000000000000e+03 7.391000000000000000e+03
2.211000000000000000e+03 7.217000000000000000e+03
2.244000000000000000e+03 6.997000000000000000e+03
2.277000000000000000e+03 6.785000000000000000e+03
2.310000000000000000e+03 6.744000000000000000e+03
2.343000000000000000e+03 6.438000000000000000e+03
2.376000000000000000e+03 6.262000000000000000e+03
2.409000000000000000e+03 6.313000000000000000e+03
2.442000000000000000e+03 6.290000000000000000e+03
2.475000000000000000e+03 6.166000000000000000e+03
2.508000000000000000e+03 6.175000000000000000e+03
2.541000000000000000e+03 6.182000000000000000e+03
2.574000000000000000e+03 6.283000000000000000e+03
2.607000000000000000e+03 6.097000000000000000e+03
2.640000000000000000e+03 6.363000000000000000e+03
2.673000000000000000e+03 6.295000000000000000e+03
2.706000000000000000e+03 6.565000000000000000e+03
2.739000000000000000e+03 6.752000000000000000e+03
2.772000000000000000e+03 6.892000000000000000e+03
2.805000000000000000e+03 7.108000000000000000e+03
2.838000000000000000e+03 7.285000000000000000e+03
2.871000000000000000e+03 7.777000000000000000e+03
2.904000000000000000e+03 8.085000000000000000e+03
2.937000000000000000e+03 8.343000000000000000e+03
2.970000000000000000e+03 8.850000000000000000e+03
3.003000000000000000e+03 9.229000000000000000e+03
3.036000000000000000e+03 9.711000000000000000e+03
3.069000000000000000e+03 1.018900000000000000e+04
3.102000000000000000e+03 1.064000000000000000e+04
3.135000000000000000e+03 1.115300000000000000e+04
3.168000000000000000e+03 1.124500000000000000e+04
3.201000000000000000e+03 1.183000000000000000e+04
3.234000000000000000e+03 1.207700000000000000e+04
3.267000000000000000e+03 1.250900000000000000e+04
3.300000000000000000e+03 1.291800000000000000e+04
3.333000000000000000e+03 1.344600000000000000e+04
3.366000000000000000e+03 1.373300000000000000e+04
3.399000000000000000e+03 1.401400000000000000e+04
3.432000000000000000e+03 1.424400000000000000e+04
3.465000000000000000e+03 1.453700000000000000e+04
3.498000000000000000e+03 1.461500000000000000e+04
3.531000000000000000e+03 1.498200000000000000e+04
3.564000000000000000e+03 1.506200000000000000e+04
3.597000000000000000e+03 1.525300000000000000e+04
3.630000000000000000e+03 1.555300000000000000e+04
3.663000000000000000e+03 1.587200000000000000e+04
3.696000000000000000e+03 1.601400000000000000e+04
3.729000000000000000e+03 1.630300000000000000e+04
3.762000000000000000e+03 1.616500000000000000e+04
3.795000000000000000e+03 1.611000000000000000e+04
3.828000000000000000e+03 1.628400000000000000e+04
3.861000000000000000e+03 1.637700000000000000e+04
3.894000000000000000e+03 1.668100000000000000e+04
3.927000000000000000e+03 1.639500000000000000e+04
3.960000000000000000e+03 1.656700000000000000e+04
3.993000000000000000e+03 1.649500000000000000e+04
4.026000000000000000e+03 1.648900000000000000e+04
4.059000000000000000e+03 1.652400000000000000e+04
4.092000000000000000e+03 1.652100000000000000e+04
4.125000000000000000e+03 1.651800000000000000e+04
4.158000000000000000e+03 1.633500000000000000e+04
4.191000000000000000e+03 1.654100000000000000e+04
4.224000000000000000e+03 1.663200000000000000e+04
4.257000000000000000e+03 1.650200000000000000e+04
4.290000000000000000e+03 1.622300000000000000e+04
4.323000000000000000e+03 1.612600000000000000e+04
4.356000000000000000e+03 1.632900000000000000e+04
4.389000000000000000e+03 1.606700000000000000e+04
4.422000000000000000e+03 1.610300000000000000e+04
4.455000000000000000e+03 1.585300000000000000e+04
4.488000000000000000e+03 1.586400000000000000e+04
4.521000000000000000e+03 1.572100000000000000e+04
4.554000000000000000e+03 1.541500000000000000e+04
4.587000000000000000e+03 1.563500000000000000e+04
4.620000000000000000e+03 1.544000000000000000e+04
4.653000000000000000e+03 1.500400000000000000e+04
4.686000000000000000e+03 1.463800000000000000e+04
4.719000000000000000e+03 1.460000000000000000e+04
4.752000000000000000e+03 1.438400000000000000e+04
4.785000000000000000e+03 1.402000000000000000e+04
4.818000000000000000e+03 1.387500000000000000e+04
4.851000000000000000e+03 1.347500000000000000e+04
4.884000000000000000e+03 1.320900000000000000e+04
4.917000000000000000e+03 1.302100000000000000e+04
4.950000000000000000e+03 1.272200000000000000e+04
4.983000000000000000e+03 1.229100000000000000e+04
5.016000000000000000e+03 1.185800000000000000e+04
5.049000000000000000e+03 1.166700000000000000e+04
5.082000000000000000e+03 1.125200000000000000e+04
5.115000000000000000e+03 1.107800000000000000e+04
5.148000000000000000e+03 1.072900000000000000e+04
5.181000000000000000e+03 1.051400000000000000e+04
5.214000000000000000e+03 9.903000000000000000e+03
5.247000000000000000e+03 9.552000000000000000e+03
5.280000000000000000e+03 9.229000000000000000e+03
5.313000000000000000e+03 9.100000000000000000e+03
5.346000000000000000e+03 8.648000000000000000e+03
5.379000000000000000e+03 8.494000000000000000e+03
5.412000000000000000e+03 8.168000000000000000e+03
5.445000000000000000e+03 7.935000000000000000e+03
5.478000000000000000e+03 7.619000000000000000e+03
5.511000000000000000e+03 7.484000000000000000e+03
5.544000000000000000e+03 7.183000000000000000e+03
5.577000000000000000e+03 7.078000000000000000e+03
5.610000000000000000e+03 6.876000000000000000e+03
5.643000000000000000e+03 6.678000000000000000e+03
5.676000000000000000e+03 6.601000000000000000e+03
5.709000000000000000e+03 6.455000000000000000e+03
5.742000000000000000e+03 6.379000000000000000e+03
5.775000000000000000e+03 6.235000000000000000e+03
5.808000000000000000e+03 6.290000000000000000e+03
5.841000000000000000e+03 6.153000000000000000e+03
5.874000000000000000e+03 6.039000000000000000e+03
5.907000000000000000e+03 6.192000000000000000e+03
5.940000000000000000e+03 6.327000000000000000e+03
5.973000000000000000e+03 6.143000000000000000e+03
6.006000000000000000e+03 6.416000000000000000e+03
6.039000000000000000e+03 6.632000000000000000e+03
6.072000000000000000e+03 6.868000000000000000e+03
6.105000000000000000e+03 7.059000000000000000e+03
6.138000000000000000e+03 7.250000000000000000e+03
6.171000000000000000e+03 7.478000000000000000e+03
6.204000000000000000e+03 7.801000000000000000e+03
6.237000000000000000e+03 8.164000000000000000e+03
6.270000000000000000e+03 8.408000000000000000e+03
6.303000000000000000e+03 9.039000000000000000e+03
6.336000000000000000e+03 9.301000000000000000e+03
6.369000000000000000e+03 9.522000000000000000e+03
6.402000000000000000e+03 1.007300000000000000e+04
6.435000000000000000e+03 1.043400000000000000e+04
6.468000000000000000e+03 1.095900000000000000e+04
6.501000000000000000e+03 1.152600000000000000e+04
6.534000000000000000e+03 1.188300000000000000e+04
6.567000000000000000e+03 1.226900000000000000e+04
6.600000000000000000e+03 1.271900000000000000e+04
6.633000000000000000e+03 1.274100000000000000e+04
