0.000000000000000000e+00 1.603700000000000000e+04
2.000000000000000000e+02 1.612200000000000000e+04
4.000000000000000000e+02 1.634200000000000000e+04
6.000000000000000000e+02 1.695800000000000000e+04
8.000000000000000000e+02 1.713300000000000000e+04
1.000000000000000000e+03 1.723400000000000000e+04
1.200000000000000000e+03 1.729600000000000000e+04
1.400000000000000000e+03 1.753400000000000000e+04
1.600000000000000000e+03 1.751900000000000000e+04
1.800000000000000000e+03 1.783600000000000000e+04
2.000000000000000000e+03 1.814800000000000000e+04
2.200000000000000000e+03 1.806700000000000000e+04
2.400000000000000000e+03 1.788600000000000000e+04
2.600000000000000000e+03 1.787100000000000000e+04
2.800000000000000000e+03 1.793300000000000000e+04
3.000000000000000000e+03 1.826600000000000000e+04
3.200000000000000000e+03 1.797700000000000000e+04
3.400000000000000000e+03 1.797200000000000000e+04
3.600000000000000000e+03 1.823700000000000000e+04
3.800000000000000000e+03 1.820300000000000000e+04
4.000000000000000000e+03 1.815500000000000000e+04
4.200000000000000000e+03 1.820300000000000000e+04
4.400000000000000000e+03 1.814800000000000000e+04
4.600000000000000000e+03 1.828600000000000000e+04
4.800000000000000000e+03 1.840200000000000000e+04
5.000000000000000000e+03 1.799700000000000000e+04
5.200000000000000000e+03 1.807500000000000000e+04
5.400000000000000000e+03 1.781900000000000000e+04
5.600000000000000000e+03 1.799600000000000000e+04
5.800000000000000000e+03 1.773200000000000000e+04
6.000000000000000000e+03 1.765200000000000000e+04
6.200000000000000000e+03 1.755600000000000000e+04
6.400000000000000000e+03 1.737000000000000000e+04
6.600000000000000000e+03 1.737100000000000000e+04
6.800000000000000000e+03 1.711400000000000000e+04
7.000000000000000000e+03 1.681900000000000000e+04
7.200000000000000000e+03 1.659400000000000000e+04
7.400000000000000000e+03 1.646500000000000000e+04
7.600000000000000000e+03 1.613900000000000000e+04
7.800000000000000000e+03 1.603200000000000000e+04
8.000000000000000000e+03 1.531400000000000000e+04
8.200000000000000000e+03 1.525100000000000000e+04
8.400000000000000000e+03 1.499300000000000000e+04
8.600000000000000000e+03 1.461700000000000000e+04
8.800000000000000000e+03 1.453400000000000000e+04
9.000000000000000000e+03 1.376400000000000000e+04
9.200000000000000000e+03 1.369400000000000000e+04
9.400000000000000000e+03 1.336200000000000000e+04
9.600000000000000000e+03 1.289500000000000000e+04
9.800000000000000000e+03 1.225500000000000000e+04
1.000000000000000000e+04 1.198900000000000000e+04
1.020000000000000000e+04 1.134700000000000000e+04
1.040000000000000000e+04 1.101600000000000000e+04
1.060000000000000000e+04 1.047600000000000000e+04
1.080000000000000000e+04 1.004600000000000000e+04
1.100000000000000000e+04 9.886000000000000000e+03
1.120000000000000000e+04 9.181000000000000000e+03
1.140000000000000000e+04 8.786000000000000000e+03
1.160000000000000000e+04 8.446000000000000000e+03
1.180000000000000000e+04 8.070000000000000000e+03
1.200000000000000000e+04 7.694000000000000000e+03
1.220000000000000000e+04 7.339000000000000000e+03
1.240000000000000000e+04 6.994000000000000000e+03
1.260000000000000000e+04 6.887000000000000000e+03
1.280000000000000000e+04 6.721000000000000000e+03
1.300000000000000000e+04 6.274000000000000000e+03
1.320000000000000000e+04 6.133000000000000000e+03
1.340000000000000000e+04 6.042000000000000000e+03
1.360000000000000000e+04 5.774000000000000000e+03
1.380000000000000000e+04 5.795000000000000000e+03
1.400000000000000000e+04 5.727000000000000000e+03
1.420000000000000000e+04 5.624000000000000000e+03
1.440000000000000000e+04 5.672000000000000000e+03
1.460000000000000000e+04 5.753000000000000000e+03
1.480000000000000000e+04 5.810000000000000000e+03
1.500000000000000000e+04 6.097000000000000000e+03
1.520000000000000000e+04 6.194000000000000000e+03
1.540000000000000000e+04 6.381000000000000000e+03
1.560000000000000000e+04 6.869000000000000000e+03
1.580000000000000000e+04 7.089000000000000000e+03
1.600000000000000000e+04 7.510000000000000000e+03
1.620000000000000000e+04 7.745000000000000000e+03
1.640000000000000000e+04 8.372000000000000000e+03
1.660000000000000000e+04 8.736000000000000000e+03
1.680000000000000000e+04 8.979000000000000000e+03
1.700000000000000000e+04 9.828000000000000000e+03
1.720000000000000000e+04 1.001100000000000000e+04
1.740000000000000000e+04 1.063100000000000000e+04
1.760000000000000000e+04 1.118400000000000000e+04
1.780000000000000000e+04 1.165100000000000000e+04
1.800000000000000000e+04 1.199700000000000000e+04
1.820000000000000000e+04 1.243300000000000000e+04
1.840000000000000000e+04 1.300000000000000000e+04
1.860000000000000000e+04 1.360000000000000000e+04
1.880000000000000000e+04 1.381600000000000000e+04
1.900000000000000000e+04 1.427800000000000000e+04
1.920000000000000000e+04 1.477000000000000000e+04
1.940000000000000000e+04 1.512500000000000000e+04
1.960000000000000000e+04 1.499300000000000000e+04
1.980000000000000000e+04 1.554000000000000000e+04
2.000000000000000000e+04 1.590800000000000000e+04
2.020000000000000000e+04 1.633400000000000000e+04
2.040000000000000000e+04 1.654600000000000000e+04
2.060000000000000000e+04 1.644800000000000000e+04
2.080000000000000000e+04 1.702900000000000000e+04
2.100000000000000000e+04 1.710900000000000000e+04
2.120000000000000000e+04 1.742900000000000000e+04
2.140000000000000000e+04 1.729700000000000000e+04
2.160000000000000000e+04 1.743400000000000000e+04
2.180000000000000000e+04 1.788900000000000000e+04
2.200000000000000000e+04 1.803200000000000000e+04
2.220000000000000000e+04 1.778500000000000000e+04
2.240000000000000000e+04 1.804500000000000000e+04
2.260000000000000000e+04 1.799000000000000000e+04
2.280000000000000000e+04 1.822900000000000000e+04
2.300000000000000000e+04 1.813000000000000000e+04
2.320000000000000000e+04 1.829700000000000000e+04
2.340000000000000000e+04 1.817400000000000000e+04
2.360000000000000000e+04 1.854000000000000000e+04
2.380000000000000000e+04 1.845300000000000000e+04
2.400000000000000000e+04 1.849600000000000000e+04
2.420000000000000000e+04 1.809700000000000000e+04
2.440000000000000000e+04 1.831500000000000000e+04
2.460000000000000000e+04 1.842500000000000000e+04
2.480000000000000000e+04 1.805100000000000000e+04
2.500000000000000000e+04 1.823300000000000000e+04
2.520000000000000000e+04 1.794600000000000000e+04
2.540000000000000000e+04 1.804700000000000000e+04
2.560000000000000000e+04 1.792500000000000000e+04
2.580000000000000000e+04 1.788100000000000000e+04
2.600000000000000000e+04 1.759700000000000000e+04
2.620000000000000000e+04 1.761000000000000000e+04
2.640000000000000000e+04 1.717600000000000000e+04
2.660000000000000000e+04 1.732800000000000000e+04
2.680000000000000000e+04 1.708700000000000000e+04
2.700000000000000000e+04 1.706500000000000000e+04
2.720000000000000000e+04 1.682800000000000000e+04
2.740000000000000000e+04 1.638200000000000000e+04
2.760000000000000000e+04 1.641500000000000000e+04
2.780000000000000000e+04 1.579700000000000000e+04
2.800000000000000000e+04 1.562500000000000000e+04
2.820000000000000000e+04 1.544700000000000000e+04
2.840000000000000000e+04 1.490400000000000000e+04
2.860000000000000000e+04 1.457300000000000000e+04
2.880000000000000000e+04 1.433400000000000000e+04
2.900000000000000000e+04 1.364800000000000000e+04
2.920000000000000000e+04 1.368200000000000000e+04
2.940000000000000000e+04 1.302300000000000000e+04
2.960000000000000000e+04 1.289300000000000000e+04
2.980000000000000000e+04 1.241700000000000000e+04
3.000000000000000000e+04 1.203700000000000000e+04
3.020000000000000000e+04 1.152000000000000000e+04
3.040000000000000000e+04 1.110800000000000000e+04
3.060000000000000000e+04 1.049600000000000000e+04
3.080000000000000000e+04 1.019800000000000000e+04
3.100000000000000000e+04 9.829000000000000000e+03
3.120000000000000000e+04 9.226000000000000000e+03
3.140000000000000000e+04 8.865000000000000000e+03
3.160000000000000000e+04 8.315000000000000000e+03
3.180000000000000000e+04 8.112000000000000000e+03
3.200000000000000000e+04 7.675000000000000000e+03
3.220000000000000000e+04 7.261000000000000000e+03
3.240000000000000000e+04 7.142000000000000000e+03
3.260000000000000000e+04 6.885000000000000000e+03
3.280000000000000000e+04 6.596000000000000000e+03
3.300000000000000000e+04 6.329000000000000000e+03
3.320000000000000000e+04 6.083000000000000000e+03
3.340000000000000000e+04 5.924000000000000000e+03
3.360000000000000000e+04 5.928000000000000000e+03
3.380000000000000000e+04 5.758000000000000000e+03
3.400000000000000000e+04 5.720000000000000000e+03
3.420000000000000000e+04 5.693000000000000000e+03
3.440000000000000000e+04 5.583000000000000000e+03
3.460000000000000000e+04 5.685000000000000000e+03
3.480000000000000000e+04 5.911000000000000000e+03
3.500000000000000000e+04 5.975000000000000000e+03
3.520000000000000000e+04 6.215000000000000000e+03
3.540000000000000000e+04 6.440000000000000000e+03
3.560000000000000000e+04 6.706000000000000000e+03
3.580000000000000000e+04 7.253000000000000000e+03
3.600000000000000000e+04 7.410000000000000000e+03
3.620000000000000000e+04 7.773000000000000000e+03
3.640000000000000000e+04 8.232000000000000000e+03
3.660000000000000000e+04 8.631000000000000000e+03
3.680000000000000000e+04 9.168000000000000000e+03
3.700000000000000000e+04 9.511000000000000000e+03
3.720000000000000000e+04 1.005500000000000000e+04
3.740000000000000000e+04 1.056600000000000000e+04
3.760000000000000000e+04 1.127000000000000000e+04
3.780000000000000000e+04 1.148300000000000000e+04
3.800000000000000000e+04 1.223300000000000000e+04
3.820000000000000000e+04 1.251800000000000000e+04
3.840000000000000000e+04 1.307100000000000000e+04
3.860000000000000000e+04 1.346500000000000000e+04
3.880000000000000000e+04 1.394500000000000000e+04
3.900000000000000000e+04 1.437100000000000000e+04
3.920000000000000000e+04 1.482100000000000000e+04
3.940000000000000000e+04 1.496200000000000000e+04
3.960000000000000000e+04 1.530300000000000000e+04
3.980000000000000000e+04 1.605200000000000000e+04
