0.000000000000000000e+00 1.431600000000000000e+04
1.400000000000000000e+01 1.517500000000000000e+04
2.800000000000000000e+01 1.548500000000000000e+04
4.200000000000000000e+01 1.575900000000000000e+04
5.600000000000000000e+01 1.604100000000000000e+04
7.000000000000000000e+01 1.649800000000000000e+04
8.400000000000000000e+01 1.649100000000000000e+04
9.800000000000000000e+01 1.712500000000000000e+04
1.120000000000000000e+02 1.747600000000000000e+04
1.260000000000000000e+02 1.756000000000000000e+04
1.400000000000000000e+02 1.814700000000000000e+04
1.540000000000000000e+02 1.814200000000000000e+04
1.680000000000000000e+02 1.858700000000000000e+04
1.820000000000000000e+02 1.847500000000000000e+04
1.960000000000000000e+02 1.900100000000000000e+04
2.100000000000000000e+02 1.885900000000000000e+04
2.240000000000000000e+02 1.898800000000000000e+04
2.380000000000000000e+02 1.949700000000000000e+04
2.520000000000000000e+02 1.900700000000000000e+04
2.660000000000000000e+02 1.940900000000000000e+04
2.800000000000000000e+02 1.959700000000000000e+04
2.940000000000000000e+02 1.996000000000000000e+04
3.080000000000000000e+02 1.960700000000000000e+04
3.220000000000000000e+02 1.975000000000000000e+04
3.360000000000000000e+02 1.980600000000000000e+04
3.500000000000000000e+02 1.974200000000000000e+04
3.640000000000000000e+02 1.977900000000000000e+04
3.780000000000000000e+02 1.969600000000000000e+04
3.920000000000000000e+02 1.979300000000000000e+04
4.060000000000000000e+02 1.985600000000000000e+04
4.200000000000000000e+02 1.960400000000000000e+04
4.340000000000000000e+02 1.953000000000000000e+04
4.480000000000000000e+02 1.912400000000000000e+04
4.620000000000000000e+02 1.961000000000000000e+04
4.760000000000000000e+02 1.930200000000000000e+04
4.900000000000000000e+02 1.922200000000000000e+04
5.040000000000000000e+02 1.900900000000000000e+04
5.180000000000000000e+02 1.877600000000000000e+04
5.320000000000000000e+02 1.866300000000000000e+04
5.460000000000000000e+02 1.872000000000000000e+04
5.600000000000000000e+02 1.844400000000000000e+04
5.740000000000000000e+02 1.829900000000000000e+04
5.880000000000000000e+02 1.790800000000000000e+04
6.020000000000000000e+02 1.786300000000000000e+04
6.160000000000000000e+02 1.768100000000000000e+04
6.300000000000000000e+02 1.743200000000000000e+04
6.440000000000000000e+02 1.709400000000000000e+04
6.580000000000000000e+02 1.670800000000000000e+04
6.720000000000000000e+02 1.644300000000000000e+04
6.860000000000000000e+02 1.612000000000000000e+04
7.000000000000000000e+02 1.591200000000000000e+04
7.140000000000000000e+02 1.559300000000000000e+04
7.280000000000000000e+02 1.513100000000000000e+04
7.420000000000000000e+02 1.488900000000000000e+04
7.560000000000000000e+02 1.489400000000000000e+04
7.700000000000000000e+02 1.426300000000000000e+04
7.840000000000000000e+02 1.398300000000000000e+04
7.980000000000000000e+02 1.372600000000000000e+04
8.120000000000000000e+02 1.336700000000000000e+04
8.260000000000000000e+02 1.296800000000000000e+04
8.400000000000000000e+02 1.261500000000000000e+04
8.540000000000000000e+02 1.218100000000000000e+04
8.680000000000000000e+02 1.203600000000000000e+04
8.820000000000000000e+02 1.162700000000000000e+04
8.960000000000000000e+02 1.152400000000000000e+04
9.100000000000000000e+02 1.104000000000000000e+04
9.240000000000000000e+02 1.084600000000000000e+04
9.380000000000000000e+02 1.059700000000000000e+04
9.520000000000000000e+02 1.029700000000000000e+04
9.660000000000000000e+02 1.039900000000000000e+04
9.800000000000000000e+02 9.991000000000000000e+03
9.940000000000000000e+02 9.749000000000000000e+03
1.008000000000000000e+03 9.418000000000000000e+03
1.022000000000000000e+03 9.289000000000000000e+03
1.036000000000000000e+03 9.150000000000000000e+03
1.050000000000000000e+03 9.039000000000000000e+03
1.064000000000000000e+03 9.040000000000000000e+03
1.078000000000000000e+03 8.894000000000000000e+03
1.092000000000000000e+03 8.883000000000000000e+03
1.106000000000000000e+03 8.594000000000000000e+03
1.120000000000000000e+03 8.870000000000000000e+03
1.134000000000000000e+03 8.592000000000000000e+03
1.148000000000000000e+03 8.645000000000000000e+03
1.162000000000000000e+03 8.949000000000000000e+03
1.176000000000000000e+03 8.884000000000000000e+03
1.190000000000000000e+03 9.076000000000000000e+03
1.204000000000000000e+03 9.149000000000000000e+03
1.218000000000000000e+03 9.469000000000000000e+03
1.232000000000000000e+03 9.618000000000000000e+03
1.246000000000000000e+03 9.818000000000000000e+03
1.260000000000000000e+03 9.962000000000000000e+03
1.274000000000000000e+03 1.030600000000000000e+04
1.288000000000000000e+03 1.065400000000000000e+04
1.302000000000000000e+03 1.110100000000000000e+04
1.316000000000000000e+03 1.154100000000000000e+04
1.330000000000000000e+03 1.178600000000000000e+04
1.344000000000000000e+03 1.217400000000000000e+04
1.358000000000000000e+03 1.274600000000000000e+04
1.372000000000000000e+03 1.331300000000000000e+04
1.386000000000000000e+03 1.354000000000000000e+04
1.400000000000000000e+03 1.407400000000000000e+04
1.414000000000000000e+03 1.434900000000000000e+04
1.428000000000000000e+03 1.483300000000000000e+04
1.442000000000000000e+03 1.505100000000000000e+04
1.456000000000000000e+03 1.544200000000000000e+04
1.470000000000000000e+03 1.615500000000000000e+04
1.484000000000000000e+03 1.632000000000000000e+04
1.498000000000000000e+03 1.664600000000000000e+04
1.512000000000000000e+03 1.704200000000000000e+04
1.526000000000000000e+03 1.714600000000000000e+04
1.540000000000000000e+03 1.737100000000000000e+04
1.554000000000000000e+03 1.781200000000000000e+04
1.568000000000000000e+03 1.823100000000000000e+04
1.582000000000000000e+03 1.812900000000000000e+04
1.596000000000000000e+03 1.857700000000000000e+04
1.610000000000000000e+03 1.846400000000000000e+04
1.624000000000000000e+03 1.908600000000000000e+04
1.638000000000000000e+03 1.895500000000000000e+04
1.652000000000000000e+03 1.902800000000000000e+04
1.666000000000000000e+03 1.916500000000000000e+04
1.680000000000000000e+03 1.939400000000000000e+04
1.694000000000000000e+03 1.954700000000000000e+04
1.708000000000000000e+03 1.984400000000000000e+04
1.722000000000000000e+03 1.958700000000000000e+04
1.736000000000000000e+03 1.989000000000000000e+04
1.750000000000000000e+03 1.979900000000000000e+04
1.764000000000000000e+03 2.018600000000000000e+04
1.778000000000000000e+03 1.992500000000000000e+04
1.792000000000000000e+03 1.987300000000000000e+04
1.806000000000000000e+03 2.012500000000000000e+04
1.820000000000000000e+03 1.989700000000000000e+04
1.834000000000000000e+03 1.983800000000000000e+04
1.848000000000000000e+03 1.984500000000000000e+04
1.862000000000000000e+03 1.969000000000000000e+04
1.876000000000000000e+03 1.954400000000000000e+04
1.890000000000000000e+03 1.948100000000000000e+04
1.904000000000000000e+03 1.953400000000000000e+04
1.918000000000000000e+03 1.937200000000000000e+04
1.932000000000000000e+03 1.944900000000000000e+04
1.946000000000000000e+03 1.889200000000000000e+04
1.960000000000000000e+03 1.895500000000000000e+04
1.974000000000000000e+03 1.857300000000000000e+04
1.988000000000000000e+03 1.849900000000000000e+04
2.002000000000000000e+03 1.845800000000000000e+04
2.016000000000000000e+03 1.786500000000000000e+04
2.030000000000000000e+03 1.800700000000000000e+04
2.044000000000000000e+03 1.758600000000000000e+04
2.058000000000000000e+03 1.759700000000000000e+04
2.072000000000000000e+03 1.730100000000000000e+04
2.086000000000000000e+03 1.682000000000000000e+04
2.100000000000000000e+03 1.656500000000000000e+04
2.114000000000000000e+03 1.615100000000000000e+04
2.128000000000000000e+03 1.606300000000000000e+04
2.142000000000000000e+03 1.538100000000000000e+04
2.156000000000000000e+03 1.529700000000000000e+04
2.170000000000000000e+03 1.483300000000000000e+04
2.184000000000000000e+03 1.459200000000000000e+04
2.198000000000000000e+03 1.419500000000000000e+04
2.212000000000000000e+03 1.392800000000000000e+04
2.226000000000000000e+03 1.347900000000000000e+04
2.240000000000000000e+03 1.329800000000000000e+04
2.254000000000000000e+03 1.280500000000000000e+04
2.268000000000000000e+03 1.274200000000000000e+04
2.282000000000000000e+03 1.193300000000000000e+04
2.296000000000000000e+03 1.189900000000000000e+04
2.310000000000000000e+03 1.175400000000000000e+04
2.324000000000000000e+03 1.146700000000000000e+04
2.338000000000000000e+03 1.100200000000000000e+04
2.352000000000000000e+03 1.092500000000000000e+04
2.366000000000000000e+03 1.060900000000000000e+04
2.380000000000000000e+03 1.030600000000000000e+04
2.394000000000000000e+03 1.006600000000000000e+04
2.408000000000000000e+03 1.005200000000000000e+04
2.422000000000000000e+03 9.668000000000000000e+03
2.436000000000000000e+03 9.422000000000000000e+03
2.450000000000000000e+03 9.182000000000000000e+03
2.464000000000000000e+03 9.109000000000000000e+03
2.478000000000000000e+03 9.082000000000000000e+03
2.492000000000000000e+03 8.930000000000000000e+03
2.506000000000000000e+03 8.676000000000000000e+03
2.520000000000000000e+03 8.833000000000000000e+03
2.534000000000000000e+03 8.741000000000000000e+03
2.548000000000000000e+03 8.654000000000000000e+03
2.562000000000000000e+03 8.673000000000000000e+03
2.576000000000000000e+03 8.776000000000000000e+03
2.590000000000000000e+03 8.845000000000000000e+03
2.604000000000000000e+03 8.806000000000000000e+03
2.618000000000000000e+03 8.791000000000000000e+03
2.632000000000000000e+03 8.968000000000000000e+03
2.646000000000000000e+03 9.114000000000000000e+03
2.660000000000000000e+03 9.538000000000000000e+03
2.674000000000000000e+03 9.789000000000000000e+03
2.688000000000000000e+03 9.915000000000000000e+03
2.702000000000000000e+03 1.010100000000000000e+04
2.716000000000000000e+03 1.056700000000000000e+04
2.730000000000000000e+03 1.096700000000000000e+04
2.744000000000000000e+03 1.142500000000000000e+04
2.758000000000000000e+03 1.139800000000000000e+04
2.772000000000000000e+03 1.190800000000000000e+04
2.786000000000000000e+03 1.228900000000000000e+04
2.800000000000000000e+03 1.292400000000000000e+04
2.814000000000000000e+03 1.321000000000000000e+04
2.828000000000000000e+03 1.349500000000000000e+04
2.842000000000000000e+03 1.398000000000000000e+04
