0.000000000000000000e+00 1.755800000000000000e+04
1.428000000000000000e+03 1.810500000000000000e+04
2.856000000000000000e+03 1.815700000000000000e+04
4.284000000000000000e+03 1.834200000000000000e+04
5.712000000000000000e+03 1.885900000000000000e+04
7.140000000000000000e+03 1.851300000000000000e+04
8.568000000000000000e+03 1.898700000000000000e+04
9.996000000000000000e+03 1.928000000000000000e+04
1.142400000000000000e+04 1.932300000000000000e+04
1.285200000000000000e+04 1.983000000000000000e+04
1.428000000000000000e+04 1.934500000000000000e+04
1.570800000000000000e+04 1.972100000000000000e+04
1.713600000000000000e+04 1.988300000000000000e+04
1.856400000000000000e+04 2.011800000000000000e+04
1.999200000000000000e+04 2.002200000000000000e+04
2.142000000000000000e+04 2.005100000000000000e+04
2.284800000000000000e+04 2.004200000000000000e+04
2.427600000000000000e+04 2.001600000000000000e+04
2.570400000000000000e+04 2.017800000000000000e+04
2.713200000000000000e+04 2.015300000000000000e+04
2.856000000000000000e+04 1.997900000000000000e+04
2.998800000000000000e+04 2.026900000000000000e+04
3.141600000000000000e+04 2.045000000000000000e+04
3.284400000000000000e+04 2.006400000000000000e+04
3.427200000000000000e+04 1.989600000000000000e+04
3.570000000000000000e+04 2.012500000000000000e+04
3.712800000000000000e+04 1.975400000000000000e+04
3.855600000000000000e+04 1.975500000000000000e+04
3.998400000000000000e+04 1.956000000000000000e+04
4.141200000000000000e+04 1.954000000000000000e+04
4.284000000000000000e+04 1.949700000000000000e+04
4.426800000000000000e+04 1.924100000000000000e+04
4.569600000000000000e+04 1.903800000000000000e+04
4.712400000000000000e+04 1.871600000000000000e+04
4.855200000000000000e+04 1.873800000000000000e+04
4.998000000000000000e+04 1.869900000000000000e+04
5.140800000000000000e+04 1.849200000000000000e+04
5.283600000000000000e+04 1.794100000000000000e+04
5.426400000000000000e+04 1.750700000000000000e+04
5.569200000000000000e+04 1.744100000000000000e+04
5.712000000000000000e+04 1.733700000000000000e+04
5.854800000000000000e+04 1.678000000000000000e+04
5.997600000000000000e+04 1.651100000000000000e+04
6.140400000000000000e+04 1.603100000000000000e+04
6.283200000000000000e+04 1.583800000000000000e+04
6.426000000000000000e+04 1.519800000000000000e+04
6.568800000000000000e+04 1.472600000000000000e+04
6.711600000000000000e+04 1.436100000000000000e+04
6.854400000000000000e+04 1.392700000000000000e+04
6.997200000000000000e+04 1.336300000000000000e+04
7.140000000000000000e+04 1.307100000000000000e+04
7.282800000000000000e+04 1.240000000000000000e+04
7.425600000000000000e+04 1.203700000000000000e+04
7.568400000000000000e+04 1.158200000000000000e+04
7.711200000000000000e+04 1.093700000000000000e+04
7.854000000000000000e+04 1.050700000000000000e+04
7.996800000000000000e+04 1.005800000000000000e+04
8.139600000000000000e+04 9.638000000000000000e+03
8.282400000000000000e+04 8.978000000000000000e+03
8.425200000000000000e+04 8.647000000000000000e+03
8.568000000000000000e+04 8.267000000000000000e+03
8.710800000000000000e+04 8.147000000000000000e+03
8.853600000000000000e+04 7.679000000000000000e+03
8.996400000000000000e+04 7.315000000000000000e+03
9.139200000000000000e+04 6.971000000000000000e+03
9.282000000000000000e+04 6.835000000000000000e+03
9.424800000000000000e+04 6.779000000000000000e+03
9.567600000000000000e+04 6.440000000000000000e+03
9.710400000000000000e+04 6.584000000000000000e+03
9.853200000000000000e+04 6.478000000000000000e+03
9.996000000000000000e+04 6.410000000000000000e+03
1.013880000000000000e+05 6.330000000000000000e+03
1.028160000000000000e+05 6.635000000000000000e+03
1.042440000000000000e+05 6.677000000000000000e+03
1.056720000000000000e+05 6.867000000000000000e+03
1.071000000000000000e+05 7.066000000000000000e+03
1.085280000000000000e+05 7.340000000000000000e+03
1.099560000000000000e+05 7.609000000000000000e+03
1.113840000000000000e+05 8.036000000000000000e+03
1.128120000000000000e+05 8.517000000000000000e+03
1.142400000000000000e+05 8.931000000000000000e+03
1.156680000000000000e+05 9.317000000000000000e+03
1.170960000000000000e+05 9.678000000000000000e+03
1.185240000000000000e+05 1.025300000000000000e+04
1.199520000000000000e+05 1.065500000000000000e+04
1.213800000000000000e+05 1.128800000000000000e+04
1.228080000000000000e+05 1.150500000000000000e+04
1.242360000000000000e+05 1.201800000000000000e+04
1.256640000000000000e+05 1.280200000000000000e+04
1.270920000000000000e+05 1.321800000000000000e+04
1.285200000000000000e+05 1.352600000000000000e+04
1.299480000000000000e+05 1.431100000000000000e+04
1.313760000000000000e+05 1.479600000000000000e+04
1.328040000000000000e+05 1.492800000000000000e+04
1.342320000000000000e+05 1.563300000000000000e+04
1.356600000000000000e+05 1.589100000000000000e+04
1.370880000000000000e+05 1.628100000000000000e+04
1.385160000000000000e+05 1.631500000000000000e+04
1.399440000000000000e+05 1.703700000000000000e+04
1.413720000000000000e+05 1.715200000000000000e+04
1.428000000000000000e+05 1.771500000000000000e+04
1.442280000000000000e+05 1.787700000000000000e+04
1.456560000000000000e+05 1.844200000000000000e+04
1.470840000000000000e+05 1.856700000000000000e+04
1.485120000000000000e+05 1.853800000000000000e+04
1.499400000000000000e+05 1.877800000000000000e+04
1.513680000000000000e+05 1.887900000000000000e+04
1.527960000000000000e+05 1.928500000000000000e+04
1.542240000000000000e+05 1.948100000000000000e+04
1.556520000000000000e+05 1.965400000000000000e+04
1.570800000000000000e+05 1.950100000000000000e+04
1.585080000000000000e+05 1.961500000000000000e+04
1.599360000000000000e+05 1.987400000000000000e+04
1.613640000000000000e+05 1.994100000000000000e+04
1.627920000000000000e+05 2.009800000000000000e+04
1.642200000000000000e+05 2.010100000000000000e+04
1.656480000000000000e+05 2.041300000000000000e+04
1.670760000000000000e+05 2.000700000000000000e+04
1.685040000000000000e+05 2.015300000000000000e+04
1.699320000000000000e+05 1.992400000000000000e+04
1.713600000000000000e+05 2.011000000000000000e+04
1.727880000000000000e+05 2.001900000000000000e+04
1.742160000000000000e+05 2.017700000000000000e+04
1.756440000000000000e+05 2.007600000000000000e+04
1.770720000000000000e+05 1.983100000000000000e+04
1.785000000000000000e+05 1.994500000000000000e+04
1.799280000000000000e+05 1.992200000000000000e+04
1.813560000000000000e+05 1.982900000000000000e+04
1.827840000000000000e+05 1.971700000000000000e+04
1.842120000000000000e+05 1.965000000000000000e+04
1.856400000000000000e+05 1.950500000000000000e+04
1.870680000000000000e+05 1.931800000000000000e+04
1.884960000000000000e+05 1.901700000000000000e+04
1.899240000000000000e+05 1.898000000000000000e+04
1.913520000000000000e+05 1.872800000000000000e+04
1.927800000000000000e+05 1.879300000000000000e+04
1.942080000000000000e+05 1.825000000000000000e+04
1.956360000000000000e+05 1.819100000000000000e+04
1.970640000000000000e+05 1.752100000000000000e+04
1.984920000000000000e+05 1.755600000000000000e+04
1.999200000000000000e+05 1.729600000000000000e+04
2.013480000000000000e+05 1.671000000000000000e+04
2.027760000000000000e+05 1.648200000000000000e+04
2.042040000000000000e+05 1.605600000000000000e+04
2.056320000000000000e+05 1.525400000000000000e+04
2.070600000000000000e+05 1.520400000000000000e+04
2.084880000000000000e+05 1.467600000000000000e+04
2.099160000000000000e+05 1.445300000000000000e+04
2.113440000000000000e+05 1.407400000000000000e+04
2.127720000000000000e+05 1.332100000000000000e+04
2.142000000000000000e+05 1.293800000000000000e+04
2.156280000000000000e+05 1.251700000000000000e+04
2.170560000000000000e+05 1.200800000000000000e+04
2.184840000000000000e+05 1.139900000000000000e+04
2.199120000000000000e+05 1.116300000000000000e+04
2.213400000000000000e+05 1.052900000000000000e+04
2.227680000000000000e+05 1.004700000000000000e+04
2.241960000000000000e+05 9.555000000000000000e+03
2.256240000000000000e+05 9.126000000000000000e+03
2.270520000000000000e+05 8.475000000000000000e+03
2.284800000000000000e+05 8.197000000000000000e+03
2.299080000000000000e+05 8.054000000000000000e+03
2.313360000000000000e+05 7.642000000000000000e+03
2.327640000000000000e+05 7.285000000000000000e+03
2.341920000000000000e+05 7.088000000000000000e+03
2.356200000000000000e+05 6.591000000000000000e+03
2.370480000000000000e+05 6.577000000000000000e+03
2.384760000000000000e+05 6.452000000000000000e+03
2.399040000000000000e+05 6.343000000000000000e+03
2.413320000000000000e+05 6.345000000000000000e+03
2.427600000000000000e+05 6.353000000000000000e+03
2.441880000000000000e+05 6.507000000000000000e+03
2.456160000000000000e+05 6.519000000000000000e+03
2.470440000000000000e+05 6.767000000000000000e+03
2.484720000000000000e+05 6.903000000000000000e+03
2.499000000000000000e+05 7.151000000000000000e+03
2.513280000000000000e+05 7.341000000000000000e+03
2.527560000000000000e+05 7.742000000000000000e+03
2.541840000000000000e+05 8.057000000000000000e+03
2.556120000000000000e+05 8.267000000000000000e+03
2.570400000000000000e+05 8.668000000000000000e+03
2.584680000000000000e+05 9.076000000000000000e+03
2.598960000000000000e+05 9.836000000000000000e+03
2.613240000000000000e+05 1.007400000000000000e+04
2.627520000000000000e+05 1.072000000000000000e+04
2.641800000000000000e+05 1.114000000000000000e+04
2.656080000000000000e+05 1.190400000000000000e+04
2.670360000000000000e+05 1.210700000000000000e+04
2.684640000000000000e+05 1.269300000000000000e+04
2.698920000000000000e+05 1.319900000000000000e+04
2.713200000000000000e+05 1.361600000000000000e+04
2.727480000000000000e+05 1.410500000000000000e+04
2.741760000000000000e+05 1.462000000000000000e+04
2.756040000000000000e+05 1.498900000000000000e+04
2.770320000000000000e+05 1.524500000000000000e+04
2.784600000000000000e+05 1.598500000000000000e+04
2.798880000000000000e+05 1.639300000000000000e+04
2.813160000000000000e+05 1.667000000000000000e+04
2.827440000000000000e+05 1.705000000000000000e+04
2.841720000000000000e+05 1.723400000000000000e+04
