0.000000000000000000e+00 1.885400000000000000e+04
1.420000000000000000e+02 1.886100000000000000e+04
2.840000000000000000e+02 1.945500000000000000e+04
4.260000000000000000e+02 1.984900000000000000e+04
5.680000000000000000e+02 2.005300000000000000e+04
7.100000000000000000e+02 2.017500000000000000e+04
8.520000000000000000e+02 2.052800000000000000e+04
9.940000000000000000e+02 2.087400000000000000e+04
1.136000000000000000e+03 2.072700000000000000e+04
1.278000000000000000e+03 2.073400000000000000e+04
1.420000000000000000e+03 2.125400000000000000e+04
1.562000000000000000e+03 2.097800000000000000e+04
1.704000000000000000e+03 2.132500000000000000e+04
1.846000000000000000e+03 2.139300000000000000e+04
1.988000000000000000e+03 2.139300000000000000e+04
2.130000000000000000e+03 2.147000000000000000e+04
2.272000000000000000e+03 2.146300000000000000e+04
2.414000000000000000e+03 2.162200000000000000e+04
2.556000000000000000e+03 2.132600000000000000e+04
2.698000000000000000e+03 2.170400000000000000e+04
2.840000000000000000e+03 2.149500000000000000e+04
2.982000000000000000e+03 2.152900000000000000e+04
3.124000000000000000e+03 2.166300000000000000e+04
3.266000000000000000e+03 2.149700000000000000e+04
3.408000000000000000e+03 2.132700000000000000e+04
3.550000000000000000e+03 2.155500000000000000e+04
3.692000000000000000e+03 2.140400000000000000e+04
3.834000000000000000e+03 2.149200000000000000e+04
3.976000000000000000e+03 2.122000000000000000e+04
4.118000000000000000e+03 2.113300000000000000e+04
4.260000000000000000e+03 2.115500000000000000e+04
4.402000000000000000e+03 2.092200000000000000e+04
4.544000000000000000e+03 2.050100000000000000e+04
4.686000000000000000e+03 2.053200000000000000e+04
4.828000000000000000e+03 2.004600000000000000e+04
4.970000000000000000e+03 2.004300000000000000e+04
5.112000000000000000e+03 1.966500000000000000e+04
5.254000000000000000e+03 1.963400000000000000e+04
5.396000000000000000e+03 1.944200000000000000e+04
5.538000000000000000e+03 1.902100000000000000e+04
5.680000000000000000e+03 1.852300000000000000e+04
5.822000000000000000e+03 1.829800000000000000e+04
5.964000000000000000e+03 1.769100000000000000e+04
6.106000000000000000e+03 1.748000000000000000e+04
6.248000000000000000e+03 1.692700000000000000e+04
6.390000000000000000e+03 1.675300000000000000e+04
6.532000000000000000e+03 1.646800000000000000e+04
6.674000000000000000e+03 1.579300000000000000e+04
6.816000000000000000e+03 1.509400000000000000e+04
6.958000000000000000e+03 1.483900000000000000e+04
7.100000000000000000e+03 1.446600000000000000e+04
7.242000000000000000e+03 1.393800000000000000e+04
7.384000000000000000e+03 1.352000000000000000e+04
7.526000000000000000e+03 1.303100000000000000e+04
7.668000000000000000e+03 1.251400000000000000e+04
7.810000000000000000e+03 1.189600000000000000e+04
7.952000000000000000e+03 1.173500000000000000e+04
8.094000000000000000e+03 1.082300000000000000e+04
8.236000000000000000e+03 1.053900000000000000e+04
8.378000000000000000e+03 1.013900000000000000e+04
8.520000000000000000e+03 9.655000000000000000e+03
8.662000000000000000e+03 9.418000000000000000e+03
8.804000000000000000e+03 8.988000000000000000e+03
8.946000000000000000e+03 8.703000000000000000e+03
9.088000000000000000e+03 8.122000000000000000e+03
9.230000000000000000e+03 8.016000000000000000e+03
9.372000000000000000e+03 7.826000000000000000e+03
9.514000000000000000e+03 7.662000000000000000e+03
9.656000000000000000e+03 7.396000000000000000e+03
9.798000000000000000e+03 7.279000000000000000e+03
9.940000000000000000e+03 7.115000000000000000e+03
1.008200000000000000e+04 7.107000000000000000e+03
1.022400000000000000e+04 7.129000000000000000e+03
1.036600000000000000e+04 7.178000000000000000e+03
1.050800000000000000e+04 7.201000000000000000e+03
1.065000000000000000e+04 7.488000000000000000e+03
1.079200000000000000e+04 7.618000000000000000e+03
1.093400000000000000e+04 7.791000000000000000e+03
1.107600000000000000e+04 8.050000000000000000e+03
1.121800000000000000e+04 8.417000000000000000e+03
1.136000000000000000e+04 8.970000000000000000e+03
1.150200000000000000e+04 9.235000000000000000e+03
1.164400000000000000e+04 9.784000000000000000e+03
1.178600000000000000e+04 1.018300000000000000e+04
1.192800000000000000e+04 1.081800000000000000e+04
1.207000000000000000e+04 1.119700000000000000e+04
1.221200000000000000e+04 1.177700000000000000e+04
1.235400000000000000e+04 1.237200000000000000e+04
1.249600000000000000e+04 1.299700000000000000e+04
1.263800000000000000e+04 1.376500000000000000e+04
1.278000000000000000e+04 1.421900000000000000e+04
1.292200000000000000e+04 1.471400000000000000e+04
1.306400000000000000e+04 1.513300000000000000e+04
1.320600000000000000e+04 1.567100000000000000e+04
1.334800000000000000e+04 1.599900000000000000e+04
1.349000000000000000e+04 1.664800000000000000e+04
1.363200000000000000e+04 1.740200000000000000e+04
1.377400000000000000e+04 1.768300000000000000e+04
1.391600000000000000e+04 1.787600000000000000e+04
1.405800000000000000e+04 1.834500000000000000e+04
1.420000000000000000e+04 1.854800000000000000e+04
1.434200000000000000e+04 1.891300000000000000e+04
1.448400000000000000e+04 1.922200000000000000e+04
1.462600000000000000e+04 1.972900000000000000e+04
1.476800000000000000e+04 1.998300000000000000e+04
1.491000000000000000e+04 2.017400000000000000e+04
1.505200000000000000e+04 2.039000000000000000e+04
1.519400000000000000e+04 2.066300000000000000e+04
1.533600000000000000e+04 2.048500000000000000e+04
1.547800000000000000e+04 2.109200000000000000e+04
1.562000000000000000e+04 2.106900000000000000e+04
1.576200000000000000e+04 2.099900000000000000e+04
1.590400000000000000e+04 2.146400000000000000e+04
1.604600000000000000e+04 2.144200000000000000e+04
1.618800000000000000e+04 2.145400000000000000e+04
1.633000000000000000e+04 2.144300000000000000e+04
1.647200000000000000e+04 2.173300000000000000e+04
1.661400000000000000e+04 2.153100000000000000e+04
1.675600000000000000e+04 2.174700000000000000e+04
1.689800000000000000e+04 2.152700000000000000e+04
1.704000000000000000e+04 2.185100000000000000e+04
1.718200000000000000e+04 2.141200000000000000e+04
1.732400000000000000e+04 2.152200000000000000e+04
1.746600000000000000e+04 2.158300000000000000e+04
1.760800000000000000e+04 2.167300000000000000e+04
1.775000000000000000e+04 2.133100000000000000e+04
1.789200000000000000e+04 2.127100000000000000e+04
1.803400000000000000e+04 2.123500000000000000e+04
1.817600000000000000e+04 2.131000000000000000e+04
1.831800000000000000e+04 2.131200000000000000e+04
1.846000000000000000e+04 2.089700000000000000e+04
1.860200000000000000e+04 2.102300000000000000e+04
1.874400000000000000e+04 2.046600000000000000e+04
1.888600000000000000e+04 2.061800000000000000e+04
1.902800000000000000e+04 2.047600000000000000e+04
1.917000000000000000e+04 2.014400000000000000e+04
1.931200000000000000e+04 2.023000000000000000e+04
1.945400000000000000e+04 1.975200000000000000e+04
1.959600000000000000e+04 1.944500000000000000e+04
1.973800000000000000e+04 1.925800000000000000e+04
1.988000000000000000e+04 1.867400000000000000e+04
2.002200000000000000e+04 1.848300000000000000e+04
2.016400000000000000e+04 1.817600000000000000e+04
2.030600000000000000e+04 1.770500000000000000e+04
2.044800000000000000e+04 1.732300000000000000e+04
2.059000000000000000e+04 1.694500000000000000e+04
2.073200000000000000e+04 1.641200000000000000e+04
2.087400000000000000e+04 1.604400000000000000e+04
2.101600000000000000e+04 1.611000000000000000e+04
2.115800000000000000e+04 1.531700000000000000e+04
2.130000000000000000e+04 1.476600000000000000e+04
2.144200000000000000e+04 1.417500000000000000e+04
2.158400000000000000e+04 1.380200000000000000e+04
2.172600000000000000e+04 1.347300000000000000e+04
2.186800000000000000e+04 1.281800000000000000e+04
2.201000000000000000e+04 1.239600000000000000e+04
2.215200000000000000e+04 1.160400000000000000e+04
2.229400000000000000e+04 1.146400000000000000e+04
2.243600000000000000e+04 1.097900000000000000e+04
2.257800000000000000e+04 1.053000000000000000e+04
2.272000000000000000e+04 1.014900000000000000e+04
2.286200000000000000e+04 9.444000000000000000e+03
2.300400000000000000e+04 9.100000000000000000e+03
2.314600000000000000e+04 8.920000000000000000e+03
2.328800000000000000e+04 8.474000000000000000e+03
2.343000000000000000e+04 8.041000000000000000e+03
2.357200000000000000e+04 7.857000000000000000e+03
2.371400000000000000e+04 7.708000000000000000e+03
2.385600000000000000e+04 7.447000000000000000e+03
2.399800000000000000e+04 7.194000000000000000e+03
2.414000000000000000e+04 7.347000000000000000e+03
2.428200000000000000e+04 7.119000000000000000e+03
2.442400000000000000e+04 7.141000000000000000e+03
2.456600000000000000e+04 7.144000000000000000e+03
2.470800000000000000e+04 7.130000000000000000e+03
2.485000000000000000e+04 7.268000000000000000e+03
2.499200000000000000e+04 7.438000000000000000e+03
2.513400000000000000e+04 7.695000000000000000e+03
2.527600000000000000e+04 7.905000000000000000e+03
2.541800000000000000e+04 8.386000000000000000e+03
2.556000000000000000e+04 8.383000000000000000e+03
2.570200000000000000e+04 9.229000000000000000e+03
2.584400000000000000e+04 9.600000000000000000e+03
2.598600000000000000e+04 1.009400000000000000e+04
2.612800000000000000e+04 1.044200000000000000e+04
2.627000000000000000e+04 1.100000000000000000e+04
2.641200000000000000e+04 1.151000000000000000e+04
2.655400000000000000e+04 1.208100000000000000e+04
2.669600000000000000e+04 1.274300000000000000e+04
2.683800000000000000e+04 1.330700000000000000e+04
2.698000000000000000e+04 1.379000000000000000e+04
2.712200000000000000e+04 1.432800000000000000e+04
2.726400000000000000e+04 1.497100000000000000e+04
2.740600000000000000e+04 1.537100000000000000e+04
2.754800000000000000e+04 1.593100000000000000e+04
2.769000000000000000e+04 1.630300000000000000e+04
2.783200000000000000e+04 1.695000000000000000e+04
2.797400000000000000e+04 1.708500000000000000e+04
2.811600000000000000e+04 1.795600000000000000e+04
2.825800000000000000e+04 1.832700000000000000e+04
2.840000000000000000e+04 1.826900000000000000e+04
