0.000000000000000000e+00 1.260300000000000000e+04
2.000000000000000000e+01 1.313300000000000000e+04
4.000000000000000000e+01 1.349500000000000000e+04
6.000000000000000000e+01 1.396600000000000000e+04
8.000000000000000000e+01 1.416200000000000000e+04
1.000000000000000000e+02 1.450500000000000000e+04
1.200000000000000000e+02 1.496400000000000000e+04
1.400000000000000000e+02 1.507400000000000000e+04
1.600000000000000000e+02 1.539100000000000000e+04
1.800000000000000000e+02 1.570100000000000000e+04
2.000000000000000000e+02 1.589300000000000000e+04
2.200000000000000000e+02 1.634900000000000000e+04
2.400000000000000000e+02 1.657900000000000000e+04
2.600000000000000000e+02 1.643100000000000000e+04
2.800000000000000000e+02 1.669900000000000000e+04
3.000000000000000000e+02 1.693900000000000000e+04
3.200000000000000000e+02 1.703500000000000000e+04
3.400000000000000000e+02 1.723600000000000000e+04
3.600000000000000000e+02 1.747600000000000000e+04
3.800000000000000000e+02 1.753600000000000000e+04
4.000000000000000000e+02 1.739100000000000000e+04
4.200000000000000000e+02 1.747000000000000000e+04
4.400000000000000000e+02 1.743500000000000000e+04
4.600000000000000000e+02 1.791000000000000000e+04
4.800000000000000000e+02 1.771900000000000000e+04
5.000000000000000000e+02 1.787100000000000000e+04
5.200000000000000000e+02 1.781800000000000000e+04
5.400000000000000000e+02 1.765000000000000000e+04
5.600000000000000000e+02 1.783900000000000000e+04
5.800000000000000000e+02 1.783300000000000000e+04
6.000000000000000000e+02 1.786200000000000000e+04
6.200000000000000000e+02 1.775700000000000000e+04
6.400000000000000000e+02 1.769100000000000000e+04
6.600000000000000000e+02 1.762300000000000000e+04
6.800000000000000000e+02 1.746700000000000000e+04
7.000000000000000000e+02 1.728000000000000000e+04
7.200000000000000000e+02 1.726600000000000000e+04
7.400000000000000000e+02 1.720600000000000000e+04
7.600000000000000000e+02 1.695800000000000000e+04
7.800000000000000000e+02 1.706800000000000000e+04
8.000000000000000000e+02 1.646000000000000000e+04
8.200000000000000000e+02 1.675400000000000000e+04
8.400000000000000000e+02 1.652800000000000000e+04
8.600000000000000000e+02 1.638800000000000000e+04
8.800000000000000000e+02 1.586500000000000000e+04
9.000000000000000000e+02 1.566200000000000000e+04
9.200000000000000000e+02 1.527300000000000000e+04
9.400000000000000000e+02 1.519400000000000000e+04
9.600000000000000000e+02 1.473600000000000000e+04
9.800000000000000000e+02 1.444900000000000000e+04
1.000000000000000000e+03 1.407800000000000000e+04
1.020000000000000000e+03 1.386900000000000000e+04
1.040000000000000000e+03 1.344800000000000000e+04
1.060000000000000000e+03 1.304400000000000000e+04
1.080000000000000000e+03 1.288400000000000000e+04
1.100000000000000000e+03 1.242600000000000000e+04
1.120000000000000000e+03 1.203400000000000000e+04
1.140000000000000000e+03 1.162900000000000000e+04
1.160000000000000000e+03 1.139800000000000000e+04
1.180000000000000000e+03 1.121900000000000000e+04
1.200000000000000000e+03 1.061800000000000000e+04
1.220000000000000000e+03 1.048200000000000000e+04
1.240000000000000000e+03 1.008200000000000000e+04
1.260000000000000000e+03 9.629000000000000000e+03
1.280000000000000000e+03 9.560000000000000000e+03
1.300000000000000000e+03 9.159000000000000000e+03
1.320000000000000000e+03 8.989000000000000000e+03
1.340000000000000000e+03 8.524000000000000000e+03
1.360000000000000000e+03 8.462000000000000000e+03
1.380000000000000000e+03 8.443000000000000000e+03
1.400000000000000000e+03 7.900000000000000000e+03
1.420000000000000000e+03 7.857000000000000000e+03
1.440000000000000000e+03 7.704000000000000000e+03
1.460000000000000000e+03 7.496000000000000000e+03
1.480000000000000000e+03 7.366000000000000000e+03
1.500000000000000000e+03 7.385000000000000000e+03
1.520000000000000000e+03 7.124000000000000000e+03
1.540000000000000000e+03 7.311000000000000000e+03
1.560000000000000000e+03 7.116000000000000000e+03
1.580000000000000000e+03 7.068000000000000000e+03
1.600000000000000000e+03 7.176000000000000000e+03
1.620000000000000000e+03 7.173000000000000000e+03
1.640000000000000000e+03 7.366000000000000000e+03
1.660000000000000000e+03 7.440000000000000000e+03
1.680000000000000000e+03 7.721000000000000000e+03
1.700000000000000000e+03 7.773000000000000000e+03
1.720000000000000000e+03 8.181000000000000000e+03
1.740000000000000000e+03 8.260000000000000000e+03
1.760000000000000000e+03 8.633000000000000000e+03
1.780000000000000000e+03 8.769000000000000000e+03
1.800000000000000000e+03 8.937000000000000000e+03
1.820000000000000000e+03 9.444000000000000000e+03
1.840000000000000000e+03 9.757000000000000000e+03
1.860000000000000000e+03 1.038600000000000000e+04
1.880000000000000000e+03 1.065100000000000000e+04
1.900000000000000000e+03 1.090500000000000000e+04
1.920000000000000000e+03 1.146100000000000000e+04
1.940000000000000000e+03 1.178700000000000000e+04
1.960000000000000000e+03 1.212400000000000000e+04
1.980000000000000000e+03 1.267300000000000000e+04
2.000000000000000000e+03 1.278100000000000000e+04
2.020000000000000000e+03 1.354800000000000000e+04
2.040000000000000000e+03 1.359100000000000000e+04
2.060000000000000000e+03 1.414800000000000000e+04
2.080000000000000000e+03 1.461700000000000000e+04
2.100000000000000000e+03 1.449500000000000000e+04
2.120000000000000000e+03 1.497800000000000000e+04
2.140000000000000000e+03 1.508100000000000000e+04
2.160000000000000000e+03 1.537900000000000000e+04
2.180000000000000000e+03 1.556100000000000000e+04
2.200000000000000000e+03 1.605500000000000000e+04
2.220000000000000000e+03 1.607000000000000000e+04
2.240000000000000000e+03 1.634300000000000000e+04
2.260000000000000000e+03 1.658200000000000000e+04
2.280000000000000000e+03 1.684300000000000000e+04
2.300000000000000000e+03 1.698800000000000000e+04
2.320000000000000000e+03 1.705300000000000000e+04
2.340000000000000000e+03 1.679500000000000000e+04
2.360000000000000000e+03 1.724500000000000000e+04
2.380000000000000000e+03 1.737700000000000000e+04
2.400000000000000000e+03 1.747400000000000000e+04
2.420000000000000000e+03 1.753200000000000000e+04
2.440000000000000000e+03 1.751900000000000000e+04
2.460000000000000000e+03 1.778100000000000000e+04
2.480000000000000000e+03 1.785300000000000000e+04
2.500000000000000000e+03 1.787700000000000000e+04
2.520000000000000000e+03 1.813400000000000000e+04
2.540000000000000000e+03 1.767200000000000000e+04
2.560000000000000000e+03 1.778100000000000000e+04
2.580000000000000000e+03 1.768200000000000000e+04
2.600000000000000000e+03 1.764900000000000000e+04
2.620000000000000000e+03 1.748400000000000000e+04
2.640000000000000000e+03 1.770900000000000000e+04
2.660000000000000000e+03 1.757200000000000000e+04
2.680000000000000000e+03 1.729600000000000000e+04
2.700000000000000000e+03 1.730000000000000000e+04
2.720000000000000000e+03 1.729000000000000000e+04
2.740000000000000000e+03 1.722700000000000000e+04
2.760000000000000000e+03 1.702600000000000000e+04
2.780000000000000000e+03 1.681400000000000000e+04
2.800000000000000000e+03 1.668200000000000000e+04
2.820000000000000000e+03 1.650000000000000000e+04
2.840000000000000000e+03 1.619100000000000000e+04
2.860000000000000000e+03 1.626500000000000000e+04
2.880000000000000000e+03 1.599100000000000000e+04
2.900000000000000000e+03 1.573300000000000000e+04
2.920000000000000000e+03 1.534300000000000000e+04
2.940000000000000000e+03 1.494600000000000000e+04
2.960000000000000000e+03 1.451000000000000000e+04
2.980000000000000000e+03 1.453000000000000000e+04
3.000000000000000000e+03 1.412300000000000000e+04
3.020000000000000000e+03 1.361400000000000000e+04
3.040000000000000000e+03 1.325500000000000000e+04
3.060000000000000000e+03 1.307100000000000000e+04
3.080000000000000000e+03 1.265100000000000000e+04
3.100000000000000000e+03 1.236100000000000000e+04
3.120000000000000000e+03 1.204400000000000000e+04
3.140000000000000000e+03 1.178000000000000000e+04
3.160000000000000000e+03 1.124300000000000000e+04
3.180000000000000000e+03 1.101800000000000000e+04
3.200000000000000000e+03 1.050200000000000000e+04
3.220000000000000000e+03 1.003900000000000000e+04
3.240000000000000000e+03 1.004200000000000000e+04
3.260000000000000000e+03 9.760000000000000000e+03
3.280000000000000000e+03 9.445000000000000000e+03
3.300000000000000000e+03 9.132000000000000000e+03
3.320000000000000000e+03 8.945000000000000000e+03
3.340000000000000000e+03 8.516000000000000000e+03
3.360000000000000000e+03 8.517000000000000000e+03
3.380000000000000000e+03 8.110000000000000000e+03
3.400000000000000000e+03 7.926000000000000000e+03
3.420000000000000000e+03 7.774000000000000000e+03
3.440000000000000000e+03 7.741000000000000000e+03
3.460000000000000000e+03 7.561000000000000000e+03
3.480000000000000000e+03 7.466000000000000000e+03
3.500000000000000000e+03 7.495000000000000000e+03
3.520000000000000000e+03 7.103000000000000000e+03
3.540000000000000000e+03 7.281000000000000000e+03
3.560000000000000000e+03 7.298000000000000000e+03
3.580000000000000000e+03 7.172000000000000000e+03
3.600000000000000000e+03 7.328000000000000000e+03
3.620000000000000000e+03 7.230000000000000000e+03
3.640000000000000000e+03 7.232000000000000000e+03
3.660000000000000000e+03 7.561000000000000000e+03
3.680000000000000000e+03 7.566000000000000000e+03
3.700000000000000000e+03 7.918000000000000000e+03
3.720000000000000000e+03 7.939000000000000000e+03
3.740000000000000000e+03 8.375000000000000000e+03
3.760000000000000000e+03 8.549000000000000000e+03
3.780000000000000000e+03 8.911000000000000000e+03
3.800000000000000000e+03 9.221000000000000000e+03
3.820000000000000000e+03 9.519000000000000000e+03
3.840000000000000000e+03 9.743000000000000000e+03
3.860000000000000000e+03 1.014300000000000000e+04
3.880000000000000000e+03 1.061600000000000000e+04
3.900000000000000000e+03 1.105600000000000000e+04
3.920000000000000000e+03 1.131800000000000000e+04
3.940000000000000000e+03 1.157600000000000000e+04
3.960000000000000000e+03 1.204100000000000000e+04
3.980000000000000000e+03 1.249900000000000000e+04
