0.000000000000000000e+00 4.728600000000000000e+04
1.000000000000000000e+04 4.907400000000000000e+04
2.000000000000000000e+04 4.983900000000000000e+04
3.000000000000000000e+04 5.026000000000000000e+04
4.000000000000000000e+04 5.041500000000000000e+04
5.000000000000000000e+04 5.164600000000000000e+04
6.000000000000000000e+04 5.175900000000000000e+04
7.000000000000000000e+04 5.271700000000000000e+04
8.000000000000000000e+04 5.311700000000000000e+04
9.000000000000000000e+04 5.320000000000000000e+04
1.000000000000000000e+05 5.369400000000000000e+04
1.100000000000000000e+05 5.442400000000000000e+04
1.200000000000000000e+05 5.478900000000000000e+04
1.300000000000000000e+05 5.450800000000000000e+04
1.400000000000000000e+05 5.462600000000000000e+04
1.500000000000000000e+05 5.451700000000000000e+04
1.600000000000000000e+05 5.490400000000000000e+04
1.700000000000000000e+05 5.484700000000000000e+04
1.800000000000000000e+05 5.497500000000000000e+04
1.900000000000000000e+05 5.525000000000000000e+04
2.000000000000000000e+05 5.478800000000000000e+04
2.100000000000000000e+05 5.512200000000000000e+04
2.200000000000000000e+05 5.473400000000000000e+04
2.300000000000000000e+05 5.471700000000000000e+04
2.400000000000000000e+05 5.470700000000000000e+04
2.500000000000000000e+05 5.445200000000000000e+04
2.600000000000000000e+05 5.419800000000000000e+04
2.700000000000000000e+05 5.370700000000000000e+04
2.800000000000000000e+05 5.399400000000000000e+04
2.900000000000000000e+05 5.358500000000000000e+04
3.000000000000000000e+05 5.263800000000000000e+04
3.100000000000000000e+05 5.264100000000000000e+04
3.200000000000000000e+05 5.207200000000000000e+04
3.300000000000000000e+05 5.148800000000000000e+04
3.400000000000000000e+05 5.103000000000000000e+04
3.500000000000000000e+05 5.048000000000000000e+04
3.600000000000000000e+05 4.941500000000000000e+04
3.700000000000000000e+05 4.877200000000000000e+04
3.800000000000000000e+05 4.835900000000000000e+04
3.900000000000000000e+05 4.766000000000000000e+04
4.000000000000000000e+05 4.677000000000000000e+04
4.100000000000000000e+05 4.538600000000000000e+04
4.200000000000000000e+05 4.433100000000000000e+04
4.300000000000000000e+05 4.361500000000000000e+04
4.400000000000000000e+05 4.208800000000000000e+04
4.500000000000000000e+05 4.134400000000000000e+04
4.600000000000000000e+05 4.033200000000000000e+04
4.700000000000000000e+05 3.875900000000000000e+04
4.800000000000000000e+05 3.718200000000000000e+04
4.900000000000000000e+05 3.612000000000000000e+04
5.000000000000000000e+05 3.443400000000000000e+04
5.100000000000000000e+05 3.335500000000000000e+04
5.200000000000000000e+05 3.208200000000000000e+04
5.300000000000000000e+05 3.069600000000000000e+04
5.400000000000000000e+05 2.943200000000000000e+04
5.500000000000000000e+05 2.784500000000000000e+04
5.600000000000000000e+05 2.672300000000000000e+04
5.700000000000000000e+05 2.528600000000000000e+04
5.800000000000000000e+05 2.419500000000000000e+04
5.900000000000000000e+05 2.292000000000000000e+04
6.000000000000000000e+05 2.175800000000000000e+04
6.100000000000000000e+05 2.063300000000000000e+04
6.200000000000000000e+05 1.985400000000000000e+04
6.300000000000000000e+05 1.915300000000000000e+04
6.400000000000000000e+05 1.822400000000000000e+04
6.500000000000000000e+05 1.795800000000000000e+04
6.600000000000000000e+05 1.718600000000000000e+04
6.700000000000000000e+05 1.686400000000000000e+04
6.800000000000000000e+05 1.666800000000000000e+04
6.900000000000000000e+05 1.642800000000000000e+04
7.000000000000000000e+05 1.653200000000000000e+04
7.100000000000000000e+05 1.665700000000000000e+04
7.200000000000000000e+05 1.710200000000000000e+04
7.300000000000000000e+05 1.776100000000000000e+04
7.400000000000000000e+05 1.794700000000000000e+04
7.500000000000000000e+05 1.844700000000000000e+04
7.600000000000000000e+05 1.950300000000000000e+04
7.700000000000000000e+05 2.023200000000000000e+04
7.800000000000000000e+05 2.169700000000000000e+04
7.900000000000000000e+05 2.214000000000000000e+04
8.000000000000000000e+05 2.370200000000000000e+04
8.100000000000000000e+05 2.467400000000000000e+04
8.200000000000000000e+05 2.570200000000000000e+04
8.300000000000000000e+05 2.698600000000000000e+04
8.400000000000000000e+05 2.871500000000000000e+04
8.500000000000000000e+05 2.999500000000000000e+04
8.600000000000000000e+05 3.130700000000000000e+04
8.700000000000000000e+05 3.280600000000000000e+04
8.800000000000000000e+05 3.429100000000000000e+04
8.900000000000000000e+05 3.564500000000000000e+04
9.000000000000000000e+05 3.698000000000000000e+04
9.100000000000000000e+05 3.883300000000000000e+04
9.200000000000000000e+05 3.952600000000000000e+04
9.300000000000000000e+05 4.084600000000000000e+04
9.400000000000000000e+05 4.213200000000000000e+04
9.500000000000000000e+05 4.330800000000000000e+04
9.600000000000000000e+05 4.442300000000000000e+04
9.700000000000000000e+05 4.564600000000000000e+04
9.800000000000000000e+05 4.659000000000000000e+04
9.900000000000000000e+05 4.737700000000000000e+04
1.000000000000000000e+06 4.779900000000000000e+04
1.010000000000000000e+06 4.858200000000000000e+04
1.020000000000000000e+06 4.932500000000000000e+04
1.030000000000000000e+06 4.997300000000000000e+04
1.040000000000000000e+06 5.076700000000000000e+04
1.050000000000000000e+06 5.119200000000000000e+04
1.060000000000000000e+06 5.192700000000000000e+04
1.070000000000000000e+06 5.238600000000000000e+04
1.080000000000000000e+06 5.240900000000000000e+04
1.090000000000000000e+06 5.322800000000000000e+04
1.100000000000000000e+06 5.327400000000000000e+04
1.110000000000000000e+06 5.370600000000000000e+04
1.120000000000000000e+06 5.362400000000000000e+04
1.130000000000000000e+06 5.403700000000000000e+04
1.140000000000000000e+06 5.414900000000000000e+04
1.150000000000000000e+06 5.485700000000000000e+04
1.160000000000000000e+06 5.505500000000000000e+04
1.170000000000000000e+06 5.466200000000000000e+04
1.180000000000000000e+06 5.471000000000000000e+04
1.190000000000000000e+06 5.476100000000000000e+04
1.200000000000000000e+06 5.485800000000000000e+04
1.210000000000000000e+06 5.517800000000000000e+04
1.220000000000000000e+06 5.464400000000000000e+04
1.230000000000000000e+06 5.454300000000000000e+04
1.240000000000000000e+06 5.444400000000000000e+04
1.250000000000000000e+06 5.428900000000000000e+04
1.260000000000000000e+06 5.423800000000000000e+04
1.270000000000000000e+06 5.382800000000000000e+04
1.280000000000000000e+06 5.401900000000000000e+04
1.290000000000000000e+06 5.304400000000000000e+04
1.300000000000000000e+06 5.284900000000000000e+04
1.310000000000000000e+06 5.264000000000000000e+04
1.320000000000000000e+06 5.209500000000000000e+04
1.330000000000000000e+06 5.117900000000000000e+04
1.340000000000000000e+06 5.097400000000000000e+04
1.350000000000000000e+06 5.015900000000000000e+04
1.360000000000000000e+06 4.986600000000000000e+04
1.370000000000000000e+06 4.875500000000000000e+04
1.380000000000000000e+06 4.801100000000000000e+04
1.390000000000000000e+06 4.733800000000000000e+04
1.400000000000000000e+06 4.615000000000000000e+04
1.410000000000000000e+06 4.550100000000000000e+04
1.420000000000000000e+06 4.430100000000000000e+04
1.430000000000000000e+06 4.358400000000000000e+04
1.440000000000000000e+06 4.273400000000000000e+04
1.450000000000000000e+06 4.130800000000000000e+04
1.460000000000000000e+06 3.976600000000000000e+04
1.470000000000000000e+06 3.829700000000000000e+04
1.480000000000000000e+06 3.712000000000000000e+04
1.490000000000000000e+06 3.602600000000000000e+04
1.500000000000000000e+06 3.505800000000000000e+04
1.510000000000000000e+06 3.352700000000000000e+04
1.520000000000000000e+06 3.202700000000000000e+04
1.530000000000000000e+06 3.010500000000000000e+04
1.540000000000000000e+06 2.950600000000000000e+04
1.550000000000000000e+06 2.775900000000000000e+04
1.560000000000000000e+06 2.627500000000000000e+04
1.570000000000000000e+06 2.563900000000000000e+04
1.580000000000000000e+06 2.394800000000000000e+04
1.590000000000000000e+06 2.274400000000000000e+04
1.600000000000000000e+06 2.189000000000000000e+04
1.610000000000000000e+06 2.051800000000000000e+04
1.620000000000000000e+06 1.989600000000000000e+04
1.630000000000000000e+06 1.928300000000000000e+04
1.640000000000000000e+06 1.827100000000000000e+04
1.650000000000000000e+06 1.762400000000000000e+04
1.660000000000000000e+06 1.734300000000000000e+04
1.670000000000000000e+06 1.693800000000000000e+04
1.680000000000000000e+06 1.693000000000000000e+04
1.690000000000000000e+06 1.640300000000000000e+04
1.700000000000000000e+06 1.657800000000000000e+04
1.710000000000000000e+06 1.665100000000000000e+04
1.720000000000000000e+06 1.683900000000000000e+04
1.730000000000000000e+06 1.739400000000000000e+04
1.740000000000000000e+06 1.802300000000000000e+04
1.750000000000000000e+06 1.851600000000000000e+04
1.760000000000000000e+06 1.933800000000000000e+04
1.770000000000000000e+06 2.015700000000000000e+04
1.780000000000000000e+06 2.114700000000000000e+04
1.790000000000000000e+06 2.224200000000000000e+04
1.800000000000000000e+06 2.325000000000000000e+04
1.810000000000000000e+06 2.499200000000000000e+04
1.820000000000000000e+06 2.561000000000000000e+04
1.830000000000000000e+06 2.766000000000000000e+04
1.840000000000000000e+06 2.845700000000000000e+04
1.850000000000000000e+06 2.976700000000000000e+04
1.860000000000000000e+06 3.120100000000000000e+04
1.870000000000000000e+06 3.282700000000000000e+04
1.880000000000000000e+06 3.401600000000000000e+04
1.890000000000000000e+06 3.557400000000000000e+04
1.900000000000000000e+06 3.677500000000000000e+04
1.910000000000000000e+06 3.797000000000000000e+04
1.920000000000000000e+06 3.961100000000000000e+04
1.930000000000000000e+06 4.077300000000000000e+04
1.940000000000000000e+06 4.159300000000000000e+04
1.950000000000000000e+06 4.294100000000000000e+04
1.960000000000000000e+06 4.389900000000000000e+04
1.970000000000000000e+06 4.448800000000000000e+04
1.980000000000000000e+06 4.588900000000000000e+04
1.990000000000000000e+06 4.679000000000000000e+04
