0.000000000000000000e+00 2.466000000000000000e+03
1.000000000000000000e+03 2.596000000000000000e+03
2.000000000000000000e+03 2.602000000000000000e+03
3.000000000000000000e+03 2.524000000000000000e+03
4.000000000000000000e+03 2.605000000000000000e+03
5.000000000000000000e+03 2.645000000000000000e+03
6.000000000000000000e+03 2.760000000000000000e+03
7.000000000000000000e+03 2.734000000000000000e+03
8.000000000000000000e+03 2.658000000000000000e+03
9.000000000000000000e+03 2.638000000000000000e+03
1.000000000000000000e+04 2.781000000000000000e+03
1.100000000000000000e+04 2.809000000000000000e+03
1.200000000000000000e+04 2.673000000000000000e+03
1.300000000000000000e+04 2.756000000000000000e+03
1.400000000000000000e+04 2.774000000000000000e+03
1.500000000000000000e+04 2.774000000000000000e+03
1.600000000000000000e+04 2.747000000000000000e+03
1.700000000000000000e+04 2.799000000000000000e+03
1.800000000000000000e+04 2.778000000000000000e+03
1.900000000000000000e+04 2.761000000000000000e+03
2.000000000000000000e+04 2.817000000000000000e+03
2.100000000000000000e+04 2.861000000000000000e+03
2.200000000000000000e+04 2.835000000000000000e+03
2.300000000000000000e+04 2.772000000000000000e+03
2.400000000000000000e+04 2.761000000000000000e+03
2.500000000000000000e+04 2.791000000000000000e+03
2.600000000000000000e+04 2.725000000000000000e+03
2.700000000000000000e+04 2.816000000000000000e+03
2.800000000000000000e+04 2.851000000000000000e+03
2.900000000000000000e+04 2.788000000000000000e+03
3.000000000000000000e+04 2.743000000000000000e+03
3.100000000000000000e+04 2.717000000000000000e+03
3.200000000000000000e+04 2.794000000000000000e+03
3.300000000000000000e+04 2.687000000000000000e+03
3.400000000000000000e+04 2.672000000000000000e+03
3.500000000000000000e+04 2.560000000000000000e+03
3.600000000000000000e+04 2.756000000000000000e+03
3.700000000000000000e+04 2.502000000000000000e+03
3.800000000000000000e+04 2.537000000000000000e+03
3.900000000000000000e+04 2.533000000000000000e+03
4.000000000000000000e+04 2.480000000000000000e+03
4.100000000000000000e+04 2.365000000000000000e+03
4.200000000000000000e+04 2.327000000000000000e+03
4.300000000000000000e+04 2.248000000000000000e+03
4.400000000000000000e+04 2.320000000000000000e+03
4.500000000000000000e+04 2.108000000000000000e+03
4.600000000000000000e+04 2.135000000000000000e+03
4.700000000000000000e+04 2.091000000000000000e+03
4.800000000000000000e+04 1.973000000000000000e+03
4.900000000000000000e+04 1.937000000000000000e+03
5.000000000000000000e+04 1.929000000000000000e+03
5.100000000000000000e+04 1.875000000000000000e+03
5.200000000000000000e+04 1.839000000000000000e+03
5.300000000000000000e+04 1.653000000000000000e+03
5.400000000000000000e+04 1.606000000000000000e+03
5.500000000000000000e+04 1.531000000000000000e+03
5.600000000000000000e+04 1.545000000000000000e+03
5.700000000000000000e+04 1.542000000000000000e+03
5.800000000000000000e+04 1.292000000000000000e+03
5.900000000000000000e+04 1.434000000000000000e+03
6.000000000000000000e+04 1.298000000000000000e+03
6.100000000000000000e+04 1.268000000000000000e+03
6.200000000000000000e+04 1.218000000000000000e+03
6.300000000000000000e+04 1.250000000000000000e+03
6.400000000000000000e+04 1.155000000000000000e+03
6.500000000000000000e+04 1.139000000000000000e+03
6.600000000000000000e+04 1.098000000000000000e+03
6.700000000000000000e+04 1.080000000000000000e+03
6.800000000000000000e+04 1.055000000000000000e+03
6.900000000000000000e+04 1.025000000000000000e+03
7.000000000000000000e+04 1.055000000000000000e+03
7.100000000000000000e+04 1.108000000000000000e+03
7.200000000000000000e+04 1.057000000000000000e+03
7.300000000000000000e+04 1.139000000000000000e+03
7.400000000000000000e+04 1.181000000000000000e+03
7.500000000000000000e+04 1.115000000000000000e+03
7.600000000000000000e+04 1.155000000000000000e+03
7.700000000000000000e+04 1.236000000000000000e+03
7.800000000000000000e+04 1.229000000000000000e+03
7.900000000000000000e+04 1.291000000000000000e+03
8.000000000000000000e+04 1.397000000000000000e+03
8.100000000000000000e+04 1.525000000000000000e+03
8.200000000000000000e+04 1.546000000000000000e+03
8.300000000000000000e+04 1.519000000000000000e+03
8.400000000000000000e+04 1.651000000000000000e+03
8.500000000000000000e+04 1.638000000000000000e+03
8.600000000000000000e+04 1.713000000000000000e+03
8.700000000000000000e+04 1.766000000000000000e+03
8.800000000000000000e+04 1.818000000000000000e+03
8.900000000000000000e+04 1.913000000000000000e+03
9.000000000000000000e+04 2.050000000000000000e+03
9.100000000000000000e+04 2.084000000000000000e+03
9.200000000000000000e+04 2.124000000000000000e+03
9.300000000000000000e+04 2.133000000000000000e+03
9.400000000000000000e+04 2.191000000000000000e+03
9.500000000000000000e+04 2.256000000000000000e+03
9.600000000000000000e+04 2.323000000000000000e+03
9.700000000000000000e+04 2.363000000000000000e+03
9.800000000000000000e+04 2.424000000000000000e+03
9.900000000000000000e+04 2.412000000000000000e+03
1.000000000000000000e+05 2.470000000000000000e+03
1.010000000000000000e+05 2.567000000000000000e+03
1.020000000000000000e+05 2.632000000000000000e+03
1.030000000000000000e+05 2.535000000000000000e+03
1.040000000000000000e+05 2.658000000000000000e+03
1.050000000000000000e+05 2.667000000000000000e+03
1.060000000000000000e+05 2.690000000000000000e+03
1.070000000000000000e+05 2.628000000000000000e+03
1.080000000000000000e+05 2.747000000000000000e+03
1.090000000000000000e+05 2.754000000000000000e+03
1.100000000000000000e+05 2.754000000000000000e+03
1.110000000000000000e+05 2.721000000000000000e+03
1.120000000000000000e+05 2.863000000000000000e+03
1.130000000000000000e+05 2.832000000000000000e+03
1.140000000000000000e+05 2.732000000000000000e+03
1.150000000000000000e+05 2.750000000000000000e+03
1.160000000000000000e+05 2.798000000000000000e+03
1.170000000000000000e+05 2.822000000000000000e+03
1.180000000000000000e+05 2.815000000000000000e+03
1.190000000000000000e+05 2.851000000000000000e+03
1.200000000000000000e+05 2.800000000000000000e+03
1.210000000000000000e+05 2.889000000000000000e+03
1.220000000000000000e+05 2.794000000000000000e+03
1.230000000000000000e+05 2.764000000000000000e+03
1.240000000000000000e+05 2.819000000000000000e+03
1.250000000000000000e+05 2.822000000000000000e+03
1.260000000000000000e+05 2.806000000000000000e+03
1.270000000000000000e+05 2.824000000000000000e+03
1.280000000000000000e+05 2.702000000000000000e+03
1.290000000000000000e+05 2.812000000000000000e+03
1.300000000000000000e+05 2.675000000000000000e+03
1.310000000000000000e+05 2.654000000000000000e+03
1.320000000000000000e+05 2.625000000000000000e+03
1.330000000000000000e+05 2.535000000000000000e+03
1.340000000000000000e+05 2.624000000000000000e+03
1.350000000000000000e+05 2.680000000000000000e+03
1.360000000000000000e+05 2.602000000000000000e+03
1.370000000000000000e+05 2.564000000000000000e+03
1.380000000000000000e+05 2.543000000000000000e+03
1.390000000000000000e+05 2.426000000000000000e+03
1.400000000000000000e+05 2.450000000000000000e+03
1.410000000000000000e+05 2.483000000000000000e+03
1.420000000000000000e+05 2.477000000000000000e+03
1.430000000000000000e+05 2.315000000000000000e+03
1.440000000000000000e+05 2.270000000000000000e+03
1.450000000000000000e+05 2.236000000000000000e+03
1.460000000000000000e+05 2.197000000000000000e+03
1.470000000000000000e+05 2.053000000000000000e+03
1.480000000000000000e+05 2.012000000000000000e+03
1.490000000000000000e+05 1.900000000000000000e+03
1.500000000000000000e+05 1.883000000000000000e+03
1.510000000000000000e+05 1.853000000000000000e+03
1.520000000000000000e+05 1.760000000000000000e+03
1.530000000000000000e+05 1.695000000000000000e+03
1.540000000000000000e+05 1.696000000000000000e+03
1.550000000000000000e+05 1.613000000000000000e+03
1.560000000000000000e+05 1.501000000000000000e+03
1.570000000000000000e+05 1.572000000000000000e+03
1.580000000000000000e+05 1.426000000000000000e+03
1.590000000000000000e+05 1.354000000000000000e+03
1.600000000000000000e+05 1.333000000000000000e+03
1.610000000000000000e+05 1.305000000000000000e+03
1.620000000000000000e+05 1.243000000000000000e+03
1.630000000000000000e+05 1.137000000000000000e+03
1.640000000000000000e+05 1.130000000000000000e+03
1.650000000000000000e+05 1.042000000000000000e+03
1.660000000000000000e+05 1.050000000000000000e+03
1.670000000000000000e+05 1.018000000000000000e+03
1.680000000000000000e+05 1.054000000000000000e+03
1.690000000000000000e+05 1.059000000000000000e+03
1.700000000000000000e+05 1.066000000000000000e+03
1.710000000000000000e+05 1.077000000000000000e+03
1.720000000000000000e+05 1.082000000000000000e+03
1.730000000000000000e+05 1.149000000000000000e+03
1.740000000000000000e+05 1.123000000000000000e+03
1.750000000000000000e+05 1.180000000000000000e+03
1.760000000000000000e+05 1.222000000000000000e+03
1.770000000000000000e+05 1.267000000000000000e+03
1.780000000000000000e+05 1.300000000000000000e+03
1.790000000000000000e+05 1.373000000000000000e+03
1.800000000000000000e+05 1.347000000000000000e+03
1.810000000000000000e+05 1.406000000000000000e+03
1.820000000000000000e+05 1.508000000000000000e+03
1.830000000000000000e+05 1.557000000000000000e+03
1.840000000000000000e+05 1.594000000000000000e+03
1.850000000000000000e+05 1.656000000000000000e+03
1.860000000000000000e+05 1.760000000000000000e+03
1.870000000000000000e+05 1.820000000000000000e+03
1.880000000000000000e+05 2.008000000000000000e+03
1.890000000000000000e+05 1.901000000000000000e+03
1.900000000000000000e+05 2.092000000000000000e+03
1.910000000000000000e+05 2.072000000000000000e+03
1.920000000000000000e+05 2.106000000000000000e+03
1.930000000000000000e+05 2.264000000000000000e+03
1.940000000000000000e+05 2.235000000000000000e+03
1.950000000000000000e+05 2.277000000000000000e+03
1.960000000000000000e+05 2.329000000000000000e+03
1.970000000000000000e+05 2.387000000000000000e+03
1.980000000000000000e+05 2.468000000000000000e+03
1.990000000000000000e+05 2.493000000000000000e+03
