0.000000000000000000e+00 2.425000000000000000e+03
3.330000000000000000e+02 2.522000000000000000e+03
6.660000000000000000e+02 2.582000000000000000e+03
9.990000000000000000e+02 2.642000000000000000e+03
1.332000000000000000e+03 2.664000000000000000e+03
1.665000000000000000e+03 2.657000000000000000e+03
1.998000000000000000e+03 2.713000000000000000e+03
2.331000000000000000e+03 2.737000000000000000e+03
2.664000000000000000e+03 2.729000000000000000e+03
2.997000000000000000e+03 2.762000000000000000e+03
3.330000000000000000e+03 2.814000000000000000e+03
3.663000000000000000e+03 2.809000000000000000e+03
3.996000000000000000e+03 2.892000000000000000e+03
4.329000000000000000e+03 2.822000000000000000e+03
4.662000000000000000e+03 2.864000000000000000e+03
4.995000000000000000e+03 2.947000000000000000e+03
5.328000000000000000e+03 2.772000000000000000e+03
5.661000000000000000e+03 2.827000000000000000e+03
5.994000000000000000e+03 2.859000000000000000e+03
6.327000000000000000e+03 2.895000000000000000e+03
6.660000000000000000e+03 2.833000000000000000e+03
6.993000000000000000e+03 2.856000000000000000e+03
7.326000000000000000e+03 2.908000000000000000e+03
7.659000000000000000e+03 2.922000000000000000e+03
7.992000000000000000e+03 2.846000000000000000e+03
8.325000000000000000e+03 2.915000000000000000e+03
8.658000000000000000e+03 2.904000000000000000e+03
8.991000000000000000e+03 2.751000000000000000e+03
9.324000000000000000e+03 2.869000000000000000e+03
9.657000000000000000e+03 2.822000000000000000e+03
9.990000000000000000e+03 2.798000000000000000e+03
1.032300000000000000e+04 2.654000000000000000e+03
1.065600000000000000e+04 2.642000000000000000e+03
1.098900000000000000e+04 2.709000000000000000e+03
1.132200000000000000e+04 2.725000000000000000e+03
1.165500000000000000e+04 2.645000000000000000e+03
1.198800000000000000e+04 2.707000000000000000e+03
1.232100000000000000e+04 2.666000000000000000e+03
1.265400000000000000e+04 2.477000000000000000e+03
1.298700000000000000e+04 2.515000000000000000e+03
1.332000000000000000e+04 2.462000000000000000e+03
1.365300000000000000e+04 2.312000000000000000e+03
1.398600000000000000e+04 2.336000000000000000e+03
1.431900000000000000e+04 2.335000000000000000e+03
1.465200000000000000e+04 2.271000000000000000e+03
1.498500000000000000e+04 2.321000000000000000e+03
1.531800000000000000e+04 2.130000000000000000e+03
1.565100000000000000e+04 2.148000000000000000e+03
1.598400000000000000e+04 2.016000000000000000e+03
1.631700000000000000e+04 2.025000000000000000e+03
1.665000000000000000e+04 2.007000000000000000e+03
1.698300000000000000e+04 1.832000000000000000e+03
1.731600000000000000e+04 1.888000000000000000e+03
1.764900000000000000e+04 1.701000000000000000e+03
1.798200000000000000e+04 1.655000000000000000e+03
1.831500000000000000e+04 1.671000000000000000e+03
1.864800000000000000e+04 1.553000000000000000e+03
1.898100000000000000e+04 1.511000000000000000e+03
1.931400000000000000e+04 1.454000000000000000e+03
1.964700000000000000e+04 1.427000000000000000e+03
1.998000000000000000e+04 1.375000000000000000e+03
2.031300000000000000e+04 1.297000000000000000e+03
2.064600000000000000e+04 1.273000000000000000e+03
2.097900000000000000e+04 1.285000000000000000e+03
2.131200000000000000e+04 1.203000000000000000e+03
2.164500000000000000e+04 1.147000000000000000e+03
2.197800000000000000e+04 1.085000000000000000e+03
2.231100000000000000e+04 1.047000000000000000e+03
2.264400000000000000e+04 1.100000000000000000e+03
2.297700000000000000e+04 1.073000000000000000e+03
2.331000000000000000e+04 1.150000000000000000e+03
2.364300000000000000e+04 1.113000000000000000e+03
2.397600000000000000e+04 1.159000000000000000e+03
2.430900000000000000e+04 1.134000000000000000e+03
2.464200000000000000e+04 1.086000000000000000e+03
2.497500000000000000e+04 1.146000000000000000e+03
2.530800000000000000e+04 1.215000000000000000e+03
2.564100000000000000e+04 1.282000000000000000e+03
2.597400000000000000e+04 1.254000000000000000e+03
2.630700000000000000e+04 1.345000000000000000e+03
2.664000000000000000e+04 1.439000000000000000e+03
2.697300000000000000e+04 1.404000000000000000e+03
2.730600000000000000e+04 1.532000000000000000e+03
2.763900000000000000e+04 1.537000000000000000e+03
2.797200000000000000e+04 1.593000000000000000e+03
2.830500000000000000e+04 1.688000000000000000e+03
2.863800000000000000e+04 1.796000000000000000e+03
2.897100000000000000e+04 1.792000000000000000e+03
2.930400000000000000e+04 1.809000000000000000e+03
2.963700000000000000e+04 1.946000000000000000e+03
2.997000000000000000e+04 2.050000000000000000e+03
3.030300000000000000e+04 2.098000000000000000e+03
3.063600000000000000e+04 2.085000000000000000e+03
3.096900000000000000e+04 2.110000000000000000e+03
3.130200000000000000e+04 2.193000000000000000e+03
3.163500000000000000e+04 2.243000000000000000e+03
3.196800000000000000e+04 2.301000000000000000e+03
3.230100000000000000e+04 2.378000000000000000e+03
3.263400000000000000e+04 2.407000000000000000e+03
3.296700000000000000e+04 2.469000000000000000e+03
3.330000000000000000e+04 2.452000000000000000e+03
3.363300000000000000e+04 2.535000000000000000e+03
3.396600000000000000e+04 2.546000000000000000e+03
3.429900000000000000e+04 2.755000000000000000e+03
3.463200000000000000e+04 2.553000000000000000e+03
3.496500000000000000e+04 2.617000000000000000e+03
3.529800000000000000e+04 2.697000000000000000e+03
3.563100000000000000e+04 2.625000000000000000e+03
3.596400000000000000e+04 2.725000000000000000e+03
3.629700000000000000e+04 2.805000000000000000e+03
3.663000000000000000e+04 2.694000000000000000e+03
3.696300000000000000e+04 2.779000000000000000e+03
3.729600000000000000e+04 2.677000000000000000e+03
3.762900000000000000e+04 2.844000000000000000e+03
3.796200000000000000e+04 2.847000000000000000e+03
3.829500000000000000e+04 2.799000000000000000e+03
3.862800000000000000e+04 2.837000000000000000e+03
3.896100000000000000e+04 2.782000000000000000e+03
3.929400000000000000e+04 2.879000000000000000e+03
3.962700000000000000e+04 2.864000000000000000e+03
3.996000000000000000e+04 2.812000000000000000e+03
4.029300000000000000e+04 2.922000000000000000e+03
4.062600000000000000e+04 2.787000000000000000e+03
4.095900000000000000e+04 2.834000000000000000e+03
4.129200000000000000e+04 2.789000000000000000e+03
4.162500000000000000e+04 2.779000000000000000e+03
4.195800000000000000e+04 2.864000000000000000e+03
4.229100000000000000e+04 2.820000000000000000e+03
4.262400000000000000e+04 2.750000000000000000e+03
4.295700000000000000e+04 2.826000000000000000e+03
4.329000000000000000e+04 2.677000000000000000e+03
4.362300000000000000e+04 2.690000000000000000e+03
4.395600000000000000e+04 2.734000000000000000e+03
4.428900000000000000e+04 2.698000000000000000e+03
4.462200000000000000e+04 2.600000000000000000e+03
4.495500000000000000e+04 2.731000000000000000e+03
4.528800000000000000e+04 2.653000000000000000e+03
4.562100000000000000e+04 2.507000000000000000e+03
4.595400000000000000e+04 2.450000000000000000e+03
4.628700000000000000e+04 2.474000000000000000e+03
4.662000000000000000e+04 2.411000000000000000e+03
4.695300000000000000e+04 2.457000000000000000e+03
4.728600000000000000e+04 2.423000000000000000e+03
4.761900000000000000e+04 2.352000000000000000e+03
4.795200000000000000e+04 2.305000000000000000e+03
4.828500000000000000e+04 2.222000000000000000e+03
4.861800000000000000e+04 2.149000000000000000e+03
4.895100000000000000e+04 2.083000000000000000e+03
4.928400000000000000e+04 2.060000000000000000e+03
4.961700000000000000e+04 2.043000000000000000e+03
4.995000000000000000e+04 2.049000000000000000e+03
5.028300000000000000e+04 1.960000000000000000e+03
5.061600000000000000e+04 1.784000000000000000e+03
5.094900000000000000e+04 1.772000000000000000e+03
5.128200000000000000e+04 1.707000000000000000e+03
5.161500000000000000e+04 1.562000000000000000e+03
5.194800000000000000e+04 1.578000000000000000e+03
5.228100000000000000e+04 1.534000000000000000e+03
5.261400000000000000e+04 1.407000000000000000e+03
5.294700000000000000e+04 1.410000000000000000e+03
5.328000000000000000e+04 1.373000000000000000e+03
5.361300000000000000e+04 1.289000000000000000e+03
5.394600000000000000e+04 1.242000000000000000e+03
5.427900000000000000e+04 1.325000000000000000e+03
5.461200000000000000e+04 1.150000000000000000e+03
5.494500000000000000e+04 1.101000000000000000e+03
5.527800000000000000e+04 1.174000000000000000e+03
5.561100000000000000e+04 1.129000000000000000e+03
5.594400000000000000e+04 1.169000000000000000e+03
5.627700000000000000e+04 1.111000000000000000e+03
5.661000000000000000e+04 1.155000000000000000e+03
5.694300000000000000e+04 1.185000000000000000e+03
5.727600000000000000e+04 1.173000000000000000e+03
5.760900000000000000e+04 1.076000000000000000e+03
5.794200000000000000e+04 1.155000000000000000e+03
5.827500000000000000e+04 1.172000000000000000e+03
5.860800000000000000e+04 1.180000000000000000e+03
5.894100000000000000e+04 1.259000000000000000e+03
5.927400000000000000e+04 1.297000000000000000e+03
5.960700000000000000e+04 1.281000000000000000e+03
5.994000000000000000e+04 1.426000000000000000e+03
6.027300000000000000e+04 1.430000000000000000e+03
6.060600000000000000e+04 1.522000000000000000e+03
6.093900000000000000e+04 1.494000000000000000e+03
6.127200000000000000e+04 1.521000000000000000e+03
6.160500000000000000e+04 1.656000000000000000e+03
6.193800000000000000e+04 1.766000000000000000e+03
6.227100000000000000e+04 1.822000000000000000e+03
6.260400000000000000e+04 1.894000000000000000e+03
6.293700000000000000e+04 1.972000000000000000e+03
6.327000000000000000e+04 1.987000000000000000e+03
6.360300000000000000e+04 2.080000000000000000e+03
6.393600000000000000e+04 2.116000000000000000e+03
6.426900000000000000e+04 2.190000000000000000e+03
6.460200000000000000e+04 2.196000000000000000e+03
6.493500000000000000e+04 2.162000000000000000e+03
6.526800000000000000e+04 2.314000000000000000e+03
6.560100000000000000e+04 2.369000000000000000e+03
6.593400000000000000e+04 2.433000000000000000e+03
6.626700000000000000e+04 2.560000000000000000e+03
