0.000000000000000000e+00 2.261000000000000000e+03
5.000000000000000000e+01 2.205000000000000000e+03
1.000000000000000000e+02 2.275000000000000000e+03
1.500000000000000000e+02 2.342000000000000000e+03
2.000000000000000000e+02 2.224000000000000000e+03
2.500000000000000000e+02 2.374000000000000000e+03
3.000000000000000000e+02 2.406000000000000000e+03
3.500000000000000000e+02 2.386000000000000000e+03
4.000000000000000000e+02 2.370000000000000000e+03
4.500000000000000000e+02 2.467000000000000000e+03
5.000000000000000000e+02 2.426000000000000000e+03
5.500000000000000000e+02 2.495000000000000000e+03
6.000000000000000000e+02 2.450000000000000000e+03
6.500000000000000000e+02 2.473000000000000000e+03
7.000000000000000000e+02 2.531000000000000000e+03
7.500000000000000000e+02 2.560000000000000000e+03
8.000000000000000000e+02 2.604000000000000000e+03
8.500000000000000000e+02 2.537000000000000000e+03
9.000000000000000000e+02 2.485000000000000000e+03
9.500000000000000000e+02 2.526000000000000000e+03
1.000000000000000000e+03 2.509000000000000000e+03
1.050000000000000000e+03 2.605000000000000000e+03
1.100000000000000000e+03 2.573000000000000000e+03
1.150000000000000000e+03 2.532000000000000000e+03
1.200000000000000000e+03 2.636000000000000000e+03
1.250000000000000000e+03 2.534000000000000000e+03
1.300000000000000000e+03 2.581000000000000000e+03
1.350000000000000000e+03 2.488000000000000000e+03
1.400000000000000000e+03 2.535000000000000000e+03
1.450000000000000000e+03 2.562000000000000000e+03
1.500000000000000000e+03 2.550000000000000000e+03
1.550000000000000000e+03 2.501000000000000000e+03
1.600000000000000000e+03 2.387000000000000000e+03
1.650000000000000000e+03 2.464000000000000000e+03
1.700000000000000000e+03 2.488000000000000000e+03
1.750000000000000000e+03 2.414000000000000000e+03
1.800000000000000000e+03 2.360000000000000000e+03
1.850000000000000000e+03 2.333000000000000000e+03
1.900000000000000000e+03 2.374000000000000000e+03
1.950000000000000000e+03 2.221000000000000000e+03
2.000000000000000000e+03 2.229000000000000000e+03
2.050000000000000000e+03 2.185000000000000000e+03
2.100000000000000000e+03 2.196000000000000000e+03
2.150000000000000000e+03 2.138000000000000000e+03
2.200000000000000000e+03 2.064000000000000000e+03
2.250000000000000000e+03 2.092000000000000000e+03
2.300000000000000000e+03 2.047000000000000000e+03
2.350000000000000000e+03 1.946000000000000000e+03
2.400000000000000000e+03 1.876000000000000000e+03
2.450000000000000000e+03 1.883000000000000000e+03
2.500000000000000000e+03 1.837000000000000000e+03
2.550000000000000000e+03 1.752000000000000000e+03
2.600000000000000000e+03 1.704000000000000000e+03
2.650000000000000000e+03 1.644000000000000000e+03
2.700000000000000000e+03 1.612000000000000000e+03
2.750000000000000000e+03 1.560000000000000000e+03
2.800000000000000000e+03 1.458000000000000000e+03
2.850000000000000000e+03 1.456000000000000000e+03
2.900000000000000000e+03 1.493000000000000000e+03
2.950000000000000000e+03 1.384000000000000000e+03
3.000000000000000000e+03 1.335000000000000000e+03
3.050000000000000000e+03 1.367000000000000000e+03
3.100000000000000000e+03 1.230000000000000000e+03
3.150000000000000000e+03 1.170000000000000000e+03
3.200000000000000000e+03 1.140000000000000000e+03
3.250000000000000000e+03 1.117000000000000000e+03
3.300000000000000000e+03 1.114000000000000000e+03
3.350000000000000000e+03 1.039000000000000000e+03
3.400000000000000000e+03 1.016000000000000000e+03
3.450000000000000000e+03 1.050000000000000000e+03
3.500000000000000000e+03 1.028000000000000000e+03
3.550000000000000000e+03 1.053000000000000000e+03
3.600000000000000000e+03 9.840000000000000000e+02
3.650000000000000000e+03 1.050000000000000000e+03
3.700000000000000000e+03 1.041000000000000000e+03
3.750000000000000000e+03 1.040000000000000000e+03
3.800000000000000000e+03 1.050000000000000000e+03
3.850000000000000000e+03 1.032000000000000000e+03
3.900000000000000000e+03 1.083000000000000000e+03
3.950000000000000000e+03 1.055000000000000000e+03
4.000000000000000000e+03 1.200000000000000000e+03
4.050000000000000000e+03 1.186000000000000000e+03
4.100000000000000000e+03 1.217000000000000000e+03
4.150000000000000000e+03 1.227000000000000000e+03
4.200000000000000000e+03 1.327000000000000000e+03
4.250000000000000000e+03 1.365000000000000000e+03
4.300000000000000000e+03 1.427000000000000000e+03
4.350000000000000000e+03 1.409000000000000000e+03
4.400000000000000000e+03 1.633000000000000000e+03
4.450000000000000000e+03 1.714000000000000000e+03
4.500000000000000000e+03 1.714000000000000000e+03
4.550000000000000000e+03 1.679000000000000000e+03
4.600000000000000000e+03 1.759000000000000000e+03
4.650000000000000000e+03 1.909000000000000000e+03
4.700000000000000000e+03 1.822000000000000000e+03
4.750000000000000000e+03 2.027000000000000000e+03
4.800000000000000000e+03 2.056000000000000000e+03
4.850000000000000000e+03 2.022000000000000000e+03
4.900000000000000000e+03 2.033000000000000000e+03
4.950000000000000000e+03 2.166000000000000000e+03
5.000000000000000000e+03 2.130000000000000000e+03
5.050000000000000000e+03 2.316000000000000000e+03
5.100000000000000000e+03 2.326000000000000000e+03
5.150000000000000000e+03 2.273000000000000000e+03
5.200000000000000000e+03 2.382000000000000000e+03
5.250000000000000000e+03 2.388000000000000000e+03
5.300000000000000000e+03 2.430000000000000000e+03
5.350000000000000000e+03 2.446000000000000000e+03
5.400000000000000000e+03 2.445000000000000000e+03
5.450000000000000000e+03 2.551000000000000000e+03
5.500000000000000000e+03 2.497000000000000000e+03
5.550000000000000000e+03 2.512000000000000000e+03
5.600000000000000000e+03 2.505000000000000000e+03
5.650000000000000000e+03 2.490000000000000000e+03
5.700000000000000000e+03 2.528000000000000000e+03
5.750000000000000000e+03 2.537000000000000000e+03
5.800000000000000000e+03 2.532000000000000000e+03
5.850000000000000000e+03 2.445000000000000000e+03
5.900000000000000000e+03 2.619000000000000000e+03
5.950000000000000000e+03 2.482000000000000000e+03
6.000000000000000000e+03 2.477000000000000000e+03
6.050000000000000000e+03 2.508000000000000000e+03
6.100000000000000000e+03 2.546000000000000000e+03
6.150000000000000000e+03 2.589000000000000000e+03
6.200000000000000000e+03 2.491000000000000000e+03
6.250000000000000000e+03 2.499000000000000000e+03
6.300000000000000000e+03 2.502000000000000000e+03
6.350000000000000000e+03 2.511000000000000000e+03
6.400000000000000000e+03 2.493000000000000000e+03
6.450000000000000000e+03 2.444000000000000000e+03
6.500000000000000000e+03 2.529000000000000000e+03
6.550000000000000000e+03 2.542000000000000000e+03
6.600000000000000000e+03 2.576000000000000000e+03
6.650000000000000000e+03 2.506000000000000000e+03
6.700000000000000000e+03 2.387000000000000000e+03
6.750000000000000000e+03 2.465000000000000000e+03
6.800000000000000000e+03 2.332000000000000000e+03
6.850000000000000000e+03 2.290000000000000000e+03
6.900000000000000000e+03 2.354000000000000000e+03
6.950000000000000000e+03 2.305000000000000000e+03
7.000000000000000000e+03 2.285000000000000000e+03
7.050000000000000000e+03 2.218000000000000000e+03
7.100000000000000000e+03 2.222000000000000000e+03
7.150000000000000000e+03 2.218000000000000000e+03
7.200000000000000000e+03 2.101000000000000000e+03
7.250000000000000000e+03 2.151000000000000000e+03
7.300000000000000000e+03 1.961000000000000000e+03
7.350000000000000000e+03 1.916000000000000000e+03
7.400000000000000000e+03 1.971000000000000000e+03
7.450000000000000000e+03 1.885000000000000000e+03
7.500000000000000000e+03 1.769000000000000000e+03
7.550000000000000000e+03 1.777000000000000000e+03
7.600000000000000000e+03 1.721000000000000000e+03
7.650000000000000000e+03 1.632000000000000000e+03
7.700000000000000000e+03 1.599000000000000000e+03
7.750000000000000000e+03 1.612000000000000000e+03
7.800000000000000000e+03 1.548000000000000000e+03
7.850000000000000000e+03 1.434000000000000000e+03
7.900000000000000000e+03 1.445000000000000000e+03
7.950000000000000000e+03 1.324000000000000000e+03
8.000000000000000000e+03 1.220000000000000000e+03
8.050000000000000000e+03 1.251000000000000000e+03
8.100000000000000000e+03 1.208000000000000000e+03
8.150000000000000000e+03 1.219000000000000000e+03
8.200000000000000000e+03 1.183000000000000000e+03
8.250000000000000000e+03 1.152000000000000000e+03
8.300000000000000000e+03 1.093000000000000000e+03
8.350000000000000000e+03 1.082000000000000000e+03
8.400000000000000000e+03 1.079000000000000000e+03
8.450000000000000000e+03 9.930000000000000000e+02
8.500000000000000000e+03 9.420000000000000000e+02
8.550000000000000000e+03 1.008000000000000000e+03
8.600000000000000000e+03 1.014000000000000000e+03
8.650000000000000000e+03 1.009000000000000000e+03
8.700000000000000000e+03 1.061000000000000000e+03
8.750000000000000000e+03 1.064000000000000000e+03
8.800000000000000000e+03 1.070000000000000000e+03
8.850000000000000000e+03 1.043000000000000000e+03
8.900000000000000000e+03 1.055000000000000000e+03
8.950000000000000000e+03 1.081000000000000000e+03
9.000000000000000000e+03 1.114000000000000000e+03
9.050000000000000000e+03 1.244000000000000000e+03
9.100000000000000000e+03 1.204000000000000000e+03
9.150000000000000000e+03 1.346000000000000000e+03
9.200000000000000000e+03 1.363000000000000000e+03
9.250000000000000000e+03 1.354000000000000000e+03
9.300000000000000000e+03 1.416000000000000000e+03
9.350000000000000000e+03 1.539000000000000000e+03
9.400000000000000000e+03 1.553000000000000000e+03
9.450000000000000000e+03 1.615000000000000000e+03
9.500000000000000000e+03 1.666000000000000000e+03
9.550000000000000000e+03 1.723000000000000000e+03
9.600000000000000000e+03 1.865000000000000000e+03
9.650000000000000000e+03 1.833000000000000000e+03
9.700000000000000000e+03 1.924000000000000000e+03
9.750000000000000000e+03 1.922000000000000000e+03
9.800000000000000000e+03 2.048000000000000000e+03
9.850000000000000000e+03 1.984000000000000000e+03
9.900000000000000000e+03 2.059000000000000000e+03
9.950000000000000000e+03 2.079000000000000000e+03
