0.000000000000000000e+00 2.273000000000000000e+03
1.000000000000000000e+02 2.325000000000000000e+03
2.000000000000000000e+02 2.410000000000000000e+03
3.000000000000000000e+02 2.389000000000000000e+03
4.000000000000000000e+02 2.377000000000000000e+03
5.000000000000000000e+02 2.411000000000000000e+03
6.000000000000000000e+02 2.408000000000000000e+03
7.000000000000000000e+02 2.456000000000000000e+03
8.000000000000000000e+02 2.444000000000000000e+03
9.000000000000000000e+02 2.541000000000000000e+03
1.000000000000000000e+03 2.550000000000000000e+03
1.100000000000000000e+03 2.497000000000000000e+03
1.200000000000000000e+03 2.528000000000000000e+03
1.300000000000000000e+03 2.576000000000000000e+03
1.400000000000000000e+03 2.563000000000000000e+03
1.500000000000000000e+03 2.601000000000000000e+03
1.600000000000000000e+03 2.630000000000000000e+03
1.700000000000000000e+03 2.651000000000000000e+03
1.800000000000000000e+03 2.524000000000000000e+03
1.900000000000000000e+03 2.659000000000000000e+03
2.000000000000000000e+03 2.554000000000000000e+03
2.100000000000000000e+03 2.532000000000000000e+03
2.200000000000000000e+03 2.626000000000000000e+03
2.300000000000000000e+03 2.620000000000000000e+03
2.400000000000000000e+03 2.722000000000000000e+03
2.500000000000000000e+03 2.567000000000000000e+03
2.600000000000000000e+03 2.673000000000000000e+03
2.700000000000000000e+03 2.594000000000000000e+03
2.800000000000000000e+03 2.599000000000000000e+03
2.900000000000000000e+03 2.527000000000000000e+03
3.000000000000000000e+03 2.522000000000000000e+03
3.100000000000000000e+03 2.554000000000000000e+03
3.200000000000000000e+03 2.520000000000000000e+03
3.300000000000000000e+03 2.448000000000000000e+03
3.400000000000000000e+03 2.402000000000000000e+03
3.500000000000000000e+03 2.445000000000000000e+03
3.600000000000000000e+03 2.416000000000000000e+03
3.700000000000000000e+03 2.359000000000000000e+03
3.800000000000000000e+03 2.330000000000000000e+03
3.900000000000000000e+03 2.287000000000000000e+03
4.000000000000000000e+03 2.302000000000000000e+03
4.100000000000000000e+03 2.255000000000000000e+03
4.200000000000000000e+03 2.218000000000000000e+03
4.300000000000000000e+03 2.165000000000000000e+03
4.400000000000000000e+03 2.057000000000000000e+03
4.500000000000000000e+03 2.086000000000000000e+03
4.600000000000000000e+03 1.916000000000000000e+03
4.700000000000000000e+03 2.059000000000000000e+03
4.800000000000000000e+03 1.836000000000000000e+03
4.900000000000000000e+03 1.919000000000000000e+03
5.000000000000000000e+03 1.851000000000000000e+03
5.100000000000000000e+03 1.810000000000000000e+03
5.200000000000000000e+03 1.655000000000000000e+03
5.300000000000000000e+03 1.661000000000000000e+03
5.400000000000000000e+03 1.551000000000000000e+03
5.500000000000000000e+03 1.565000000000000000e+03
5.600000000000000000e+03 1.494000000000000000e+03
5.700000000000000000e+03 1.476000000000000000e+03
5.800000000000000000e+03 1.387000000000000000e+03
5.900000000000000000e+03 1.366000000000000000e+03
6.000000000000000000e+03 1.292000000000000000e+03
6.100000000000000000e+03 1.286000000000000000e+03
6.200000000000000000e+03 1.210000000000000000e+03
6.300000000000000000e+03 1.144000000000000000e+03
6.400000000000000000e+03 1.164000000000000000e+03
6.500000000000000000e+03 1.104000000000000000e+03
6.600000000000000000e+03 1.127000000000000000e+03
6.700000000000000000e+03 1.046000000000000000e+03
6.800000000000000000e+03 1.019000000000000000e+03
6.900000000000000000e+03 1.016000000000000000e+03
7.000000000000000000e+03 1.049000000000000000e+03
7.100000000000000000e+03 9.760000000000000000e+02
7.200000000000000000e+03 1.003000000000000000e+03
7.300000000000000000e+03 1.017000000000000000e+03
7.400000000000000000e+03 1.025000000000000000e+03
7.500000000000000000e+03 1.075000000000000000e+03
7.600000000000000000e+03 1.041000000000000000e+03
7.700000000000000000e+03 1.076000000000000000e+03
7.800000000000000000e+03 1.185000000000000000e+03
7.900000000000000000e+03 1.177000000000000000e+03
8.000000000000000000e+03 1.230000000000000000e+03
8.100000000000000000e+03 1.298000000000000000e+03
8.200000000000000000e+03 1.347000000000000000e+03
8.300000000000000000e+03 1.383000000000000000e+03
8.400000000000000000e+03 1.418000000000000000e+03
8.500000000000000000e+03 1.476000000000000000e+03
8.600000000000000000e+03 1.551000000000000000e+03
8.700000000000000000e+03 1.709000000000000000e+03
8.800000000000000000e+03 1.704000000000000000e+03
8.900000000000000000e+03 1.633000000000000000e+03
9.000000000000000000e+03 1.880000000000000000e+03
9.100000000000000000e+03 1.856000000000000000e+03
9.200000000000000000e+03 1.890000000000000000e+03
9.300000000000000000e+03 1.971000000000000000e+03
9.400000000000000000e+03 2.009000000000000000e+03
9.500000000000000000e+03 2.100000000000000000e+03
9.600000000000000000e+03 2.057000000000000000e+03
9.700000000000000000e+03 2.176000000000000000e+03
9.800000000000000000e+03 2.239000000000000000e+03
9.900000000000000000e+03 2.245000000000000000e+03
1.000000000000000000e+04 2.298000000000000000e+03
1.010000000000000000e+04 2.281000000000000000e+03
1.020000000000000000e+04 2.409000000000000000e+03
1.030000000000000000e+04 2.352000000000000000e+03
1.040000000000000000e+04 2.348000000000000000e+03
1.050000000000000000e+04 2.432000000000000000e+03
1.060000000000000000e+04 2.413000000000000000e+03
1.070000000000000000e+04 2.449000000000000000e+03
1.080000000000000000e+04 2.507000000000000000e+03
1.090000000000000000e+04 2.618000000000000000e+03
1.100000000000000000e+04 2.577000000000000000e+03
1.110000000000000000e+04 2.626000000000000000e+03
1.120000000000000000e+04 2.644000000000000000e+03
1.130000000000000000e+04 2.622000000000000000e+03
1.140000000000000000e+04 2.617000000000000000e+03
1.150000000000000000e+04 2.688000000000000000e+03
1.160000000000000000e+04 2.654000000000000000e+03
1.170000000000000000e+04 2.651000000000000000e+03
1.180000000000000000e+04 2.595000000000000000e+03
1.190000000000000000e+04 2.588000000000000000e+03
1.200000000000000000e+04 2.592000000000000000e+03
1.210000000000000000e+04 2.573000000000000000e+03
1.220000000000000000e+04 2.613000000000000000e+03
1.230000000000000000e+04 2.727000000000000000e+03
1.240000000000000000e+04 2.609000000000000000e+03
1.250000000000000000e+04 2.572000000000000000e+03
1.260000000000000000e+04 2.495000000000000000e+03
1.270000000000000000e+04 2.560000000000000000e+03
1.280000000000000000e+04 2.590000000000000000e+03
1.290000000000000000e+04 2.526000000000000000e+03
1.300000000000000000e+04 2.607000000000000000e+03
1.310000000000000000e+04 2.416000000000000000e+03
1.320000000000000000e+04 2.478000000000000000e+03
1.330000000000000000e+04 2.535000000000000000e+03
1.340000000000000000e+04 2.513000000000000000e+03
1.350000000000000000e+04 2.449000000000000000e+03
1.360000000000000000e+04 2.434000000000000000e+03
1.370000000000000000e+04 2.423000000000000000e+03
1.380000000000000000e+04 2.344000000000000000e+03
1.390000000000000000e+04 2.282000000000000000e+03
1.400000000000000000e+04 2.212000000000000000e+03
1.410000000000000000e+04 2.275000000000000000e+03
1.420000000000000000e+04 2.214000000000000000e+03
1.430000000000000000e+04 2.173000000000000000e+03
1.440000000000000000e+04 2.136000000000000000e+03
1.450000000000000000e+04 2.125000000000000000e+03
1.460000000000000000e+04 2.026000000000000000e+03
1.470000000000000000e+04 2.051000000000000000e+03
1.480000000000000000e+04 1.939000000000000000e+03
1.490000000000000000e+04 1.852000000000000000e+03
1.500000000000000000e+04 1.806000000000000000e+03
1.510000000000000000e+04 1.764000000000000000e+03
1.520000000000000000e+04 1.722000000000000000e+03
1.530000000000000000e+04 1.578000000000000000e+03
1.540000000000000000e+04 1.565000000000000000e+03
1.550000000000000000e+04 1.553000000000000000e+03
1.560000000000000000e+04 1.499000000000000000e+03
1.570000000000000000e+04 1.432000000000000000e+03
1.580000000000000000e+04 1.446000000000000000e+03
1.590000000000000000e+04 1.349000000000000000e+03
1.600000000000000000e+04 1.290000000000000000e+03
1.610000000000000000e+04 1.258000000000000000e+03
1.620000000000000000e+04 1.208000000000000000e+03
1.630000000000000000e+04 1.169000000000000000e+03
1.640000000000000000e+04 1.233000000000000000e+03
1.650000000000000000e+04 1.067000000000000000e+03
1.660000000000000000e+04 1.064000000000000000e+03
1.670000000000000000e+04 1.053000000000000000e+03
1.680000000000000000e+04 1.005000000000000000e+03
1.690000000000000000e+04 1.057000000000000000e+03
1.700000000000000000e+04 1.066000000000000000e+03
1.710000000000000000e+04 1.013000000000000000e+03
1.720000000000000000e+04 9.200000000000000000e+02
1.730000000000000000e+04 1.026000000000000000e+03
1.740000000000000000e+04 1.056000000000000000e+03
1.750000000000000000e+04 1.068000000000000000e+03
1.760000000000000000e+04 1.073000000000000000e+03
1.770000000000000000e+04 1.119000000000000000e+03
1.780000000000000000e+04 1.155000000000000000e+03
1.790000000000000000e+04 1.159000000000000000e+03
1.800000000000000000e+04 1.156000000000000000e+03
1.810000000000000000e+04 1.258000000000000000e+03
1.820000000000000000e+04 1.271000000000000000e+03
1.830000000000000000e+04 1.370000000000000000e+03
1.840000000000000000e+04 1.432000000000000000e+03
1.850000000000000000e+04 1.489000000000000000e+03
1.860000000000000000e+04 1.503000000000000000e+03
1.870000000000000000e+04 1.627000000000000000e+03
1.880000000000000000e+04 1.667000000000000000e+03
1.890000000000000000e+04 1.751000000000000000e+03
1.900000000000000000e+04 1.899000000000000000e+03
1.910000000000000000e+04 1.812000000000000000e+03
1.920000000000000000e+04 1.918000000000000000e+03
1.930000000000000000e+04 1.852000000000000000e+03
1.940000000000000000e+04 2.041000000000000000e+03
1.950000000000000000e+04 2.101000000000000000e+03
1.960000000000000000e+04 2.164000000000000000e+03
1.970000000000000000e+04 2.207000000000000000e+03
1.980000000000000000e+04 2.198000000000000000e+03
1.990000000000000000e+04 2.263000000000000000e+03
