0.000000000000000000e+00 4.702000000000000000e+03
1.000000000000000000e+02 4.728000000000000000e+03
2.000000000000000000e+02 4.953000000000000000e+03
3.000000000000000000e+02 4.940000000000000000e+03
4.000000000000000000e+02 5.160000000000000000e+03
5.000000000000000000e+02 5.180000000000000000e+03
6.000000000000000000e+02 5.402000000000000000e+03
7.000000000000000000e+02 5.257000000000000000e+03
8.000000000000000000e+02 5.380000000000000000e+03
9.000000000000000000e+02 5.442000000000000000e+03
1.000000000000000000e+03 5.571000000000000000e+03
1.100000000000000000e+03 5.475000000000000000e+03
1.200000000000000000e+03 5.557000000000000000e+03
1.300000000000000000e+03 5.505000000000000000e+03
1.400000000000000000e+03 5.615000000000000000e+03
1.500000000000000000e+03 5.601000000000000000e+03
1.600000000000000000e+03 5.665000000000000000e+03
1.700000000000000000e+03 5.479000000000000000e+03
1.800000000000000000e+03 5.688000000000000000e+03
1.900000000000000000e+03 5.599000000000000000e+03
2.000000000000000000e+03 5.682000000000000000e+03
2.100000000000000000e+03 5.625000000000000000e+03
2.200000000000000000e+03 5.531000000000000000e+03
2.300000000000000000e+03 5.496000000000000000e+03
2.400000000000000000e+03 5.586000000000000000e+03
2.500000000000000000e+03 5.541000000000000000e+03
2.600000000000000000e+03 5.556000000000000000e+03
2.700000000000000000e+03 5.462000000000000000e+03
2.800000000000000000e+03 5.395000000000000000e+03
2.900000000000000000e+03 5.302000000000000000e+03
3.000000000000000000e+03 5.280000000000000000e+03
3.100000000000000000e+03 5.265000000000000000e+03
3.200000000000000000e+03 5.366000000000000000e+03
3.300000000000000000e+03 5.197000000000000000e+03
3.400000000000000000e+03 5.200000000000000000e+03
3.500000000000000000e+03 5.196000000000000000e+03
3.600000000000000000e+03 5.002000000000000000e+03
3.700000000000000000e+03 4.860000000000000000e+03
3.800000000000000000e+03 4.771000000000000000e+03
3.900000000000000000e+03 4.870000000000000000e+03
4.000000000000000000e+03 4.929000000000000000e+03
4.100000000000000000e+03 4.700000000000000000e+03
4.200000000000000000e+03 4.679000000000000000e+03
4.300000000000000000e+03 4.426000000000000000e+03
4.400000000000000000e+03 4.390000000000000000e+03
4.500000000000000000e+03 4.179000000000000000e+03
4.600000000000000000e+03 4.134000000000000000e+03
4.700000000000000000e+03 4.154000000000000000e+03
4.800000000000000000e+03 3.982000000000000000e+03
4.900000000000000000e+03 3.891000000000000000e+03
5.000000000000000000e+03 3.684000000000000000e+03
5.100000000000000000e+03 3.619000000000000000e+03
5.200000000000000000e+03 3.472000000000000000e+03
5.300000000000000000e+03 3.275000000000000000e+03
5.400000000000000000e+03 3.157000000000000000e+03
5.500000000000000000e+03 3.131000000000000000e+03
5.600000000000000000e+03 2.928000000000000000e+03
5.700000000000000000e+03 2.689000000000000000e+03
5.800000000000000000e+03 2.637000000000000000e+03
5.900000000000000000e+03 2.515000000000000000e+03
6.000000000000000000e+03 2.323000000000000000e+03
6.100000000000000000e+03 2.304000000000000000e+03
6.200000000000000000e+03 2.218000000000000000e+03
6.300000000000000000e+03 2.105000000000000000e+03
6.400000000000000000e+03 2.110000000000000000e+03
6.500000000000000000e+03 1.945000000000000000e+03
6.600000000000000000e+03 1.888000000000000000e+03
6.700000000000000000e+03 1.772000000000000000e+03
6.800000000000000000e+03 1.807000000000000000e+03
6.900000000000000000e+03 1.729000000000000000e+03
7.000000000000000000e+03 1.730000000000000000e+03
7.100000000000000000e+03 1.759000000000000000e+03
7.200000000000000000e+03 1.631000000000000000e+03
7.300000000000000000e+03 1.678000000000000000e+03
7.400000000000000000e+03 1.729000000000000000e+03
7.500000000000000000e+03 1.778000000000000000e+03
7.600000000000000000e+03 1.787000000000000000e+03
7.700000000000000000e+03 1.899000000000000000e+03
7.800000000000000000e+03 1.882000000000000000e+03
7.900000000000000000e+03 1.994000000000000000e+03
8.000000000000000000e+03 2.043000000000000000e+03
8.100000000000000000e+03 2.161000000000000000e+03
8.200000000000000000e+03 2.358000000000000000e+03
8.300000000000000000e+03 2.406000000000000000e+03
8.400000000000000000e+03 2.479000000000000000e+03
8.500000000000000000e+03 2.745000000000000000e+03
8.600000000000000000e+03 2.871000000000000000e+03
8.700000000000000000e+03 2.941000000000000000e+03
8.800000000000000000e+03 3.092000000000000000e+03
8.900000000000000000e+03 3.328000000000000000e+03
9.000000000000000000e+03 3.502000000000000000e+03
9.100000000000000000e+03 3.552000000000000000e+03
9.200000000000000000e+03 3.724000000000000000e+03
9.300000000000000000e+03 3.873000000000000000e+03
9.400000000000000000e+03 4.035000000000000000e+03
9.500000000000000000e+03 4.198000000000000000e+03
9.600000000000000000e+03 4.171000000000000000e+03
9.700000000000000000e+03 4.478000000000000000e+03
9.800000000000000000e+03 4.491000000000000000e+03
9.900000000000000000e+03 4.598000000000000000e+03
1.000000000000000000e+04 4.794000000000000000e+03
1.010000000000000000e+04 4.793000000000000000e+03
1.020000000000000000e+04 4.906000000000000000e+03
1.030000000000000000e+04 5.064000000000000000e+03
1.040000000000000000e+04 4.875000000000000000e+03
1.050000000000000000e+04 5.292000000000000000e+03
1.060000000000000000e+04 5.126000000000000000e+03
1.070000000000000000e+04 5.260000000000000000e+03
1.080000000000000000e+04 5.455000000000000000e+03
1.090000000000000000e+04 5.415000000000000000e+03
1.100000000000000000e+04 5.368000000000000000e+03
1.110000000000000000e+04 5.431000000000000000e+03
1.120000000000000000e+04 5.425000000000000000e+03
1.130000000000000000e+04 5.459000000000000000e+03
1.140000000000000000e+04 5.563000000000000000e+03
1.150000000000000000e+04 5.591000000000000000e+03
1.160000000000000000e+04 5.734000000000000000e+03
1.170000000000000000e+04 5.553000000000000000e+03
1.180000000000000000e+04 5.704000000000000000e+03
1.190000000000000000e+04 5.571000000000000000e+03
1.200000000000000000e+04 5.771000000000000000e+03
1.210000000000000000e+04 5.535000000000000000e+03
1.220000000000000000e+04 5.618000000000000000e+03
1.230000000000000000e+04 5.766000000000000000e+03
1.240000000000000000e+04 5.653000000000000000e+03
1.250000000000000000e+04 5.495000000000000000e+03
1.260000000000000000e+04 5.540000000000000000e+03
1.270000000000000000e+04 5.410000000000000000e+03
1.280000000000000000e+04 5.372000000000000000e+03
1.290000000000000000e+04 5.314000000000000000e+03
1.300000000000000000e+04 5.317000000000000000e+03
1.310000000000000000e+04 5.212000000000000000e+03
1.320000000000000000e+04 5.200000000000000000e+03
1.330000000000000000e+04 5.188000000000000000e+03
1.340000000000000000e+04 5.144000000000000000e+03
1.350000000000000000e+04 5.171000000000000000e+03
1.360000000000000000e+04 5.174000000000000000e+03
1.370000000000000000e+04 5.038000000000000000e+03
1.380000000000000000e+04 4.923000000000000000e+03
1.390000000000000000e+04 4.958000000000000000e+03
1.400000000000000000e+04 5.057000000000000000e+03
1.410000000000000000e+04 4.673000000000000000e+03
1.420000000000000000e+04 4.538000000000000000e+03
1.430000000000000000e+04 4.597000000000000000e+03
1.440000000000000000e+04 4.388000000000000000e+03
1.450000000000000000e+04 4.361000000000000000e+03
1.460000000000000000e+04 4.146000000000000000e+03
1.470000000000000000e+04 3.994000000000000000e+03
1.480000000000000000e+04 3.900000000000000000e+03
1.490000000000000000e+04 3.837000000000000000e+03
1.500000000000000000e+04 3.747000000000000000e+03
1.510000000000000000e+04 3.556000000000000000e+03
1.520000000000000000e+04 3.492000000000000000e+03
1.530000000000000000e+04 3.256000000000000000e+03
1.540000000000000000e+04 3.149000000000000000e+03
1.550000000000000000e+04 3.068000000000000000e+03
1.560000000000000000e+04 2.847000000000000000e+03
1.570000000000000000e+04 2.731000000000000000e+03
1.580000000000000000e+04 2.686000000000000000e+03
1.590000000000000000e+04 2.519000000000000000e+03
1.600000000000000000e+04 2.428000000000000000e+03
1.610000000000000000e+04 2.160000000000000000e+03
1.620000000000000000e+04 2.155000000000000000e+03
1.630000000000000000e+04 2.170000000000000000e+03
1.640000000000000000e+04 1.969000000000000000e+03
1.650000000000000000e+04 1.960000000000000000e+03
1.660000000000000000e+04 1.837000000000000000e+03
1.670000000000000000e+04 1.884000000000000000e+03
1.680000000000000000e+04 1.765000000000000000e+03
1.690000000000000000e+04 1.752000000000000000e+03
1.700000000000000000e+04 1.726000000000000000e+03
1.710000000000000000e+04 1.675000000000000000e+03
1.720000000000000000e+04 1.729000000000000000e+03
1.730000000000000000e+04 1.761000000000000000e+03
1.740000000000000000e+04 1.776000000000000000e+03
1.750000000000000000e+04 1.857000000000000000e+03
1.760000000000000000e+04 1.816000000000000000e+03
1.770000000000000000e+04 1.796000000000000000e+03
1.780000000000000000e+04 1.948000000000000000e+03
1.790000000000000000e+04 2.056000000000000000e+03
1.800000000000000000e+04 2.092000000000000000e+03
1.810000000000000000e+04 2.229000000000000000e+03
1.820000000000000000e+04 2.234000000000000000e+03
1.830000000000000000e+04 2.469000000000000000e+03
1.840000000000000000e+04 2.561000000000000000e+03
1.850000000000000000e+04 2.783000000000000000e+03
1.860000000000000000e+04 2.858000000000000000e+03
1.870000000000000000e+04 2.869000000000000000e+03
1.880000000000000000e+04 3.108000000000000000e+03
1.890000000000000000e+04 3.361000000000000000e+03
1.900000000000000000e+04 3.461000000000000000e+03
1.910000000000000000e+04 3.617000000000000000e+03
1.920000000000000000e+04 3.730000000000000000e+03
1.930000000000000000e+04 3.970000000000000000e+03
1.940000000000000000e+04 4.097000000000000000e+03
1.950000000000000000e+04 4.169000000000000000e+03
1.960000000000000000e+04 4.410000000000000000e+03
1.970000000000000000e+04 4.468000000000000000e+03
1.980000000000000000e+04 4.490000000000000000e+03
1.990000000000000000e+04 4.644000000000000000e+03
