0.000000000000000000e+00 3.871000000000000000e+03
5.000000000000000000e+01 3.912000000000000000e+03
1.000000000000000000e+02 3.977000000000000000e+03
1.500000000000000000e+02 4.308000000000000000e+03
2.000000000000000000e+02 4.307000000000000000e+03
2.500000000000000000e+02 4.320000000000000000e+03
3.000000000000000000e+02 4.387000000000000000e+03
3.500000000000000000e+02 4.418000000000000000e+03
4.000000000000000000e+02 4.477000000000000000e+03
4.500000000000000000e+02 4.476000000000000000e+03
5.000000000000000000e+02 4.544000000000000000e+03
5.500000000000000000e+02 4.513000000000000000e+03
6.000000000000000000e+02 4.714000000000000000e+03
6.500000000000000000e+02 4.806000000000000000e+03
7.000000000000000000e+02 4.707000000000000000e+03
7.500000000000000000e+02 4.699000000000000000e+03
8.000000000000000000e+02 4.800000000000000000e+03
8.500000000000000000e+02 4.731000000000000000e+03
9.000000000000000000e+02 4.830000000000000000e+03
9.500000000000000000e+02 4.714000000000000000e+03
1.000000000000000000e+03 4.834000000000000000e+03
1.050000000000000000e+03 4.848000000000000000e+03
1.100000000000000000e+03 4.760000000000000000e+03
1.150000000000000000e+03 4.800000000000000000e+03
1.200000000000000000e+03 4.809000000000000000e+03
1.250000000000000000e+03 4.746000000000000000e+03
1.300000000000000000e+03 4.748000000000000000e+03
1.350000000000000000e+03 4.640000000000000000e+03
1.400000000000000000e+03 4.808000000000000000e+03
1.450000000000000000e+03 4.771000000000000000e+03
1.500000000000000000e+03 4.759000000000000000e+03
1.550000000000000000e+03 4.537000000000000000e+03
1.600000000000000000e+03 4.575000000000000000e+03
1.650000000000000000e+03 4.643000000000000000e+03
1.700000000000000000e+03 4.392000000000000000e+03
1.750000000000000000e+03 4.312000000000000000e+03
1.800000000000000000e+03 4.350000000000000000e+03
1.850000000000000000e+03 4.322000000000000000e+03
1.900000000000000000e+03 4.361000000000000000e+03
1.950000000000000000e+03 4.227000000000000000e+03
2.000000000000000000e+03 4.069000000000000000e+03
2.050000000000000000e+03 3.971000000000000000e+03
2.100000000000000000e+03 3.938000000000000000e+03
2.150000000000000000e+03 3.848000000000000000e+03
2.200000000000000000e+03 3.779000000000000000e+03
2.250000000000000000e+03 3.787000000000000000e+03
2.300000000000000000e+03 3.572000000000000000e+03
2.350000000000000000e+03 3.658000000000000000e+03
2.400000000000000000e+03 3.461000000000000000e+03
2.450000000000000000e+03 3.416000000000000000e+03
2.500000000000000000e+03 3.261000000000000000e+03
2.550000000000000000e+03 3.094000000000000000e+03
2.600000000000000000e+03 2.979000000000000000e+03
2.650000000000000000e+03 2.909000000000000000e+03
2.700000000000000000e+03 2.745000000000000000e+03
2.750000000000000000e+03 2.591000000000000000e+03
2.800000000000000000e+03 2.473000000000000000e+03
2.850000000000000000e+03 2.568000000000000000e+03
2.900000000000000000e+03 2.375000000000000000e+03
2.950000000000000000e+03 2.345000000000000000e+03
3.000000000000000000e+03 2.252000000000000000e+03
3.050000000000000000e+03 2.063000000000000000e+03
3.100000000000000000e+03 1.925000000000000000e+03
3.150000000000000000e+03 1.973000000000000000e+03
3.200000000000000000e+03 1.867000000000000000e+03
3.250000000000000000e+03 1.890000000000000000e+03
3.300000000000000000e+03 1.778000000000000000e+03
3.350000000000000000e+03 1.680000000000000000e+03
3.400000000000000000e+03 1.611000000000000000e+03
3.450000000000000000e+03 1.664000000000000000e+03
3.500000000000000000e+03 1.525000000000000000e+03
3.550000000000000000e+03 1.608000000000000000e+03
3.600000000000000000e+03 1.547000000000000000e+03
3.650000000000000000e+03 1.502000000000000000e+03
3.700000000000000000e+03 1.514000000000000000e+03
3.750000000000000000e+03 1.473000000000000000e+03
3.800000000000000000e+03 1.583000000000000000e+03
3.850000000000000000e+03 1.533000000000000000e+03
3.900000000000000000e+03 1.618000000000000000e+03
3.950000000000000000e+03 1.603000000000000000e+03
4.000000000000000000e+03 1.689000000000000000e+03
4.050000000000000000e+03 1.718000000000000000e+03
4.100000000000000000e+03 1.885000000000000000e+03
4.150000000000000000e+03 1.868000000000000000e+03
4.200000000000000000e+03 1.903000000000000000e+03
4.250000000000000000e+03 2.095000000000000000e+03
4.300000000000000000e+03 2.268000000000000000e+03
4.350000000000000000e+03 2.386000000000000000e+03
4.400000000000000000e+03 2.463000000000000000e+03
4.450000000000000000e+03 2.612000000000000000e+03
4.500000000000000000e+03 2.766000000000000000e+03
4.550000000000000000e+03 2.783000000000000000e+03
4.600000000000000000e+03 2.904000000000000000e+03
4.650000000000000000e+03 3.150000000000000000e+03
4.700000000000000000e+03 3.154000000000000000e+03
4.750000000000000000e+03 3.317000000000000000e+03
4.800000000000000000e+03 3.432000000000000000e+03
4.850000000000000000e+03 3.572000000000000000e+03
4.900000000000000000e+03 3.687000000000000000e+03
4.950000000000000000e+03 3.833000000000000000e+03
5.000000000000000000e+03 3.797000000000000000e+03
5.050000000000000000e+03 4.040000000000000000e+03
5.100000000000000000e+03 4.176000000000000000e+03
5.150000000000000000e+03 4.028000000000000000e+03
5.200000000000000000e+03 4.243000000000000000e+03
5.250000000000000000e+03 4.379000000000000000e+03
5.300000000000000000e+03 4.434000000000000000e+03
5.350000000000000000e+03 4.438000000000000000e+03
5.400000000000000000e+03 4.467000000000000000e+03
5.450000000000000000e+03 4.558000000000000000e+03
5.500000000000000000e+03 4.495000000000000000e+03
5.550000000000000000e+03 4.624000000000000000e+03
5.600000000000000000e+03 4.646000000000000000e+03
5.650000000000000000e+03 4.599000000000000000e+03
5.700000000000000000e+03 4.731000000000000000e+03
5.750000000000000000e+03 4.700000000000000000e+03
5.800000000000000000e+03 4.718000000000000000e+03
5.850000000000000000e+03 4.784000000000000000e+03
5.900000000000000000e+03 4.972000000000000000e+03
5.950000000000000000e+03 4.869000000000000000e+03
6.000000000000000000e+03 4.883000000000000000e+03
6.050000000000000000e+03 4.822000000000000000e+03
6.100000000000000000e+03 4.857000000000000000e+03
6.150000000000000000e+03 4.764000000000000000e+03
6.200000000000000000e+03 4.775000000000000000e+03
6.250000000000000000e+03 4.724000000000000000e+03
6.300000000000000000e+03 4.704000000000000000e+03
6.350000000000000000e+03 4.760000000000000000e+03
6.400000000000000000e+03 4.742000000000000000e+03
6.450000000000000000e+03 4.698000000000000000e+03
6.500000000000000000e+03 4.630000000000000000e+03
6.550000000000000000e+03 4.627000000000000000e+03
6.600000000000000000e+03 4.548000000000000000e+03
6.650000000000000000e+03 4.554000000000000000e+03
6.700000000000000000e+03 4.513000000000000000e+03
6.750000000000000000e+03 4.546000000000000000e+03
6.800000000000000000e+03 4.403000000000000000e+03
6.850000000000000000e+03 4.335000000000000000e+03
6.900000000000000000e+03 4.257000000000000000e+03
6.950000000000000000e+03 4.257000000000000000e+03
7.000000000000000000e+03 4.189000000000000000e+03
7.050000000000000000e+03 4.014000000000000000e+03
7.100000000000000000e+03 4.028000000000000000e+03
7.150000000000000000e+03 3.888000000000000000e+03
7.200000000000000000e+03 3.852000000000000000e+03
7.250000000000000000e+03 3.679000000000000000e+03
7.300000000000000000e+03 3.637000000000000000e+03
7.350000000000000000e+03 3.442000000000000000e+03
7.400000000000000000e+03 3.549000000000000000e+03
7.450000000000000000e+03 3.358000000000000000e+03
7.500000000000000000e+03 3.160000000000000000e+03
7.550000000000000000e+03 3.042000000000000000e+03
7.600000000000000000e+03 2.918000000000000000e+03
7.650000000000000000e+03 2.985000000000000000e+03
7.700000000000000000e+03 2.709000000000000000e+03
7.750000000000000000e+03 2.653000000000000000e+03
7.800000000000000000e+03 2.616000000000000000e+03
7.850000000000000000e+03 2.475000000000000000e+03
7.900000000000000000e+03 2.509000000000000000e+03
7.950000000000000000e+03 2.279000000000000000e+03
8.000000000000000000e+03 2.182000000000000000e+03
8.050000000000000000e+03 2.162000000000000000e+03
8.100000000000000000e+03 2.050000000000000000e+03
8.150000000000000000e+03 1.970000000000000000e+03
8.200000000000000000e+03 1.923000000000000000e+03
8.250000000000000000e+03 1.807000000000000000e+03
8.300000000000000000e+03 1.681000000000000000e+03
8.350000000000000000e+03 1.688000000000000000e+03
8.400000000000000000e+03 1.691000000000000000e+03
8.450000000000000000e+03 1.640000000000000000e+03
8.500000000000000000e+03 1.640000000000000000e+03
8.550000000000000000e+03 1.575000000000000000e+03
8.600000000000000000e+03 1.596000000000000000e+03
8.650000000000000000e+03 1.425000000000000000e+03
8.700000000000000000e+03 1.493000000000000000e+03
8.750000000000000000e+03 1.482000000000000000e+03
8.800000000000000000e+03 1.537000000000000000e+03
8.850000000000000000e+03 1.549000000000000000e+03
8.900000000000000000e+03 1.639000000000000000e+03
8.950000000000000000e+03 1.629000000000000000e+03
9.000000000000000000e+03 1.671000000000000000e+03
9.050000000000000000e+03 1.740000000000000000e+03
9.100000000000000000e+03 1.844000000000000000e+03
9.150000000000000000e+03 1.940000000000000000e+03
9.200000000000000000e+03 2.012000000000000000e+03
9.250000000000000000e+03 2.134000000000000000e+03
9.300000000000000000e+03 2.124000000000000000e+03
9.350000000000000000e+03 2.340000000000000000e+03
9.400000000000000000e+03 2.430000000000000000e+03
9.450000000000000000e+03 2.601000000000000000e+03
9.500000000000000000e+03 2.693000000000000000e+03
9.550000000000000000e+03 2.827000000000000000e+03
9.600000000000000000e+03 2.866000000000000000e+03
9.650000000000000000e+03 3.100000000000000000e+03
9.700000000000000000e+03 3.223000000000000000e+03
9.750000000000000000e+03 3.287000000000000000e+03
9.800000000000000000e+03 3.452000000000000000e+03
9.850000000000000000e+03 3.571000000000000000e+03
9.900000000000000000e+03 3.693000000000000000e+03
9.950000000000000000e+03 3.743000000000000000e+03
