0.000000000000000000e+00 3.319000000000000000e+03
2.000000000000000000e+01 3.431000000000000000e+03
4.000000000000000000e+01 3.514000000000000000e+03
6.000000000000000000e+01 3.663000000000000000e+03
8.000000000000000000e+01 3.762000000000000000e+03
1.000000000000000000e+02 3.799000000000000000e+03
1.200000000000000000e+02 4.055000000000000000e+03
1.400000000000000000e+02 4.020000000000000000e+03
1.600000000000000000e+02 4.200000000000000000e+03
1.800000000000000000e+02 4.087000000000000000e+03
2.000000000000000000e+02 4.173000000000000000e+03
2.200000000000000000e+02 4.372000000000000000e+03
2.400000000000000000e+02 4.379000000000000000e+03
2.600000000000000000e+02 4.501000000000000000e+03
2.800000000000000000e+02 4.516000000000000000e+03
3.000000000000000000e+02 4.659000000000000000e+03
3.200000000000000000e+02 4.573000000000000000e+03
3.400000000000000000e+02 4.675000000000000000e+03
3.600000000000000000e+02 4.732000000000000000e+03
3.800000000000000000e+02 4.662000000000000000e+03
4.000000000000000000e+02 4.668000000000000000e+03
4.200000000000000000e+02 4.648000000000000000e+03
4.400000000000000000e+02 4.696000000000000000e+03
4.600000000000000000e+02 4.743000000000000000e+03
4.800000000000000000e+02 4.765000000000000000e+03
5.000000000000000000e+02 4.853000000000000000e+03
5.200000000000000000e+02 4.915000000000000000e+03
5.400000000000000000e+02 4.922000000000000000e+03
5.600000000000000000e+02 4.842000000000000000e+03
5.800000000000000000e+02 4.943000000000000000e+03
6.000000000000000000e+02 4.849000000000000000e+03
6.200000000000000000e+02 4.845000000000000000e+03
6.400000000000000000e+02 4.835000000000000000e+03
6.600000000000000000e+02 4.759000000000000000e+03
6.800000000000000000e+02 4.810000000000000000e+03
7.000000000000000000e+02 4.796000000000000000e+03
7.200000000000000000e+02 4.726000000000000000e+03
7.400000000000000000e+02 4.641000000000000000e+03
7.600000000000000000e+02 4.604000000000000000e+03
7.800000000000000000e+02 4.681000000000000000e+03
8.000000000000000000e+02 4.659000000000000000e+03
8.200000000000000000e+02 4.473000000000000000e+03
8.400000000000000000e+02 4.605000000000000000e+03
8.600000000000000000e+02 4.430000000000000000e+03
8.800000000000000000e+02 4.354000000000000000e+03
9.000000000000000000e+02 4.359000000000000000e+03
9.200000000000000000e+02 4.223000000000000000e+03
9.400000000000000000e+02 4.147000000000000000e+03
9.600000000000000000e+02 4.033000000000000000e+03
9.800000000000000000e+02 3.994000000000000000e+03
1.000000000000000000e+03 3.894000000000000000e+03
1.020000000000000000e+03 3.723000000000000000e+03
1.040000000000000000e+03 3.723000000000000000e+03
1.060000000000000000e+03 3.527000000000000000e+03
1.080000000000000000e+03 3.592000000000000000e+03
1.100000000000000000e+03 3.348000000000000000e+03
1.120000000000000000e+03 3.242000000000000000e+03
1.140000000000000000e+03 3.214000000000000000e+03
1.160000000000000000e+03 3.035000000000000000e+03
1.180000000000000000e+03 3.078000000000000000e+03
1.200000000000000000e+03 2.897000000000000000e+03
1.220000000000000000e+03 2.786000000000000000e+03
1.240000000000000000e+03 2.806000000000000000e+03
1.260000000000000000e+03 2.615000000000000000e+03
1.280000000000000000e+03 2.436000000000000000e+03
1.300000000000000000e+03 2.394000000000000000e+03
1.320000000000000000e+03 2.406000000000000000e+03
1.340000000000000000e+03 2.383000000000000000e+03
1.360000000000000000e+03 2.300000000000000000e+03
1.380000000000000000e+03 2.222000000000000000e+03
1.400000000000000000e+03 2.107000000000000000e+03
1.420000000000000000e+03 1.999000000000000000e+03
1.440000000000000000e+03 2.103000000000000000e+03
1.460000000000000000e+03 2.006000000000000000e+03
1.480000000000000000e+03 1.991000000000000000e+03
1.500000000000000000e+03 1.858000000000000000e+03
1.520000000000000000e+03 1.916000000000000000e+03
1.540000000000000000e+03 1.888000000000000000e+03
1.560000000000000000e+03 1.873000000000000000e+03
1.580000000000000000e+03 1.945000000000000000e+03
1.600000000000000000e+03 1.915000000000000000e+03
1.620000000000000000e+03 1.834000000000000000e+03
1.640000000000000000e+03 1.859000000000000000e+03
1.660000000000000000e+03 1.940000000000000000e+03
1.680000000000000000e+03 1.959000000000000000e+03
1.700000000000000000e+03 2.046000000000000000e+03
1.720000000000000000e+03 2.129000000000000000e+03
1.740000000000000000e+03 2.129000000000000000e+03
1.760000000000000000e+03 2.323000000000000000e+03
1.780000000000000000e+03 2.333000000000000000e+03
1.800000000000000000e+03 2.284000000000000000e+03
1.820000000000000000e+03 2.481000000000000000e+03
1.840000000000000000e+03 2.580000000000000000e+03
1.860000000000000000e+03 2.682000000000000000e+03
1.880000000000000000e+03 2.768000000000000000e+03
1.900000000000000000e+03 2.806000000000000000e+03
1.920000000000000000e+03 2.956000000000000000e+03
1.940000000000000000e+03 3.099000000000000000e+03
1.960000000000000000e+03 3.152000000000000000e+03
1.980000000000000000e+03 3.298000000000000000e+03
2.000000000000000000e+03 3.311000000000000000e+03
2.020000000000000000e+03 3.431000000000000000e+03
2.040000000000000000e+03 3.606000000000000000e+03
2.060000000000000000e+03 3.693000000000000000e+03
2.080000000000000000e+03 3.739000000000000000e+03
2.100000000000000000e+03 3.820000000000000000e+03
2.120000000000000000e+03 3.946000000000000000e+03
2.140000000000000000e+03 3.885000000000000000e+03
2.160000000000000000e+03 4.155000000000000000e+03
2.180000000000000000e+03 4.106000000000000000e+03
2.200000000000000000e+03 4.211000000000000000e+03
2.220000000000000000e+03 4.297000000000000000e+03
2.240000000000000000e+03 4.386000000000000000e+03
2.260000000000000000e+03 4.414000000000000000e+03
2.280000000000000000e+03 4.316000000000000000e+03
2.300000000000000000e+03 4.500000000000000000e+03
2.320000000000000000e+03 4.551000000000000000e+03
2.340000000000000000e+03 4.672000000000000000e+03
2.360000000000000000e+03 4.758000000000000000e+03
2.380000000000000000e+03 4.665000000000000000e+03
2.400000000000000000e+03 4.799000000000000000e+03
2.420000000000000000e+03 4.657000000000000000e+03
2.440000000000000000e+03 4.694000000000000000e+03
2.460000000000000000e+03 4.839000000000000000e+03
2.480000000000000000e+03 4.739000000000000000e+03
2.500000000000000000e+03 4.837000000000000000e+03
2.520000000000000000e+03 4.848000000000000000e+03
2.540000000000000000e+03 4.861000000000000000e+03
2.560000000000000000e+03 4.757000000000000000e+03
2.580000000000000000e+03 4.746000000000000000e+03
2.600000000000000000e+03 4.739000000000000000e+03
2.620000000000000000e+03 4.807000000000000000e+03
2.640000000000000000e+03 4.718000000000000000e+03
2.660000000000000000e+03 4.740000000000000000e+03
2.680000000000000000e+03 4.816000000000000000e+03
2.700000000000000000e+03 4.764000000000000000e+03
2.720000000000000000e+03 4.679000000000000000e+03
2.740000000000000000e+03 4.772000000000000000e+03
2.760000000000000000e+03 4.545000000000000000e+03
2.780000000000000000e+03 4.547000000000000000e+03
2.800000000000000000e+03 4.604000000000000000e+03
2.820000000000000000e+03 4.454000000000000000e+03
2.840000000000000000e+03 4.486000000000000000e+03
2.860000000000000000e+03 4.423000000000000000e+03
2.880000000000000000e+03 4.348000000000000000e+03
2.900000000000000000e+03 4.232000000000000000e+03
2.920000000000000000e+03 4.163000000000000000e+03
2.940000000000000000e+03 4.023000000000000000e+03
2.960000000000000000e+03 4.004000000000000000e+03
2.980000000000000000e+03 3.889000000000000000e+03
3.000000000000000000e+03 3.870000000000000000e+03
3.020000000000000000e+03 3.708000000000000000e+03
3.040000000000000000e+03 3.700000000000000000e+03
3.060000000000000000e+03 3.535000000000000000e+03
3.080000000000000000e+03 3.431000000000000000e+03
3.100000000000000000e+03 3.377000000000000000e+03
3.120000000000000000e+03 3.300000000000000000e+03
3.140000000000000000e+03 3.148000000000000000e+03
3.160000000000000000e+03 3.162000000000000000e+03
3.180000000000000000e+03 2.916000000000000000e+03
3.200000000000000000e+03 2.795000000000000000e+03
3.220000000000000000e+03 2.869000000000000000e+03
3.240000000000000000e+03 2.736000000000000000e+03
3.260000000000000000e+03 2.567000000000000000e+03
3.280000000000000000e+03 2.542000000000000000e+03
3.300000000000000000e+03 2.445000000000000000e+03
3.320000000000000000e+03 2.439000000000000000e+03
3.340000000000000000e+03 2.356000000000000000e+03
3.360000000000000000e+03 2.281000000000000000e+03
3.380000000000000000e+03 2.187000000000000000e+03
3.400000000000000000e+03 2.171000000000000000e+03
3.420000000000000000e+03 2.015000000000000000e+03
3.440000000000000000e+03 2.093000000000000000e+03
3.460000000000000000e+03 1.939000000000000000e+03
3.480000000000000000e+03 1.956000000000000000e+03
3.500000000000000000e+03 1.884000000000000000e+03
3.520000000000000000e+03 1.900000000000000000e+03
3.540000000000000000e+03 1.891000000000000000e+03
3.560000000000000000e+03 1.862000000000000000e+03
3.580000000000000000e+03 1.924000000000000000e+03
3.600000000000000000e+03 1.972000000000000000e+03
3.620000000000000000e+03 1.861000000000000000e+03
3.640000000000000000e+03 2.060000000000000000e+03
3.660000000000000000e+03 1.989000000000000000e+03
3.680000000000000000e+03 1.988000000000000000e+03
3.700000000000000000e+03 2.039000000000000000e+03
3.720000000000000000e+03 2.054000000000000000e+03
3.740000000000000000e+03 2.163000000000000000e+03
3.760000000000000000e+03 2.264000000000000000e+03
3.780000000000000000e+03 2.338000000000000000e+03
3.800000000000000000e+03 2.495000000000000000e+03
3.820000000000000000e+03 2.375000000000000000e+03
3.840000000000000000e+03 2.519000000000000000e+03
3.860000000000000000e+03 2.736000000000000000e+03
3.880000000000000000e+03 2.669000000000000000e+03
3.900000000000000000e+03 2.833000000000000000e+03
3.920000000000000000e+03 2.957000000000000000e+03
3.940000000000000000e+03 3.136000000000000000e+03
3.960000000000000000e+03 3.192000000000000000e+03
3.980000000000000000e+03 3.254000000000000000e+03
