0.000000000000000000e+00 4.306000000000000000e+03
5.000000000000000000e+02 4.371000000000000000e+03
1.000000000000000000e+03 4.275000000000000000e+03
1.500000000000000000e+03 4.419000000000000000e+03
2.000000000000000000e+03 4.527000000000000000e+03
2.500000000000000000e+03 4.527000000000000000e+03
3.000000000000000000e+03 4.674000000000000000e+03
3.500000000000000000e+03 4.568000000000000000e+03
4.000000000000000000e+03 4.776000000000000000e+03
4.500000000000000000e+03 4.808000000000000000e+03
5.000000000000000000e+03 4.923000000000000000e+03
5.500000000000000000e+03 4.847000000000000000e+03
6.000000000000000000e+03 4.831000000000000000e+03
6.500000000000000000e+03 4.762000000000000000e+03
7.000000000000000000e+03 4.824000000000000000e+03
7.500000000000000000e+03 4.938000000000000000e+03
8.000000000000000000e+03 4.940000000000000000e+03
8.500000000000000000e+03 4.806000000000000000e+03
9.000000000000000000e+03 5.040000000000000000e+03
9.500000000000000000e+03 4.917000000000000000e+03
1.000000000000000000e+04 5.017000000000000000e+03
1.050000000000000000e+04 4.900000000000000000e+03
1.100000000000000000e+04 4.896000000000000000e+03
1.150000000000000000e+04 4.866000000000000000e+03
1.200000000000000000e+04 4.952000000000000000e+03
1.250000000000000000e+04 4.837000000000000000e+03
1.300000000000000000e+04 4.709000000000000000e+03
1.350000000000000000e+04 4.846000000000000000e+03
1.400000000000000000e+04 4.776000000000000000e+03
1.450000000000000000e+04 4.706000000000000000e+03
1.500000000000000000e+04 4.727000000000000000e+03
1.550000000000000000e+04 4.713000000000000000e+03
1.600000000000000000e+04 4.663000000000000000e+03
1.650000000000000000e+04 4.601000000000000000e+03
1.700000000000000000e+04 4.484000000000000000e+03
1.750000000000000000e+04 4.379000000000000000e+03
1.800000000000000000e+04 4.360000000000000000e+03
1.850000000000000000e+04 4.302000000000000000e+03
1.900000000000000000e+04 4.280000000000000000e+03
1.950000000000000000e+04 4.062000000000000000e+03
2.000000000000000000e+04 4.146000000000000000e+03
2.050000000000000000e+04 3.972000000000000000e+03
2.100000000000000000e+04 3.922000000000000000e+03
2.150000000000000000e+04 3.988000000000000000e+03
2.200000000000000000e+04 3.912000000000000000e+03
2.250000000000000000e+04 3.731000000000000000e+03
2.300000000000000000e+04 3.599000000000000000e+03
2.350000000000000000e+04 3.454000000000000000e+03
2.400000000000000000e+04 3.253000000000000000e+03
2.450000000000000000e+04 3.145000000000000000e+03
2.500000000000000000e+04 3.114000000000000000e+03
2.550000000000000000e+04 2.976000000000000000e+03
2.600000000000000000e+04 2.845000000000000000e+03
2.650000000000000000e+04 2.691000000000000000e+03
2.700000000000000000e+04 2.524000000000000000e+03
2.750000000000000000e+04 2.442000000000000000e+03
2.800000000000000000e+04 2.296000000000000000e+03
2.850000000000000000e+04 2.204000000000000000e+03
2.900000000000000000e+04 2.022000000000000000e+03
2.950000000000000000e+04 1.956000000000000000e+03
3.000000000000000000e+04 1.850000000000000000e+03
3.050000000000000000e+04 1.813000000000000000e+03
3.100000000000000000e+04 1.715000000000000000e+03
3.150000000000000000e+04 1.683000000000000000e+03
3.200000000000000000e+04 1.563000000000000000e+03
3.250000000000000000e+04 1.656000000000000000e+03
3.300000000000000000e+04 1.506000000000000000e+03
3.350000000000000000e+04 1.478000000000000000e+03
3.400000000000000000e+04 1.378000000000000000e+03
3.450000000000000000e+04 1.349000000000000000e+03
3.500000000000000000e+04 1.401000000000000000e+03
3.550000000000000000e+04 1.410000000000000000e+03
3.600000000000000000e+04 1.419000000000000000e+03
3.650000000000000000e+04 1.494000000000000000e+03
3.700000000000000000e+04 1.481000000000000000e+03
3.750000000000000000e+04 1.542000000000000000e+03
3.800000000000000000e+04 1.686000000000000000e+03
3.850000000000000000e+04 1.677000000000000000e+03
3.900000000000000000e+04 1.718000000000000000e+03
3.950000000000000000e+04 1.898000000000000000e+03
4.000000000000000000e+04 2.019000000000000000e+03
4.050000000000000000e+04 2.134000000000000000e+03
4.100000000000000000e+04 2.069000000000000000e+03
4.150000000000000000e+04 2.211000000000000000e+03
4.200000000000000000e+04 2.501000000000000000e+03
4.250000000000000000e+04 2.619000000000000000e+03
4.300000000000000000e+04 2.808000000000000000e+03
4.350000000000000000e+04 2.845000000000000000e+03
4.400000000000000000e+04 3.063000000000000000e+03
4.450000000000000000e+04 3.133000000000000000e+03
4.500000000000000000e+04 3.269000000000000000e+03
4.550000000000000000e+04 3.466000000000000000e+03
4.600000000000000000e+04 3.346000000000000000e+03
4.650000000000000000e+04 3.406000000000000000e+03
4.700000000000000000e+04 3.722000000000000000e+03
4.750000000000000000e+04 3.749000000000000000e+03
4.800000000000000000e+04 3.982000000000000000e+03
4.850000000000000000e+04 3.982000000000000000e+03
4.900000000000000000e+04 4.238000000000000000e+03
4.950000000000000000e+04 4.280000000000000000e+03
5.000000000000000000e+04 4.379000000000000000e+03
5.050000000000000000e+04 4.210000000000000000e+03
5.100000000000000000e+04 4.360000000000000000e+03
5.150000000000000000e+04 4.399000000000000000e+03
5.200000000000000000e+04 4.585000000000000000e+03
5.250000000000000000e+04 4.526000000000000000e+03
5.300000000000000000e+04 4.609000000000000000e+03
5.350000000000000000e+04 4.743000000000000000e+03
5.400000000000000000e+04 4.612000000000000000e+03
5.450000000000000000e+04 4.681000000000000000e+03
5.500000000000000000e+04 4.855000000000000000e+03
5.550000000000000000e+04 4.784000000000000000e+03
5.600000000000000000e+04 4.807000000000000000e+03
5.650000000000000000e+04 4.917000000000000000e+03
5.700000000000000000e+04 4.758000000000000000e+03
5.750000000000000000e+04 4.814000000000000000e+03
5.800000000000000000e+04 5.014000000000000000e+03
5.850000000000000000e+04 4.990000000000000000e+03
5.900000000000000000e+04 4.960000000000000000e+03
5.950000000000000000e+04 5.060000000000000000e+03
6.000000000000000000e+04 5.027000000000000000e+03
6.050000000000000000e+04 4.860000000000000000e+03
6.100000000000000000e+04 4.960000000000000000e+03
6.150000000000000000e+04 4.963000000000000000e+03
6.200000000000000000e+04 4.967000000000000000e+03
6.250000000000000000e+04 4.882000000000000000e+03
6.300000000000000000e+04 4.766000000000000000e+03
6.350000000000000000e+04 4.833000000000000000e+03
6.400000000000000000e+04 4.840000000000000000e+03
6.450000000000000000e+04 4.706000000000000000e+03
6.500000000000000000e+04 4.750000000000000000e+03
6.550000000000000000e+04 4.634000000000000000e+03
6.600000000000000000e+04 4.730000000000000000e+03
6.650000000000000000e+04 4.653000000000000000e+03
6.700000000000000000e+04 4.554000000000000000e+03
6.750000000000000000e+04 4.381000000000000000e+03
6.800000000000000000e+04 4.375000000000000000e+03
6.850000000000000000e+04 4.282000000000000000e+03
6.900000000000000000e+04 4.199000000000000000e+03
6.950000000000000000e+04 4.290000000000000000e+03
7.000000000000000000e+04 4.091000000000000000e+03
7.050000000000000000e+04 4.092000000000000000e+03
7.100000000000000000e+04 4.088000000000000000e+03
7.150000000000000000e+04 3.896000000000000000e+03
7.200000000000000000e+04 3.794000000000000000e+03
7.250000000000000000e+04 3.614000000000000000e+03
7.300000000000000000e+04 3.566000000000000000e+03
7.350000000000000000e+04 3.425000000000000000e+03
7.400000000000000000e+04 3.270000000000000000e+03
7.450000000000000000e+04 3.109000000000000000e+03
7.500000000000000000e+04 3.004000000000000000e+03
7.550000000000000000e+04 2.985000000000000000e+03
7.600000000000000000e+04 2.796000000000000000e+03
7.650000000000000000e+04 2.725000000000000000e+03
7.700000000000000000e+04 2.572000000000000000e+03
7.750000000000000000e+04 2.392000000000000000e+03
7.800000000000000000e+04 2.374000000000000000e+03
7.850000000000000000e+04 2.136000000000000000e+03
7.900000000000000000e+04 2.125000000000000000e+03
7.950000000000000000e+04 1.990000000000000000e+03
8.000000000000000000e+04 1.908000000000000000e+03
8.050000000000000000e+04 1.801000000000000000e+03
8.100000000000000000e+04 1.815000000000000000e+03
8.150000000000000000e+04 1.691000000000000000e+03
8.200000000000000000e+04 1.598000000000000000e+03
8.250000000000000000e+04 1.525000000000000000e+03
8.300000000000000000e+04 1.477000000000000000e+03
8.350000000000000000e+04 1.439000000000000000e+03
8.400000000000000000e+04 1.425000000000000000e+03
8.450000000000000000e+04 1.275000000000000000e+03
8.500000000000000000e+04 1.325000000000000000e+03
8.550000000000000000e+04 1.380000000000000000e+03
8.600000000000000000e+04 1.423000000000000000e+03
8.650000000000000000e+04 1.546000000000000000e+03
8.700000000000000000e+04 1.480000000000000000e+03
8.750000000000000000e+04 1.626000000000000000e+03
8.800000000000000000e+04 1.652000000000000000e+03
8.850000000000000000e+04 1.690000000000000000e+03
8.900000000000000000e+04 1.734000000000000000e+03
8.950000000000000000e+04 1.873000000000000000e+03
9.000000000000000000e+04 2.013000000000000000e+03
9.050000000000000000e+04 2.065000000000000000e+03
9.100000000000000000e+04 2.257000000000000000e+03
9.150000000000000000e+04 2.291000000000000000e+03
9.200000000000000000e+04 2.378000000000000000e+03
9.250000000000000000e+04 2.658000000000000000e+03
9.300000000000000000e+04 2.789000000000000000e+03
9.350000000000000000e+04 2.810000000000000000e+03
9.400000000000000000e+04 2.977000000000000000e+03
9.450000000000000000e+04 2.955000000000000000e+03
9.500000000000000000e+04 3.238000000000000000e+03
9.550000000000000000e+04 3.233000000000000000e+03
9.600000000000000000e+04 3.465000000000000000e+03
9.650000000000000000e+04 3.577000000000000000e+03
9.700000000000000000e+04 3.672000000000000000e+03
9.750000000000000000e+04 3.798000000000000000e+03
9.800000000000000000e+04 3.866000000000000000e+03
9.850000000000000000e+04 4.078000000000000000e+03
9.900000000000000000e+04 4.078000000000000000e+03
9.950000000000000000e+04 4.171000000000000000e+03
