0.000000000000000000e+00 3.667000000000000000e+03
1.000000000000000000e+04 3.843000000000000000e+03
2.000000000000000000e+04 3.885000000000000000e+03
3.000000000000000000e+04 3.997000000000000000e+03
4.000000000000000000e+04 4.032000000000000000e+03
5.000000000000000000e+04 4.088000000000000000e+03
6.000000000000000000e+04 4.222000000000000000e+03
7.000000000000000000e+04 4.385000000000000000e+03
8.000000000000000000e+04 4.381000000000000000e+03
9.000000000000000000e+04 4.321000000000000000e+03
1.000000000000000000e+05 4.360000000000000000e+03
1.100000000000000000e+05 4.524000000000000000e+03
1.200000000000000000e+05 4.413000000000000000e+03
1.300000000000000000e+05 4.410000000000000000e+03
1.400000000000000000e+05 4.464000000000000000e+03
1.500000000000000000e+05 4.384000000000000000e+03
1.600000000000000000e+05 4.685000000000000000e+03
1.700000000000000000e+05 4.586000000000000000e+03
1.800000000000000000e+05 4.561000000000000000e+03
1.900000000000000000e+05 4.482000000000000000e+03
2.000000000000000000e+05 4.418000000000000000e+03
2.100000000000000000e+05 4.458000000000000000e+03
2.200000000000000000e+05 4.591000000000000000e+03
2.300000000000000000e+05 4.482000000000000000e+03
2.400000000000000000e+05 4.548000000000000000e+03
2.500000000000000000e+05 4.415000000000000000e+03
2.600000000000000000e+05 4.406000000000000000e+03
2.700000000000000000e+05 4.324000000000000000e+03
2.800000000000000000e+05 4.338000000000000000e+03
2.900000000000000000e+05 4.304000000000000000e+03
3.000000000000000000e+05 4.413000000000000000e+03
3.100000000000000000e+05 4.201000000000000000e+03
3.200000000000000000e+05 4.284000000000000000e+03
3.300000000000000000e+05 4.119000000000000000e+03
3.400000000000000000e+05 4.204000000000000000e+03
3.500000000000000000e+05 4.088000000000000000e+03
3.600000000000000000e+05 4.012000000000000000e+03
3.700000000000000000e+05 4.013000000000000000e+03
3.800000000000000000e+05 3.884000000000000000e+03
3.900000000000000000e+05 3.794000000000000000e+03
4.000000000000000000e+05 3.782000000000000000e+03
4.100000000000000000e+05 3.732000000000000000e+03
4.200000000000000000e+05 3.731000000000000000e+03
4.300000000000000000e+05 3.485000000000000000e+03
4.400000000000000000e+05 3.383000000000000000e+03
4.500000000000000000e+05 3.392000000000000000e+03
4.600000000000000000e+05 3.216000000000000000e+03
4.700000000000000000e+05 3.139000000000000000e+03
4.800000000000000000e+05 3.001000000000000000e+03
4.900000000000000000e+05 2.841000000000000000e+03
5.000000000000000000e+05 2.826000000000000000e+03
5.100000000000000000e+05 2.638000000000000000e+03
5.200000000000000000e+05 2.573000000000000000e+03
5.300000000000000000e+05 2.467000000000000000e+03
5.400000000000000000e+05 2.232000000000000000e+03
5.500000000000000000e+05 2.226000000000000000e+03
5.600000000000000000e+05 2.088000000000000000e+03
5.700000000000000000e+05 2.009000000000000000e+03
5.800000000000000000e+05 1.907000000000000000e+03
5.900000000000000000e+05 1.902000000000000000e+03
6.000000000000000000e+05 1.750000000000000000e+03
6.100000000000000000e+05 1.649000000000000000e+03
6.200000000000000000e+05 1.486000000000000000e+03
6.300000000000000000e+05 1.479000000000000000e+03
6.400000000000000000e+05 1.360000000000000000e+03
6.500000000000000000e+05 1.355000000000000000e+03
6.600000000000000000e+05 1.289000000000000000e+03
6.700000000000000000e+05 1.325000000000000000e+03
6.800000000000000000e+05 1.241000000000000000e+03
6.900000000000000000e+05 1.293000000000000000e+03
7.000000000000000000e+05 1.282000000000000000e+03
7.100000000000000000e+05 1.292000000000000000e+03
7.200000000000000000e+05 1.362000000000000000e+03
7.300000000000000000e+05 1.358000000000000000e+03
7.400000000000000000e+05 1.346000000000000000e+03
7.500000000000000000e+05 1.481000000000000000e+03
7.600000000000000000e+05 1.458000000000000000e+03
7.700000000000000000e+05 1.536000000000000000e+03
7.800000000000000000e+05 1.620000000000000000e+03
7.900000000000000000e+05 1.769000000000000000e+03
8.000000000000000000e+05 1.784000000000000000e+03
8.100000000000000000e+05 1.895000000000000000e+03
8.200000000000000000e+05 2.024000000000000000e+03
8.300000000000000000e+05 2.124000000000000000e+03
8.400000000000000000e+05 2.235000000000000000e+03
8.500000000000000000e+05 2.315000000000000000e+03
8.600000000000000000e+05 2.458000000000000000e+03
8.700000000000000000e+05 2.570000000000000000e+03
8.800000000000000000e+05 2.720000000000000000e+03
8.900000000000000000e+05 2.783000000000000000e+03
9.000000000000000000e+05 2.861000000000000000e+03
9.100000000000000000e+05 3.058000000000000000e+03
9.200000000000000000e+05 3.180000000000000000e+03
9.300000000000000000e+05 3.192000000000000000e+03
9.400000000000000000e+05 3.235000000000000000e+03
9.500000000000000000e+05 3.466000000000000000e+03
9.600000000000000000e+05 3.600000000000000000e+03
9.700000000000000000e+05 3.709000000000000000e+03
9.800000000000000000e+05 3.687000000000000000e+03
9.900000000000000000e+05 3.897000000000000000e+03
1.000000000000000000e+06 3.747000000000000000e+03
1.010000000000000000e+06 3.897000000000000000e+03
1.020000000000000000e+06 3.929000000000000000e+03
1.030000000000000000e+06 4.029000000000000000e+03
1.040000000000000000e+06 4.147000000000000000e+03
1.050000000000000000e+06 4.106000000000000000e+03
1.060000000000000000e+06 4.258000000000000000e+03
1.070000000000000000e+06 4.126000000000000000e+03
1.080000000000000000e+06 4.241000000000000000e+03
1.090000000000000000e+06 4.266000000000000000e+03
1.100000000000000000e+06 4.428000000000000000e+03
1.110000000000000000e+06 4.313000000000000000e+03
1.120000000000000000e+06 4.453000000000000000e+03
1.130000000000000000e+06 4.261000000000000000e+03
1.140000000000000000e+06 4.559000000000000000e+03
1.150000000000000000e+06 4.550000000000000000e+03
1.160000000000000000e+06 4.457000000000000000e+03
1.170000000000000000e+06 4.461000000000000000e+03
1.180000000000000000e+06 4.467000000000000000e+03
1.190000000000000000e+06 4.470000000000000000e+03
1.200000000000000000e+06 4.418000000000000000e+03
1.210000000000000000e+06 4.444000000000000000e+03
1.220000000000000000e+06 4.496000000000000000e+03
1.230000000000000000e+06 4.493000000000000000e+03
1.240000000000000000e+06 4.505000000000000000e+03
1.250000000000000000e+06 4.436000000000000000e+03
1.260000000000000000e+06 4.564000000000000000e+03
1.270000000000000000e+06 4.497000000000000000e+03
1.280000000000000000e+06 4.240000000000000000e+03
1.290000000000000000e+06 4.505000000000000000e+03
1.300000000000000000e+06 4.536000000000000000e+03
1.310000000000000000e+06 4.490000000000000000e+03
1.320000000000000000e+06 4.120000000000000000e+03
1.330000000000000000e+06 4.227000000000000000e+03
1.340000000000000000e+06 4.157000000000000000e+03
1.350000000000000000e+06 4.184000000000000000e+03
1.360000000000000000e+06 4.070000000000000000e+03
1.370000000000000000e+06 4.067000000000000000e+03
1.380000000000000000e+06 3.936000000000000000e+03
1.390000000000000000e+06 3.898000000000000000e+03
1.400000000000000000e+06 3.767000000000000000e+03
1.410000000000000000e+06 3.750000000000000000e+03
1.420000000000000000e+06 3.681000000000000000e+03
1.430000000000000000e+06 3.479000000000000000e+03
1.440000000000000000e+06 3.437000000000000000e+03
1.450000000000000000e+06 3.322000000000000000e+03
1.460000000000000000e+06 3.243000000000000000e+03
1.470000000000000000e+06 3.129000000000000000e+03
1.480000000000000000e+06 2.961000000000000000e+03
1.490000000000000000e+06 2.909000000000000000e+03
1.500000000000000000e+06 2.843000000000000000e+03
1.510000000000000000e+06 2.728000000000000000e+03
1.520000000000000000e+06 2.544000000000000000e+03
1.530000000000000000e+06 2.380000000000000000e+03
1.540000000000000000e+06 2.281000000000000000e+03
1.550000000000000000e+06 2.162000000000000000e+03
1.560000000000000000e+06 2.109000000000000000e+03
1.570000000000000000e+06 2.005000000000000000e+03
1.580000000000000000e+06 1.920000000000000000e+03
1.590000000000000000e+06 1.751000000000000000e+03
1.600000000000000000e+06 1.662000000000000000e+03
1.610000000000000000e+06 1.670000000000000000e+03
1.620000000000000000e+06 1.533000000000000000e+03
1.630000000000000000e+06 1.450000000000000000e+03
1.640000000000000000e+06 1.421000000000000000e+03
1.650000000000000000e+06 1.380000000000000000e+03
1.660000000000000000e+06 1.359000000000000000e+03
1.670000000000000000e+06 1.279000000000000000e+03
1.680000000000000000e+06 1.254000000000000000e+03
1.690000000000000000e+06 1.347000000000000000e+03
1.700000000000000000e+06 1.168000000000000000e+03
1.710000000000000000e+06 1.293000000000000000e+03
1.720000000000000000e+06 1.353000000000000000e+03
1.730000000000000000e+06 1.358000000000000000e+03
1.740000000000000000e+06 1.356000000000000000e+03
1.750000000000000000e+06 1.375000000000000000e+03
1.760000000000000000e+06 1.570000000000000000e+03
1.770000000000000000e+06 1.518000000000000000e+03
1.780000000000000000e+06 1.545000000000000000e+03
1.790000000000000000e+06 1.728000000000000000e+03
1.800000000000000000e+06 1.838000000000000000e+03
1.810000000000000000e+06 1.975000000000000000e+03
1.820000000000000000e+06 2.000000000000000000e+03
1.830000000000000000e+06 2.140000000000000000e+03
1.840000000000000000e+06 2.202000000000000000e+03
1.850000000000000000e+06 2.326000000000000000e+03
1.860000000000000000e+06 2.452000000000000000e+03
1.870000000000000000e+06 2.631000000000000000e+03
1.880000000000000000e+06 2.700000000000000000e+03
1.890000000000000000e+06 2.768000000000000000e+03
1.900000000000000000e+06 2.971000000000000000e+03
1.910000000000000000e+06 3.051000000000000000e+03
1.920000000000000000e+06 3.094000000000000000e+03
1.930000000000000000e+06 3.183000000000000000e+03
1.940000000000000000e+06 3.294000000000000000e+03
1.950000000000000000e+06 3.291000000000000000e+03
1.960000000000000000e+06 3.476000000000000000e+03
1.970000000000000000e+06 3.641000000000000000e+03
1.980000000000000000e+06 3.814000000000000000e+03
1.990000000000000000e+06 3.780000000000000000e+03
