0.000000000000000000e+00 2.125000000000000000e+03
3.300000000000000000e+01 2.207000000000000000e+03
6.600000000000000000e+01 2.299000000000000000e+03
9.900000000000000000e+01 2.303000000000000000e+03
1.320000000000000000e+02 2.329000000000000000e+03
1.650000000000000000e+02 2.419000000000000000e+03
1.980000000000000000e+02 2.450000000000000000e+03
2.310000000000000000e+02 2.431000000000000000e+03
2.640000000000000000e+02 2.479000000000000000e+03
2.970000000000000000e+02 2.545000000000000000e+03
3.300000000000000000e+02 2.509000000000000000e+03
3.630000000000000000e+02 2.692000000000000000e+03
3.960000000000000000e+02 2.517000000000000000e+03
4.290000000000000000e+02 2.609000000000000000e+03
4.620000000000000000e+02 2.663000000000000000e+03
4.950000000000000000e+02 2.729000000000000000e+03
5.280000000000000000e+02 2.767000000000000000e+03
5.610000000000000000e+02 2.693000000000000000e+03
5.940000000000000000e+02 2.659000000000000000e+03
6.270000000000000000e+02 2.656000000000000000e+03
6.600000000000000000e+02 2.813000000000000000e+03
6.930000000000000000e+02 2.667000000000000000e+03
7.260000000000000000e+02 2.612000000000000000e+03
7.590000000000000000e+02 2.739000000000000000e+03
7.920000000000000000e+02 2.764000000000000000e+03
8.250000000000000000e+02 2.660000000000000000e+03
8.580000000000000000e+02 2.595000000000000000e+03
8.910000000000000000e+02 2.811000000000000000e+03
9.240000000000000000e+02 2.596000000000000000e+03
9.570000000000000000e+02 2.689000000000000000e+03
9.900000000000000000e+02 2.679000000000000000e+03
1.023000000000000000e+03 2.710000000000000000e+03
1.056000000000000000e+03 2.605000000000000000e+03
1.089000000000000000e+03 2.548000000000000000e+03
1.122000000000000000e+03 2.611000000000000000e+03
1.155000000000000000e+03 2.621000000000000000e+03
1.188000000000000000e+03 2.502000000000000000e+03
1.221000000000000000e+03 2.513000000000000000e+03
1.254000000000000000e+03 2.438000000000000000e+03
1.287000000000000000e+03 2.516000000000000000e+03
1.320000000000000000e+03 2.355000000000000000e+03
1.353000000000000000e+03 2.377000000000000000e+03
1.386000000000000000e+03 2.449000000000000000e+03
1.419000000000000000e+03 2.352000000000000000e+03
1.452000000000000000e+03 2.415000000000000000e+03
1.485000000000000000e+03 2.261000000000000000e+03
1.518000000000000000e+03 2.251000000000000000e+03
1.551000000000000000e+03 2.231000000000000000e+03
1.584000000000000000e+03 2.164000000000000000e+03
1.617000000000000000e+03 2.063000000000000000e+03
1.650000000000000000e+03 2.025000000000000000e+03
1.683000000000000000e+03 2.020000000000000000e+03
1.716000000000000000e+03 1.980000000000000000e+03
1.749000000000000000e+03 1.967000000000000000e+03
1.782000000000000000e+03 1.877000000000000000e+03
1.815000000000000000e+03 1.809000000000000000e+03
1.848000000000000000e+03 1.730000000000000000e+03
1.881000000000000000e+03 1.693000000000000000e+03
1.914000000000000000e+03 1.587000000000000000e+03
1.947000000000000000e+03 1.519000000000000000e+03
1.980000000000000000e+03 1.538000000000000000e+03
2.013000000000000000e+03 1.567000000000000000e+03
2.046000000000000000e+03 1.478000000000000000e+03
2.079000000000000000e+03 1.405000000000000000e+03
2.112000000000000000e+03 1.353000000000000000e+03
2.145000000000000000e+03 1.231000000000000000e+03
2.178000000000000000e+03 1.193000000000000000e+03
2.211000000000000000e+03 1.216000000000000000e+03
2.244000000000000000e+03 1.204000000000000000e+03
2.277000000000000000e+03 1.174000000000000000e+03
2.310000000000000000e+03 1.066000000000000000e+03
2.343000000000000000e+03 1.063000000000000000e+03
2.376000000000000000e+03 1.116000000000000000e+03
2.409000000000000000e+03 1.055000000000000000e+03
2.442000000000000000e+03 9.660000000000000000e+02
2.475000000000000000e+03 1.050000000000000000e+03
2.508000000000000000e+03 9.670000000000000000e+02
2.541000000000000000e+03 1.041000000000000000e+03
2.574000000000000000e+03 1.035000000000000000e+03
2.607000000000000000e+03 1.071000000000000000e+03
2.640000000000000000e+03 1.095000000000000000e+03
2.673000000000000000e+03 1.053000000000000000e+03
2.706000000000000000e+03 1.087000000000000000e+03
2.739000000000000000e+03 1.049000000000000000e+03
2.772000000000000000e+03 1.114000000000000000e+03
2.805000000000000000e+03 1.189000000000000000e+03
2.838000000000000000e+03 1.254000000000000000e+03
2.871000000000000000e+03 1.206000000000000000e+03
2.904000000000000000e+03 1.348000000000000000e+03
2.937000000000000000e+03 1.425000000000000000e+03
2.970000000000000000e+03 1.414000000000000000e+03
3.003000000000000000e+03 1.445000000000000000e+03
3.036000000000000000e+03 1.552000000000000000e+03
3.069000000000000000e+03 1.624000000000000000e+03
3.102000000000000000e+03 1.692000000000000000e+03
3.135000000000000000e+03 1.711000000000000000e+03
3.168000000000000000e+03 1.846000000000000000e+03
3.201000000000000000e+03 1.903000000000000000e+03
3.234000000000000000e+03 2.118000000000000000e+03
3.267000000000000000e+03 2.039000000000000000e+03
3.300000000000000000e+03 2.117000000000000000e+03
3.333000000000000000e+03 2.150000000000000000e+03
3.366000000000000000e+03 2.203000000000000000e+03
3.399000000000000000e+03 2.267000000000000000e+03
3.432000000000000000e+03 2.329000000000000000e+03
3.465000000000000000e+03 2.344000000000000000e+03
3.498000000000000000e+03 2.505000000000000000e+03
3.531000000000000000e+03 2.474000000000000000e+03
3.564000000000000000e+03 2.523000000000000000e+03
3.597000000000000000e+03 2.511000000000000000e+03
3.630000000000000000e+03 2.514000000000000000e+03
3.663000000000000000e+03 2.591000000000000000e+03
3.696000000000000000e+03 2.592000000000000000e+03
3.729000000000000000e+03 2.630000000000000000e+03
3.762000000000000000e+03 2.597000000000000000e+03
3.795000000000000000e+03 2.549000000000000000e+03
3.828000000000000000e+03 2.673000000000000000e+03
3.861000000000000000e+03 2.762000000000000000e+03
3.894000000000000000e+03 2.711000000000000000e+03
3.927000000000000000e+03 2.717000000000000000e+03
3.960000000000000000e+03 2.710000000000000000e+03
3.993000000000000000e+03 2.661000000000000000e+03
4.026000000000000000e+03 2.763000000000000000e+03
4.059000000000000000e+03 2.743000000000000000e+03
4.092000000000000000e+03 2.702000000000000000e+03
4.125000000000000000e+03 2.704000000000000000e+03
4.158000000000000000e+03 2.724000000000000000e+03
4.191000000000000000e+03 2.679000000000000000e+03
4.224000000000000000e+03 2.727000000000000000e+03
4.257000000000000000e+03 2.725000000000000000e+03
4.290000000000000000e+03 2.689000000000000000e+03
4.323000000000000000e+03 2.708000000000000000e+03
4.356000000000000000e+03 2.696000000000000000e+03
4.389000000000000000e+03 2.684000000000000000e+03
4.422000000000000000e+03 2.612000000000000000e+03
4.455000000000000000e+03 2.610000000000000000e+03
4.488000000000000000e+03 2.650000000000000000e+03
4.521000000000000000e+03 2.571000000000000000e+03
4.554000000000000000e+03 2.637000000000000000e+03
4.587000000000000000e+03 2.612000000000000000e+03
4.620000000000000000e+03 2.510000000000000000e+03
4.653000000000000000e+03 2.548000000000000000e+03
4.686000000000000000e+03 2.463000000000000000e+03
4.719000000000000000e+03 2.430000000000000000e+03
4.752000000000000000e+03 2.312000000000000000e+03
4.785000000000000000e+03 2.294000000000000000e+03
4.818000000000000000e+03 2.254000000000000000e+03
4.851000000000000000e+03 2.209000000000000000e+03
4.884000000000000000e+03 2.209000000000000000e+03
4.917000000000000000e+03 2.146000000000000000e+03
4.950000000000000000e+03 2.164000000000000000e+03
4.983000000000000000e+03 2.114000000000000000e+03
5.016000000000000000e+03 2.092000000000000000e+03
5.049000000000000000e+03 1.896000000000000000e+03
5.082000000000000000e+03 1.874000000000000000e+03
5.115000000000000000e+03 1.861000000000000000e+03
5.148000000000000000e+03 1.741000000000000000e+03
5.181000000000000000e+03 1.770000000000000000e+03
5.214000000000000000e+03 1.707000000000000000e+03
5.247000000000000000e+03 1.626000000000000000e+03
5.280000000000000000e+03 1.561000000000000000e+03
5.313000000000000000e+03 1.502000000000000000e+03
5.346000000000000000e+03 1.481000000000000000e+03
5.379000000000000000e+03 1.423000000000000000e+03
5.412000000000000000e+03 1.375000000000000000e+03
5.445000000000000000e+03 1.278000000000000000e+03
5.478000000000000000e+03 1.245000000000000000e+03
5.511000000000000000e+03 1.269000000000000000e+03
5.544000000000000000e+03 1.226000000000000000e+03
5.577000000000000000e+03 1.209000000000000000e+03
5.610000000000000000e+03 1.253000000000000000e+03
5.643000000000000000e+03 1.095000000000000000e+03
5.676000000000000000e+03 1.105000000000000000e+03
5.709000000000000000e+03 1.038000000000000000e+03
5.742000000000000000e+03 1.013000000000000000e+03
5.775000000000000000e+03 1.004000000000000000e+03
5.808000000000000000e+03 1.052000000000000000e+03
5.841000000000000000e+03 1.059000000000000000e+03
5.874000000000000000e+03 1.033000000000000000e+03
5.907000000000000000e+03 1.017000000000000000e+03
5.940000000000000000e+03 1.041000000000000000e+03
5.973000000000000000e+03 1.027000000000000000e+03
6.006000000000000000e+03 1.098000000000000000e+03
6.039000000000000000e+03 1.054000000000000000e+03
6.072000000000000000e+03 1.090000000000000000e+03
6.105000000000000000e+03 1.138000000000000000e+03
6.138000000000000000e+03 1.203000000000000000e+03
6.171000000000000000e+03 1.322000000000000000e+03
6.204000000000000000e+03 1.233000000000000000e+03
6.237000000000000000e+03 1.369000000000000000e+03
6.270000000000000000e+03 1.347000000000000000e+03
6.303000000000000000e+03 1.400000000000000000e+03
6.336000000000000000e+03 1.556000000000000000e+03
6.369000000000000000e+03 1.593000000000000000e+03
6.402000000000000000e+03 1.644000000000000000e+03
6.435000000000000000e+03 1.782000000000000000e+03
6.468000000000000000e+03 1.858000000000000000e+03
6.501000000000000000e+03 1.885000000000000000e+03
6.534000000000000000e+03 1.894000000000000000e+03
6.567000000000000000e+03 1.971000000000000000e+03
6.600000000000000000e+03 2.141000000000000000e+03
6.633000000000000000e+03 2.116000000000000000e+03
