0.000000000000000000e+00 5.197000000000000000e+03
2.000000000000000000e+01 5.434000000000000000e+03
4.000000000000000000e+01 5.592000000000000000e+03
6.000000000000000000e+01 5.749000000000000000e+03
8.000000000000000000e+01 5.771000000000000000e+03
1.000000000000000000e+02 5.949000000000000000e+03
1.200000000000000000e+02 5.992000000000000000e+03
1.400000000000000000e+02 6.145000000000000000e+03
1.600000000000000000e+02 6.255000000000000000e+03
1.800000000000000000e+02 6.220000000000000000e+03
2.000000000000000000e+02 6.428000000000000000e+03
2.200000000000000000e+02 6.557000000000000000e+03
2.400000000000000000e+02 6.446000000000000000e+03
2.600000000000000000e+02 6.778000000000000000e+03
2.800000000000000000e+02 6.699000000000000000e+03
3.000000000000000000e+02 6.852000000000000000e+03
3.200000000000000000e+02 6.829000000000000000e+03
3.400000000000000000e+02 6.808000000000000000e+03
3.600000000000000000e+02 6.851000000000000000e+03
3.800000000000000000e+02 6.892000000000000000e+03
4.000000000000000000e+02 6.965000000000000000e+03
4.200000000000000000e+02 7.116000000000000000e+03
4.400000000000000000e+02 7.197000000000000000e+03
4.600000000000000000e+02 6.894000000000000000e+03
4.800000000000000000e+02 6.993000000000000000e+03
5.000000000000000000e+02 7.216000000000000000e+03
5.200000000000000000e+02 7.169000000000000000e+03
5.400000000000000000e+02 7.010000000000000000e+03
5.600000000000000000e+02 7.096000000000000000e+03
5.800000000000000000e+02 6.928000000000000000e+03
6.000000000000000000e+02 7.150000000000000000e+03
6.200000000000000000e+02 6.917000000000000000e+03
6.400000000000000000e+02 6.955000000000000000e+03
6.600000000000000000e+02 6.927000000000000000e+03
6.800000000000000000e+02 6.711000000000000000e+03
7.000000000000000000e+02 6.739000000000000000e+03
7.200000000000000000e+02 6.805000000000000000e+03
7.400000000000000000e+02 6.749000000000000000e+03
7.600000000000000000e+02 6.575000000000000000e+03
7.800000000000000000e+02 6.514000000000000000e+03
8.000000000000000000e+02 6.430000000000000000e+03
8.200000000000000000e+02 6.497000000000000000e+03
8.400000000000000000e+02 6.225000000000000000e+03
8.600000000000000000e+02 6.286000000000000000e+03
8.800000000000000000e+02 6.314000000000000000e+03
9.000000000000000000e+02 6.092000000000000000e+03
9.200000000000000000e+02 5.932000000000000000e+03
9.400000000000000000e+02 6.034000000000000000e+03
9.600000000000000000e+02 5.761000000000000000e+03
9.800000000000000000e+02 5.538000000000000000e+03
1.000000000000000000e+03 5.564000000000000000e+03
1.020000000000000000e+03 5.500000000000000000e+03
1.040000000000000000e+03 5.233000000000000000e+03
1.060000000000000000e+03 5.169000000000000000e+03
1.080000000000000000e+03 4.956000000000000000e+03
1.100000000000000000e+03 4.931000000000000000e+03
1.120000000000000000e+03 4.773000000000000000e+03
1.140000000000000000e+03 4.512000000000000000e+03
1.160000000000000000e+03 4.426000000000000000e+03
1.180000000000000000e+03 4.404000000000000000e+03
1.200000000000000000e+03 4.279000000000000000e+03
1.220000000000000000e+03 4.099000000000000000e+03
1.240000000000000000e+03 4.003000000000000000e+03
1.260000000000000000e+03 3.861000000000000000e+03
1.280000000000000000e+03 3.719000000000000000e+03
1.300000000000000000e+03 3.665000000000000000e+03
1.320000000000000000e+03 3.432000000000000000e+03
1.340000000000000000e+03 3.556000000000000000e+03
1.360000000000000000e+03 3.330000000000000000e+03
1.380000000000000000e+03 3.238000000000000000e+03
1.400000000000000000e+03 3.152000000000000000e+03
1.420000000000000000e+03 3.118000000000000000e+03
1.440000000000000000e+03 3.066000000000000000e+03
1.460000000000000000e+03 3.129000000000000000e+03
1.480000000000000000e+03 3.033000000000000000e+03
1.500000000000000000e+03 2.979000000000000000e+03
1.520000000000000000e+03 2.856000000000000000e+03
1.540000000000000000e+03 2.966000000000000000e+03
1.560000000000000000e+03 2.844000000000000000e+03
1.580000000000000000e+03 2.961000000000000000e+03
1.600000000000000000e+03 2.947000000000000000e+03
1.620000000000000000e+03 2.965000000000000000e+03
1.640000000000000000e+03 3.057000000000000000e+03
1.660000000000000000e+03 3.277000000000000000e+03
1.680000000000000000e+03 3.189000000000000000e+03
1.700000000000000000e+03 3.227000000000000000e+03
1.720000000000000000e+03 3.412000000000000000e+03
1.740000000000000000e+03 3.465000000000000000e+03
1.760000000000000000e+03 3.621000000000000000e+03
1.780000000000000000e+03 3.827000000000000000e+03
1.800000000000000000e+03 3.789000000000000000e+03
1.820000000000000000e+03 4.029000000000000000e+03
1.840000000000000000e+03 4.235000000000000000e+03
1.860000000000000000e+03 4.218000000000000000e+03
1.880000000000000000e+03 4.408000000000000000e+03
1.900000000000000000e+03 4.584000000000000000e+03
1.920000000000000000e+03 4.731000000000000000e+03
1.940000000000000000e+03 4.932000000000000000e+03
1.960000000000000000e+03 5.019000000000000000e+03
1.980000000000000000e+03 5.161000000000000000e+03
2.000000000000000000e+03 5.332000000000000000e+03
2.020000000000000000e+03 5.428000000000000000e+03
2.040000000000000000e+03 5.589000000000000000e+03
2.060000000000000000e+03 5.666000000000000000e+03
2.080000000000000000e+03 5.745000000000000000e+03
2.100000000000000000e+03 5.979000000000000000e+03
2.120000000000000000e+03 5.924000000000000000e+03
2.140000000000000000e+03 6.251000000000000000e+03
2.160000000000000000e+03 6.208000000000000000e+03
2.180000000000000000e+03 6.410000000000000000e+03
2.200000000000000000e+03 6.259000000000000000e+03
2.220000000000000000e+03 6.548000000000000000e+03
2.240000000000000000e+03 6.483000000000000000e+03
2.260000000000000000e+03 6.636000000000000000e+03
2.280000000000000000e+03 6.577000000000000000e+03
2.300000000000000000e+03 6.626000000000000000e+03
2.320000000000000000e+03 6.739000000000000000e+03
2.340000000000000000e+03 6.722000000000000000e+03
2.360000000000000000e+03 6.833000000000000000e+03
2.380000000000000000e+03 6.922000000000000000e+03
2.400000000000000000e+03 6.673000000000000000e+03
2.420000000000000000e+03 6.766000000000000000e+03
2.440000000000000000e+03 6.913000000000000000e+03
2.460000000000000000e+03 6.836000000000000000e+03
2.480000000000000000e+03 7.061000000000000000e+03
2.500000000000000000e+03 6.940000000000000000e+03
2.520000000000000000e+03 6.898000000000000000e+03
2.540000000000000000e+03 6.773000000000000000e+03
2.560000000000000000e+03 6.873000000000000000e+03
2.580000000000000000e+03 6.952000000000000000e+03
2.600000000000000000e+03 6.874000000000000000e+03
2.620000000000000000e+03 6.891000000000000000e+03
2.640000000000000000e+03 6.809000000000000000e+03
2.660000000000000000e+03 6.596000000000000000e+03
2.680000000000000000e+03 6.900000000000000000e+03
2.700000000000000000e+03 6.737000000000000000e+03
2.720000000000000000e+03 6.622000000000000000e+03
2.740000000000000000e+03 6.623000000000000000e+03
2.760000000000000000e+03 6.652000000000000000e+03
2.780000000000000000e+03 6.486000000000000000e+03
2.800000000000000000e+03 6.416000000000000000e+03
2.820000000000000000e+03 6.406000000000000000e+03
2.840000000000000000e+03 6.153000000000000000e+03
2.860000000000000000e+03 6.126000000000000000e+03
2.880000000000000000e+03 6.224000000000000000e+03
2.900000000000000000e+03 6.118000000000000000e+03
2.920000000000000000e+03 5.844000000000000000e+03
2.940000000000000000e+03 5.821000000000000000e+03
2.960000000000000000e+03 5.803000000000000000e+03
2.980000000000000000e+03 5.542000000000000000e+03
3.000000000000000000e+03 5.426000000000000000e+03
3.020000000000000000e+03 5.367000000000000000e+03
3.040000000000000000e+03 5.163000000000000000e+03
3.060000000000000000e+03 5.082000000000000000e+03
3.080000000000000000e+03 4.983000000000000000e+03
3.100000000000000000e+03 4.902000000000000000e+03
3.120000000000000000e+03 4.633000000000000000e+03
3.140000000000000000e+03 4.539000000000000000e+03
3.160000000000000000e+03 4.377000000000000000e+03
3.180000000000000000e+03 4.314000000000000000e+03
3.200000000000000000e+03 4.245000000000000000e+03
3.220000000000000000e+03 3.975000000000000000e+03
3.240000000000000000e+03 4.034000000000000000e+03
3.260000000000000000e+03 3.765000000000000000e+03
3.280000000000000000e+03 3.688000000000000000e+03
3.300000000000000000e+03 3.653000000000000000e+03
3.320000000000000000e+03 3.545000000000000000e+03
3.340000000000000000e+03 3.521000000000000000e+03
3.360000000000000000e+03 3.315000000000000000e+03
3.380000000000000000e+03 3.269000000000000000e+03
3.400000000000000000e+03 3.058000000000000000e+03
3.420000000000000000e+03 3.150000000000000000e+03
3.440000000000000000e+03 3.109000000000000000e+03
3.460000000000000000e+03 2.999000000000000000e+03
3.480000000000000000e+03 2.949000000000000000e+03
3.500000000000000000e+03 2.944000000000000000e+03
3.520000000000000000e+03 3.025000000000000000e+03
3.540000000000000000e+03 2.941000000000000000e+03
3.560000000000000000e+03 3.056000000000000000e+03
3.580000000000000000e+03 2.964000000000000000e+03
3.600000000000000000e+03 2.911000000000000000e+03
3.620000000000000000e+03 3.062000000000000000e+03
3.640000000000000000e+03 3.121000000000000000e+03
3.660000000000000000e+03 3.161000000000000000e+03
3.680000000000000000e+03 3.231000000000000000e+03
3.700000000000000000e+03 3.293000000000000000e+03
3.720000000000000000e+03 3.337000000000000000e+03
3.740000000000000000e+03 3.560000000000000000e+03
3.760000000000000000e+03 3.544000000000000000e+03
3.780000000000000000e+03 3.755000000000000000e+03
3.800000000000000000e+03 3.910000000000000000e+03
3.820000000000000000e+03 4.048000000000000000e+03
3.840000000000000000e+03 4.094000000000000000e+03
3.860000000000000000e+03 4.355000000000000000e+03
3.880000000000000000e+03 4.416000000000000000e+03
3.900000000000000000e+03 4.681000000000000000e+03
3.920000000000000000e+03 4.729000000000000000e+03
3.940000000000000000e+03 4.963000000000000000e+03
3.960000000000000000e+03 5.107000000000000000e+03
3.980000000000000000e+03 5.235000000000000000e+03
