0.000000000000000000e+00 4.166000000000000000e+03
1.400000000000000000e+01 4.411000000000000000e+03
2.800000000000000000e+01 4.456000000000000000e+03
4.200000000000000000e+01 4.596000000000000000e+03
5.600000000000000000e+01 4.631000000000000000e+03
7.000000000000000000e+01 4.863000000000000000e+03
8.400000000000000000e+01 4.992000000000000000e+03
9.800000000000000000e+01 5.001000000000000000e+03
1.120000000000000000e+02 5.045000000000000000e+03
1.260000000000000000e+02 5.171000000000000000e+03
1.400000000000000000e+02 5.278000000000000000e+03
1.540000000000000000e+02 5.295000000000000000e+03
1.680000000000000000e+02 5.337000000000000000e+03
1.820000000000000000e+02 5.458000000000000000e+03
1.960000000000000000e+02 5.471000000000000000e+03
2.100000000000000000e+02 5.596000000000000000e+03
2.240000000000000000e+02 5.554000000000000000e+03
2.380000000000000000e+02 5.587000000000000000e+03
2.520000000000000000e+02 5.659000000000000000e+03
2.660000000000000000e+02 5.805000000000000000e+03
2.800000000000000000e+02 5.610000000000000000e+03
2.940000000000000000e+02 5.755000000000000000e+03
3.080000000000000000e+02 5.832000000000000000e+03
3.220000000000000000e+02 5.750000000000000000e+03
3.360000000000000000e+02 5.823000000000000000e+03
3.500000000000000000e+02 5.866000000000000000e+03
3.640000000000000000e+02 5.910000000000000000e+03
3.780000000000000000e+02 5.879000000000000000e+03
3.920000000000000000e+02 5.931000000000000000e+03
4.060000000000000000e+02 5.900000000000000000e+03
4.200000000000000000e+02 5.815000000000000000e+03
4.340000000000000000e+02 5.957000000000000000e+03
4.480000000000000000e+02 5.763000000000000000e+03
4.620000000000000000e+02 5.852000000000000000e+03
4.760000000000000000e+02 5.756000000000000000e+03
4.900000000000000000e+02 5.650000000000000000e+03
5.040000000000000000e+02 5.774000000000000000e+03
5.180000000000000000e+02 5.646000000000000000e+03
5.320000000000000000e+02 5.662000000000000000e+03
5.460000000000000000e+02 5.639000000000000000e+03
5.600000000000000000e+02 5.613000000000000000e+03
5.740000000000000000e+02 5.595000000000000000e+03
5.880000000000000000e+02 5.502000000000000000e+03
6.020000000000000000e+02 5.532000000000000000e+03
6.160000000000000000e+02 5.181000000000000000e+03
6.300000000000000000e+02 5.183000000000000000e+03
6.440000000000000000e+02 5.232000000000000000e+03
6.580000000000000000e+02 5.082000000000000000e+03
6.720000000000000000e+02 5.000000000000000000e+03
6.860000000000000000e+02 4.860000000000000000e+03
7.000000000000000000e+02 4.964000000000000000e+03
7.140000000000000000e+02 4.719000000000000000e+03
7.280000000000000000e+02 4.625000000000000000e+03
7.420000000000000000e+02 4.636000000000000000e+03
7.560000000000000000e+02 4.527000000000000000e+03
7.700000000000000000e+02 4.310000000000000000e+03
7.840000000000000000e+02 4.308000000000000000e+03
7.980000000000000000e+02 4.196000000000000000e+03
8.120000000000000000e+02 4.125000000000000000e+03
8.260000000000000000e+02 3.973000000000000000e+03
8.400000000000000000e+02 3.862000000000000000e+03
8.540000000000000000e+02 3.844000000000000000e+03
8.680000000000000000e+02 3.702000000000000000e+03
8.820000000000000000e+02 3.756000000000000000e+03
8.960000000000000000e+02 3.562000000000000000e+03
9.100000000000000000e+02 3.452000000000000000e+03
9.240000000000000000e+02 3.438000000000000000e+03
9.380000000000000000e+02 3.407000000000000000e+03
9.520000000000000000e+02 3.186000000000000000e+03
9.660000000000000000e+02 3.064000000000000000e+03
9.800000000000000000e+02 3.135000000000000000e+03
9.940000000000000000e+02 3.159000000000000000e+03
1.008000000000000000e+03 3.092000000000000000e+03
1.022000000000000000e+03 3.016000000000000000e+03
1.036000000000000000e+03 2.948000000000000000e+03
1.050000000000000000e+03 2.849000000000000000e+03
1.064000000000000000e+03 2.917000000000000000e+03
1.078000000000000000e+03 2.834000000000000000e+03
1.092000000000000000e+03 2.765000000000000000e+03
1.106000000000000000e+03 2.822000000000000000e+03
1.120000000000000000e+03 2.768000000000000000e+03
1.134000000000000000e+03 2.796000000000000000e+03
1.148000000000000000e+03 2.740000000000000000e+03
1.162000000000000000e+03 2.882000000000000000e+03
1.176000000000000000e+03 2.737000000000000000e+03
1.190000000000000000e+03 2.878000000000000000e+03
1.204000000000000000e+03 2.904000000000000000e+03
1.218000000000000000e+03 2.925000000000000000e+03
1.232000000000000000e+03 2.976000000000000000e+03
1.246000000000000000e+03 3.024000000000000000e+03
1.260000000000000000e+03 3.093000000000000000e+03
1.274000000000000000e+03 3.155000000000000000e+03
1.288000000000000000e+03 3.220000000000000000e+03
1.302000000000000000e+03 3.348000000000000000e+03
1.316000000000000000e+03 3.336000000000000000e+03
1.330000000000000000e+03 3.590000000000000000e+03
1.344000000000000000e+03 3.616000000000000000e+03
1.358000000000000000e+03 3.662000000000000000e+03
1.372000000000000000e+03 3.884000000000000000e+03
1.386000000000000000e+03 4.204000000000000000e+03
1.400000000000000000e+03 4.121000000000000000e+03
1.414000000000000000e+03 4.230000000000000000e+03
1.428000000000000000e+03 4.303000000000000000e+03
1.442000000000000000e+03 4.482000000000000000e+03
1.456000000000000000e+03 4.625000000000000000e+03
1.470000000000000000e+03 4.731000000000000000e+03
1.484000000000000000e+03 4.944000000000000000e+03
1.498000000000000000e+03 4.849000000000000000e+03
1.512000000000000000e+03 4.986000000000000000e+03
1.526000000000000000e+03 5.103000000000000000e+03
1.540000000000000000e+03 5.214000000000000000e+03
1.554000000000000000e+03 5.312000000000000000e+03
1.568000000000000000e+03 5.378000000000000000e+03
1.582000000000000000e+03 5.383000000000000000e+03
1.596000000000000000e+03 5.461000000000000000e+03
1.610000000000000000e+03 5.619000000000000000e+03
1.624000000000000000e+03 5.637000000000000000e+03
1.638000000000000000e+03 5.563000000000000000e+03
1.652000000000000000e+03 5.754000000000000000e+03
1.666000000000000000e+03 5.636000000000000000e+03
1.680000000000000000e+03 5.719000000000000000e+03
1.694000000000000000e+03 5.812000000000000000e+03
1.708000000000000000e+03 5.834000000000000000e+03
1.722000000000000000e+03 5.850000000000000000e+03
1.736000000000000000e+03 5.927000000000000000e+03
1.750000000000000000e+03 5.849000000000000000e+03
1.764000000000000000e+03 5.985000000000000000e+03
1.778000000000000000e+03 5.935000000000000000e+03
1.792000000000000000e+03 5.989000000000000000e+03
1.806000000000000000e+03 5.801000000000000000e+03
1.820000000000000000e+03 5.888000000000000000e+03
1.834000000000000000e+03 5.890000000000000000e+03
1.848000000000000000e+03 5.907000000000000000e+03
1.862000000000000000e+03 5.907000000000000000e+03
1.876000000000000000e+03 5.741000000000000000e+03
1.890000000000000000e+03 5.812000000000000000e+03
1.904000000000000000e+03 5.824000000000000000e+03
1.918000000000000000e+03 5.798000000000000000e+03
1.932000000000000000e+03 5.818000000000000000e+03
1.946000000000000000e+03 5.805000000000000000e+03
1.960000000000000000e+03 5.576000000000000000e+03
1.974000000000000000e+03 5.671000000000000000e+03
1.988000000000000000e+03 5.526000000000000000e+03
2.002000000000000000e+03 5.486000000000000000e+03
2.016000000000000000e+03 5.427000000000000000e+03
2.030000000000000000e+03 5.268000000000000000e+03
2.044000000000000000e+03 5.235000000000000000e+03
2.058000000000000000e+03 5.241000000000000000e+03
2.072000000000000000e+03 4.993000000000000000e+03
2.086000000000000000e+03 5.080000000000000000e+03
2.100000000000000000e+03 4.922000000000000000e+03
2.114000000000000000e+03 4.984000000000000000e+03
2.128000000000000000e+03 4.856000000000000000e+03
2.142000000000000000e+03 4.715000000000000000e+03
2.156000000000000000e+03 4.602000000000000000e+03
2.170000000000000000e+03 4.373000000000000000e+03
2.184000000000000000e+03 4.395000000000000000e+03
2.198000000000000000e+03 4.442000000000000000e+03
2.212000000000000000e+03 4.319000000000000000e+03
2.226000000000000000e+03 4.128000000000000000e+03
2.240000000000000000e+03 4.023000000000000000e+03
2.254000000000000000e+03 3.962000000000000000e+03
2.268000000000000000e+03 3.885000000000000000e+03
2.282000000000000000e+03 3.827000000000000000e+03
2.296000000000000000e+03 3.756000000000000000e+03
2.310000000000000000e+03 3.626000000000000000e+03
2.324000000000000000e+03 3.627000000000000000e+03
2.338000000000000000e+03 3.401000000000000000e+03
2.352000000000000000e+03 3.340000000000000000e+03
2.366000000000000000e+03 3.152000000000000000e+03
2.380000000000000000e+03 3.241000000000000000e+03
2.394000000000000000e+03 3.124000000000000000e+03
2.408000000000000000e+03 3.068000000000000000e+03
2.422000000000000000e+03 3.033000000000000000e+03
2.436000000000000000e+03 2.957000000000000000e+03
2.450000000000000000e+03 2.889000000000000000e+03
2.464000000000000000e+03 2.861000000000000000e+03
2.478000000000000000e+03 2.840000000000000000e+03
2.492000000000000000e+03 2.748000000000000000e+03
2.506000000000000000e+03 2.712000000000000000e+03
2.520000000000000000e+03 2.740000000000000000e+03
2.534000000000000000e+03 2.740000000000000000e+03
2.548000000000000000e+03 2.698000000000000000e+03
2.562000000000000000e+03 2.800000000000000000e+03
2.576000000000000000e+03 2.713000000000000000e+03
2.590000000000000000e+03 2.776000000000000000e+03
2.604000000000000000e+03 2.789000000000000000e+03
2.618000000000000000e+03 2.863000000000000000e+03
2.632000000000000000e+03 2.850000000000000000e+03
2.646000000000000000e+03 2.779000000000000000e+03
2.660000000000000000e+03 2.837000000000000000e+03
2.674000000000000000e+03 2.910000000000000000e+03
2.688000000000000000e+03 3.073000000000000000e+03
2.702000000000000000e+03 3.083000000000000000e+03
2.716000000000000000e+03 3.180000000000000000e+03
2.730000000000000000e+03 3.136000000000000000e+03
2.744000000000000000e+03 3.316000000000000000e+03
2.758000000000000000e+03 3.349000000000000000e+03
2.772000000000000000e+03 3.588000000000000000e+03
2.786000000000000000e+03 3.661000000000000000e+03
2.800000000000000000e+03 3.653000000000000000e+03
2.814000000000000000e+03 3.861000000000000000e+03
2.828000000000000000e+03 4.010000000000000000e+03
2.842000000000000000e+03 4.013000000000000000e+03
