0.000000000000000000e+00 6.993000000000000000e+03
1.000000000000000000e+02 7.094000000000000000e+03
2.000000000000000000e+02 7.479000000000000000e+03
3.000000000000000000e+02 7.388000000000000000e+03
4.000000000000000000e+02 7.785000000000000000e+03
5.000000000000000000e+02 7.754000000000000000e+03
6.000000000000000000e+02 8.049000000000000000e+03
7.000000000000000000e+02 7.894000000000000000e+03
8.000000000000000000e+02 8.024000000000000000e+03
9.000000000000000000e+02 8.069000000000000000e+03
1.000000000000000000e+03 8.029000000000000000e+03
1.100000000000000000e+03 8.281000000000000000e+03
1.200000000000000000e+03 8.425000000000000000e+03
1.300000000000000000e+03 8.211000000000000000e+03
1.400000000000000000e+03 8.426000000000000000e+03
1.500000000000000000e+03 8.206000000000000000e+03
1.600000000000000000e+03 8.217000000000000000e+03
1.700000000000000000e+03 8.441000000000000000e+03
1.800000000000000000e+03 8.373000000000000000e+03
1.900000000000000000e+03 8.397000000000000000e+03
2.000000000000000000e+03 8.403000000000000000e+03
2.100000000000000000e+03 8.417000000000000000e+03
2.200000000000000000e+03 8.272000000000000000e+03
2.300000000000000000e+03 8.175000000000000000e+03
2.400000000000000000e+03 8.100000000000000000e+03
2.500000000000000000e+03 8.519000000000000000e+03
2.600000000000000000e+03 8.335000000000000000e+03
2.700000000000000000e+03 8.275000000000000000e+03
2.800000000000000000e+03 8.148000000000000000e+03
2.900000000000000000e+03 8.253000000000000000e+03
3.000000000000000000e+03 7.913000000000000000e+03
3.100000000000000000e+03 8.076000000000000000e+03
3.200000000000000000e+03 7.986000000000000000e+03
3.300000000000000000e+03 7.978000000000000000e+03
3.400000000000000000e+03 7.827000000000000000e+03
3.500000000000000000e+03 7.666000000000000000e+03
3.600000000000000000e+03 7.580000000000000000e+03
3.700000000000000000e+03 7.690000000000000000e+03
3.800000000000000000e+03 7.359000000000000000e+03
3.900000000000000000e+03 7.319000000000000000e+03
4.000000000000000000e+03 7.035000000000000000e+03
4.100000000000000000e+03 6.992000000000000000e+03
4.200000000000000000e+03 7.058000000000000000e+03
4.300000000000000000e+03 6.641000000000000000e+03
4.400000000000000000e+03 6.613000000000000000e+03
4.500000000000000000e+03 6.532000000000000000e+03
4.600000000000000000e+03 6.179000000000000000e+03
4.700000000000000000e+03 6.189000000000000000e+03
4.800000000000000000e+03 5.910000000000000000e+03
4.900000000000000000e+03 5.776000000000000000e+03
5.000000000000000000e+03 5.698000000000000000e+03
5.100000000000000000e+03 5.408000000000000000e+03
5.200000000000000000e+03 5.146000000000000000e+03
5.300000000000000000e+03 4.914000000000000000e+03
5.400000000000000000e+03 4.657000000000000000e+03
5.500000000000000000e+03 4.548000000000000000e+03
5.600000000000000000e+03 4.486000000000000000e+03
5.700000000000000000e+03 4.157000000000000000e+03
5.800000000000000000e+03 3.979000000000000000e+03
5.900000000000000000e+03 3.804000000000000000e+03
6.000000000000000000e+03 3.697000000000000000e+03
6.100000000000000000e+03 3.599000000000000000e+03
6.200000000000000000e+03 3.376000000000000000e+03
6.300000000000000000e+03 3.288000000000000000e+03
6.400000000000000000e+03 3.131000000000000000e+03
6.500000000000000000e+03 3.014000000000000000e+03
6.600000000000000000e+03 2.921000000000000000e+03
6.700000000000000000e+03 2.830000000000000000e+03
6.800000000000000000e+03 2.837000000000000000e+03
6.900000000000000000e+03 2.730000000000000000e+03
7.000000000000000000e+03 2.643000000000000000e+03
7.100000000000000000e+03 2.528000000000000000e+03
7.200000000000000000e+03 2.670000000000000000e+03
7.300000000000000000e+03 2.584000000000000000e+03
7.400000000000000000e+03 2.656000000000000000e+03
7.500000000000000000e+03 2.638000000000000000e+03
7.600000000000000000e+03 2.749000000000000000e+03
7.700000000000000000e+03 2.868000000000000000e+03
7.800000000000000000e+03 2.817000000000000000e+03
7.900000000000000000e+03 2.927000000000000000e+03
8.000000000000000000e+03 3.100000000000000000e+03
8.100000000000000000e+03 3.352000000000000000e+03
8.200000000000000000e+03 3.523000000000000000e+03
8.300000000000000000e+03 3.645000000000000000e+03
8.400000000000000000e+03 3.934000000000000000e+03
8.500000000000000000e+03 4.052000000000000000e+03
8.600000000000000000e+03 4.218000000000000000e+03
8.700000000000000000e+03 4.495000000000000000e+03
8.800000000000000000e+03 4.678000000000000000e+03
8.900000000000000000e+03 4.982000000000000000e+03
9.000000000000000000e+03 5.052000000000000000e+03
9.100000000000000000e+03 5.537000000000000000e+03
9.200000000000000000e+03 5.674000000000000000e+03
9.300000000000000000e+03 6.041000000000000000e+03
9.400000000000000000e+03 6.213000000000000000e+03
9.500000000000000000e+03 6.285000000000000000e+03
9.600000000000000000e+03 6.461000000000000000e+03
9.700000000000000000e+03 6.532000000000000000e+03
9.800000000000000000e+03 6.772000000000000000e+03
9.900000000000000000e+03 6.898000000000000000e+03
1.000000000000000000e+04 7.067000000000000000e+03
1.010000000000000000e+04 7.245000000000000000e+03
1.020000000000000000e+04 7.632000000000000000e+03
1.030000000000000000e+04 7.743000000000000000e+03
1.040000000000000000e+04 7.747000000000000000e+03
1.050000000000000000e+04 7.802000000000000000e+03
1.060000000000000000e+04 7.912000000000000000e+03
1.070000000000000000e+04 7.944000000000000000e+03
1.080000000000000000e+04 7.838000000000000000e+03
1.090000000000000000e+04 8.093000000000000000e+03
1.100000000000000000e+04 8.292000000000000000e+03
1.110000000000000000e+04 8.151000000000000000e+03
1.120000000000000000e+04 8.458000000000000000e+03
1.130000000000000000e+04 8.234000000000000000e+03
1.140000000000000000e+04 8.535000000000000000e+03
1.150000000000000000e+04 8.387000000000000000e+03
1.160000000000000000e+04 8.296000000000000000e+03
1.170000000000000000e+04 8.313000000000000000e+03
1.180000000000000000e+04 8.557000000000000000e+03
1.190000000000000000e+04 8.444000000000000000e+03
1.200000000000000000e+04 8.410000000000000000e+03
1.210000000000000000e+04 8.340000000000000000e+03
1.220000000000000000e+04 8.384000000000000000e+03
1.230000000000000000e+04 8.457000000000000000e+03
1.240000000000000000e+04 8.302000000000000000e+03
1.250000000000000000e+04 8.379000000000000000e+03
1.260000000000000000e+04 8.347000000000000000e+03
1.270000000000000000e+04 8.320000000000000000e+03
1.280000000000000000e+04 8.380000000000000000e+03
1.290000000000000000e+04 8.150000000000000000e+03
1.300000000000000000e+04 8.168000000000000000e+03
1.310000000000000000e+04 8.056000000000000000e+03
1.320000000000000000e+04 7.963000000000000000e+03
1.330000000000000000e+04 7.868000000000000000e+03
1.340000000000000000e+04 7.765000000000000000e+03
1.350000000000000000e+04 7.655000000000000000e+03
1.360000000000000000e+04 7.627000000000000000e+03
1.370000000000000000e+04 7.561000000000000000e+03
1.380000000000000000e+04 7.429000000000000000e+03
1.390000000000000000e+04 7.326000000000000000e+03
1.400000000000000000e+04 7.235000000000000000e+03
1.410000000000000000e+04 7.026000000000000000e+03
1.420000000000000000e+04 6.898000000000000000e+03
1.430000000000000000e+04 6.873000000000000000e+03
1.440000000000000000e+04 6.680000000000000000e+03
1.450000000000000000e+04 6.432000000000000000e+03
1.460000000000000000e+04 6.335000000000000000e+03
1.470000000000000000e+04 5.903000000000000000e+03
1.480000000000000000e+04 5.892000000000000000e+03
1.490000000000000000e+04 5.844000000000000000e+03
1.500000000000000000e+04 5.502000000000000000e+03
1.510000000000000000e+04 5.452000000000000000e+03
1.520000000000000000e+04 5.184000000000000000e+03
1.530000000000000000e+04 4.930000000000000000e+03
1.540000000000000000e+04 4.743000000000000000e+03
1.550000000000000000e+04 4.503000000000000000e+03
1.560000000000000000e+04 4.214000000000000000e+03
1.570000000000000000e+04 4.269000000000000000e+03
1.580000000000000000e+04 3.872000000000000000e+03
1.590000000000000000e+04 3.896000000000000000e+03
1.600000000000000000e+04 3.745000000000000000e+03
1.610000000000000000e+04 3.541000000000000000e+03
1.620000000000000000e+04 3.380000000000000000e+03
1.630000000000000000e+04 3.255000000000000000e+03
1.640000000000000000e+04 3.131000000000000000e+03
1.650000000000000000e+04 3.015000000000000000e+03
1.660000000000000000e+04 2.973000000000000000e+03
1.670000000000000000e+04 2.796000000000000000e+03
1.680000000000000000e+04 2.836000000000000000e+03
1.690000000000000000e+04 2.635000000000000000e+03
1.700000000000000000e+04 2.655000000000000000e+03
1.710000000000000000e+04 2.566000000000000000e+03
1.720000000000000000e+04 2.655000000000000000e+03
1.730000000000000000e+04 2.709000000000000000e+03
1.740000000000000000e+04 2.599000000000000000e+03
1.750000000000000000e+04 2.660000000000000000e+03
1.760000000000000000e+04 2.639000000000000000e+03
1.770000000000000000e+04 2.799000000000000000e+03
1.780000000000000000e+04 2.892000000000000000e+03
1.790000000000000000e+04 3.032000000000000000e+03
1.800000000000000000e+04 3.145000000000000000e+03
1.810000000000000000e+04 3.321000000000000000e+03
1.820000000000000000e+04 3.414000000000000000e+03
1.830000000000000000e+04 3.629000000000000000e+03
1.840000000000000000e+04 3.783000000000000000e+03
1.850000000000000000e+04 4.029000000000000000e+03
1.860000000000000000e+04 4.355000000000000000e+03
1.870000000000000000e+04 4.410000000000000000e+03
1.880000000000000000e+04 4.697000000000000000e+03
1.890000000000000000e+04 4.945000000000000000e+03
1.900000000000000000e+04 5.027000000000000000e+03
1.910000000000000000e+04 5.473000000000000000e+03
1.920000000000000000e+04 5.589000000000000000e+03
1.930000000000000000e+04 5.982000000000000000e+03
1.940000000000000000e+04 6.186000000000000000e+03
1.950000000000000000e+04 6.276000000000000000e+03
1.960000000000000000e+04 6.498000000000000000e+03
1.970000000000000000e+04 6.684000000000000000e+03
1.980000000000000000e+04 6.777000000000000000e+03
1.990000000000000000e+04 7.074000000000000000e+03
