0.000000000000000000e+00 7.732000000000000000e+03
3.330000000000000000e+02 8.188000000000000000e+03
6.660000000000000000e+02 8.073000000000000000e+03
9.990000000000000000e+02 8.300000000000000000e+03
1.332000000000000000e+03 8.392000000000000000e+03
1.665000000000000000e+03 8.296000000000000000e+03
1.998000000000000000e+03 8.550000000000000000e+03
2.331000000000000000e+03 8.478000000000000000e+03
2.664000000000000000e+03 8.572000000000000000e+03
2.997000000000000000e+03 8.860000000000000000e+03
3.330000000000000000e+03 9.020000000000000000e+03
3.663000000000000000e+03 8.953000000000000000e+03
3.996000000000000000e+03 9.084000000000000000e+03
4.329000000000000000e+03 9.071000000000000000e+03
4.662000000000000000e+03 8.979000000000000000e+03
4.995000000000000000e+03 9.330000000000000000e+03
5.328000000000000000e+03 9.180000000000000000e+03
5.661000000000000000e+03 8.836000000000000000e+03
5.994000000000000000e+03 9.230000000000000000e+03
6.327000000000000000e+03 9.239000000000000000e+03
6.660000000000000000e+03 9.122000000000000000e+03
6.993000000000000000e+03 9.199000000000000000e+03
7.326000000000000000e+03 9.092000000000000000e+03
7.659000000000000000e+03 9.112000000000000000e+03
7.992000000000000000e+03 9.141000000000000000e+03
8.325000000000000000e+03 8.776000000000000000e+03
8.658000000000000000e+03 9.047000000000000000e+03
8.991000000000000000e+03 9.033000000000000000e+03
9.324000000000000000e+03 8.957000000000000000e+03
9.657000000000000000e+03 8.871000000000000000e+03
9.990000000000000000e+03 8.829000000000000000e+03
1.032300000000000000e+04 8.495000000000000000e+03
1.065600000000000000e+04 8.616000000000000000e+03
1.098900000000000000e+04 8.534000000000000000e+03
1.132200000000000000e+04 8.399000000000000000e+03
1.165500000000000000e+04 8.460000000000000000e+03
1.198800000000000000e+04 8.459000000000000000e+03
1.232100000000000000e+04 8.031000000000000000e+03
1.265400000000000000e+04 7.831000000000000000e+03
1.298700000000000000e+04 7.807000000000000000e+03
1.332000000000000000e+04 7.675000000000000000e+03
1.365300000000000000e+04 7.458000000000000000e+03
1.398600000000000000e+04 7.373000000000000000e+03
1.431900000000000000e+04 7.095000000000000000e+03
1.465200000000000000e+04 7.062000000000000000e+03
1.498500000000000000e+04 6.781000000000000000e+03
1.531800000000000000e+04 6.537000000000000000e+03
1.565100000000000000e+04 6.526000000000000000e+03
1.598400000000000000e+04 6.146000000000000000e+03
1.631700000000000000e+04 5.956000000000000000e+03
1.665000000000000000e+04 5.690000000000000000e+03
1.698300000000000000e+04 5.471000000000000000e+03
1.731600000000000000e+04 5.339000000000000000e+03
1.764900000000000000e+04 5.029000000000000000e+03
1.798200000000000000e+04 4.909000000000000000e+03
1.831500000000000000e+04 4.844000000000000000e+03
1.864800000000000000e+04 4.432000000000000000e+03
1.898100000000000000e+04 4.248000000000000000e+03
1.931400000000000000e+04 4.013000000000000000e+03
1.964700000000000000e+04 3.828000000000000000e+03
1.998000000000000000e+04 3.705000000000000000e+03
2.031300000000000000e+04 3.474000000000000000e+03
2.064600000000000000e+04 3.349000000000000000e+03
2.097900000000000000e+04 3.246000000000000000e+03
2.131200000000000000e+04 3.204000000000000000e+03
2.164500000000000000e+04 2.895000000000000000e+03
2.197800000000000000e+04 2.860000000000000000e+03
2.231100000000000000e+04 2.808000000000000000e+03
2.264400000000000000e+04 2.606000000000000000e+03
2.297700000000000000e+04 2.720000000000000000e+03
2.331000000000000000e+04 2.733000000000000000e+03
2.364300000000000000e+04 2.658000000000000000e+03
2.397600000000000000e+04 2.607000000000000000e+03
2.430900000000000000e+04 2.809000000000000000e+03
2.464200000000000000e+04 2.889000000000000000e+03
2.497500000000000000e+04 2.863000000000000000e+03
2.530800000000000000e+04 2.897000000000000000e+03
2.564100000000000000e+04 3.143000000000000000e+03
2.597400000000000000e+04 3.364000000000000000e+03
2.630700000000000000e+04 3.548000000000000000e+03
2.664000000000000000e+04 3.656000000000000000e+03
2.697300000000000000e+04 3.758000000000000000e+03
2.730600000000000000e+04 4.008000000000000000e+03
2.763900000000000000e+04 4.231000000000000000e+03
2.797200000000000000e+04 4.501000000000000000e+03
2.830500000000000000e+04 4.684000000000000000e+03
2.863800000000000000e+04 5.045000000000000000e+03
2.897100000000000000e+04 5.282000000000000000e+03
2.930400000000000000e+04 5.359000000000000000e+03
2.963700000000000000e+04 5.549000000000000000e+03
2.997000000000000000e+04 5.955000000000000000e+03
3.030300000000000000e+04 6.140000000000000000e+03
3.063600000000000000e+04 6.317000000000000000e+03
3.096900000000000000e+04 6.772000000000000000e+03
3.130200000000000000e+04 6.934000000000000000e+03
3.163500000000000000e+04 7.036000000000000000e+03
3.196800000000000000e+04 7.248000000000000000e+03
3.230100000000000000e+04 7.487000000000000000e+03
3.263400000000000000e+04 7.572000000000000000e+03
3.296700000000000000e+04 7.764000000000000000e+03
3.330000000000000000e+04 7.666000000000000000e+03
3.363300000000000000e+04 7.993000000000000000e+03
3.396600000000000000e+04 8.166000000000000000e+03
3.429900000000000000e+04 8.588000000000000000e+03
3.463200000000000000e+04 8.430000000000000000e+03
3.496500000000000000e+04 8.530000000000000000e+03
3.529800000000000000e+04 8.614000000000000000e+03
3.563100000000000000e+04 8.793000000000000000e+03
3.596400000000000000e+04 8.732000000000000000e+03
3.629700000000000000e+04 8.978000000000000000e+03
3.663000000000000000e+04 8.759000000000000000e+03
3.696300000000000000e+04 8.960000000000000000e+03
3.729600000000000000e+04 9.025000000000000000e+03
3.762900000000000000e+04 9.026000000000000000e+03
3.796200000000000000e+04 9.108000000000000000e+03
3.829500000000000000e+04 9.077000000000000000e+03
3.862800000000000000e+04 9.130000000000000000e+03
3.896100000000000000e+04 9.083000000000000000e+03
3.929400000000000000e+04 9.205000000000000000e+03
3.962700000000000000e+04 9.347000000000000000e+03
3.996000000000000000e+04 9.224000000000000000e+03
4.029300000000000000e+04 9.119000000000000000e+03
4.062600000000000000e+04 9.276000000000000000e+03
4.095900000000000000e+04 9.035000000000000000e+03
4.129200000000000000e+04 9.147000000000000000e+03
4.162500000000000000e+04 9.056000000000000000e+03
4.195800000000000000e+04 8.950000000000000000e+03
4.229100000000000000e+04 8.843000000000000000e+03
4.262400000000000000e+04 8.962000000000000000e+03
4.295700000000000000e+04 8.932000000000000000e+03
4.329000000000000000e+04 8.736000000000000000e+03
4.362300000000000000e+04 8.865000000000000000e+03
4.395600000000000000e+04 8.608000000000000000e+03
4.428900000000000000e+04 8.493000000000000000e+03
4.462200000000000000e+04 8.506000000000000000e+03
4.495500000000000000e+04 8.544000000000000000e+03
4.528800000000000000e+04 8.473000000000000000e+03
4.562100000000000000e+04 8.081000000000000000e+03
4.595400000000000000e+04 7.993000000000000000e+03
4.628700000000000000e+04 7.883000000000000000e+03
4.662000000000000000e+04 7.789000000000000000e+03
4.695300000000000000e+04 7.612000000000000000e+03
4.728600000000000000e+04 7.448000000000000000e+03
4.761900000000000000e+04 7.276000000000000000e+03
4.795200000000000000e+04 7.098000000000000000e+03
4.828500000000000000e+04 6.684000000000000000e+03
4.861800000000000000e+04 6.673000000000000000e+03
4.895100000000000000e+04 6.415000000000000000e+03
4.928400000000000000e+04 6.234000000000000000e+03
4.961700000000000000e+04 6.066000000000000000e+03
4.995000000000000000e+04 5.844000000000000000e+03
5.028300000000000000e+04 5.510000000000000000e+03
5.061600000000000000e+04 5.420000000000000000e+03
5.094900000000000000e+04 5.185000000000000000e+03
5.128200000000000000e+04 4.963000000000000000e+03
5.161500000000000000e+04 4.656000000000000000e+03
5.194800000000000000e+04 4.431000000000000000e+03
5.228100000000000000e+04 4.170000000000000000e+03
5.261400000000000000e+04 4.091000000000000000e+03
5.294700000000000000e+04 3.912000000000000000e+03
5.328000000000000000e+04 3.720000000000000000e+03
5.361300000000000000e+04 3.523000000000000000e+03
5.394600000000000000e+04 3.397000000000000000e+03
5.427900000000000000e+04 3.186000000000000000e+03
5.461200000000000000e+04 3.104000000000000000e+03
5.494500000000000000e+04 2.946000000000000000e+03
5.527800000000000000e+04 2.840000000000000000e+03
5.561100000000000000e+04 2.853000000000000000e+03
5.594400000000000000e+04 2.706000000000000000e+03
5.627700000000000000e+04 2.638000000000000000e+03
5.661000000000000000e+04 2.677000000000000000e+03
5.694300000000000000e+04 2.630000000000000000e+03
5.727600000000000000e+04 2.707000000000000000e+03
5.760900000000000000e+04 2.810000000000000000e+03
5.794200000000000000e+04 2.701000000000000000e+03
5.827500000000000000e+04 2.827000000000000000e+03
5.860800000000000000e+04 3.034000000000000000e+03
5.894100000000000000e+04 3.110000000000000000e+03
5.927400000000000000e+04 3.290000000000000000e+03
5.960700000000000000e+04 3.547000000000000000e+03
5.994000000000000000e+04 3.446000000000000000e+03
6.027300000000000000e+04 3.768000000000000000e+03
6.060600000000000000e+04 3.904000000000000000e+03
6.093900000000000000e+04 4.259000000000000000e+03
6.127200000000000000e+04 4.554000000000000000e+03
6.160500000000000000e+04 4.670000000000000000e+03
6.193800000000000000e+04 5.017000000000000000e+03
6.227100000000000000e+04 5.248000000000000000e+03
6.260400000000000000e+04 5.472000000000000000e+03
6.293700000000000000e+04 5.635000000000000000e+03
6.327000000000000000e+04 5.961000000000000000e+03
6.360300000000000000e+04 6.241000000000000000e+03
6.393600000000000000e+04 6.425000000000000000e+03
6.426900000000000000e+04 6.718000000000000000e+03
6.460200000000000000e+04 6.638000000000000000e+03
6.493500000000000000e+04 7.138000000000000000e+03
6.526800000000000000e+04 7.281000000000000000e+03
6.560100000000000000e+04 7.498000000000000000e+03
6.593400000000000000e+04 7.614000000000000000e+03
6.626700000000000000e+04 7.804000000000000000e+03
