0.000000000000000000e+00 5.625000000000000000e+03
1.000000000000000000e+02 5.825000000000000000e+03
2.000000000000000000e+02 5.902000000000000000e+03
3.000000000000000000e+02 5.989000000000000000e+03
4.000000000000000000e+02 5.960000000000000000e+03
5.000000000000000000e+02 6.060000000000000000e+03
6.000000000000000000e+02 6.310000000000000000e+03
7.000000000000000000e+02 6.183000000000000000e+03
8.000000000000000000e+02 6.439000000000000000e+03
9.000000000000000000e+02 6.368000000000000000e+03
1.000000000000000000e+03 6.502000000000000000e+03
1.100000000000000000e+03 6.534000000000000000e+03
1.200000000000000000e+03 6.292000000000000000e+03
1.300000000000000000e+03 6.495000000000000000e+03
1.400000000000000000e+03 6.565000000000000000e+03
1.500000000000000000e+03 6.714000000000000000e+03
1.600000000000000000e+03 6.567000000000000000e+03
1.700000000000000000e+03 6.447000000000000000e+03
1.800000000000000000e+03 6.610000000000000000e+03
1.900000000000000000e+03 6.710000000000000000e+03
2.000000000000000000e+03 6.543000000000000000e+03
2.100000000000000000e+03 6.623000000000000000e+03
2.200000000000000000e+03 6.816000000000000000e+03
2.300000000000000000e+03 6.691000000000000000e+03
2.400000000000000000e+03 6.509000000000000000e+03
2.500000000000000000e+03 6.464000000000000000e+03
2.600000000000000000e+03 6.599000000000000000e+03
2.700000000000000000e+03 6.498000000000000000e+03
2.800000000000000000e+03 6.464000000000000000e+03
2.900000000000000000e+03 6.455000000000000000e+03
3.000000000000000000e+03 6.188000000000000000e+03
3.100000000000000000e+03 6.341000000000000000e+03
3.200000000000000000e+03 6.344000000000000000e+03
3.300000000000000000e+03 6.149000000000000000e+03
3.400000000000000000e+03 6.111000000000000000e+03
3.500000000000000000e+03 6.259000000000000000e+03
3.600000000000000000e+03 6.024000000000000000e+03
3.700000000000000000e+03 5.890000000000000000e+03
3.800000000000000000e+03 5.813000000000000000e+03
3.900000000000000000e+03 5.704000000000000000e+03
4.000000000000000000e+03 5.694000000000000000e+03
4.100000000000000000e+03 5.503000000000000000e+03
4.200000000000000000e+03 5.343000000000000000e+03
4.300000000000000000e+03 5.218000000000000000e+03
4.400000000000000000e+03 5.177000000000000000e+03
4.500000000000000000e+03 5.084000000000000000e+03
4.600000000000000000e+03 4.914000000000000000e+03
4.700000000000000000e+03 4.803000000000000000e+03
4.800000000000000000e+03 4.595000000000000000e+03
4.900000000000000000e+03 4.357000000000000000e+03
5.000000000000000000e+03 4.217000000000000000e+03
5.100000000000000000e+03 4.050000000000000000e+03
5.200000000000000000e+03 3.930000000000000000e+03
5.300000000000000000e+03 3.772000000000000000e+03
5.400000000000000000e+03 3.625000000000000000e+03
5.500000000000000000e+03 3.361000000000000000e+03
5.600000000000000000e+03 3.136000000000000000e+03
5.700000000000000000e+03 3.019000000000000000e+03
5.800000000000000000e+03 2.893000000000000000e+03
5.900000000000000000e+03 2.856000000000000000e+03
6.000000000000000000e+03 2.660000000000000000e+03
6.100000000000000000e+03 2.388000000000000000e+03
6.200000000000000000e+03 2.294000000000000000e+03
6.300000000000000000e+03 2.232000000000000000e+03
6.400000000000000000e+03 2.177000000000000000e+03
6.500000000000000000e+03 2.150000000000000000e+03
6.600000000000000000e+03 1.976000000000000000e+03
6.700000000000000000e+03 1.969000000000000000e+03
6.800000000000000000e+03 1.926000000000000000e+03
6.900000000000000000e+03 1.860000000000000000e+03
7.000000000000000000e+03 1.820000000000000000e+03
7.100000000000000000e+03 1.892000000000000000e+03
7.200000000000000000e+03 1.745000000000000000e+03
7.300000000000000000e+03 1.891000000000000000e+03
7.400000000000000000e+03 2.089000000000000000e+03
7.500000000000000000e+03 2.008000000000000000e+03
7.600000000000000000e+03 2.047000000000000000e+03
7.700000000000000000e+03 2.139000000000000000e+03
7.800000000000000000e+03 2.258000000000000000e+03
7.900000000000000000e+03 2.425000000000000000e+03
8.000000000000000000e+03 2.516000000000000000e+03
8.100000000000000000e+03 2.727000000000000000e+03
8.200000000000000000e+03 2.840000000000000000e+03
8.300000000000000000e+03 2.928000000000000000e+03
8.400000000000000000e+03 3.145000000000000000e+03
8.500000000000000000e+03 3.356000000000000000e+03
8.600000000000000000e+03 3.530000000000000000e+03
8.700000000000000000e+03 3.824000000000000000e+03
8.800000000000000000e+03 4.009000000000000000e+03
8.900000000000000000e+03 3.959000000000000000e+03
9.000000000000000000e+03 4.242000000000000000e+03
9.100000000000000000e+03 4.384000000000000000e+03
9.200000000000000000e+03 4.565000000000000000e+03
9.300000000000000000e+03 4.675000000000000000e+03
9.400000000000000000e+03 5.027000000000000000e+03
9.500000000000000000e+03 5.109000000000000000e+03
9.600000000000000000e+03 5.100000000000000000e+03
9.700000000000000000e+03 5.517000000000000000e+03
9.800000000000000000e+03 5.526000000000000000e+03
9.900000000000000000e+03 5.685000000000000000e+03
1.000000000000000000e+04 5.710000000000000000e+03
1.010000000000000000e+04 5.803000000000000000e+03
1.020000000000000000e+04 5.791000000000000000e+03
1.030000000000000000e+04 6.130000000000000000e+03
1.040000000000000000e+04 6.099000000000000000e+03
1.050000000000000000e+04 6.082000000000000000e+03
1.060000000000000000e+04 6.185000000000000000e+03
1.070000000000000000e+04 6.384000000000000000e+03
1.080000000000000000e+04 6.334000000000000000e+03
1.090000000000000000e+04 6.356000000000000000e+03
1.100000000000000000e+04 6.452000000000000000e+03
1.110000000000000000e+04 6.559000000000000000e+03
1.120000000000000000e+04 6.481000000000000000e+03
1.130000000000000000e+04 6.447000000000000000e+03
1.140000000000000000e+04 6.462000000000000000e+03
1.150000000000000000e+04 6.507000000000000000e+03
1.160000000000000000e+04 6.751000000000000000e+03
1.170000000000000000e+04 6.524000000000000000e+03
1.180000000000000000e+04 6.505000000000000000e+03
1.190000000000000000e+04 6.657000000000000000e+03
1.200000000000000000e+04 6.647000000000000000e+03
1.210000000000000000e+04 6.661000000000000000e+03
1.220000000000000000e+04 6.594000000000000000e+03
1.230000000000000000e+04 6.561000000000000000e+03
1.240000000000000000e+04 6.599000000000000000e+03
1.250000000000000000e+04 6.569000000000000000e+03
1.260000000000000000e+04 6.719000000000000000e+03
1.270000000000000000e+04 6.711000000000000000e+03
1.280000000000000000e+04 6.308000000000000000e+03
1.290000000000000000e+04 6.531000000000000000e+03
1.300000000000000000e+04 6.408000000000000000e+03
1.310000000000000000e+04 6.382000000000000000e+03
1.320000000000000000e+04 6.204000000000000000e+03
1.330000000000000000e+04 6.279000000000000000e+03
1.340000000000000000e+04 6.057000000000000000e+03
1.350000000000000000e+04 6.006000000000000000e+03
1.360000000000000000e+04 6.092000000000000000e+03
1.370000000000000000e+04 5.845000000000000000e+03
1.380000000000000000e+04 5.888000000000000000e+03
1.390000000000000000e+04 5.717000000000000000e+03
1.400000000000000000e+04 5.700000000000000000e+03
1.410000000000000000e+04 5.443000000000000000e+03
1.420000000000000000e+04 5.397000000000000000e+03
1.430000000000000000e+04 5.419000000000000000e+03
1.440000000000000000e+04 5.114000000000000000e+03
1.450000000000000000e+04 4.983000000000000000e+03
1.460000000000000000e+04 4.811000000000000000e+03
1.470000000000000000e+04 4.713000000000000000e+03
1.480000000000000000e+04 4.554000000000000000e+03
1.490000000000000000e+04 4.320000000000000000e+03
1.500000000000000000e+04 4.261000000000000000e+03
1.510000000000000000e+04 3.977000000000000000e+03
1.520000000000000000e+04 3.970000000000000000e+03
1.530000000000000000e+04 3.652000000000000000e+03
1.540000000000000000e+04 3.608000000000000000e+03
1.550000000000000000e+04 3.410000000000000000e+03
1.560000000000000000e+04 3.212000000000000000e+03
1.570000000000000000e+04 3.022000000000000000e+03
1.580000000000000000e+04 2.878000000000000000e+03
1.590000000000000000e+04 2.783000000000000000e+03
1.600000000000000000e+04 2.597000000000000000e+03
1.610000000000000000e+04 2.376000000000000000e+03
1.620000000000000000e+04 2.255000000000000000e+03
1.630000000000000000e+04 2.120000000000000000e+03
1.640000000000000000e+04 2.172000000000000000e+03
1.650000000000000000e+04 2.087000000000000000e+03
1.660000000000000000e+04 2.008000000000000000e+03
1.670000000000000000e+04 1.999000000000000000e+03
1.680000000000000000e+04 1.874000000000000000e+03
1.690000000000000000e+04 1.971000000000000000e+03
1.700000000000000000e+04 1.852000000000000000e+03
1.710000000000000000e+04 1.857000000000000000e+03
1.720000000000000000e+04 1.851000000000000000e+03
1.730000000000000000e+04 1.871000000000000000e+03
1.740000000000000000e+04 2.035000000000000000e+03
1.750000000000000000e+04 2.096000000000000000e+03
1.760000000000000000e+04 2.112000000000000000e+03
1.770000000000000000e+04 2.240000000000000000e+03
1.780000000000000000e+04 2.147000000000000000e+03
1.790000000000000000e+04 2.465000000000000000e+03
1.800000000000000000e+04 2.552000000000000000e+03
1.810000000000000000e+04 2.670000000000000000e+03
1.820000000000000000e+04 2.811000000000000000e+03
1.830000000000000000e+04 3.040000000000000000e+03
1.840000000000000000e+04 3.100000000000000000e+03
1.850000000000000000e+04 3.350000000000000000e+03
1.860000000000000000e+04 3.517000000000000000e+03
1.870000000000000000e+04 3.728000000000000000e+03
1.880000000000000000e+04 3.980000000000000000e+03
1.890000000000000000e+04 4.009000000000000000e+03
1.900000000000000000e+04 4.235000000000000000e+03
1.910000000000000000e+04 4.313000000000000000e+03
1.920000000000000000e+04 4.631000000000000000e+03
1.930000000000000000e+04 4.793000000000000000e+03
1.940000000000000000e+04 4.957000000000000000e+03
1.950000000000000000e+04 5.058000000000000000e+03
1.960000000000000000e+04 5.318000000000000000e+03
1.970000000000000000e+04 5.325000000000000000e+03
1.980000000000000000e+04 5.498000000000000000e+03
1.990000000000000000e+04 5.539000000000000000e+03
