0.000000000000000000e+00 7.566000000000000000e+03
2.000000000000000000e+03 7.818000000000000000e+03
4.000000000000000000e+03 7.816000000000000000e+03
6.000000000000000000e+03 7.784000000000000000e+03
8.000000000000000000e+03 8.218000000000000000e+03
1.000000000000000000e+04 8.175000000000000000e+03
1.200000000000000000e+04 8.202000000000000000e+03
1.400000000000000000e+04 8.346000000000000000e+03
1.600000000000000000e+04 8.280000000000000000e+03
1.800000000000000000e+04 8.524000000000000000e+03
2.000000000000000000e+04 8.491000000000000000e+03
2.200000000000000000e+04 8.422000000000000000e+03
2.400000000000000000e+04 8.488000000000000000e+03
2.600000000000000000e+04 8.612000000000000000e+03
2.800000000000000000e+04 8.381000000000000000e+03
3.000000000000000000e+04 8.590000000000000000e+03
3.200000000000000000e+04 8.383000000000000000e+03
3.400000000000000000e+04 8.768000000000000000e+03
3.600000000000000000e+04 8.586000000000000000e+03
3.800000000000000000e+04 8.649000000000000000e+03
4.000000000000000000e+04 8.704000000000000000e+03
4.200000000000000000e+04 8.708000000000000000e+03
4.400000000000000000e+04 8.717000000000000000e+03
4.600000000000000000e+04 8.835000000000000000e+03
4.800000000000000000e+04 8.626000000000000000e+03
5.000000000000000000e+04 8.565000000000000000e+03
5.200000000000000000e+04 8.546000000000000000e+03
5.400000000000000000e+04 8.386000000000000000e+03
5.600000000000000000e+04 8.511000000000000000e+03
5.800000000000000000e+04 8.325000000000000000e+03
6.000000000000000000e+04 8.340000000000000000e+03
6.200000000000000000e+04 8.397000000000000000e+03
6.400000000000000000e+04 8.167000000000000000e+03
6.600000000000000000e+04 8.108000000000000000e+03
6.800000000000000000e+04 8.044000000000000000e+03
7.000000000000000000e+04 8.048000000000000000e+03
7.200000000000000000e+04 7.814000000000000000e+03
7.400000000000000000e+04 7.523000000000000000e+03
7.600000000000000000e+04 7.652000000000000000e+03
7.800000000000000000e+04 7.379000000000000000e+03
8.000000000000000000e+04 7.365000000000000000e+03
8.200000000000000000e+04 7.173000000000000000e+03
8.400000000000000000e+04 7.041000000000000000e+03
8.600000000000000000e+04 6.695000000000000000e+03
8.800000000000000000e+04 6.696000000000000000e+03
9.000000000000000000e+04 6.627000000000000000e+03
9.200000000000000000e+04 6.283000000000000000e+03
9.400000000000000000e+04 6.198000000000000000e+03
9.600000000000000000e+04 5.872000000000000000e+03
9.800000000000000000e+04 5.606000000000000000e+03
1.000000000000000000e+05 5.406000000000000000e+03
1.020000000000000000e+05 5.333000000000000000e+03
1.040000000000000000e+05 5.023000000000000000e+03
1.060000000000000000e+05 4.773000000000000000e+03
1.080000000000000000e+05 4.617000000000000000e+03
1.100000000000000000e+05 4.339000000000000000e+03
1.120000000000000000e+05 4.101000000000000000e+03
1.140000000000000000e+05 4.012000000000000000e+03
1.160000000000000000e+05 3.777000000000000000e+03
1.180000000000000000e+05 3.461000000000000000e+03
1.200000000000000000e+05 3.325000000000000000e+03
1.220000000000000000e+05 3.277000000000000000e+03
1.240000000000000000e+05 3.198000000000000000e+03
1.260000000000000000e+05 2.998000000000000000e+03
1.280000000000000000e+05 2.859000000000000000e+03
1.300000000000000000e+05 2.746000000000000000e+03
1.320000000000000000e+05 2.597000000000000000e+03
1.340000000000000000e+05 2.593000000000000000e+03
1.360000000000000000e+05 2.626000000000000000e+03
1.380000000000000000e+05 2.568000000000000000e+03
1.400000000000000000e+05 2.545000000000000000e+03
1.420000000000000000e+05 2.555000000000000000e+03
1.440000000000000000e+05 2.656000000000000000e+03
1.460000000000000000e+05 2.759000000000000000e+03
1.480000000000000000e+05 2.771000000000000000e+03
1.500000000000000000e+05 2.946000000000000000e+03
1.520000000000000000e+05 3.020000000000000000e+03
1.540000000000000000e+05 3.202000000000000000e+03
1.560000000000000000e+05 3.451000000000000000e+03
1.580000000000000000e+05 3.436000000000000000e+03
1.600000000000000000e+05 3.662000000000000000e+03
1.620000000000000000e+05 3.848000000000000000e+03
1.640000000000000000e+05 4.209000000000000000e+03
1.660000000000000000e+05 4.220000000000000000e+03
1.680000000000000000e+05 4.453000000000000000e+03
1.700000000000000000e+05 4.734000000000000000e+03
1.720000000000000000e+05 4.952000000000000000e+03
1.740000000000000000e+05 5.308000000000000000e+03
1.760000000000000000e+05 5.356000000000000000e+03
1.780000000000000000e+05 5.568000000000000000e+03
1.800000000000000000e+05 5.806000000000000000e+03
1.820000000000000000e+05 6.045000000000000000e+03
1.840000000000000000e+05 6.250000000000000000e+03
1.860000000000000000e+05 6.439000000000000000e+03
1.880000000000000000e+05 6.692000000000000000e+03
1.900000000000000000e+05 6.869000000000000000e+03
1.920000000000000000e+05 6.945000000000000000e+03
1.940000000000000000e+05 7.121000000000000000e+03
1.960000000000000000e+05 7.177000000000000000e+03
1.980000000000000000e+05 7.389000000000000000e+03
2.000000000000000000e+05 7.441000000000000000e+03
2.020000000000000000e+05 7.629000000000000000e+03
2.040000000000000000e+05 7.829000000000000000e+03
2.060000000000000000e+05 7.864000000000000000e+03
2.080000000000000000e+05 7.947000000000000000e+03
2.100000000000000000e+05 8.161000000000000000e+03
2.120000000000000000e+05 8.138000000000000000e+03
2.140000000000000000e+05 8.181000000000000000e+03
2.160000000000000000e+05 8.311000000000000000e+03
2.180000000000000000e+05 8.233000000000000000e+03
2.200000000000000000e+05 8.389000000000000000e+03
2.220000000000000000e+05 8.350000000000000000e+03
2.240000000000000000e+05 8.644000000000000000e+03
2.260000000000000000e+05 8.689000000000000000e+03
2.280000000000000000e+05 8.651000000000000000e+03
2.300000000000000000e+05 8.479000000000000000e+03
2.320000000000000000e+05 8.744000000000000000e+03
2.340000000000000000e+05 8.672000000000000000e+03
2.360000000000000000e+05 8.650000000000000000e+03
2.380000000000000000e+05 8.682000000000000000e+03
2.400000000000000000e+05 8.611000000000000000e+03
2.420000000000000000e+05 8.596000000000000000e+03
2.440000000000000000e+05 8.622000000000000000e+03
2.460000000000000000e+05 8.691000000000000000e+03
2.480000000000000000e+05 8.575000000000000000e+03
2.500000000000000000e+05 8.578000000000000000e+03
2.520000000000000000e+05 8.406000000000000000e+03
2.540000000000000000e+05 8.557000000000000000e+03
2.560000000000000000e+05 8.308000000000000000e+03
2.580000000000000000e+05 8.366000000000000000e+03
2.600000000000000000e+05 8.340000000000000000e+03
2.620000000000000000e+05 8.400000000000000000e+03
2.640000000000000000e+05 8.019000000000000000e+03
2.660000000000000000e+05 8.091000000000000000e+03
2.680000000000000000e+05 7.970000000000000000e+03
2.700000000000000000e+05 8.104000000000000000e+03
2.720000000000000000e+05 7.715000000000000000e+03
2.740000000000000000e+05 7.690000000000000000e+03
2.760000000000000000e+05 7.570000000000000000e+03
2.780000000000000000e+05 7.378000000000000000e+03
2.800000000000000000e+05 7.291000000000000000e+03
2.820000000000000000e+05 7.057000000000000000e+03
2.840000000000000000e+05 7.069000000000000000e+03
2.860000000000000000e+05 6.881000000000000000e+03
2.880000000000000000e+05 6.633000000000000000e+03
2.900000000000000000e+05 6.514000000000000000e+03
2.920000000000000000e+05 6.292000000000000000e+03
2.940000000000000000e+05 6.017000000000000000e+03
2.960000000000000000e+05 5.718000000000000000e+03
2.980000000000000000e+05 5.668000000000000000e+03
3.000000000000000000e+05 5.419000000000000000e+03
3.020000000000000000e+05 5.242000000000000000e+03
3.040000000000000000e+05 4.887000000000000000e+03
3.060000000000000000e+05 4.854000000000000000e+03
3.080000000000000000e+05 4.575000000000000000e+03
3.100000000000000000e+05 4.317000000000000000e+03
3.120000000000000000e+05 4.269000000000000000e+03
3.140000000000000000e+05 3.853000000000000000e+03
3.160000000000000000e+05 3.728000000000000000e+03
3.180000000000000000e+05 3.563000000000000000e+03
3.200000000000000000e+05 3.335000000000000000e+03
3.220000000000000000e+05 3.126000000000000000e+03
3.240000000000000000e+05 3.088000000000000000e+03
3.260000000000000000e+05 2.942000000000000000e+03
3.280000000000000000e+05 2.792000000000000000e+03
3.300000000000000000e+05 2.775000000000000000e+03
3.320000000000000000e+05 2.681000000000000000e+03
3.340000000000000000e+05 2.649000000000000000e+03
3.360000000000000000e+05 2.645000000000000000e+03
3.380000000000000000e+05 2.550000000000000000e+03
3.400000000000000000e+05 2.599000000000000000e+03
3.420000000000000000e+05 2.544000000000000000e+03
3.440000000000000000e+05 2.618000000000000000e+03
3.460000000000000000e+05 2.591000000000000000e+03
3.480000000000000000e+05 2.728000000000000000e+03
3.500000000000000000e+05 2.931000000000000000e+03
3.520000000000000000e+05 3.085000000000000000e+03
3.540000000000000000e+05 3.158000000000000000e+03
3.560000000000000000e+05 3.359000000000000000e+03
3.580000000000000000e+05 3.463000000000000000e+03
3.600000000000000000e+05 3.625000000000000000e+03
3.620000000000000000e+05 3.916000000000000000e+03
3.640000000000000000e+05 4.110000000000000000e+03
3.660000000000000000e+05 4.276000000000000000e+03
3.680000000000000000e+05 4.477000000000000000e+03
3.700000000000000000e+05 4.744000000000000000e+03
3.720000000000000000e+05 4.930000000000000000e+03
3.740000000000000000e+05 5.269000000000000000e+03
3.760000000000000000e+05 5.465000000000000000e+03
3.780000000000000000e+05 5.718000000000000000e+03
3.800000000000000000e+05 5.758000000000000000e+03
3.820000000000000000e+05 5.984000000000000000e+03
3.840000000000000000e+05 6.192000000000000000e+03
3.860000000000000000e+05 6.357000000000000000e+03
3.880000000000000000e+05 6.610000000000000000e+03
3.900000000000000000e+05 6.789000000000000000e+03
3.920000000000000000e+05 6.973000000000000000e+03
3.940000000000000000e+05 7.275000000000000000e+03
3.960000000000000000e+05 7.291000000000000000e+03
3.980000000000000000e+05 7.254000000000000000e+03
