0.000000000000000000e+00 1.204900000000000000e+04
2.000000000000000000e+02 1.243800000000000000e+04
4.000000000000000000e+02 1.282200000000000000e+04
6.000000000000000000e+02 1.329700000000000000e+04
8.000000000000000000e+02 1.348400000000000000e+04
1.000000000000000000e+03 1.399500000000000000e+04
1.200000000000000000e+03 1.398100000000000000e+04
1.400000000000000000e+03 1.441400000000000000e+04
1.600000000000000000e+03 1.477600000000000000e+04
1.800000000000000000e+03 1.488100000000000000e+04
2.000000000000000000e+03 1.519900000000000000e+04
2.200000000000000000e+03 1.543500000000000000e+04
2.400000000000000000e+03 1.559100000000000000e+04
2.600000000000000000e+03 1.574400000000000000e+04
2.800000000000000000e+03 1.596300000000000000e+04
3.000000000000000000e+03 1.593600000000000000e+04
3.200000000000000000e+03 1.607900000000000000e+04
3.400000000000000000e+03 1.632100000000000000e+04
3.600000000000000000e+03 1.596500000000000000e+04
3.800000000000000000e+03 1.621500000000000000e+04
4.000000000000000000e+03 1.601300000000000000e+04
4.200000000000000000e+03 1.606400000000000000e+04
4.400000000000000000e+03 1.608500000000000000e+04
4.600000000000000000e+03 1.605200000000000000e+04
4.800000000000000000e+03 1.575500000000000000e+04
5.000000000000000000e+03 1.569800000000000000e+04
5.200000000000000000e+03 1.540600000000000000e+04
5.400000000000000000e+03 1.543700000000000000e+04
5.600000000000000000e+03 1.531200000000000000e+04
5.800000000000000000e+03 1.489900000000000000e+04
6.000000000000000000e+03 1.470000000000000000e+04
6.200000000000000000e+03 1.456800000000000000e+04
6.400000000000000000e+03 1.409300000000000000e+04
6.600000000000000000e+03 1.396100000000000000e+04
6.800000000000000000e+03 1.368000000000000000e+04
7.000000000000000000e+03 1.300000000000000000e+04
7.200000000000000000e+03 1.287000000000000000e+04
7.400000000000000000e+03 1.237600000000000000e+04
7.600000000000000000e+03 1.199000000000000000e+04
7.800000000000000000e+03 1.141800000000000000e+04
8.000000000000000000e+03 1.132500000000000000e+04
8.200000000000000000e+03 1.068100000000000000e+04
8.400000000000000000e+03 1.036100000000000000e+04
8.600000000000000000e+03 9.523000000000000000e+03
8.800000000000000000e+03 9.078000000000000000e+03
9.000000000000000000e+03 8.381000000000000000e+03
9.200000000000000000e+03 8.094000000000000000e+03
9.400000000000000000e+03 7.736000000000000000e+03
9.600000000000000000e+03 7.266000000000000000e+03
9.800000000000000000e+03 6.678000000000000000e+03
1.000000000000000000e+04 6.178000000000000000e+03
1.020000000000000000e+04 5.706000000000000000e+03
1.040000000000000000e+04 5.306000000000000000e+03
1.060000000000000000e+04 4.977000000000000000e+03
1.080000000000000000e+04 4.427000000000000000e+03
1.100000000000000000e+04 4.158000000000000000e+03
1.120000000000000000e+04 3.771000000000000000e+03
1.140000000000000000e+04 3.649000000000000000e+03
1.160000000000000000e+04 3.365000000000000000e+03
1.180000000000000000e+04 3.006000000000000000e+03
1.200000000000000000e+04 2.807000000000000000e+03
1.220000000000000000e+04 2.501000000000000000e+03
1.240000000000000000e+04 2.511000000000000000e+03
1.260000000000000000e+04 2.272000000000000000e+03
1.280000000000000000e+04 2.175000000000000000e+03
1.300000000000000000e+04 2.025000000000000000e+03
1.320000000000000000e+04 2.019000000000000000e+03
1.340000000000000000e+04 1.899000000000000000e+03
1.360000000000000000e+04 1.910000000000000000e+03
1.380000000000000000e+04 1.876000000000000000e+03
1.400000000000000000e+04 1.871000000000000000e+03
1.420000000000000000e+04 1.748000000000000000e+03
1.440000000000000000e+04 1.911000000000000000e+03
1.460000000000000000e+04 2.046000000000000000e+03
1.480000000000000000e+04 2.200000000000000000e+03
1.500000000000000000e+04 2.313000000000000000e+03
1.520000000000000000e+04 2.386000000000000000e+03
1.540000000000000000e+04 2.600000000000000000e+03
1.560000000000000000e+04 2.668000000000000000e+03
1.580000000000000000e+04 2.920000000000000000e+03
1.600000000000000000e+04 3.281000000000000000e+03
1.620000000000000000e+04 3.372000000000000000e+03
1.640000000000000000e+04 3.687000000000000000e+03
1.660000000000000000e+04 4.115000000000000000e+03
1.680000000000000000e+04 4.519000000000000000e+03
1.700000000000000000e+04 4.793000000000000000e+03
1.720000000000000000e+04 5.256000000000000000e+03
1.740000000000000000e+04 5.681000000000000000e+03
1.760000000000000000e+04 6.052000000000000000e+03
1.780000000000000000e+04 6.410000000000000000e+03
1.800000000000000000e+04 6.917000000000000000e+03
1.820000000000000000e+04 7.475000000000000000e+03
1.840000000000000000e+04 7.959000000000000000e+03
1.860000000000000000e+04 8.572000000000000000e+03
1.880000000000000000e+04 9.012000000000000000e+03
1.900000000000000000e+04 9.530000000000000000e+03
1.920000000000000000e+04 1.013300000000000000e+04
1.940000000000000000e+04 1.064200000000000000e+04
1.960000000000000000e+04 1.112800000000000000e+04
1.980000000000000000e+04 1.137800000000000000e+04
2.000000000000000000e+04 1.193300000000000000e+04
2.020000000000000000e+04 1.207400000000000000e+04
2.040000000000000000e+04 1.305000000000000000e+04
2.060000000000000000e+04 1.316200000000000000e+04
2.080000000000000000e+04 1.361300000000000000e+04
2.100000000000000000e+04 1.387000000000000000e+04
2.120000000000000000e+04 1.402400000000000000e+04
2.140000000000000000e+04 1.460000000000000000e+04
2.160000000000000000e+04 1.496200000000000000e+04
2.180000000000000000e+04 1.500600000000000000e+04
2.200000000000000000e+04 1.508100000000000000e+04
2.220000000000000000e+04 1.541800000000000000e+04
2.240000000000000000e+04 1.557800000000000000e+04
2.260000000000000000e+04 1.555500000000000000e+04
2.280000000000000000e+04 1.595900000000000000e+04
2.300000000000000000e+04 1.596200000000000000e+04
2.320000000000000000e+04 1.619600000000000000e+04
2.340000000000000000e+04 1.605600000000000000e+04
2.360000000000000000e+04 1.635900000000000000e+04
2.380000000000000000e+04 1.612600000000000000e+04
2.400000000000000000e+04 1.619800000000000000e+04
2.420000000000000000e+04 1.614400000000000000e+04
2.440000000000000000e+04 1.608900000000000000e+04
2.460000000000000000e+04 1.595500000000000000e+04
2.480000000000000000e+04 1.583200000000000000e+04
2.500000000000000000e+04 1.579500000000000000e+04
2.520000000000000000e+04 1.545300000000000000e+04
2.540000000000000000e+04 1.543600000000000000e+04
2.560000000000000000e+04 1.512500000000000000e+04
2.580000000000000000e+04 1.486200000000000000e+04
2.600000000000000000e+04 1.480300000000000000e+04
2.620000000000000000e+04 1.455900000000000000e+04
2.640000000000000000e+04 1.421500000000000000e+04
2.660000000000000000e+04 1.374800000000000000e+04
2.680000000000000000e+04 1.343800000000000000e+04
2.700000000000000000e+04 1.325300000000000000e+04
2.720000000000000000e+04 1.275000000000000000e+04
2.740000000000000000e+04 1.244200000000000000e+04
2.760000000000000000e+04 1.192900000000000000e+04
2.780000000000000000e+04 1.171200000000000000e+04
2.800000000000000000e+04 1.090500000000000000e+04
2.820000000000000000e+04 1.060000000000000000e+04
2.840000000000000000e+04 1.025100000000000000e+04
2.860000000000000000e+04 9.647000000000000000e+03
2.880000000000000000e+04 9.193000000000000000e+03
2.900000000000000000e+04 8.507000000000000000e+03
2.920000000000000000e+04 8.197000000000000000e+03
2.940000000000000000e+04 7.532000000000000000e+03
2.960000000000000000e+04 7.201000000000000000e+03
2.980000000000000000e+04 6.607000000000000000e+03
3.000000000000000000e+04 6.066000000000000000e+03
3.020000000000000000e+04 5.738000000000000000e+03
3.040000000000000000e+04 5.271000000000000000e+03
3.060000000000000000e+04 4.914000000000000000e+03
3.080000000000000000e+04 4.476000000000000000e+03
3.100000000000000000e+04 4.221000000000000000e+03
3.120000000000000000e+04 3.810000000000000000e+03
3.140000000000000000e+04 3.497000000000000000e+03
3.160000000000000000e+04 3.260000000000000000e+03
3.180000000000000000e+04 2.902000000000000000e+03
3.200000000000000000e+04 2.812000000000000000e+03
3.220000000000000000e+04 2.619000000000000000e+03
3.240000000000000000e+04 2.458000000000000000e+03
3.260000000000000000e+04 2.299000000000000000e+03
3.280000000000000000e+04 2.159000000000000000e+03
3.300000000000000000e+04 2.015000000000000000e+03
3.320000000000000000e+04 1.976000000000000000e+03
3.340000000000000000e+04 1.970000000000000000e+03
3.360000000000000000e+04 1.849000000000000000e+03
3.380000000000000000e+04 1.923000000000000000e+03
3.400000000000000000e+04 1.949000000000000000e+03
3.420000000000000000e+04 1.918000000000000000e+03
3.440000000000000000e+04 2.015000000000000000e+03
3.460000000000000000e+04 2.086000000000000000e+03
3.480000000000000000e+04 2.049000000000000000e+03
3.500000000000000000e+04 2.289000000000000000e+03
3.520000000000000000e+04 2.363000000000000000e+03
3.540000000000000000e+04 2.619000000000000000e+03
3.560000000000000000e+04 2.685000000000000000e+03
3.580000000000000000e+04 2.973000000000000000e+03
3.600000000000000000e+04 3.225000000000000000e+03
3.620000000000000000e+04 3.368000000000000000e+03
3.640000000000000000e+04 3.746000000000000000e+03
3.660000000000000000e+04 4.009000000000000000e+03
3.680000000000000000e+04 4.340000000000000000e+03
3.700000000000000000e+04 4.878000000000000000e+03
3.720000000000000000e+04 5.175000000000000000e+03
3.740000000000000000e+04 5.574000000000000000e+03
3.760000000000000000e+04 6.178000000000000000e+03
3.780000000000000000e+04 6.675000000000000000e+03
3.800000000000000000e+04 7.178000000000000000e+03
3.820000000000000000e+04 7.516000000000000000e+03
3.840000000000000000e+04 8.007000000000000000e+03
3.860000000000000000e+04 8.453000000000000000e+03
3.880000000000000000e+04 8.919000000000000000e+03
3.900000000000000000e+04 9.388000000000000000e+03
3.920000000000000000e+04 9.963000000000000000e+03
3.940000000000000000e+04 1.063000000000000000e+04
3.960000000000000000e+04 1.113600000000000000e+04
3.980000000000000000e+04 1.148300000000000000e+04
