0.000000000000000000e+00 1.172700000000000000e+04
2.000000000000000000e+01 1.215100000000000000e+04
4.000000000000000000e+01 1.247500000000000000e+04
6.000000000000000000e+01 1.336800000000000000e+04
8.000000000000000000e+01 1.348200000000000000e+04
1.000000000000000000e+02 1.374100000000000000e+04
1.200000000000000000e+02 1.422800000000000000e+04
1.400000000000000000e+02 1.440400000000000000e+04
1.600000000000000000e+02 1.465300000000000000e+04
1.800000000000000000e+02 1.513700000000000000e+04
2.000000000000000000e+02 1.524800000000000000e+04
2.200000000000000000e+02 1.531500000000000000e+04
2.400000000000000000e+02 1.548600000000000000e+04
2.600000000000000000e+02 1.576400000000000000e+04
2.800000000000000000e+02 1.601400000000000000e+04
3.000000000000000000e+02 1.586700000000000000e+04
3.200000000000000000e+02 1.619100000000000000e+04
3.400000000000000000e+02 1.599700000000000000e+04
3.600000000000000000e+02 1.629800000000000000e+04
3.800000000000000000e+02 1.615200000000000000e+04
4.000000000000000000e+02 1.626400000000000000e+04
4.200000000000000000e+02 1.610400000000000000e+04
4.400000000000000000e+02 1.620000000000000000e+04
4.600000000000000000e+02 1.616800000000000000e+04
4.800000000000000000e+02 1.576400000000000000e+04
5.000000000000000000e+02 1.617500000000000000e+04
5.200000000000000000e+02 1.547000000000000000e+04
5.400000000000000000e+02 1.533200000000000000e+04
5.600000000000000000e+02 1.536100000000000000e+04
5.800000000000000000e+02 1.506900000000000000e+04
6.000000000000000000e+02 1.468500000000000000e+04
6.200000000000000000e+02 1.444300000000000000e+04
6.400000000000000000e+02 1.425200000000000000e+04
6.600000000000000000e+02 1.416600000000000000e+04
6.800000000000000000e+02 1.365000000000000000e+04
7.000000000000000000e+02 1.321400000000000000e+04
7.200000000000000000e+02 1.273700000000000000e+04
7.400000000000000000e+02 1.249300000000000000e+04
7.600000000000000000e+02 1.210100000000000000e+04
7.800000000000000000e+02 1.130300000000000000e+04
8.000000000000000000e+02 1.114100000000000000e+04
8.200000000000000000e+02 1.053400000000000000e+04
8.400000000000000000e+02 1.011800000000000000e+04
8.600000000000000000e+02 9.542000000000000000e+03
8.800000000000000000e+02 8.986000000000000000e+03
9.000000000000000000e+02 8.680000000000000000e+03
9.200000000000000000e+02 8.243000000000000000e+03
9.400000000000000000e+02 7.635000000000000000e+03
9.600000000000000000e+02 7.160000000000000000e+03
9.800000000000000000e+02 6.611000000000000000e+03
1.000000000000000000e+03 6.172000000000000000e+03
1.020000000000000000e+03 5.685000000000000000e+03
1.040000000000000000e+03 5.171000000000000000e+03
1.060000000000000000e+03 4.905000000000000000e+03
1.080000000000000000e+03 4.484000000000000000e+03
1.100000000000000000e+03 4.144000000000000000e+03
1.120000000000000000e+03 3.802000000000000000e+03
1.140000000000000000e+03 3.523000000000000000e+03
1.160000000000000000e+03 3.232000000000000000e+03
1.180000000000000000e+03 2.867000000000000000e+03
1.200000000000000000e+03 2.766000000000000000e+03
1.220000000000000000e+03 2.561000000000000000e+03
1.240000000000000000e+03 2.446000000000000000e+03
1.260000000000000000e+03 2.218000000000000000e+03
1.280000000000000000e+03 2.180000000000000000e+03
1.300000000000000000e+03 2.012000000000000000e+03
1.320000000000000000e+03 1.931000000000000000e+03
1.340000000000000000e+03 1.879000000000000000e+03
1.360000000000000000e+03 1.893000000000000000e+03
1.380000000000000000e+03 1.833000000000000000e+03
1.400000000000000000e+03 1.893000000000000000e+03
1.420000000000000000e+03 1.899000000000000000e+03
1.440000000000000000e+03 1.873000000000000000e+03
1.460000000000000000e+03 2.188000000000000000e+03
1.480000000000000000e+03 2.156000000000000000e+03
1.500000000000000000e+03 2.271000000000000000e+03
1.520000000000000000e+03 2.368000000000000000e+03
1.540000000000000000e+03 2.463000000000000000e+03
1.560000000000000000e+03 2.665000000000000000e+03
1.580000000000000000e+03 2.922000000000000000e+03
1.600000000000000000e+03 3.186000000000000000e+03
1.620000000000000000e+03 3.418000000000000000e+03
1.640000000000000000e+03 3.711000000000000000e+03
1.660000000000000000e+03 3.940000000000000000e+03
1.680000000000000000e+03 4.377000000000000000e+03
1.700000000000000000e+03 4.763000000000000000e+03
1.720000000000000000e+03 5.298000000000000000e+03
1.740000000000000000e+03 5.563000000000000000e+03
1.760000000000000000e+03 6.180000000000000000e+03
1.780000000000000000e+03 6.320000000000000000e+03
1.800000000000000000e+03 7.186000000000000000e+03
1.820000000000000000e+03 7.414000000000000000e+03
1.840000000000000000e+03 7.958000000000000000e+03
1.860000000000000000e+03 8.414000000000000000e+03
1.880000000000000000e+03 9.202000000000000000e+03
1.900000000000000000e+03 9.660000000000000000e+03
1.920000000000000000e+03 9.980000000000000000e+03
1.940000000000000000e+03 1.048200000000000000e+04
1.960000000000000000e+03 1.087500000000000000e+04
1.980000000000000000e+03 1.144300000000000000e+04
2.000000000000000000e+03 1.204100000000000000e+04
2.020000000000000000e+03 1.214500000000000000e+04
2.040000000000000000e+03 1.285800000000000000e+04
2.060000000000000000e+03 1.318800000000000000e+04
2.080000000000000000e+03 1.360400000000000000e+04
2.100000000000000000e+03 1.391600000000000000e+04
2.120000000000000000e+03 1.419700000000000000e+04
2.140000000000000000e+03 1.453200000000000000e+04
2.160000000000000000e+03 1.471600000000000000e+04
2.180000000000000000e+03 1.500400000000000000e+04
2.200000000000000000e+03 1.535200000000000000e+04
2.220000000000000000e+03 1.533800000000000000e+04
2.240000000000000000e+03 1.564500000000000000e+04
2.260000000000000000e+03 1.566000000000000000e+04
2.280000000000000000e+03 1.590300000000000000e+04
2.300000000000000000e+03 1.591200000000000000e+04
2.320000000000000000e+03 1.595500000000000000e+04
2.340000000000000000e+03 1.599300000000000000e+04
2.360000000000000000e+03 1.603800000000000000e+04
2.380000000000000000e+03 1.605400000000000000e+04
2.400000000000000000e+03 1.577600000000000000e+04
2.420000000000000000e+03 1.598600000000000000e+04
2.440000000000000000e+03 1.556800000000000000e+04
2.460000000000000000e+03 1.595900000000000000e+04
2.480000000000000000e+03 1.578300000000000000e+04
2.500000000000000000e+03 1.565300000000000000e+04
2.520000000000000000e+03 1.537300000000000000e+04
2.540000000000000000e+03 1.553500000000000000e+04
2.560000000000000000e+03 1.517600000000000000e+04
2.580000000000000000e+03 1.500900000000000000e+04
2.600000000000000000e+03 1.484100000000000000e+04
2.620000000000000000e+03 1.448800000000000000e+04
2.640000000000000000e+03 1.411200000000000000e+04
2.660000000000000000e+03 1.392500000000000000e+04
2.680000000000000000e+03 1.356600000000000000e+04
2.700000000000000000e+03 1.315400000000000000e+04
2.720000000000000000e+03 1.273300000000000000e+04
2.740000000000000000e+03 1.233800000000000000e+04
2.760000000000000000e+03 1.200300000000000000e+04
2.780000000000000000e+03 1.141900000000000000e+04
2.800000000000000000e+03 1.102800000000000000e+04
2.820000000000000000e+03 1.053400000000000000e+04
2.840000000000000000e+03 1.007200000000000000e+04
2.860000000000000000e+03 9.724000000000000000e+03
2.880000000000000000e+03 9.193000000000000000e+03
2.900000000000000000e+03 8.651000000000000000e+03
2.920000000000000000e+03 8.159000000000000000e+03
2.940000000000000000e+03 7.615000000000000000e+03
2.960000000000000000e+03 7.064000000000000000e+03
2.980000000000000000e+03 6.460000000000000000e+03
3.000000000000000000e+03 6.253000000000000000e+03
3.020000000000000000e+03 5.722000000000000000e+03
3.040000000000000000e+03 5.302000000000000000e+03
3.060000000000000000e+03 4.976000000000000000e+03
3.080000000000000000e+03 4.509000000000000000e+03
3.100000000000000000e+03 4.133000000000000000e+03
3.120000000000000000e+03 3.650000000000000000e+03
3.140000000000000000e+03 3.509000000000000000e+03
3.160000000000000000e+03 3.195000000000000000e+03
3.180000000000000000e+03 2.874000000000000000e+03
3.200000000000000000e+03 2.803000000000000000e+03
3.220000000000000000e+03 2.597000000000000000e+03
3.240000000000000000e+03 2.413000000000000000e+03
3.260000000000000000e+03 2.241000000000000000e+03
3.280000000000000000e+03 2.135000000000000000e+03
3.300000000000000000e+03 2.036000000000000000e+03
3.320000000000000000e+03 1.977000000000000000e+03
3.340000000000000000e+03 1.921000000000000000e+03
3.360000000000000000e+03 1.820000000000000000e+03
3.380000000000000000e+03 1.864000000000000000e+03
3.400000000000000000e+03 1.960000000000000000e+03
3.420000000000000000e+03 1.900000000000000000e+03
3.440000000000000000e+03 1.902000000000000000e+03
3.460000000000000000e+03 2.071000000000000000e+03
3.480000000000000000e+03 2.187000000000000000e+03
3.500000000000000000e+03 2.157000000000000000e+03
3.520000000000000000e+03 2.367000000000000000e+03
3.540000000000000000e+03 2.509000000000000000e+03
3.560000000000000000e+03 2.711000000000000000e+03
3.580000000000000000e+03 2.801000000000000000e+03
3.600000000000000000e+03 3.212000000000000000e+03
3.620000000000000000e+03 3.322000000000000000e+03
3.640000000000000000e+03 3.714000000000000000e+03
3.660000000000000000e+03 4.120000000000000000e+03
3.680000000000000000e+03 4.438000000000000000e+03
3.700000000000000000e+03 4.914000000000000000e+03
3.720000000000000000e+03 5.141000000000000000e+03
3.740000000000000000e+03 5.616000000000000000e+03
3.760000000000000000e+03 6.052000000000000000e+03
3.780000000000000000e+03 6.613000000000000000e+03
3.800000000000000000e+03 7.054000000000000000e+03
3.820000000000000000e+03 7.545000000000000000e+03
3.840000000000000000e+03 8.015000000000000000e+03
3.860000000000000000e+03 8.532000000000000000e+03
3.880000000000000000e+03 9.067000000000000000e+03
3.900000000000000000e+03 9.503000000000000000e+03
3.920000000000000000e+03 1.014300000000000000e+04
3.940000000000000000e+03 1.042000000000000000e+04
3.960000000000000000e+03 1.095600000000000000e+04
3.980000000000000000e+03 1.147300000000000000e+04
