0.000000000000000000e+00 1.285900000000000000e+04
3.330000000000000000e+02 1.344000000000000000e+04
6.660000000000000000e+02 1.385300000000000000e+04
9.990000000000000000e+02 1.434500000000000000e+04
1.332000000000000000e+03 1.456100000000000000e+04
1.665000000000000000e+03 1.497800000000000000e+04
1.998000000000000000e+03 1.532700000000000000e+04
2.331000000000000000e+03 1.556200000000000000e+04
2.664000000000000000e+03 1.589300000000000000e+04
2.997000000000000000e+03 1.621300000000000000e+04
3.330000000000000000e+03 1.649500000000000000e+04
3.663000000000000000e+03 1.681400000000000000e+04
3.996000000000000000e+03 1.688000000000000000e+04
4.329000000000000000e+03 1.721100000000000000e+04
4.662000000000000000e+03 1.710600000000000000e+04
4.995000000000000000e+03 1.711400000000000000e+04
5.328000000000000000e+03 1.736800000000000000e+04
5.661000000000000000e+03 1.743500000000000000e+04
5.994000000000000000e+03 1.736000000000000000e+04
6.327000000000000000e+03 1.752400000000000000e+04
6.660000000000000000e+03 1.717500000000000000e+04
6.993000000000000000e+03 1.763400000000000000e+04
7.326000000000000000e+03 1.740900000000000000e+04
7.659000000000000000e+03 1.745600000000000000e+04
7.992000000000000000e+03 1.706000000000000000e+04
8.325000000000000000e+03 1.714900000000000000e+04
8.658000000000000000e+03 1.685700000000000000e+04
8.991000000000000000e+03 1.673000000000000000e+04
9.324000000000000000e+03 1.638200000000000000e+04
9.657000000000000000e+03 1.615800000000000000e+04
9.990000000000000000e+03 1.636600000000000000e+04
1.032300000000000000e+04 1.572200000000000000e+04
1.065600000000000000e+04 1.553600000000000000e+04
1.098900000000000000e+04 1.501400000000000000e+04
1.132200000000000000e+04 1.477500000000000000e+04
1.165500000000000000e+04 1.420300000000000000e+04
1.198800000000000000e+04 1.376300000000000000e+04
1.232100000000000000e+04 1.363600000000000000e+04
1.265400000000000000e+04 1.295200000000000000e+04
1.298700000000000000e+04 1.252200000000000000e+04
1.332000000000000000e+04 1.208900000000000000e+04
1.365300000000000000e+04 1.152200000000000000e+04
1.398600000000000000e+04 1.094300000000000000e+04
1.431900000000000000e+04 1.036500000000000000e+04
1.465200000000000000e+04 1.008200000000000000e+04
1.498500000000000000e+04 9.235000000000000000e+03
1.531800000000000000e+04 8.812000000000000000e+03
1.565100000000000000e+04 8.352000000000000000e+03
1.598400000000000000e+04 7.831000000000000000e+03
1.631700000000000000e+04 7.228000000000000000e+03
1.665000000000000000e+04 6.751000000000000000e+03
1.698300000000000000e+04 6.166000000000000000e+03
1.731600000000000000e+04 5.893000000000000000e+03
1.764900000000000000e+04 5.226000000000000000e+03
1.798200000000000000e+04 4.943000000000000000e+03
1.831500000000000000e+04 4.586000000000000000e+03
1.864800000000000000e+04 4.221000000000000000e+03
1.898100000000000000e+04 3.824000000000000000e+03
1.931400000000000000e+04 3.565000000000000000e+03
1.964700000000000000e+04 3.234000000000000000e+03
1.998000000000000000e+04 3.086000000000000000e+03
2.031300000000000000e+04 2.796000000000000000e+03
2.064600000000000000e+04 2.585000000000000000e+03
2.097900000000000000e+04 2.472000000000000000e+03
2.131200000000000000e+04 2.361000000000000000e+03
2.164500000000000000e+04 2.295000000000000000e+03
2.197800000000000000e+04 2.181000000000000000e+03
2.231100000000000000e+04 2.134000000000000000e+03
2.264400000000000000e+04 2.016000000000000000e+03
2.297700000000000000e+04 2.005000000000000000e+03
2.331000000000000000e+04 2.097000000000000000e+03
2.364300000000000000e+04 2.088000000000000000e+03
2.397600000000000000e+04 2.106000000000000000e+03
2.430900000000000000e+04 2.189000000000000000e+03
2.464200000000000000e+04 2.369000000000000000e+03
2.497500000000000000e+04 2.406000000000000000e+03
2.530800000000000000e+04 2.553000000000000000e+03
2.564100000000000000e+04 2.809000000000000000e+03
2.597400000000000000e+04 2.941000000000000000e+03
2.630700000000000000e+04 3.176000000000000000e+03
2.664000000000000000e+04 3.331000000000000000e+03
2.697300000000000000e+04 3.601000000000000000e+03
2.730600000000000000e+04 4.169000000000000000e+03
2.763900000000000000e+04 4.320000000000000000e+03
2.797200000000000000e+04 4.699000000000000000e+03
2.830500000000000000e+04 5.078000000000000000e+03
2.863800000000000000e+04 5.633000000000000000e+03
2.897100000000000000e+04 6.105000000000000000e+03
2.930400000000000000e+04 6.536000000000000000e+03
2.963700000000000000e+04 7.016000000000000000e+03
2.997000000000000000e+04 7.518000000000000000e+03
3.030300000000000000e+04 7.984000000000000000e+03
3.063600000000000000e+04 8.692000000000000000e+03
3.096900000000000000e+04 9.115000000000000000e+03
3.130200000000000000e+04 9.613000000000000000e+03
3.163500000000000000e+04 1.034900000000000000e+04
3.196800000000000000e+04 1.073800000000000000e+04
3.230100000000000000e+04 1.129400000000000000e+04
3.263400000000000000e+04 1.198100000000000000e+04
3.296700000000000000e+04 1.235600000000000000e+04
3.330000000000000000e+04 1.295600000000000000e+04
3.363300000000000000e+04 1.313400000000000000e+04
3.396600000000000000e+04 1.369900000000000000e+04
3.429900000000000000e+04 1.420100000000000000e+04
3.463200000000000000e+04 1.476600000000000000e+04
3.496500000000000000e+04 1.486900000000000000e+04
3.529800000000000000e+04 1.515700000000000000e+04
3.563100000000000000e+04 1.551700000000000000e+04
3.596400000000000000e+04 1.584100000000000000e+04
3.629700000000000000e+04 1.614500000000000000e+04
3.663000000000000000e+04 1.639700000000000000e+04
3.696300000000000000e+04 1.654900000000000000e+04
3.729600000000000000e+04 1.672800000000000000e+04
3.762900000000000000e+04 1.727600000000000000e+04
3.796200000000000000e+04 1.736700000000000000e+04
3.829500000000000000e+04 1.726600000000000000e+04
3.862800000000000000e+04 1.708300000000000000e+04
3.896100000000000000e+04 1.742200000000000000e+04
3.929400000000000000e+04 1.716900000000000000e+04
3.962700000000000000e+04 1.747100000000000000e+04
3.996000000000000000e+04 1.745400000000000000e+04
4.029300000000000000e+04 1.739200000000000000e+04
4.062600000000000000e+04 1.747400000000000000e+04
4.095900000000000000e+04 1.724200000000000000e+04
4.129200000000000000e+04 1.695900000000000000e+04
4.162500000000000000e+04 1.687600000000000000e+04
4.195800000000000000e+04 1.691400000000000000e+04
4.229100000000000000e+04 1.676400000000000000e+04
4.262400000000000000e+04 1.659100000000000000e+04
4.295700000000000000e+04 1.622300000000000000e+04
4.329000000000000000e+04 1.605900000000000000e+04
4.362300000000000000e+04 1.563800000000000000e+04
4.395600000000000000e+04 1.552000000000000000e+04
4.428900000000000000e+04 1.509700000000000000e+04
4.462200000000000000e+04 1.470500000000000000e+04
4.495500000000000000e+04 1.437900000000000000e+04
4.528800000000000000e+04 1.396300000000000000e+04
4.562100000000000000e+04 1.346800000000000000e+04
4.595400000000000000e+04 1.286700000000000000e+04
4.628700000000000000e+04 1.242200000000000000e+04
4.662000000000000000e+04 1.205800000000000000e+04
4.695300000000000000e+04 1.164000000000000000e+04
4.728600000000000000e+04 1.121400000000000000e+04
4.761900000000000000e+04 1.040700000000000000e+04
4.795200000000000000e+04 9.948000000000000000e+03
4.828500000000000000e+04 9.662000000000000000e+03
4.861800000000000000e+04 8.852000000000000000e+03
4.895100000000000000e+04 8.269000000000000000e+03
4.928400000000000000e+04 7.939000000000000000e+03
4.961700000000000000e+04 7.388000000000000000e+03
4.995000000000000000e+04 6.794000000000000000e+03
5.028300000000000000e+04 6.346000000000000000e+03
5.061600000000000000e+04 5.746000000000000000e+03
5.094900000000000000e+04 5.283000000000000000e+03
5.128200000000000000e+04 4.934000000000000000e+03
5.161500000000000000e+04 4.634000000000000000e+03
5.194800000000000000e+04 4.328000000000000000e+03
5.228100000000000000e+04 3.780000000000000000e+03
5.261400000000000000e+04 3.433000000000000000e+03
5.294700000000000000e+04 3.294000000000000000e+03
5.328000000000000000e+04 3.111000000000000000e+03
5.361300000000000000e+04 2.799000000000000000e+03
5.394600000000000000e+04 2.633000000000000000e+03
5.427900000000000000e+04 2.476000000000000000e+03
5.461200000000000000e+04 2.248000000000000000e+03
5.494500000000000000e+04 2.211000000000000000e+03
5.527800000000000000e+04 2.106000000000000000e+03
5.561100000000000000e+04 2.099000000000000000e+03
5.594400000000000000e+04 2.053000000000000000e+03
5.627700000000000000e+04 2.099000000000000000e+03
5.661000000000000000e+04 2.032000000000000000e+03
5.694300000000000000e+04 2.015000000000000000e+03
5.727600000000000000e+04 2.106000000000000000e+03
5.760900000000000000e+04 2.108000000000000000e+03
5.794200000000000000e+04 2.319000000000000000e+03
5.827500000000000000e+04 2.415000000000000000e+03
5.860800000000000000e+04 2.595000000000000000e+03
5.894100000000000000e+04 2.671000000000000000e+03
5.927400000000000000e+04 2.892000000000000000e+03
5.960700000000000000e+04 3.134000000000000000e+03
5.994000000000000000e+04 3.430000000000000000e+03
6.027300000000000000e+04 3.596000000000000000e+03
6.060600000000000000e+04 4.014000000000000000e+03
6.093900000000000000e+04 4.308000000000000000e+03
6.127200000000000000e+04 4.708000000000000000e+03
6.160500000000000000e+04 5.189000000000000000e+03
6.193800000000000000e+04 5.651000000000000000e+03
6.227100000000000000e+04 6.253000000000000000e+03
6.260400000000000000e+04 6.608000000000000000e+03
6.293700000000000000e+04 7.080000000000000000e+03
6.327000000000000000e+04 7.493000000000000000e+03
6.360300000000000000e+04 7.994000000000000000e+03
6.393600000000000000e+04 8.768000000000000000e+03
6.426900000000000000e+04 8.906000000000000000e+03
6.460200000000000000e+04 9.541000000000000000e+03
6.493500000000000000e+04 1.019500000000000000e+04
6.526800000000000000e+04 1.080100000000000000e+04
6.560100000000000000e+04 1.131400000000000000e+04
6.593400000000000000e+04 1.184400000000000000e+04
6.626700000000000000e+04 1.217300000000000000e+04
