0.000000000000000000e+00 1.212700000000000000e+04
5.000000000000000000e+02 1.261500000000000000e+04
1.000000000000000000e+03 1.293300000000000000e+04
1.500000000000000000e+03 1.354800000000000000e+04
2.000000000000000000e+03 1.390300000000000000e+04
2.500000000000000000e+03 1.438600000000000000e+04
3.000000000000000000e+03 1.450300000000000000e+04
3.500000000000000000e+03 1.477400000000000000e+04
4.000000000000000000e+03 1.525200000000000000e+04
4.500000000000000000e+03 1.542800000000000000e+04
5.000000000000000000e+03 1.546800000000000000e+04
5.500000000000000000e+03 1.584000000000000000e+04
6.000000000000000000e+03 1.601600000000000000e+04
6.500000000000000000e+03 1.597200000000000000e+04
7.000000000000000000e+03 1.619700000000000000e+04
7.500000000000000000e+03 1.652100000000000000e+04
8.000000000000000000e+03 1.634100000000000000e+04
8.500000000000000000e+03 1.655000000000000000e+04
9.000000000000000000e+03 1.651500000000000000e+04
9.500000000000000000e+03 1.684000000000000000e+04
1.000000000000000000e+04 1.642100000000000000e+04
1.050000000000000000e+04 1.651600000000000000e+04
1.100000000000000000e+04 1.649200000000000000e+04
1.150000000000000000e+04 1.645100000000000000e+04
1.200000000000000000e+04 1.631200000000000000e+04
1.250000000000000000e+04 1.610200000000000000e+04
1.300000000000000000e+04 1.604000000000000000e+04
1.350000000000000000e+04 1.570900000000000000e+04
1.400000000000000000e+04 1.544500000000000000e+04
1.450000000000000000e+04 1.543200000000000000e+04
1.500000000000000000e+04 1.513400000000000000e+04
1.550000000000000000e+04 1.496000000000000000e+04
1.600000000000000000e+04 1.454000000000000000e+04
1.650000000000000000e+04 1.417600000000000000e+04
1.700000000000000000e+04 1.400800000000000000e+04
1.750000000000000000e+04 1.353500000000000000e+04
1.800000000000000000e+04 1.331900000000000000e+04
1.850000000000000000e+04 1.270600000000000000e+04
1.900000000000000000e+04 1.232000000000000000e+04
1.950000000000000000e+04 1.197100000000000000e+04
2.000000000000000000e+04 1.118300000000000000e+04
2.050000000000000000e+04 1.078000000000000000e+04
2.100000000000000000e+04 1.040700000000000000e+04
2.150000000000000000e+04 9.901000000000000000e+03
2.200000000000000000e+04 9.458000000000000000e+03
2.250000000000000000e+04 8.715000000000000000e+03
2.300000000000000000e+04 8.288000000000000000e+03
2.350000000000000000e+04 7.749000000000000000e+03
2.400000000000000000e+04 7.297000000000000000e+03
2.450000000000000000e+04 6.784000000000000000e+03
2.500000000000000000e+04 6.249000000000000000e+03
2.550000000000000000e+04 5.828000000000000000e+03
2.600000000000000000e+04 5.244000000000000000e+03
2.650000000000000000e+04 5.086000000000000000e+03
2.700000000000000000e+04 4.600000000000000000e+03
2.750000000000000000e+04 4.232000000000000000e+03
2.800000000000000000e+04 3.973000000000000000e+03
2.850000000000000000e+04 3.588000000000000000e+03
2.900000000000000000e+04 3.353000000000000000e+03
2.950000000000000000e+04 3.008000000000000000e+03
3.000000000000000000e+04 2.892000000000000000e+03
3.050000000000000000e+04 2.720000000000000000e+03
3.100000000000000000e+04 2.391000000000000000e+03
3.150000000000000000e+04 2.319000000000000000e+03
3.200000000000000000e+04 2.200000000000000000e+03
3.250000000000000000e+04 2.013000000000000000e+03
3.300000000000000000e+04 1.929000000000000000e+03
3.350000000000000000e+04 1.905000000000000000e+03
3.400000000000000000e+04 1.965000000000000000e+03
3.450000000000000000e+04 1.997000000000000000e+03
3.500000000000000000e+04 1.927000000000000000e+03
3.550000000000000000e+04 1.947000000000000000e+03
3.600000000000000000e+04 1.984000000000000000e+03
3.650000000000000000e+04 2.073000000000000000e+03
3.700000000000000000e+04 2.138000000000000000e+03
3.750000000000000000e+04 2.320000000000000000e+03
3.800000000000000000e+04 2.448000000000000000e+03
3.850000000000000000e+04 2.549000000000000000e+03
3.900000000000000000e+04 2.807000000000000000e+03
3.950000000000000000e+04 3.050000000000000000e+03
4.000000000000000000e+04 3.307000000000000000e+03
4.050000000000000000e+04 3.557000000000000000e+03
4.100000000000000000e+04 3.800000000000000000e+03
4.150000000000000000e+04 4.188000000000000000e+03
4.200000000000000000e+04 4.617000000000000000e+03
4.250000000000000000e+04 4.984000000000000000e+03
4.300000000000000000e+04 5.292000000000000000e+03
4.350000000000000000e+04 5.861000000000000000e+03
4.400000000000000000e+04 6.400000000000000000e+03
4.450000000000000000e+04 6.622000000000000000e+03
4.500000000000000000e+04 7.253000000000000000e+03
4.550000000000000000e+04 7.681000000000000000e+03
4.600000000000000000e+04 8.256000000000000000e+03
4.650000000000000000e+04 8.783000000000000000e+03
4.700000000000000000e+04 9.320000000000000000e+03
4.750000000000000000e+04 9.896000000000000000e+03
4.800000000000000000e+04 1.016200000000000000e+04
4.850000000000000000e+04 1.075700000000000000e+04
4.900000000000000000e+04 1.137000000000000000e+04
4.950000000000000000e+04 1.188200000000000000e+04
5.000000000000000000e+04 1.212600000000000000e+04
5.050000000000000000e+04 1.255500000000000000e+04
5.100000000000000000e+04 1.302400000000000000e+04
5.150000000000000000e+04 1.365300000000000000e+04
5.200000000000000000e+04 1.382400000000000000e+04
5.250000000000000000e+04 1.426300000000000000e+04
5.300000000000000000e+04 1.430900000000000000e+04
5.350000000000000000e+04 1.478500000000000000e+04
5.400000000000000000e+04 1.526800000000000000e+04
5.450000000000000000e+04 1.539900000000000000e+04
5.500000000000000000e+04 1.578500000000000000e+04
5.550000000000000000e+04 1.590900000000000000e+04
5.600000000000000000e+04 1.587100000000000000e+04
5.650000000000000000e+04 1.626400000000000000e+04
5.700000000000000000e+04 1.620700000000000000e+04
5.750000000000000000e+04 1.636100000000000000e+04
5.800000000000000000e+04 1.655800000000000000e+04
5.850000000000000000e+04 1.630800000000000000e+04
5.900000000000000000e+04 1.642600000000000000e+04
5.950000000000000000e+04 1.627900000000000000e+04
6.000000000000000000e+04 1.668400000000000000e+04
6.050000000000000000e+04 1.664800000000000000e+04
6.100000000000000000e+04 1.650200000000000000e+04
6.150000000000000000e+04 1.644700000000000000e+04
6.200000000000000000e+04 1.634300000000000000e+04
6.250000000000000000e+04 1.612600000000000000e+04
6.300000000000000000e+04 1.599200000000000000e+04
6.350000000000000000e+04 1.591000000000000000e+04
6.400000000000000000e+04 1.563500000000000000e+04
6.450000000000000000e+04 1.535500000000000000e+04
6.500000000000000000e+04 1.504600000000000000e+04
6.550000000000000000e+04 1.513800000000000000e+04
6.600000000000000000e+04 1.479400000000000000e+04
6.650000000000000000e+04 1.422600000000000000e+04
6.700000000000000000e+04 1.382900000000000000e+04
6.750000000000000000e+04 1.357700000000000000e+04
6.800000000000000000e+04 1.308600000000000000e+04
6.850000000000000000e+04 1.284700000000000000e+04
6.900000000000000000e+04 1.220600000000000000e+04
6.950000000000000000e+04 1.193200000000000000e+04
7.000000000000000000e+04 1.146300000000000000e+04
7.050000000000000000e+04 1.094800000000000000e+04
7.100000000000000000e+04 1.047700000000000000e+04
7.150000000000000000e+04 9.943000000000000000e+03
7.200000000000000000e+04 9.546000000000000000e+03
7.250000000000000000e+04 8.859000000000000000e+03
7.300000000000000000e+04 8.446000000000000000e+03
7.350000000000000000e+04 8.028000000000000000e+03
7.400000000000000000e+04 7.287000000000000000e+03
7.450000000000000000e+04 6.826000000000000000e+03
7.500000000000000000e+04 6.276000000000000000e+03
7.550000000000000000e+04 5.966000000000000000e+03
7.600000000000000000e+04 5.403000000000000000e+03
7.650000000000000000e+04 4.957000000000000000e+03
7.700000000000000000e+04 4.755000000000000000e+03
7.750000000000000000e+04 4.263000000000000000e+03
7.800000000000000000e+04 4.027000000000000000e+03
7.850000000000000000e+04 3.629000000000000000e+03
7.900000000000000000e+04 3.295000000000000000e+03
7.950000000000000000e+04 3.123000000000000000e+03
8.000000000000000000e+04 2.763000000000000000e+03
8.050000000000000000e+04 2.596000000000000000e+03
8.100000000000000000e+04 2.420000000000000000e+03
8.150000000000000000e+04 2.363000000000000000e+03
8.200000000000000000e+04 2.114000000000000000e+03
8.250000000000000000e+04 2.088000000000000000e+03
8.300000000000000000e+04 2.073000000000000000e+03
8.350000000000000000e+04 2.060000000000000000e+03
8.400000000000000000e+04 1.994000000000000000e+03
8.450000000000000000e+04 1.929000000000000000e+03
8.500000000000000000e+04 2.015000000000000000e+03
8.550000000000000000e+04 2.010000000000000000e+03
8.600000000000000000e+04 1.998000000000000000e+03
8.650000000000000000e+04 2.051000000000000000e+03
8.700000000000000000e+04 2.236000000000000000e+03
8.750000000000000000e+04 2.311000000000000000e+03
8.800000000000000000e+04 2.454000000000000000e+03
8.850000000000000000e+04 2.654000000000000000e+03
8.900000000000000000e+04 2.768000000000000000e+03
8.950000000000000000e+04 3.021000000000000000e+03
9.000000000000000000e+04 3.209000000000000000e+03
9.050000000000000000e+04 3.554000000000000000e+03
9.100000000000000000e+04 3.808000000000000000e+03
9.150000000000000000e+04 4.090000000000000000e+03
9.200000000000000000e+04 4.516000000000000000e+03
9.250000000000000000e+04 4.909000000000000000e+03
9.300000000000000000e+04 5.291000000000000000e+03
9.350000000000000000e+04 5.645000000000000000e+03
9.400000000000000000e+04 6.243000000000000000e+03
9.450000000000000000e+04 6.724000000000000000e+03
9.500000000000000000e+04 7.208000000000000000e+03
9.550000000000000000e+04 7.860000000000000000e+03
9.600000000000000000e+04 8.223000000000000000e+03
9.650000000000000000e+04 8.774000000000000000e+03
9.700000000000000000e+04 9.181000000000000000e+03
9.750000000000000000e+04 9.571000000000000000e+03
9.800000000000000000e+04 1.012500000000000000e+04
9.850000000000000000e+04 1.075200000000000000e+04
9.900000000000000000e+04 1.123200000000000000e+04
9.950000000000000000e+04 1.181600000000000000e+04
