0.000000000000000000e+00 1.813600000000000000e+04
5.000000000000000000e+03 1.896800000000000000e+04
1.000000000000000000e+04 1.971400000000000000e+04
1.500000000000000000e+04 2.007800000000000000e+04
2.000000000000000000e+04 2.062100000000000000e+04
2.500000000000000000e+04 2.120800000000000000e+04
3.000000000000000000e+04 2.172800000000000000e+04
3.500000000000000000e+04 2.203400000000000000e+04
4.000000000000000000e+04 2.253000000000000000e+04
4.500000000000000000e+04 2.306300000000000000e+04
5.000000000000000000e+04 2.323400000000000000e+04
5.500000000000000000e+04 2.370900000000000000e+04
6.000000000000000000e+04 2.380500000000000000e+04
6.500000000000000000e+04 2.436100000000000000e+04
7.000000000000000000e+04 2.417800000000000000e+04
7.500000000000000000e+04 2.454400000000000000e+04
8.000000000000000000e+04 2.483200000000000000e+04
8.500000000000000000e+04 2.436800000000000000e+04
9.000000000000000000e+04 2.513000000000000000e+04
9.500000000000000000e+04 2.506800000000000000e+04
1.000000000000000000e+05 2.462400000000000000e+04
1.050000000000000000e+05 2.498100000000000000e+04
1.100000000000000000e+05 2.482300000000000000e+04
1.150000000000000000e+05 2.452800000000000000e+04
1.200000000000000000e+05 2.423000000000000000e+04
1.250000000000000000e+05 2.428800000000000000e+04
1.300000000000000000e+05 2.390500000000000000e+04
1.350000000000000000e+05 2.387500000000000000e+04
1.400000000000000000e+05 2.354400000000000000e+04
1.450000000000000000e+05 2.284400000000000000e+04
1.500000000000000000e+05 2.298300000000000000e+04
1.550000000000000000e+05 2.244000000000000000e+04
1.600000000000000000e+05 2.181200000000000000e+04
1.650000000000000000e+05 2.141300000000000000e+04
1.700000000000000000e+05 2.095400000000000000e+04
1.750000000000000000e+05 2.045900000000000000e+04
1.800000000000000000e+05 1.979100000000000000e+04
1.850000000000000000e+05 1.893000000000000000e+04
1.900000000000000000e+05 1.872900000000000000e+04
1.950000000000000000e+05 1.787600000000000000e+04
2.000000000000000000e+05 1.708800000000000000e+04
2.050000000000000000e+05 1.656600000000000000e+04
2.100000000000000000e+05 1.536000000000000000e+04
2.150000000000000000e+05 1.495200000000000000e+04
2.200000000000000000e+05 1.436400000000000000e+04
2.250000000000000000e+05 1.326400000000000000e+04
2.300000000000000000e+05 1.238200000000000000e+04
2.350000000000000000e+05 1.185300000000000000e+04
2.400000000000000000e+05 1.083700000000000000e+04
2.450000000000000000e+05 1.020200000000000000e+04
2.500000000000000000e+05 9.664000000000000000e+03
2.550000000000000000e+05 8.933000000000000000e+03
2.600000000000000000e+05 8.202000000000000000e+03
2.650000000000000000e+05 7.526000000000000000e+03
2.700000000000000000e+05 6.949000000000000000e+03
2.750000000000000000e+05 6.583000000000000000e+03
2.800000000000000000e+05 6.024000000000000000e+03
2.850000000000000000e+05 5.441000000000000000e+03
2.900000000000000000e+05 5.016000000000000000e+03
2.950000000000000000e+05 4.714000000000000000e+03
3.000000000000000000e+05 4.367000000000000000e+03
3.050000000000000000e+05 3.970000000000000000e+03
3.100000000000000000e+05 3.795000000000000000e+03
3.150000000000000000e+05 3.542000000000000000e+03
3.200000000000000000e+05 3.303000000000000000e+03
3.250000000000000000e+05 3.117000000000000000e+03
3.300000000000000000e+05 3.011000000000000000e+03
3.350000000000000000e+05 2.975000000000000000e+03
3.400000000000000000e+05 2.859000000000000000e+03
3.450000000000000000e+05 2.952000000000000000e+03
3.500000000000000000e+05 2.846000000000000000e+03
3.550000000000000000e+05 2.881000000000000000e+03
3.600000000000000000e+05 3.050000000000000000e+03
3.650000000000000000e+05 3.159000000000000000e+03
3.700000000000000000e+05 3.315000000000000000e+03
3.750000000000000000e+05 3.261000000000000000e+03
3.800000000000000000e+05 3.811000000000000000e+03
3.850000000000000000e+05 3.830000000000000000e+03
3.900000000000000000e+05 4.178000000000000000e+03
3.950000000000000000e+05 4.580000000000000000e+03
4.000000000000000000e+05 4.925000000000000000e+03
4.050000000000000000e+05 5.178000000000000000e+03
4.100000000000000000e+05 5.631000000000000000e+03
4.150000000000000000e+05 6.143000000000000000e+03
4.200000000000000000e+05 6.824000000000000000e+03
4.250000000000000000e+05 7.492000000000000000e+03
4.300000000000000000e+05 7.961000000000000000e+03
4.350000000000000000e+05 8.479000000000000000e+03
4.400000000000000000e+05 9.283000000000000000e+03
4.450000000000000000e+05 1.002900000000000000e+04
4.500000000000000000e+05 1.079800000000000000e+04
4.550000000000000000e+05 1.137100000000000000e+04
4.600000000000000000e+05 1.233500000000000000e+04
4.650000000000000000e+05 1.298400000000000000e+04
4.700000000000000000e+05 1.378200000000000000e+04
4.750000000000000000e+05 1.444200000000000000e+04
4.800000000000000000e+05 1.541100000000000000e+04
4.850000000000000000e+05 1.620000000000000000e+04
4.900000000000000000e+05 1.695000000000000000e+04
4.950000000000000000e+05 1.757000000000000000e+04
5.000000000000000000e+05 1.830000000000000000e+04
5.050000000000000000e+05 1.898100000000000000e+04
5.100000000000000000e+05 1.982900000000000000e+04
5.150000000000000000e+05 1.994100000000000000e+04
5.200000000000000000e+05 2.059000000000000000e+04
5.250000000000000000e+05 2.117100000000000000e+04
5.300000000000000000e+05 2.197500000000000000e+04
5.350000000000000000e+05 2.233500000000000000e+04
5.400000000000000000e+05 2.285300000000000000e+04
5.450000000000000000e+05 2.319900000000000000e+04
5.500000000000000000e+05 2.336400000000000000e+04
5.550000000000000000e+05 2.376200000000000000e+04
5.600000000000000000e+05 2.414400000000000000e+04
5.650000000000000000e+05 2.393800000000000000e+04
5.700000000000000000e+05 2.426500000000000000e+04
5.750000000000000000e+05 2.460400000000000000e+04
5.800000000000000000e+05 2.472100000000000000e+04
5.850000000000000000e+05 2.477200000000000000e+04
5.900000000000000000e+05 2.476300000000000000e+04
5.950000000000000000e+05 2.471200000000000000e+04
6.000000000000000000e+05 2.482300000000000000e+04
6.050000000000000000e+05 2.491500000000000000e+04
6.100000000000000000e+05 2.477100000000000000e+04
6.150000000000000000e+05 2.470600000000000000e+04
6.200000000000000000e+05 2.446500000000000000e+04
6.250000000000000000e+05 2.409700000000000000e+04
6.300000000000000000e+05 2.407400000000000000e+04
6.350000000000000000e+05 2.400000000000000000e+04
6.400000000000000000e+05 2.358700000000000000e+04
6.450000000000000000e+05 2.323800000000000000e+04
6.500000000000000000e+05 2.288700000000000000e+04
6.550000000000000000e+05 2.236400000000000000e+04
6.600000000000000000e+05 2.216400000000000000e+04
6.650000000000000000e+05 2.129300000000000000e+04
6.700000000000000000e+05 2.133300000000000000e+04
6.750000000000000000e+05 2.052500000000000000e+04
6.800000000000000000e+05 1.975600000000000000e+04
6.850000000000000000e+05 1.932500000000000000e+04
6.900000000000000000e+05 1.848200000000000000e+04
6.950000000000000000e+05 1.798000000000000000e+04
7.000000000000000000e+05 1.704800000000000000e+04
7.050000000000000000e+05 1.643100000000000000e+04
7.100000000000000000e+05 1.559400000000000000e+04
7.150000000000000000e+05 1.490600000000000000e+04
7.200000000000000000e+05 1.424300000000000000e+04
7.250000000000000000e+05 1.343100000000000000e+04
7.300000000000000000e+05 1.251000000000000000e+04
7.350000000000000000e+05 1.195500000000000000e+04
7.400000000000000000e+05 1.115400000000000000e+04
7.450000000000000000e+05 1.023600000000000000e+04
7.500000000000000000e+05 9.737000000000000000e+03
7.550000000000000000e+05 9.097000000000000000e+03
7.600000000000000000e+05 8.143000000000000000e+03
7.650000000000000000e+05 7.609000000000000000e+03
7.700000000000000000e+05 7.139000000000000000e+03
7.750000000000000000e+05 6.415000000000000000e+03
7.800000000000000000e+05 5.878000000000000000e+03
7.850000000000000000e+05 5.483000000000000000e+03
7.900000000000000000e+05 4.972000000000000000e+03
7.950000000000000000e+05 4.734000000000000000e+03
8.000000000000000000e+05 4.372000000000000000e+03
8.050000000000000000e+05 4.018000000000000000e+03
8.100000000000000000e+05 3.753000000000000000e+03
8.150000000000000000e+05 3.603000000000000000e+03
8.200000000000000000e+05 3.291000000000000000e+03
8.250000000000000000e+05 3.168000000000000000e+03
8.300000000000000000e+05 3.044000000000000000e+03
8.350000000000000000e+05 3.040000000000000000e+03
8.400000000000000000e+05 2.811000000000000000e+03
8.450000000000000000e+05 2.885000000000000000e+03
8.500000000000000000e+05 2.873000000000000000e+03
8.550000000000000000e+05 2.941000000000000000e+03
8.600000000000000000e+05 3.023000000000000000e+03
8.650000000000000000e+05 3.058000000000000000e+03
8.700000000000000000e+05 3.219000000000000000e+03
8.750000000000000000e+05 3.476000000000000000e+03
8.800000000000000000e+05 3.690000000000000000e+03
8.850000000000000000e+05 3.947000000000000000e+03
8.900000000000000000e+05 4.083000000000000000e+03
8.950000000000000000e+05 4.593000000000000000e+03
9.000000000000000000e+05 4.998000000000000000e+03
9.050000000000000000e+05 5.300000000000000000e+03
9.100000000000000000e+05 5.778000000000000000e+03
9.150000000000000000e+05 6.075000000000000000e+03
9.200000000000000000e+05 6.874000000000000000e+03
9.250000000000000000e+05 7.417000000000000000e+03
9.300000000000000000e+05 7.957000000000000000e+03
9.350000000000000000e+05 8.817000000000000000e+03
9.400000000000000000e+05 9.337000000000000000e+03
9.450000000000000000e+05 9.971000000000000000e+03
9.500000000000000000e+05 1.063600000000000000e+04
9.550000000000000000e+05 1.160500000000000000e+04
9.600000000000000000e+05 1.215200000000000000e+04
9.650000000000000000e+05 1.300800000000000000e+04
9.700000000000000000e+05 1.389600000000000000e+04
9.750000000000000000e+05 1.444900000000000000e+04
9.800000000000000000e+05 1.538200000000000000e+04
9.850000000000000000e+05 1.622500000000000000e+04
9.900000000000000000e+05 1.722600000000000000e+04
9.950000000000000000e+05 1.754700000000000000e+04
