0.000000000000000000e+00 1.099600000000000000e+04
1.400000000000000000e+01 1.141000000000000000e+04
2.800000000000000000e+01 1.157200000000000000e+04
4.200000000000000000e+01 1.194800000000000000e+04
5.600000000000000000e+01 1.240100000000000000e+04
7.000000000000000000e+01 1.244700000000000000e+04
8.400000000000000000e+01 1.280400000000000000e+04
9.800000000000000000e+01 1.308000000000000000e+04
1.120000000000000000e+02 1.305900000000000000e+04
1.260000000000000000e+02 1.351300000000000000e+04
1.400000000000000000e+02 1.354100000000000000e+04
1.540000000000000000e+02 1.385300000000000000e+04
1.680000000000000000e+02 1.372200000000000000e+04
1.820000000000000000e+02 1.401800000000000000e+04
1.960000000000000000e+02 1.389000000000000000e+04
2.100000000000000000e+02 1.415700000000000000e+04
2.240000000000000000e+02 1.427900000000000000e+04
2.380000000000000000e+02 1.404600000000000000e+04
2.520000000000000000e+02 1.448300000000000000e+04
2.660000000000000000e+02 1.466000000000000000e+04
2.800000000000000000e+02 1.432700000000000000e+04
2.940000000000000000e+02 1.436700000000000000e+04
3.080000000000000000e+02 1.456600000000000000e+04
3.220000000000000000e+02 1.454100000000000000e+04
3.360000000000000000e+02 1.446900000000000000e+04
3.500000000000000000e+02 1.438100000000000000e+04
3.640000000000000000e+02 1.457500000000000000e+04
3.780000000000000000e+02 1.435800000000000000e+04
3.920000000000000000e+02 1.429500000000000000e+04
4.060000000000000000e+02 1.450800000000000000e+04
4.200000000000000000e+02 1.457700000000000000e+04
4.340000000000000000e+02 1.437200000000000000e+04
4.480000000000000000e+02 1.431100000000000000e+04
4.620000000000000000e+02 1.435600000000000000e+04
4.760000000000000000e+02 1.416200000000000000e+04
4.900000000000000000e+02 1.417100000000000000e+04
5.040000000000000000e+02 1.419700000000000000e+04
5.180000000000000000e+02 1.394400000000000000e+04
5.320000000000000000e+02 1.400200000000000000e+04
5.460000000000000000e+02 1.363500000000000000e+04
5.600000000000000000e+02 1.347500000000000000e+04
5.740000000000000000e+02 1.344200000000000000e+04
5.880000000000000000e+02 1.327300000000000000e+04
6.020000000000000000e+02 1.303500000000000000e+04
6.160000000000000000e+02 1.296700000000000000e+04
6.300000000000000000e+02 1.244300000000000000e+04
6.440000000000000000e+02 1.273200000000000000e+04
6.580000000000000000e+02 1.231400000000000000e+04
6.720000000000000000e+02 1.220700000000000000e+04
6.860000000000000000e+02 1.185900000000000000e+04
7.000000000000000000e+02 1.172300000000000000e+04
7.140000000000000000e+02 1.153000000000000000e+04
7.280000000000000000e+02 1.127200000000000000e+04
7.420000000000000000e+02 1.119600000000000000e+04
7.560000000000000000e+02 1.093800000000000000e+04
7.700000000000000000e+02 1.064700000000000000e+04
7.840000000000000000e+02 1.032400000000000000e+04
7.980000000000000000e+02 1.023300000000000000e+04
8.120000000000000000e+02 9.939000000000000000e+03
8.260000000000000000e+02 9.631000000000000000e+03
8.400000000000000000e+02 9.460000000000000000e+03
8.540000000000000000e+02 9.204000000000000000e+03
8.680000000000000000e+02 9.047000000000000000e+03
8.820000000000000000e+02 8.731000000000000000e+03
8.960000000000000000e+02 8.557000000000000000e+03
9.100000000000000000e+02 8.216000000000000000e+03
9.240000000000000000e+02 8.029000000000000000e+03
9.380000000000000000e+02 7.857000000000000000e+03
9.520000000000000000e+02 7.704000000000000000e+03
9.660000000000000000e+02 7.448000000000000000e+03
9.800000000000000000e+02 7.371000000000000000e+03
9.940000000000000000e+02 7.217000000000000000e+03
1.008000000000000000e+03 7.189000000000000000e+03
1.022000000000000000e+03 6.926000000000000000e+03
1.036000000000000000e+03 6.822000000000000000e+03
1.050000000000000000e+03 6.798000000000000000e+03
1.064000000000000000e+03 6.835000000000000000e+03
1.078000000000000000e+03 6.769000000000000000e+03
1.092000000000000000e+03 6.639000000000000000e+03
1.106000000000000000e+03 6.623000000000000000e+03
1.120000000000000000e+03 6.680000000000000000e+03
1.134000000000000000e+03 6.480000000000000000e+03
1.148000000000000000e+03 6.642000000000000000e+03
1.162000000000000000e+03 6.859000000000000000e+03
1.176000000000000000e+03 6.964000000000000000e+03
1.190000000000000000e+03 6.948000000000000000e+03
1.204000000000000000e+03 7.141000000000000000e+03
1.218000000000000000e+03 7.367000000000000000e+03
1.232000000000000000e+03 7.383000000000000000e+03
1.246000000000000000e+03 7.481000000000000000e+03
1.260000000000000000e+03 7.772000000000000000e+03
1.274000000000000000e+03 8.240000000000000000e+03
1.288000000000000000e+03 8.428000000000000000e+03
1.302000000000000000e+03 8.659000000000000000e+03
1.316000000000000000e+03 8.993000000000000000e+03
1.330000000000000000e+03 9.216000000000000000e+03
1.344000000000000000e+03 9.587000000000000000e+03
1.358000000000000000e+03 9.775000000000000000e+03
1.372000000000000000e+03 9.990000000000000000e+03
1.386000000000000000e+03 1.054200000000000000e+04
1.400000000000000000e+03 1.081000000000000000e+04
1.414000000000000000e+03 1.092900000000000000e+04
1.428000000000000000e+03 1.130900000000000000e+04
1.442000000000000000e+03 1.165800000000000000e+04
1.456000000000000000e+03 1.183800000000000000e+04
1.470000000000000000e+03 1.220200000000000000e+04
1.484000000000000000e+03 1.238800000000000000e+04
1.498000000000000000e+03 1.248600000000000000e+04
1.512000000000000000e+03 1.268800000000000000e+04
1.526000000000000000e+03 1.308100000000000000e+04
1.540000000000000000e+03 1.320800000000000000e+04
1.554000000000000000e+03 1.368300000000000000e+04
1.568000000000000000e+03 1.376000000000000000e+04
1.582000000000000000e+03 1.359900000000000000e+04
1.596000000000000000e+03 1.369000000000000000e+04
1.610000000000000000e+03 1.405700000000000000e+04
1.624000000000000000e+03 1.425900000000000000e+04
1.638000000000000000e+03 1.456500000000000000e+04
1.652000000000000000e+03 1.424500000000000000e+04
1.666000000000000000e+03 1.427000000000000000e+04
1.680000000000000000e+03 1.445400000000000000e+04
1.694000000000000000e+03 1.447800000000000000e+04
1.708000000000000000e+03 1.425300000000000000e+04
1.722000000000000000e+03 1.446900000000000000e+04
1.736000000000000000e+03 1.470100000000000000e+04
1.750000000000000000e+03 1.475400000000000000e+04
1.764000000000000000e+03 1.448700000000000000e+04
1.778000000000000000e+03 1.471000000000000000e+04
1.792000000000000000e+03 1.467500000000000000e+04
1.806000000000000000e+03 1.440700000000000000e+04
1.820000000000000000e+03 1.466500000000000000e+04
1.834000000000000000e+03 1.452100000000000000e+04
1.848000000000000000e+03 1.455700000000000000e+04
1.862000000000000000e+03 1.439600000000000000e+04
1.876000000000000000e+03 1.451200000000000000e+04
1.890000000000000000e+03 1.432200000000000000e+04
1.904000000000000000e+03 1.442900000000000000e+04
1.918000000000000000e+03 1.402100000000000000e+04
1.932000000000000000e+03 1.396600000000000000e+04
1.946000000000000000e+03 1.367700000000000000e+04
1.960000000000000000e+03 1.384600000000000000e+04
1.974000000000000000e+03 1.378000000000000000e+04
1.988000000000000000e+03 1.360600000000000000e+04
2.002000000000000000e+03 1.333800000000000000e+04
2.016000000000000000e+03 1.348100000000000000e+04
2.030000000000000000e+03 1.295800000000000000e+04
2.044000000000000000e+03 1.316900000000000000e+04
2.058000000000000000e+03 1.271800000000000000e+04
2.072000000000000000e+03 1.253700000000000000e+04
2.086000000000000000e+03 1.249400000000000000e+04
2.100000000000000000e+03 1.211200000000000000e+04
2.114000000000000000e+03 1.178400000000000000e+04
2.128000000000000000e+03 1.174500000000000000e+04
2.142000000000000000e+03 1.154900000000000000e+04
2.156000000000000000e+03 1.118300000000000000e+04
2.170000000000000000e+03 1.111100000000000000e+04
2.184000000000000000e+03 1.084200000000000000e+04
2.198000000000000000e+03 1.061200000000000000e+04
2.212000000000000000e+03 1.041500000000000000e+04
2.226000000000000000e+03 1.005600000000000000e+04
2.240000000000000000e+03 9.861000000000000000e+03
2.254000000000000000e+03 9.867000000000000000e+03
2.268000000000000000e+03 9.287000000000000000e+03
2.282000000000000000e+03 9.077000000000000000e+03
2.296000000000000000e+03 8.845000000000000000e+03
2.310000000000000000e+03 8.570000000000000000e+03
2.324000000000000000e+03 8.434000000000000000e+03
2.338000000000000000e+03 8.280000000000000000e+03
2.352000000000000000e+03 8.144000000000000000e+03
2.366000000000000000e+03 7.908000000000000000e+03
2.380000000000000000e+03 7.673000000000000000e+03
2.394000000000000000e+03 7.513000000000000000e+03
2.408000000000000000e+03 7.350000000000000000e+03
2.422000000000000000e+03 7.363000000000000000e+03
2.436000000000000000e+03 7.186000000000000000e+03
2.450000000000000000e+03 6.817000000000000000e+03
2.464000000000000000e+03 6.856000000000000000e+03
2.478000000000000000e+03 6.679000000000000000e+03
2.492000000000000000e+03 6.755000000000000000e+03
2.506000000000000000e+03 6.684000000000000000e+03
2.520000000000000000e+03 6.647000000000000000e+03
2.534000000000000000e+03 6.486000000000000000e+03
2.548000000000000000e+03 6.646000000000000000e+03
2.562000000000000000e+03 6.503000000000000000e+03
2.576000000000000000e+03 6.624000000000000000e+03
2.590000000000000000e+03 6.658000000000000000e+03
2.604000000000000000e+03 6.899000000000000000e+03
2.618000000000000000e+03 6.945000000000000000e+03
2.632000000000000000e+03 7.005000000000000000e+03
2.646000000000000000e+03 7.188000000000000000e+03
2.660000000000000000e+03 7.264000000000000000e+03
2.674000000000000000e+03 7.372000000000000000e+03
2.688000000000000000e+03 7.739000000000000000e+03
2.702000000000000000e+03 7.861000000000000000e+03
2.716000000000000000e+03 8.389000000000000000e+03
2.730000000000000000e+03 8.369000000000000000e+03
2.744000000000000000e+03 8.792000000000000000e+03
2.758000000000000000e+03 8.978000000000000000e+03
2.772000000000000000e+03 9.254000000000000000e+03
2.786000000000000000e+03 9.713000000000000000e+03
2.800000000000000000e+03 9.970000000000000000e+03
2.814000000000000000e+03 1.018200000000000000e+04
2.828000000000000000e+03 1.037900000000000000e+04
2.842000000000000000e+03 1.091800000000000000e+04
