0.000000000000000000e+00 2.706600000000000000e+04
1.000000000000000000e+04 2.762000000000000000e+04
2.000000000000000000e+04 2.802800000000000000e+04
3.000000000000000000e+04 2.800900000000000000e+04
4.000000000000000000e+04 2.817000000000000000e+04
5.000000000000000000e+04 2.857800000000000000e+04
6.000000000000000000e+04 2.883700000000000000e+04
7.000000000000000000e+04 2.926300000000000000e+04
8.000000000000000000e+04 2.906900000000000000e+04
9.000000000000000000e+04 2.943300000000000000e+04
1.000000000000000000e+05 2.960600000000000000e+04
1.100000000000000000e+05 2.930300000000000000e+04
1.200000000000000000e+05 2.973100000000000000e+04
1.300000000000000000e+05 2.966200000000000000e+04
1.400000000000000000e+05 2.984000000000000000e+04
1.500000000000000000e+05 2.997100000000000000e+04
1.600000000000000000e+05 3.003900000000000000e+04
1.700000000000000000e+05 2.988700000000000000e+04
1.800000000000000000e+05 3.012900000000000000e+04
1.900000000000000000e+05 2.997000000000000000e+04
2.000000000000000000e+05 2.990100000000000000e+04
2.100000000000000000e+05 2.971100000000000000e+04
2.200000000000000000e+05 2.975000000000000000e+04
2.300000000000000000e+05 2.943100000000000000e+04
2.400000000000000000e+05 2.932800000000000000e+04
2.500000000000000000e+05 2.916600000000000000e+04
2.600000000000000000e+05 2.950200000000000000e+04
2.700000000000000000e+05 2.929300000000000000e+04
2.800000000000000000e+05 2.891600000000000000e+04
2.900000000000000000e+05 2.850300000000000000e+04
3.000000000000000000e+05 2.845400000000000000e+04
3.100000000000000000e+05 2.818800000000000000e+04
3.200000000000000000e+05 2.776400000000000000e+04
3.300000000000000000e+05 2.755100000000000000e+04
3.400000000000000000e+05 2.714200000000000000e+04
3.500000000000000000e+05 2.709500000000000000e+04
3.600000000000000000e+05 2.676700000000000000e+04
3.700000000000000000e+05 2.619900000000000000e+04
3.800000000000000000e+05 2.561600000000000000e+04
3.900000000000000000e+05 2.528000000000000000e+04
4.000000000000000000e+05 2.453300000000000000e+04
4.100000000000000000e+05 2.401400000000000000e+04
4.200000000000000000e+05 2.349200000000000000e+04
4.300000000000000000e+05 2.278400000000000000e+04
4.400000000000000000e+05 2.285200000000000000e+04
4.500000000000000000e+05 2.131600000000000000e+04
4.600000000000000000e+05 2.121500000000000000e+04
4.700000000000000000e+05 2.019000000000000000e+04
4.800000000000000000e+05 1.943200000000000000e+04
4.900000000000000000e+05 1.870200000000000000e+04
5.000000000000000000e+05 1.790700000000000000e+04
5.100000000000000000e+05 1.713600000000000000e+04
5.200000000000000000e+05 1.655900000000000000e+04
5.300000000000000000e+05 1.579400000000000000e+04
5.400000000000000000e+05 1.489200000000000000e+04
5.500000000000000000e+05 1.413500000000000000e+04
5.600000000000000000e+05 1.366300000000000000e+04
5.700000000000000000e+05 1.286500000000000000e+04
5.800000000000000000e+05 1.226800000000000000e+04
5.900000000000000000e+05 1.133800000000000000e+04
6.000000000000000000e+05 1.096400000000000000e+04
6.100000000000000000e+05 1.024900000000000000e+04
6.200000000000000000e+05 9.797000000000000000e+03
6.300000000000000000e+05 9.230000000000000000e+03
6.400000000000000000e+05 9.122000000000000000e+03
6.500000000000000000e+05 8.772000000000000000e+03
6.600000000000000000e+05 8.366000000000000000e+03
6.700000000000000000e+05 8.115000000000000000e+03
6.800000000000000000e+05 8.081000000000000000e+03
6.900000000000000000e+05 8.007000000000000000e+03
7.000000000000000000e+05 7.956000000000000000e+03
7.100000000000000000e+05 8.115000000000000000e+03
7.200000000000000000e+05 8.277000000000000000e+03
7.300000000000000000e+05 8.605000000000000000e+03
7.400000000000000000e+05 8.756000000000000000e+03
7.500000000000000000e+05 9.180000000000000000e+03
7.600000000000000000e+05 9.458000000000000000e+03
7.700000000000000000e+05 9.815000000000000000e+03
7.800000000000000000e+05 1.043200000000000000e+04
7.900000000000000000e+05 1.098900000000000000e+04
8.000000000000000000e+05 1.169800000000000000e+04
8.100000000000000000e+05 1.249000000000000000e+04
8.200000000000000000e+05 1.299700000000000000e+04
8.300000000000000000e+05 1.405200000000000000e+04
8.400000000000000000e+05 1.446500000000000000e+04
8.500000000000000000e+05 1.513300000000000000e+04
8.600000000000000000e+05 1.575600000000000000e+04
8.700000000000000000e+05 1.663600000000000000e+04
8.800000000000000000e+05 1.752300000000000000e+04
8.900000000000000000e+05 1.847400000000000000e+04
9.000000000000000000e+05 1.934700000000000000e+04
9.100000000000000000e+05 1.977400000000000000e+04
9.200000000000000000e+05 2.033000000000000000e+04
9.300000000000000000e+05 2.116300000000000000e+04
9.400000000000000000e+05 2.187500000000000000e+04
9.500000000000000000e+05 2.228800000000000000e+04
9.600000000000000000e+05 2.298800000000000000e+04
9.700000000000000000e+05 2.367900000000000000e+04
9.800000000000000000e+05 2.396900000000000000e+04
9.900000000000000000e+05 2.454800000000000000e+04
1.000000000000000000e+06 2.519300000000000000e+04
1.010000000000000000e+06 2.510100000000000000e+04
1.020000000000000000e+06 2.568400000000000000e+04
1.030000000000000000e+06 2.623600000000000000e+04
1.040000000000000000e+06 2.687600000000000000e+04
1.050000000000000000e+06 2.679200000000000000e+04
1.060000000000000000e+06 2.750700000000000000e+04
1.070000000000000000e+06 2.773600000000000000e+04
1.080000000000000000e+06 2.778700000000000000e+04
1.090000000000000000e+06 2.794900000000000000e+04
1.100000000000000000e+06 2.851700000000000000e+04
1.110000000000000000e+06 2.840300000000000000e+04
1.120000000000000000e+06 2.866600000000000000e+04
1.130000000000000000e+06 2.885400000000000000e+04
1.140000000000000000e+06 2.856200000000000000e+04
1.150000000000000000e+06 2.907300000000000000e+04
1.160000000000000000e+06 2.888200000000000000e+04
1.170000000000000000e+06 2.921800000000000000e+04
1.180000000000000000e+06 2.919800000000000000e+04
1.190000000000000000e+06 2.907700000000000000e+04
1.200000000000000000e+06 2.903300000000000000e+04
1.210000000000000000e+06 2.897400000000000000e+04
1.220000000000000000e+06 2.897600000000000000e+04
1.230000000000000000e+06 2.897000000000000000e+04
1.240000000000000000e+06 2.872600000000000000e+04
1.250000000000000000e+06 2.888700000000000000e+04
1.260000000000000000e+06 2.861400000000000000e+04
1.270000000000000000e+06 2.864400000000000000e+04
1.280000000000000000e+06 2.826000000000000000e+04
1.290000000000000000e+06 2.798300000000000000e+04
1.300000000000000000e+06 2.776500000000000000e+04
1.310000000000000000e+06 2.798500000000000000e+04
1.320000000000000000e+06 2.786500000000000000e+04
1.330000000000000000e+06 2.723300000000000000e+04
1.340000000000000000e+06 2.678100000000000000e+04
1.350000000000000000e+06 2.640300000000000000e+04
1.360000000000000000e+06 2.614300000000000000e+04
1.370000000000000000e+06 2.567100000000000000e+04
1.380000000000000000e+06 2.530500000000000000e+04
1.390000000000000000e+06 2.456900000000000000e+04
1.400000000000000000e+06 2.439300000000000000e+04
1.410000000000000000e+06 2.386900000000000000e+04
1.420000000000000000e+06 2.296800000000000000e+04
1.430000000000000000e+06 2.236400000000000000e+04
1.440000000000000000e+06 2.218100000000000000e+04
1.450000000000000000e+06 2.165700000000000000e+04
1.460000000000000000e+06 2.088400000000000000e+04
1.470000000000000000e+06 2.036200000000000000e+04
1.480000000000000000e+06 1.914700000000000000e+04
1.490000000000000000e+06 1.850400000000000000e+04
1.500000000000000000e+06 1.806300000000000000e+04
1.510000000000000000e+06 1.723900000000000000e+04
1.520000000000000000e+06 1.649400000000000000e+04
1.530000000000000000e+06 1.558700000000000000e+04
1.540000000000000000e+06 1.504700000000000000e+04
1.550000000000000000e+06 1.409800000000000000e+04
1.560000000000000000e+06 1.344000000000000000e+04
1.570000000000000000e+06 1.261900000000000000e+04
1.580000000000000000e+06 1.218200000000000000e+04
1.590000000000000000e+06 1.129000000000000000e+04
1.600000000000000000e+06 1.069100000000000000e+04
1.610000000000000000e+06 1.024200000000000000e+04
1.620000000000000000e+06 9.427000000000000000e+03
1.630000000000000000e+06 9.269000000000000000e+03
1.640000000000000000e+06 8.828000000000000000e+03
1.650000000000000000e+06 8.557000000000000000e+03
1.660000000000000000e+06 8.204000000000000000e+03
1.670000000000000000e+06 8.076000000000000000e+03
1.680000000000000000e+06 8.016000000000000000e+03
1.690000000000000000e+06 7.940000000000000000e+03
1.700000000000000000e+06 7.907000000000000000e+03
1.710000000000000000e+06 8.030000000000000000e+03
1.720000000000000000e+06 8.037000000000000000e+03
1.730000000000000000e+06 8.361000000000000000e+03
1.740000000000000000e+06 8.925000000000000000e+03
1.750000000000000000e+06 8.760000000000000000e+03
1.760000000000000000e+06 9.523000000000000000e+03
1.770000000000000000e+06 1.001100000000000000e+04
1.780000000000000000e+06 1.032800000000000000e+04
1.790000000000000000e+06 1.105200000000000000e+04
1.800000000000000000e+06 1.160200000000000000e+04
1.810000000000000000e+06 1.212800000000000000e+04
1.820000000000000000e+06 1.264100000000000000e+04
1.830000000000000000e+06 1.338000000000000000e+04
1.840000000000000000e+06 1.442300000000000000e+04
1.850000000000000000e+06 1.504800000000000000e+04
1.860000000000000000e+06 1.574000000000000000e+04
1.870000000000000000e+06 1.684000000000000000e+04
1.880000000000000000e+06 1.755400000000000000e+04
1.890000000000000000e+06 1.797600000000000000e+04
1.900000000000000000e+06 1.878300000000000000e+04
1.910000000000000000e+06 1.940300000000000000e+04
1.920000000000000000e+06 2.024800000000000000e+04
1.930000000000000000e+06 2.119200000000000000e+04
1.940000000000000000e+06 2.150200000000000000e+04
1.950000000000000000e+06 2.214800000000000000e+04
1.960000000000000000e+06 2.297300000000000000e+04
1.970000000000000000e+06 2.348200000000000000e+04
1.980000000000000000e+06 2.370600000000000000e+04
1.990000000000000000e+06 2.466500000000000000e+04
