0.000000000000000000e+00 1.562900000000000000e+04
2.000000000000000000e+02 1.600500000000000000e+04
4.000000000000000000e+02 1.623100000000000000e+04
6.000000000000000000e+02 1.640500000000000000e+04
8.000000000000000000e+02 1.671900000000000000e+04
1.000000000000000000e+03 1.688800000000000000e+04
1.200000000000000000e+03 1.730700000000000000e+04
1.400000000000000000e+03 1.717700000000000000e+04
1.600000000000000000e+03 1.742600000000000000e+04
1.800000000000000000e+03 1.728500000000000000e+04
2.000000000000000000e+03 1.768500000000000000e+04
2.200000000000000000e+03 1.765200000000000000e+04
2.400000000000000000e+03 1.786100000000000000e+04
2.600000000000000000e+03 1.793800000000000000e+04
2.800000000000000000e+03 1.781800000000000000e+04
3.000000000000000000e+03 1.788100000000000000e+04
3.200000000000000000e+03 1.806100000000000000e+04
3.400000000000000000e+03 1.801500000000000000e+04
3.600000000000000000e+03 1.810800000000000000e+04
3.800000000000000000e+03 1.801200000000000000e+04
4.000000000000000000e+03 1.800100000000000000e+04
4.200000000000000000e+03 1.816800000000000000e+04
4.400000000000000000e+03 1.797800000000000000e+04
4.600000000000000000e+03 1.804300000000000000e+04
4.800000000000000000e+03 1.773500000000000000e+04
5.000000000000000000e+03 1.781600000000000000e+04
5.200000000000000000e+03 1.782400000000000000e+04
5.400000000000000000e+03 1.760200000000000000e+04
5.600000000000000000e+03 1.786600000000000000e+04
5.800000000000000000e+03 1.751900000000000000e+04
6.000000000000000000e+03 1.736100000000000000e+04
6.200000000000000000e+03 1.731900000000000000e+04
6.400000000000000000e+03 1.728900000000000000e+04
6.600000000000000000e+03 1.704700000000000000e+04
6.800000000000000000e+03 1.696100000000000000e+04
7.000000000000000000e+03 1.664300000000000000e+04
7.200000000000000000e+03 1.631200000000000000e+04
7.400000000000000000e+03 1.608500000000000000e+04
7.600000000000000000e+03 1.542800000000000000e+04
7.800000000000000000e+03 1.551300000000000000e+04
8.000000000000000000e+03 1.536000000000000000e+04
8.200000000000000000e+03 1.476600000000000000e+04
8.400000000000000000e+03 1.425600000000000000e+04
8.600000000000000000e+03 1.426700000000000000e+04
8.800000000000000000e+03 1.416200000000000000e+04
9.000000000000000000e+03 1.369500000000000000e+04
9.200000000000000000e+03 1.331400000000000000e+04
9.400000000000000000e+03 1.289000000000000000e+04
9.600000000000000000e+03 1.238600000000000000e+04
9.800000000000000000e+03 1.220000000000000000e+04
1.000000000000000000e+04 1.147800000000000000e+04
1.020000000000000000e+04 1.113300000000000000e+04
1.040000000000000000e+04 1.070500000000000000e+04
1.060000000000000000e+04 1.017100000000000000e+04
1.080000000000000000e+04 9.745000000000000000e+03
1.100000000000000000e+04 9.355000000000000000e+03
1.120000000000000000e+04 8.851000000000000000e+03
1.140000000000000000e+04 8.493000000000000000e+03
1.160000000000000000e+04 8.094000000000000000e+03
1.180000000000000000e+04 7.703000000000000000e+03
1.200000000000000000e+04 7.532000000000000000e+03
1.220000000000000000e+04 7.265000000000000000e+03
1.240000000000000000e+04 6.574000000000000000e+03
1.260000000000000000e+04 6.488000000000000000e+03
1.280000000000000000e+04 6.116000000000000000e+03
1.300000000000000000e+04 5.908000000000000000e+03
1.320000000000000000e+04 5.909000000000000000e+03
1.340000000000000000e+04 5.770000000000000000e+03
1.360000000000000000e+04 5.461000000000000000e+03
1.380000000000000000e+04 5.401000000000000000e+03
1.400000000000000000e+04 5.405000000000000000e+03
1.420000000000000000e+04 5.417000000000000000e+03
1.440000000000000000e+04 5.372000000000000000e+03
1.460000000000000000e+04 5.307000000000000000e+03
1.480000000000000000e+04 5.476000000000000000e+03
1.500000000000000000e+04 5.726000000000000000e+03
1.520000000000000000e+04 5.897000000000000000e+03
1.540000000000000000e+04 6.194000000000000000e+03
1.560000000000000000e+04 6.466000000000000000e+03
1.580000000000000000e+04 6.792000000000000000e+03
1.600000000000000000e+04 7.193000000000000000e+03
1.620000000000000000e+04 7.641000000000000000e+03
1.640000000000000000e+04 7.939000000000000000e+03
1.660000000000000000e+04 8.465000000000000000e+03
1.680000000000000000e+04 8.828000000000000000e+03
1.700000000000000000e+04 9.286000000000000000e+03
1.720000000000000000e+04 9.918000000000000000e+03
1.740000000000000000e+04 1.039200000000000000e+04
1.760000000000000000e+04 1.085800000000000000e+04
1.780000000000000000e+04 1.121000000000000000e+04
1.800000000000000000e+04 1.149500000000000000e+04
1.820000000000000000e+04 1.200600000000000000e+04
1.840000000000000000e+04 1.276900000000000000e+04
1.860000000000000000e+04 1.316800000000000000e+04
1.880000000000000000e+04 1.361200000000000000e+04
1.900000000000000000e+04 1.407300000000000000e+04
1.920000000000000000e+04 1.432200000000000000e+04
1.940000000000000000e+04 1.499300000000000000e+04
1.960000000000000000e+04 1.506600000000000000e+04
1.980000000000000000e+04 1.536300000000000000e+04
2.000000000000000000e+04 1.583300000000000000e+04
2.020000000000000000e+04 1.581500000000000000e+04
2.040000000000000000e+04 1.615700000000000000e+04
2.060000000000000000e+04 1.637100000000000000e+04
2.080000000000000000e+04 1.651300000000000000e+04
2.100000000000000000e+04 1.690600000000000000e+04
2.120000000000000000e+04 1.682800000000000000e+04
2.140000000000000000e+04 1.723500000000000000e+04
2.160000000000000000e+04 1.749200000000000000e+04
2.180000000000000000e+04 1.722500000000000000e+04
2.200000000000000000e+04 1.776900000000000000e+04
2.220000000000000000e+04 1.758900000000000000e+04
2.240000000000000000e+04 1.804500000000000000e+04
2.260000000000000000e+04 1.790400000000000000e+04
2.280000000000000000e+04 1.803900000000000000e+04
2.300000000000000000e+04 1.845400000000000000e+04
2.320000000000000000e+04 1.823100000000000000e+04
2.340000000000000000e+04 1.808400000000000000e+04
2.360000000000000000e+04 1.794800000000000000e+04
2.380000000000000000e+04 1.801400000000000000e+04
2.400000000000000000e+04 1.815500000000000000e+04
2.420000000000000000e+04 1.801800000000000000e+04
2.440000000000000000e+04 1.796100000000000000e+04
2.460000000000000000e+04 1.782900000000000000e+04
2.480000000000000000e+04 1.787300000000000000e+04
2.500000000000000000e+04 1.815300000000000000e+04
2.520000000000000000e+04 1.787900000000000000e+04
2.540000000000000000e+04 1.777300000000000000e+04
2.560000000000000000e+04 1.741800000000000000e+04
2.580000000000000000e+04 1.735100000000000000e+04
2.600000000000000000e+04 1.732100000000000000e+04
2.620000000000000000e+04 1.746600000000000000e+04
2.640000000000000000e+04 1.703900000000000000e+04
2.660000000000000000e+04 1.725200000000000000e+04
2.680000000000000000e+04 1.679000000000000000e+04
2.700000000000000000e+04 1.661500000000000000e+04
2.720000000000000000e+04 1.617900000000000000e+04
2.740000000000000000e+04 1.616900000000000000e+04
2.760000000000000000e+04 1.583400000000000000e+04
2.780000000000000000e+04 1.550600000000000000e+04
2.800000000000000000e+04 1.525600000000000000e+04
2.820000000000000000e+04 1.512700000000000000e+04
2.840000000000000000e+04 1.450500000000000000e+04
2.860000000000000000e+04 1.430900000000000000e+04
2.880000000000000000e+04 1.416200000000000000e+04
2.900000000000000000e+04 1.348000000000000000e+04
2.920000000000000000e+04 1.323100000000000000e+04
2.940000000000000000e+04 1.298900000000000000e+04
2.960000000000000000e+04 1.249100000000000000e+04
2.980000000000000000e+04 1.209200000000000000e+04
3.000000000000000000e+04 1.167400000000000000e+04
3.020000000000000000e+04 1.115900000000000000e+04
3.040000000000000000e+04 1.065900000000000000e+04
3.060000000000000000e+04 1.027500000000000000e+04
3.080000000000000000e+04 9.840000000000000000e+03
3.100000000000000000e+04 9.485000000000000000e+03
3.120000000000000000e+04 8.995000000000000000e+03
3.140000000000000000e+04 8.593000000000000000e+03
3.160000000000000000e+04 8.098000000000000000e+03
3.180000000000000000e+04 7.772000000000000000e+03
3.200000000000000000e+04 7.393000000000000000e+03
3.220000000000000000e+04 7.210000000000000000e+03
3.240000000000000000e+04 6.818000000000000000e+03
3.260000000000000000e+04 6.569000000000000000e+03
3.280000000000000000e+04 6.173000000000000000e+03
3.300000000000000000e+04 6.113000000000000000e+03
3.320000000000000000e+04 5.806000000000000000e+03
3.340000000000000000e+04 5.742000000000000000e+03
3.360000000000000000e+04 5.415000000000000000e+03
3.380000000000000000e+04 5.533000000000000000e+03
3.400000000000000000e+04 5.286000000000000000e+03
3.420000000000000000e+04 5.273000000000000000e+03
3.440000000000000000e+04 5.428000000000000000e+03
3.460000000000000000e+04 5.480000000000000000e+03
3.480000000000000000e+04 5.611000000000000000e+03
3.500000000000000000e+04 5.735000000000000000e+03
3.520000000000000000e+04 5.906000000000000000e+03
3.540000000000000000e+04 6.060000000000000000e+03
3.560000000000000000e+04 6.447000000000000000e+03
3.580000000000000000e+04 6.798000000000000000e+03
3.600000000000000000e+04 7.095000000000000000e+03
3.620000000000000000e+04 7.826000000000000000e+03
3.640000000000000000e+04 8.023000000000000000e+03
3.660000000000000000e+04 8.199000000000000000e+03
3.680000000000000000e+04 8.783000000000000000e+03
3.700000000000000000e+04 9.117000000000000000e+03
3.720000000000000000e+04 9.786000000000000000e+03
3.740000000000000000e+04 1.021000000000000000e+04
3.760000000000000000e+04 1.080100000000000000e+04
3.780000000000000000e+04 1.132700000000000000e+04
3.800000000000000000e+04 1.190400000000000000e+04
3.820000000000000000e+04 1.224200000000000000e+04
3.840000000000000000e+04 1.278000000000000000e+04
3.860000000000000000e+04 1.310700000000000000e+04
3.880000000000000000e+04 1.334100000000000000e+04
3.900000000000000000e+04 1.389200000000000000e+04
3.920000000000000000e+04 1.427700000000000000e+04
3.940000000000000000e+04 1.460500000000000000e+04
3.960000000000000000e+04 1.518500000000000000e+04
3.980000000000000000e+04 1.536200000000000000e+04
