0.000000000000000000e+00 1.032600000000000000e+04
3.300000000000000000e+01 1.063400000000000000e+04
6.600000000000000000e+01 1.083500000000000000e+04
9.900000000000000000e+01 1.105200000000000000e+04
1.320000000000000000e+02 1.137000000000000000e+04
1.650000000000000000e+02 1.132600000000000000e+04
1.980000000000000000e+02 1.186600000000000000e+04
2.310000000000000000e+02 1.190000000000000000e+04
2.640000000000000000e+02 1.203900000000000000e+04
2.970000000000000000e+02 1.212100000000000000e+04
3.300000000000000000e+02 1.215900000000000000e+04
3.630000000000000000e+02 1.250500000000000000e+04
3.960000000000000000e+02 1.246400000000000000e+04
4.290000000000000000e+02 1.245300000000000000e+04
4.620000000000000000e+02 1.252900000000000000e+04
4.950000000000000000e+02 1.258400000000000000e+04
5.280000000000000000e+02 1.296000000000000000e+04
5.610000000000000000e+02 1.280000000000000000e+04
5.940000000000000000e+02 1.280300000000000000e+04
6.270000000000000000e+02 1.276700000000000000e+04
6.600000000000000000e+02 1.306300000000000000e+04
6.930000000000000000e+02 1.278400000000000000e+04
7.260000000000000000e+02 1.310900000000000000e+04
7.590000000000000000e+02 1.292900000000000000e+04
7.920000000000000000e+02 1.303900000000000000e+04
8.250000000000000000e+02 1.271600000000000000e+04
8.580000000000000000e+02 1.272600000000000000e+04
8.910000000000000000e+02 1.315300000000000000e+04
9.240000000000000000e+02 1.281700000000000000e+04
9.570000000000000000e+02 1.278900000000000000e+04
9.900000000000000000e+02 1.274600000000000000e+04
1.023000000000000000e+03 1.255600000000000000e+04
1.056000000000000000e+03 1.273500000000000000e+04
1.089000000000000000e+03 1.255600000000000000e+04
1.122000000000000000e+03 1.246300000000000000e+04
1.155000000000000000e+03 1.228900000000000000e+04
1.188000000000000000e+03 1.207600000000000000e+04
1.221000000000000000e+03 1.218000000000000000e+04
1.254000000000000000e+03 1.216000000000000000e+04
1.287000000000000000e+03 1.201200000000000000e+04
1.320000000000000000e+03 1.162200000000000000e+04
1.353000000000000000e+03 1.177200000000000000e+04
1.386000000000000000e+03 1.153500000000000000e+04
1.419000000000000000e+03 1.149400000000000000e+04
1.452000000000000000e+03 1.111100000000000000e+04
1.485000000000000000e+03 1.092700000000000000e+04
1.518000000000000000e+03 1.088600000000000000e+04
1.551000000000000000e+03 1.043000000000000000e+04
1.584000000000000000e+03 1.017500000000000000e+04
1.617000000000000000e+03 1.000500000000000000e+04
1.650000000000000000e+03 9.743000000000000000e+03
1.683000000000000000e+03 9.427000000000000000e+03
1.716000000000000000e+03 9.403000000000000000e+03
1.749000000000000000e+03 8.978000000000000000e+03
1.782000000000000000e+03 8.576000000000000000e+03
1.815000000000000000e+03 8.540000000000000000e+03
1.848000000000000000e+03 8.140000000000000000e+03
1.881000000000000000e+03 8.009000000000000000e+03
1.914000000000000000e+03 7.620000000000000000e+03
1.947000000000000000e+03 7.401000000000000000e+03
1.980000000000000000e+03 7.139000000000000000e+03
2.013000000000000000e+03 6.989000000000000000e+03
2.046000000000000000e+03 6.589000000000000000e+03
2.079000000000000000e+03 6.491000000000000000e+03
2.112000000000000000e+03 6.178000000000000000e+03
2.145000000000000000e+03 6.113000000000000000e+03
2.178000000000000000e+03 5.799000000000000000e+03
2.211000000000000000e+03 5.673000000000000000e+03
2.244000000000000000e+03 5.573000000000000000e+03
2.277000000000000000e+03 5.308000000000000000e+03
2.310000000000000000e+03 5.196000000000000000e+03
2.343000000000000000e+03 5.028000000000000000e+03
2.376000000000000000e+03 5.110000000000000000e+03
2.409000000000000000e+03 4.929000000000000000e+03
2.442000000000000000e+03 5.027000000000000000e+03
2.475000000000000000e+03 4.898000000000000000e+03
2.508000000000000000e+03 4.863000000000000000e+03
2.541000000000000000e+03 4.710000000000000000e+03
2.574000000000000000e+03 4.810000000000000000e+03
2.607000000000000000e+03 4.955000000000000000e+03
2.640000000000000000e+03 4.945000000000000000e+03
2.673000000000000000e+03 4.877000000000000000e+03
2.706000000000000000e+03 5.178000000000000000e+03
2.739000000000000000e+03 5.266000000000000000e+03
2.772000000000000000e+03 5.430000000000000000e+03
2.805000000000000000e+03 5.602000000000000000e+03
2.838000000000000000e+03 5.873000000000000000e+03
2.871000000000000000e+03 6.232000000000000000e+03
2.904000000000000000e+03 6.255000000000000000e+03
2.937000000000000000e+03 6.580000000000000000e+03
2.970000000000000000e+03 7.039000000000000000e+03
3.003000000000000000e+03 7.216000000000000000e+03
3.036000000000000000e+03 7.515000000000000000e+03
3.069000000000000000e+03 7.913000000000000000e+03
3.102000000000000000e+03 8.355000000000000000e+03
3.135000000000000000e+03 8.564000000000000000e+03
3.168000000000000000e+03 8.873000000000000000e+03
3.201000000000000000e+03 9.011000000000000000e+03
3.234000000000000000e+03 9.440000000000000000e+03
3.267000000000000000e+03 9.794000000000000000e+03
3.300000000000000000e+03 1.010100000000000000e+04
3.333000000000000000e+03 1.028600000000000000e+04
3.366000000000000000e+03 1.066800000000000000e+04
3.399000000000000000e+03 1.080900000000000000e+04
3.432000000000000000e+03 1.120000000000000000e+04
3.465000000000000000e+03 1.121500000000000000e+04
3.498000000000000000e+03 1.160000000000000000e+04
3.531000000000000000e+03 1.179300000000000000e+04
3.564000000000000000e+03 1.174600000000000000e+04
3.597000000000000000e+03 1.193600000000000000e+04
3.630000000000000000e+03 1.190800000000000000e+04
3.663000000000000000e+03 1.249000000000000000e+04
3.696000000000000000e+03 1.232600000000000000e+04
3.729000000000000000e+03 1.248400000000000000e+04
3.762000000000000000e+03 1.242800000000000000e+04
3.795000000000000000e+03 1.269100000000000000e+04
3.828000000000000000e+03 1.265500000000000000e+04
3.861000000000000000e+03 1.261000000000000000e+04
3.894000000000000000e+03 1.288400000000000000e+04
3.927000000000000000e+03 1.314700000000000000e+04
3.960000000000000000e+03 1.299700000000000000e+04
3.993000000000000000e+03 1.301000000000000000e+04
4.026000000000000000e+03 1.318100000000000000e+04
4.059000000000000000e+03 1.297600000000000000e+04
4.092000000000000000e+03 1.295300000000000000e+04
4.125000000000000000e+03 1.292400000000000000e+04
4.158000000000000000e+03 1.297200000000000000e+04
4.191000000000000000e+03 1.310700000000000000e+04
4.224000000000000000e+03 1.300700000000000000e+04
4.257000000000000000e+03 1.299700000000000000e+04
4.290000000000000000e+03 1.271300000000000000e+04
4.323000000000000000e+03 1.275000000000000000e+04
4.356000000000000000e+03 1.278800000000000000e+04
4.389000000000000000e+03 1.250800000000000000e+04
4.422000000000000000e+03 1.286100000000000000e+04
4.455000000000000000e+03 1.273200000000000000e+04
4.488000000000000000e+03 1.244600000000000000e+04
4.521000000000000000e+03 1.227300000000000000e+04
4.554000000000000000e+03 1.234800000000000000e+04
4.587000000000000000e+03 1.203000000000000000e+04
4.620000000000000000e+03 1.194100000000000000e+04
4.653000000000000000e+03 1.186600000000000000e+04
4.686000000000000000e+03 1.169900000000000000e+04
4.719000000000000000e+03 1.137900000000000000e+04
4.752000000000000000e+03 1.125100000000000000e+04
4.785000000000000000e+03 1.092100000000000000e+04
4.818000000000000000e+03 1.097200000000000000e+04
4.851000000000000000e+03 1.086300000000000000e+04
4.884000000000000000e+03 1.065800000000000000e+04
4.917000000000000000e+03 1.035600000000000000e+04
4.950000000000000000e+03 1.003800000000000000e+04
4.983000000000000000e+03 9.903000000000000000e+03
5.016000000000000000e+03 9.479000000000000000e+03
5.049000000000000000e+03 9.305000000000000000e+03
5.082000000000000000e+03 8.997000000000000000e+03
5.115000000000000000e+03 8.817000000000000000e+03
5.148000000000000000e+03 8.270000000000000000e+03
5.181000000000000000e+03 8.202000000000000000e+03
5.214000000000000000e+03 7.958000000000000000e+03
5.247000000000000000e+03 7.727000000000000000e+03
5.280000000000000000e+03 7.267000000000000000e+03
5.313000000000000000e+03 7.241000000000000000e+03
5.346000000000000000e+03 6.759000000000000000e+03
5.379000000000000000e+03 6.607000000000000000e+03
5.412000000000000000e+03 6.481000000000000000e+03
5.445000000000000000e+03 6.155000000000000000e+03
5.478000000000000000e+03 6.125000000000000000e+03
5.511000000000000000e+03 5.934000000000000000e+03
5.544000000000000000e+03 5.588000000000000000e+03
5.577000000000000000e+03 5.435000000000000000e+03
5.610000000000000000e+03 5.297000000000000000e+03
5.643000000000000000e+03 5.244000000000000000e+03
5.676000000000000000e+03 5.042000000000000000e+03
5.709000000000000000e+03 4.995000000000000000e+03
5.742000000000000000e+03 5.020000000000000000e+03
5.775000000000000000e+03 4.740000000000000000e+03
5.808000000000000000e+03 4.863000000000000000e+03
5.841000000000000000e+03 4.809000000000000000e+03
5.874000000000000000e+03 4.759000000000000000e+03
5.907000000000000000e+03 4.831000000000000000e+03
5.940000000000000000e+03 4.864000000000000000e+03
5.973000000000000000e+03 4.906000000000000000e+03
6.006000000000000000e+03 4.970000000000000000e+03
6.039000000000000000e+03 5.006000000000000000e+03
6.072000000000000000e+03 5.289000000000000000e+03
6.105000000000000000e+03 5.550000000000000000e+03
6.138000000000000000e+03 5.720000000000000000e+03
6.171000000000000000e+03 5.922000000000000000e+03
6.204000000000000000e+03 6.130000000000000000e+03
6.237000000000000000e+03 6.408000000000000000e+03
6.270000000000000000e+03 6.750000000000000000e+03
6.303000000000000000e+03 6.749000000000000000e+03
6.336000000000000000e+03 7.320000000000000000e+03
6.369000000000000000e+03 7.622000000000000000e+03
6.402000000000000000e+03 8.030000000000000000e+03
6.435000000000000000e+03 8.321000000000000000e+03
6.468000000000000000e+03 8.537000000000000000e+03
6.501000000000000000e+03 8.895000000000000000e+03
6.534000000000000000e+03 9.607000000000000000e+03
6.567000000000000000e+03 9.605000000000000000e+03
6.600000000000000000e+03 9.851000000000000000e+03
6.633000000000000000e+03 1.026100000000000000e+04
