0.000000000000000000e+00 1.606700000000000000e+04
5.000000000000000000e+02 1.620900000000000000e+04
1.000000000000000000e+03 1.676400000000000000e+04
1.500000000000000000e+03 1.676300000000000000e+04
2.000000000000000000e+03 1.688000000000000000e+04
2.500000000000000000e+03 1.704800000000000000e+04
3.000000000000000000e+03 1.727500000000000000e+04
3.500000000000000000e+03 1.761200000000000000e+04
4.000000000000000000e+03 1.793400000000000000e+04
4.500000000000000000e+03 1.809400000000000000e+04
5.000000000000000000e+03 1.809400000000000000e+04
5.500000000000000000e+03 1.808900000000000000e+04
6.000000000000000000e+03 1.850800000000000000e+04
6.500000000000000000e+03 1.842100000000000000e+04
7.000000000000000000e+03 1.843000000000000000e+04
7.500000000000000000e+03 1.834900000000000000e+04
8.000000000000000000e+03 1.825300000000000000e+04
8.500000000000000000e+03 1.841400000000000000e+04
9.000000000000000000e+03 1.854900000000000000e+04
9.500000000000000000e+03 1.852400000000000000e+04
1.000000000000000000e+04 1.855600000000000000e+04
1.050000000000000000e+04 1.869200000000000000e+04
1.100000000000000000e+04 1.854000000000000000e+04
1.150000000000000000e+04 1.856000000000000000e+04
1.200000000000000000e+04 1.818400000000000000e+04
1.250000000000000000e+04 1.820700000000000000e+04
1.300000000000000000e+04 1.810900000000000000e+04
1.350000000000000000e+04 1.808100000000000000e+04
1.400000000000000000e+04 1.811100000000000000e+04
1.450000000000000000e+04 1.808500000000000000e+04
1.500000000000000000e+04 1.779500000000000000e+04
1.550000000000000000e+04 1.763300000000000000e+04
1.600000000000000000e+04 1.767300000000000000e+04
1.650000000000000000e+04 1.703100000000000000e+04
1.700000000000000000e+04 1.710500000000000000e+04
1.750000000000000000e+04 1.702000000000000000e+04
1.800000000000000000e+04 1.696700000000000000e+04
1.850000000000000000e+04 1.637300000000000000e+04
1.900000000000000000e+04 1.630200000000000000e+04
1.950000000000000000e+04 1.586800000000000000e+04
2.000000000000000000e+04 1.560200000000000000e+04
2.050000000000000000e+04 1.556300000000000000e+04
2.100000000000000000e+04 1.494100000000000000e+04
2.150000000000000000e+04 1.460000000000000000e+04
2.200000000000000000e+04 1.406600000000000000e+04
2.250000000000000000e+04 1.405000000000000000e+04
2.300000000000000000e+04 1.360800000000000000e+04
2.350000000000000000e+04 1.328600000000000000e+04
2.400000000000000000e+04 1.268000000000000000e+04
2.450000000000000000e+04 1.214800000000000000e+04
2.500000000000000000e+04 1.161300000000000000e+04
2.550000000000000000e+04 1.125800000000000000e+04
2.600000000000000000e+04 1.081800000000000000e+04
2.650000000000000000e+04 1.036900000000000000e+04
2.700000000000000000e+04 1.003800000000000000e+04
2.750000000000000000e+04 9.505000000000000000e+03
2.800000000000000000e+04 9.104000000000000000e+03
2.850000000000000000e+04 8.573000000000000000e+03
2.900000000000000000e+04 8.321000000000000000e+03
2.950000000000000000e+04 7.883000000000000000e+03
3.000000000000000000e+04 7.454000000000000000e+03
3.050000000000000000e+04 7.172000000000000000e+03
3.100000000000000000e+04 6.808000000000000000e+03
3.150000000000000000e+04 6.622000000000000000e+03
3.200000000000000000e+04 6.434000000000000000e+03
3.250000000000000000e+04 6.279000000000000000e+03
3.300000000000000000e+04 6.010000000000000000e+03
3.350000000000000000e+04 5.668000000000000000e+03
3.400000000000000000e+04 5.776000000000000000e+03
3.450000000000000000e+04 5.699000000000000000e+03
3.500000000000000000e+04 5.657000000000000000e+03
3.550000000000000000e+04 5.647000000000000000e+03
3.600000000000000000e+04 5.860000000000000000e+03
3.650000000000000000e+04 5.927000000000000000e+03
3.700000000000000000e+04 6.134000000000000000e+03
3.750000000000000000e+04 6.230000000000000000e+03
3.800000000000000000e+04 6.341000000000000000e+03
3.850000000000000000e+04 6.735000000000000000e+03
3.900000000000000000e+04 7.062000000000000000e+03
3.950000000000000000e+04 7.504000000000000000e+03
4.000000000000000000e+04 7.893000000000000000e+03
4.050000000000000000e+04 8.361000000000000000e+03
4.100000000000000000e+04 8.531000000000000000e+03
4.150000000000000000e+04 9.033000000000000000e+03
4.200000000000000000e+04 9.759000000000000000e+03
4.250000000000000000e+04 1.016900000000000000e+04
4.300000000000000000e+04 1.044500000000000000e+04
4.350000000000000000e+04 1.086800000000000000e+04
4.400000000000000000e+04 1.145200000000000000e+04
4.450000000000000000e+04 1.203500000000000000e+04
4.500000000000000000e+04 1.233500000000000000e+04
4.550000000000000000e+04 1.262700000000000000e+04
4.600000000000000000e+04 1.317600000000000000e+04
4.650000000000000000e+04 1.366200000000000000e+04
4.700000000000000000e+04 1.408000000000000000e+04
4.750000000000000000e+04 1.450200000000000000e+04
4.800000000000000000e+04 1.490000000000000000e+04
4.850000000000000000e+04 1.517800000000000000e+04
4.900000000000000000e+04 1.546200000000000000e+04
4.950000000000000000e+04 1.560700000000000000e+04
5.000000000000000000e+04 1.631000000000000000e+04
5.050000000000000000e+04 1.632200000000000000e+04
5.100000000000000000e+04 1.650900000000000000e+04
5.150000000000000000e+04 1.692100000000000000e+04
5.200000000000000000e+04 1.693400000000000000e+04
5.250000000000000000e+04 1.710600000000000000e+04
5.300000000000000000e+04 1.744000000000000000e+04
5.350000000000000000e+04 1.760300000000000000e+04
5.400000000000000000e+04 1.789200000000000000e+04
5.450000000000000000e+04 1.792600000000000000e+04
5.500000000000000000e+04 1.801500000000000000e+04
5.550000000000000000e+04 1.806300000000000000e+04
5.600000000000000000e+04 1.793800000000000000e+04
5.650000000000000000e+04 1.854400000000000000e+04
5.700000000000000000e+04 1.832000000000000000e+04
5.750000000000000000e+04 1.830100000000000000e+04
5.800000000000000000e+04 1.826600000000000000e+04
5.850000000000000000e+04 1.841700000000000000e+04
5.900000000000000000e+04 1.828200000000000000e+04
5.950000000000000000e+04 1.830900000000000000e+04
6.000000000000000000e+04 1.872500000000000000e+04
6.050000000000000000e+04 1.837800000000000000e+04
6.100000000000000000e+04 1.832500000000000000e+04
6.150000000000000000e+04 1.828900000000000000e+04
6.200000000000000000e+04 1.834500000000000000e+04
6.250000000000000000e+04 1.810600000000000000e+04
6.300000000000000000e+04 1.818000000000000000e+04
6.350000000000000000e+04 1.809100000000000000e+04
6.400000000000000000e+04 1.813200000000000000e+04
6.450000000000000000e+04 1.775100000000000000e+04
6.500000000000000000e+04 1.768100000000000000e+04
6.550000000000000000e+04 1.767300000000000000e+04
6.600000000000000000e+04 1.760700000000000000e+04
6.650000000000000000e+04 1.710000000000000000e+04
6.700000000000000000e+04 1.722100000000000000e+04
6.750000000000000000e+04 1.712700000000000000e+04
6.800000000000000000e+04 1.663700000000000000e+04
6.850000000000000000e+04 1.637000000000000000e+04
6.900000000000000000e+04 1.614800000000000000e+04
6.950000000000000000e+04 1.593200000000000000e+04
7.000000000000000000e+04 1.561900000000000000e+04
7.050000000000000000e+04 1.514500000000000000e+04
7.100000000000000000e+04 1.499300000000000000e+04
7.150000000000000000e+04 1.476300000000000000e+04
7.200000000000000000e+04 1.459300000000000000e+04
7.250000000000000000e+04 1.397200000000000000e+04
7.300000000000000000e+04 1.353900000000000000e+04
7.350000000000000000e+04 1.311300000000000000e+04
7.400000000000000000e+04 1.250200000000000000e+04
7.450000000000000000e+04 1.216900000000000000e+04
7.500000000000000000e+04 1.166600000000000000e+04
7.550000000000000000e+04 1.115300000000000000e+04
7.600000000000000000e+04 1.100600000000000000e+04
7.650000000000000000e+04 1.050300000000000000e+04
7.700000000000000000e+04 9.970000000000000000e+03
7.750000000000000000e+04 9.714000000000000000e+03
7.800000000000000000e+04 9.071000000000000000e+03
7.850000000000000000e+04 8.467000000000000000e+03
7.900000000000000000e+04 8.254000000000000000e+03
7.950000000000000000e+04 7.971000000000000000e+03
8.000000000000000000e+04 7.500000000000000000e+03
8.050000000000000000e+04 7.198000000000000000e+03
8.100000000000000000e+04 6.811000000000000000e+03
8.150000000000000000e+04 6.576000000000000000e+03
8.200000000000000000e+04 6.418000000000000000e+03
8.250000000000000000e+04 6.154000000000000000e+03
8.300000000000000000e+04 6.055000000000000000e+03
8.350000000000000000e+04 5.861000000000000000e+03
8.400000000000000000e+04 5.811000000000000000e+03
8.450000000000000000e+04 5.651000000000000000e+03
8.500000000000000000e+04 5.746000000000000000e+03
8.550000000000000000e+04 5.729000000000000000e+03
8.600000000000000000e+04 5.817000000000000000e+03
8.650000000000000000e+04 5.819000000000000000e+03
8.700000000000000000e+04 6.130000000000000000e+03
8.750000000000000000e+04 6.301000000000000000e+03
8.800000000000000000e+04 6.496000000000000000e+03
8.850000000000000000e+04 6.849000000000000000e+03
8.900000000000000000e+04 7.039000000000000000e+03
8.950000000000000000e+04 7.450000000000000000e+03
9.000000000000000000e+04 7.770000000000000000e+03
9.050000000000000000e+04 8.280000000000000000e+03
9.100000000000000000e+04 8.513000000000000000e+03
9.150000000000000000e+04 9.086000000000000000e+03
9.200000000000000000e+04 9.588000000000000000e+03
9.250000000000000000e+04 1.001900000000000000e+04
9.300000000000000000e+04 1.041900000000000000e+04
9.350000000000000000e+04 1.094300000000000000e+04
9.400000000000000000e+04 1.140400000000000000e+04
9.450000000000000000e+04 1.197700000000000000e+04
9.500000000000000000e+04 1.243000000000000000e+04
9.550000000000000000e+04 1.294400000000000000e+04
9.600000000000000000e+04 1.320800000000000000e+04
9.650000000000000000e+04 1.367500000000000000e+04
9.700000000000000000e+04 1.410800000000000000e+04
9.750000000000000000e+04 1.465500000000000000e+04
9.800000000000000000e+04 1.488800000000000000e+04
9.850000000000000000e+04 1.524100000000000000e+04
9.900000000000000000e+04 1.566800000000000000e+04
9.950000000000000000e+04 1.557700000000000000e+04
