0.000000000000000000e+00 1.012900000000000000e+04
2.000000000000000000e+03 1.013600000000000000e+04
4.000000000000000000e+03 1.044100000000000000e+04
6.000000000000000000e+03 1.070100000000000000e+04
8.000000000000000000e+03 1.070000000000000000e+04
1.000000000000000000e+04 1.074900000000000000e+04
1.200000000000000000e+04 1.079400000000000000e+04
1.400000000000000000e+04 1.094200000000000000e+04
1.600000000000000000e+04 1.118100000000000000e+04
1.800000000000000000e+04 1.106800000000000000e+04
2.000000000000000000e+04 1.117100000000000000e+04
2.200000000000000000e+04 1.138200000000000000e+04
2.400000000000000000e+04 1.123700000000000000e+04
2.600000000000000000e+04 1.148800000000000000e+04
2.800000000000000000e+04 1.143700000000000000e+04
3.000000000000000000e+04 1.149200000000000000e+04
3.200000000000000000e+04 1.150000000000000000e+04
3.400000000000000000e+04 1.153100000000000000e+04
3.600000000000000000e+04 1.154300000000000000e+04
3.800000000000000000e+04 1.153300000000000000e+04
4.000000000000000000e+04 1.151700000000000000e+04
4.200000000000000000e+04 1.161300000000000000e+04
4.400000000000000000e+04 1.159500000000000000e+04
4.600000000000000000e+04 1.119800000000000000e+04
4.800000000000000000e+04 1.137400000000000000e+04
5.000000000000000000e+04 1.157000000000000000e+04
5.200000000000000000e+04 1.129800000000000000e+04
5.400000000000000000e+04 1.112600000000000000e+04
5.600000000000000000e+04 1.116300000000000000e+04
5.800000000000000000e+04 1.112400000000000000e+04
6.000000000000000000e+04 1.113900000000000000e+04
6.200000000000000000e+04 1.111900000000000000e+04
6.400000000000000000e+04 1.062000000000000000e+04
6.600000000000000000e+04 1.071300000000000000e+04
6.800000000000000000e+04 1.070600000000000000e+04
7.000000000000000000e+04 1.040900000000000000e+04
7.200000000000000000e+04 1.056200000000000000e+04
7.400000000000000000e+04 1.018800000000000000e+04
7.600000000000000000e+04 1.020700000000000000e+04
7.800000000000000000e+04 9.739000000000000000e+03
8.000000000000000000e+04 9.632000000000000000e+03
8.200000000000000000e+04 9.463000000000000000e+03
8.400000000000000000e+04 9.395000000000000000e+03
8.600000000000000000e+04 9.024000000000000000e+03
8.800000000000000000e+04 8.983000000000000000e+03
9.000000000000000000e+04 8.599000000000000000e+03
9.200000000000000000e+04 8.444000000000000000e+03
9.400000000000000000e+04 8.102000000000000000e+03
9.600000000000000000e+04 7.978000000000000000e+03
9.800000000000000000e+04 7.600000000000000000e+03
1.000000000000000000e+05 7.223000000000000000e+03
1.020000000000000000e+05 7.073000000000000000e+03
1.040000000000000000e+05 6.644000000000000000e+03
1.060000000000000000e+05 6.413000000000000000e+03
1.080000000000000000e+05 6.096000000000000000e+03
1.100000000000000000e+05 5.977000000000000000e+03
1.120000000000000000e+05 5.647000000000000000e+03
1.140000000000000000e+05 5.294000000000000000e+03
1.160000000000000000e+05 5.233000000000000000e+03
1.180000000000000000e+05 4.860000000000000000e+03
1.200000000000000000e+05 4.636000000000000000e+03
1.220000000000000000e+05 4.425000000000000000e+03
1.240000000000000000e+05 4.347000000000000000e+03
1.260000000000000000e+05 4.178000000000000000e+03
1.280000000000000000e+05 3.892000000000000000e+03
1.300000000000000000e+05 3.841000000000000000e+03
1.320000000000000000e+05 3.650000000000000000e+03
1.340000000000000000e+05 3.623000000000000000e+03
1.360000000000000000e+05 3.522000000000000000e+03
1.380000000000000000e+05 3.650000000000000000e+03
1.400000000000000000e+05 3.550000000000000000e+03
1.420000000000000000e+05 3.739000000000000000e+03
1.440000000000000000e+05 3.714000000000000000e+03
1.460000000000000000e+05 3.812000000000000000e+03
1.480000000000000000e+05 3.843000000000000000e+03
1.500000000000000000e+05 4.098000000000000000e+03
1.520000000000000000e+05 4.227000000000000000e+03
1.540000000000000000e+05 4.441000000000000000e+03
1.560000000000000000e+05 4.538000000000000000e+03
1.580000000000000000e+05 4.772000000000000000e+03
1.600000000000000000e+05 5.120000000000000000e+03
1.620000000000000000e+05 5.229000000000000000e+03
1.640000000000000000e+05 5.569000000000000000e+03
1.660000000000000000e+05 5.869000000000000000e+03
1.680000000000000000e+05 6.060000000000000000e+03
1.700000000000000000e+05 6.414000000000000000e+03
1.720000000000000000e+05 6.763000000000000000e+03
1.740000000000000000e+05 6.984000000000000000e+03
1.760000000000000000e+05 7.217000000000000000e+03
1.780000000000000000e+05 7.574000000000000000e+03
1.800000000000000000e+05 7.763000000000000000e+03
1.820000000000000000e+05 8.140000000000000000e+03
1.840000000000000000e+05 8.455000000000000000e+03
1.860000000000000000e+05 8.579000000000000000e+03
1.880000000000000000e+05 8.848000000000000000e+03
1.900000000000000000e+05 9.085000000000000000e+03
1.920000000000000000e+05 9.259000000000000000e+03
1.940000000000000000e+05 9.748000000000000000e+03
1.960000000000000000e+05 9.783000000000000000e+03
1.980000000000000000e+05 9.998000000000000000e+03
2.000000000000000000e+05 1.005500000000000000e+04
2.020000000000000000e+05 1.023500000000000000e+04
2.040000000000000000e+05 1.037700000000000000e+04
2.060000000000000000e+05 1.055000000000000000e+04
2.080000000000000000e+05 1.084500000000000000e+04
2.100000000000000000e+05 1.092100000000000000e+04
2.120000000000000000e+05 1.072500000000000000e+04
2.140000000000000000e+05 1.093200000000000000e+04
2.160000000000000000e+05 1.131200000000000000e+04
2.180000000000000000e+05 1.119800000000000000e+04
2.200000000000000000e+05 1.140300000000000000e+04
2.220000000000000000e+05 1.130700000000000000e+04
2.240000000000000000e+05 1.134000000000000000e+04
2.260000000000000000e+05 1.162600000000000000e+04
2.280000000000000000e+05 1.143000000000000000e+04
2.300000000000000000e+05 1.129300000000000000e+04
2.320000000000000000e+05 1.156100000000000000e+04
2.340000000000000000e+05 1.160600000000000000e+04
2.360000000000000000e+05 1.152500000000000000e+04
2.380000000000000000e+05 1.175900000000000000e+04
2.400000000000000000e+05 1.134100000000000000e+04
2.420000000000000000e+05 1.162400000000000000e+04
2.440000000000000000e+05 1.160200000000000000e+04
2.460000000000000000e+05 1.142500000000000000e+04
2.480000000000000000e+05 1.146900000000000000e+04
2.500000000000000000e+05 1.151000000000000000e+04
2.520000000000000000e+05 1.126700000000000000e+04
2.540000000000000000e+05 1.132000000000000000e+04
2.560000000000000000e+05 1.115500000000000000e+04
2.580000000000000000e+05 1.109500000000000000e+04
2.600000000000000000e+05 1.133200000000000000e+04
2.620000000000000000e+05 1.105700000000000000e+04
2.640000000000000000e+05 1.082500000000000000e+04
2.660000000000000000e+05 1.079500000000000000e+04
2.680000000000000000e+05 1.050300000000000000e+04
2.700000000000000000e+05 1.063600000000000000e+04
2.720000000000000000e+05 1.039100000000000000e+04
2.740000000000000000e+05 1.043100000000000000e+04
2.760000000000000000e+05 1.004900000000000000e+04
2.780000000000000000e+05 9.915000000000000000e+03
2.800000000000000000e+05 9.635000000000000000e+03
2.820000000000000000e+05 9.424000000000000000e+03
2.840000000000000000e+05 9.192000000000000000e+03
2.860000000000000000e+05 9.135000000000000000e+03
2.880000000000000000e+05 9.055000000000000000e+03
2.900000000000000000e+05 8.815000000000000000e+03
2.920000000000000000e+05 8.423000000000000000e+03
2.940000000000000000e+05 8.010000000000000000e+03
2.960000000000000000e+05 7.808000000000000000e+03
2.980000000000000000e+05 7.550000000000000000e+03
3.000000000000000000e+05 7.597000000000000000e+03
3.020000000000000000e+05 7.006000000000000000e+03
3.040000000000000000e+05 6.859000000000000000e+03
3.060000000000000000e+05 6.475000000000000000e+03
3.080000000000000000e+05 6.352000000000000000e+03
3.100000000000000000e+05 6.078000000000000000e+03
3.120000000000000000e+05 5.767000000000000000e+03
3.140000000000000000e+05 5.560000000000000000e+03
3.160000000000000000e+05 5.094000000000000000e+03
3.180000000000000000e+05 4.827000000000000000e+03
3.200000000000000000e+05 4.801000000000000000e+03
3.220000000000000000e+05 4.553000000000000000e+03
3.240000000000000000e+05 4.158000000000000000e+03
3.260000000000000000e+05 4.339000000000000000e+03
3.280000000000000000e+05 4.066000000000000000e+03
3.300000000000000000e+05 3.862000000000000000e+03
3.320000000000000000e+05 3.838000000000000000e+03
3.340000000000000000e+05 3.750000000000000000e+03
3.360000000000000000e+05 3.677000000000000000e+03
3.380000000000000000e+05 3.617000000000000000e+03
3.400000000000000000e+05 3.592000000000000000e+03
3.420000000000000000e+05 3.870000000000000000e+03
3.440000000000000000e+05 3.792000000000000000e+03
3.460000000000000000e+05 3.783000000000000000e+03
3.480000000000000000e+05 3.909000000000000000e+03
3.500000000000000000e+05 4.119000000000000000e+03
3.520000000000000000e+05 4.218000000000000000e+03
3.540000000000000000e+05 4.574000000000000000e+03
3.560000000000000000e+05 4.622000000000000000e+03
3.580000000000000000e+05 4.829000000000000000e+03
3.600000000000000000e+05 5.187000000000000000e+03
3.620000000000000000e+05 5.186000000000000000e+03
3.640000000000000000e+05 5.523000000000000000e+03
3.660000000000000000e+05 6.013000000000000000e+03
3.680000000000000000e+05 6.067000000000000000e+03
3.700000000000000000e+05 6.378000000000000000e+03
3.720000000000000000e+05 6.640000000000000000e+03
3.740000000000000000e+05 6.931000000000000000e+03
3.760000000000000000e+05 7.152000000000000000e+03
3.780000000000000000e+05 7.733000000000000000e+03
3.800000000000000000e+05 7.945000000000000000e+03
3.820000000000000000e+05 8.249000000000000000e+03
3.840000000000000000e+05 8.347000000000000000e+03
3.860000000000000000e+05 8.738000000000000000e+03
3.880000000000000000e+05 8.913000000000000000e+03
3.900000000000000000e+05 9.106000000000000000e+03
3.920000000000000000e+05 9.491000000000000000e+03
3.940000000000000000e+05 9.647000000000000000e+03
3.960000000000000000e+05 9.812000000000000000e+03
3.980000000000000000e+05 1.000600000000000000e+04
