0.000000000000000000e+00 1.358900000000000000e+04
1.000000000000000000e+03 1.376000000000000000e+04
2.000000000000000000e+03 1.387900000000000000e+04
3.000000000000000000e+03 1.424000000000000000e+04
4.000000000000000000e+03 1.440100000000000000e+04
5.000000000000000000e+03 1.449200000000000000e+04
6.000000000000000000e+03 1.475500000000000000e+04
7.000000000000000000e+03 1.482400000000000000e+04
8.000000000000000000e+03 1.480200000000000000e+04
9.000000000000000000e+03 1.499700000000000000e+04
1.000000000000000000e+04 1.509700000000000000e+04
1.100000000000000000e+04 1.514600000000000000e+04
1.200000000000000000e+04 1.524800000000000000e+04
1.300000000000000000e+04 1.532700000000000000e+04
1.400000000000000000e+04 1.513800000000000000e+04
1.500000000000000000e+04 1.548500000000000000e+04
1.600000000000000000e+04 1.558500000000000000e+04
1.700000000000000000e+04 1.561500000000000000e+04
1.800000000000000000e+04 1.546500000000000000e+04
1.900000000000000000e+04 1.555900000000000000e+04
2.000000000000000000e+04 1.549400000000000000e+04
2.100000000000000000e+04 1.574200000000000000e+04
2.200000000000000000e+04 1.558900000000000000e+04
2.300000000000000000e+04 1.557300000000000000e+04
2.400000000000000000e+04 1.532200000000000000e+04
2.500000000000000000e+04 1.530700000000000000e+04
2.600000000000000000e+04 1.519200000000000000e+04
2.700000000000000000e+04 1.503800000000000000e+04
2.800000000000000000e+04 1.533000000000000000e+04
2.900000000000000000e+04 1.492400000000000000e+04
3.000000000000000000e+04 1.493600000000000000e+04
3.100000000000000000e+04 1.493000000000000000e+04
3.200000000000000000e+04 1.459300000000000000e+04
3.300000000000000000e+04 1.459400000000000000e+04
3.400000000000000000e+04 1.454300000000000000e+04
3.500000000000000000e+04 1.460600000000000000e+04
3.600000000000000000e+04 1.399800000000000000e+04
3.700000000000000000e+04 1.381800000000000000e+04
3.800000000000000000e+04 1.355800000000000000e+04
3.900000000000000000e+04 1.330300000000000000e+04
4.000000000000000000e+04 1.330800000000000000e+04
4.100000000000000000e+04 1.293500000000000000e+04
4.200000000000000000e+04 1.267900000000000000e+04
4.300000000000000000e+04 1.223500000000000000e+04
4.400000000000000000e+04 1.201000000000000000e+04
4.500000000000000000e+04 1.148100000000000000e+04
4.600000000000000000e+04 1.132700000000000000e+04
4.700000000000000000e+04 1.089100000000000000e+04
4.800000000000000000e+04 1.058400000000000000e+04
4.900000000000000000e+04 1.025800000000000000e+04
5.000000000000000000e+04 9.936000000000000000e+03
5.100000000000000000e+04 9.353000000000000000e+03
5.200000000000000000e+04 9.222000000000000000e+03
5.300000000000000000e+04 8.891000000000000000e+03
5.400000000000000000e+04 8.367000000000000000e+03
5.500000000000000000e+04 7.978000000000000000e+03
5.600000000000000000e+04 7.469000000000000000e+03
5.700000000000000000e+04 7.385000000000000000e+03
5.800000000000000000e+04 6.714000000000000000e+03
5.900000000000000000e+04 6.586000000000000000e+03
6.000000000000000000e+04 6.243000000000000000e+03
6.100000000000000000e+04 5.867000000000000000e+03
6.200000000000000000e+04 5.597000000000000000e+03
6.300000000000000000e+04 5.387000000000000000e+03
6.400000000000000000e+04 5.391000000000000000e+03
6.500000000000000000e+04 5.170000000000000000e+03
6.600000000000000000e+04 4.908000000000000000e+03
6.700000000000000000e+04 4.897000000000000000e+03
6.800000000000000000e+04 4.736000000000000000e+03
6.900000000000000000e+04 4.630000000000000000e+03
7.000000000000000000e+04 4.856000000000000000e+03
7.100000000000000000e+04 4.752000000000000000e+03
7.200000000000000000e+04 4.860000000000000000e+03
7.300000000000000000e+04 4.985000000000000000e+03
7.400000000000000000e+04 5.028000000000000000e+03
7.500000000000000000e+04 5.301000000000000000e+03
7.600000000000000000e+04 5.488000000000000000e+03
7.700000000000000000e+04 5.718000000000000000e+03
7.800000000000000000e+04 5.968000000000000000e+03
7.900000000000000000e+04 6.375000000000000000e+03
8.000000000000000000e+04 6.507000000000000000e+03
8.100000000000000000e+04 7.044000000000000000e+03
8.200000000000000000e+04 7.422000000000000000e+03
8.300000000000000000e+04 7.901000000000000000e+03
8.400000000000000000e+04 8.176000000000000000e+03
8.500000000000000000e+04 8.659000000000000000e+03
8.600000000000000000e+04 8.952000000000000000e+03
8.700000000000000000e+04 9.246000000000000000e+03
8.800000000000000000e+04 9.808000000000000000e+03
8.900000000000000000e+04 9.938000000000000000e+03
9.000000000000000000e+04 1.054400000000000000e+04
9.100000000000000000e+04 1.080800000000000000e+04
9.200000000000000000e+04 1.133000000000000000e+04
9.300000000000000000e+04 1.161500000000000000e+04
9.400000000000000000e+04 1.219800000000000000e+04
9.500000000000000000e+04 1.240300000000000000e+04
9.600000000000000000e+04 1.262100000000000000e+04
9.700000000000000000e+04 1.273200000000000000e+04
9.800000000000000000e+04 1.314600000000000000e+04
9.900000000000000000e+04 1.331000000000000000e+04
1.000000000000000000e+05 1.369000000000000000e+04
1.010000000000000000e+05 1.370500000000000000e+04
1.020000000000000000e+05 1.403700000000000000e+04
1.030000000000000000e+05 1.422100000000000000e+04
1.040000000000000000e+05 1.465500000000000000e+04
1.050000000000000000e+05 1.469200000000000000e+04
1.060000000000000000e+05 1.477200000000000000e+04
1.070000000000000000e+05 1.476100000000000000e+04
1.080000000000000000e+05 1.515300000000000000e+04
1.090000000000000000e+05 1.523700000000000000e+04
1.100000000000000000e+05 1.517400000000000000e+04
1.110000000000000000e+05 1.517900000000000000e+04
1.120000000000000000e+05 1.531700000000000000e+04
1.130000000000000000e+05 1.535900000000000000e+04
1.140000000000000000e+05 1.557000000000000000e+04
1.150000000000000000e+05 1.546200000000000000e+04
1.160000000000000000e+05 1.572400000000000000e+04
1.170000000000000000e+05 1.555200000000000000e+04
1.180000000000000000e+05 1.557000000000000000e+04
1.190000000000000000e+05 1.576000000000000000e+04
1.200000000000000000e+05 1.576700000000000000e+04
1.210000000000000000e+05 1.578300000000000000e+04
1.220000000000000000e+05 1.552600000000000000e+04
1.230000000000000000e+05 1.548100000000000000e+04
1.240000000000000000e+05 1.559300000000000000e+04
1.250000000000000000e+05 1.553200000000000000e+04
1.260000000000000000e+05 1.548500000000000000e+04
1.270000000000000000e+05 1.518500000000000000e+04
1.280000000000000000e+05 1.525600000000000000e+04
1.290000000000000000e+05 1.524600000000000000e+04
1.300000000000000000e+05 1.507400000000000000e+04
1.310000000000000000e+05 1.505900000000000000e+04
1.320000000000000000e+05 1.494400000000000000e+04
1.330000000000000000e+05 1.480600000000000000e+04
1.340000000000000000e+05 1.453700000000000000e+04
1.350000000000000000e+05 1.444800000000000000e+04
1.360000000000000000e+05 1.407900000000000000e+04
1.370000000000000000e+05 1.392900000000000000e+04
1.380000000000000000e+05 1.372200000000000000e+04
1.390000000000000000e+05 1.352300000000000000e+04
1.400000000000000000e+05 1.320000000000000000e+04
1.410000000000000000e+05 1.291000000000000000e+04
1.420000000000000000e+05 1.253500000000000000e+04
1.430000000000000000e+05 1.221600000000000000e+04
1.440000000000000000e+05 1.199700000000000000e+04
1.450000000000000000e+05 1.164900000000000000e+04
1.460000000000000000e+05 1.130000000000000000e+04
1.470000000000000000e+05 1.096800000000000000e+04
1.480000000000000000e+05 1.050700000000000000e+04
1.490000000000000000e+05 1.008200000000000000e+04
1.500000000000000000e+05 9.814000000000000000e+03
1.510000000000000000e+05 9.514000000000000000e+03
1.520000000000000000e+05 8.906000000000000000e+03
1.530000000000000000e+05 8.670000000000000000e+03
1.540000000000000000e+05 8.486000000000000000e+03
1.550000000000000000e+05 7.889000000000000000e+03
1.560000000000000000e+05 7.553000000000000000e+03
1.570000000000000000e+05 7.235000000000000000e+03
1.580000000000000000e+05 6.914000000000000000e+03
1.590000000000000000e+05 6.665000000000000000e+03
1.600000000000000000e+05 6.230000000000000000e+03
1.610000000000000000e+05 5.954000000000000000e+03
1.620000000000000000e+05 5.719000000000000000e+03
1.630000000000000000e+05 5.541000000000000000e+03
1.640000000000000000e+05 5.312000000000000000e+03
1.650000000000000000e+05 5.262000000000000000e+03
1.660000000000000000e+05 4.913000000000000000e+03
1.670000000000000000e+05 4.901000000000000000e+03
1.680000000000000000e+05 4.913000000000000000e+03
1.690000000000000000e+05 4.718000000000000000e+03
1.700000000000000000e+05 4.788000000000000000e+03
1.710000000000000000e+05 4.920000000000000000e+03
1.720000000000000000e+05 4.822000000000000000e+03
1.730000000000000000e+05 4.954000000000000000e+03
1.740000000000000000e+05 5.071000000000000000e+03
1.750000000000000000e+05 5.343000000000000000e+03
1.760000000000000000e+05 5.475000000000000000e+03
1.770000000000000000e+05 5.743000000000000000e+03
1.780000000000000000e+05 6.006000000000000000e+03
1.790000000000000000e+05 6.349000000000000000e+03
1.800000000000000000e+05 6.646000000000000000e+03
1.810000000000000000e+05 6.959000000000000000e+03
1.820000000000000000e+05 7.582000000000000000e+03
1.830000000000000000e+05 7.679000000000000000e+03
1.840000000000000000e+05 7.963000000000000000e+03
1.850000000000000000e+05 8.704000000000000000e+03
1.860000000000000000e+05 8.991000000000000000e+03
1.870000000000000000e+05 9.289000000000000000e+03
1.880000000000000000e+05 9.633000000000000000e+03
1.890000000000000000e+05 9.985000000000000000e+03
1.900000000000000000e+05 1.041100000000000000e+04
1.910000000000000000e+05 1.076700000000000000e+04
1.920000000000000000e+05 1.101200000000000000e+04
1.930000000000000000e+05 1.155000000000000000e+04
1.940000000000000000e+05 1.210100000000000000e+04
1.950000000000000000e+05 1.224000000000000000e+04
1.960000000000000000e+05 1.256000000000000000e+04
1.970000000000000000e+05 1.295800000000000000e+04
1.980000000000000000e+05 1.307100000000000000e+04
1.990000000000000000e+05 1.363700000000000000e+04
