0.000000000000000000e+00 1.386400000000000000e+04
3.333000000000000000e+03 1.383200000000000000e+04
6.666000000000000000e+03 1.441400000000000000e+04
9.999000000000000000e+03 1.463500000000000000e+04
1.333200000000000000e+04 1.474800000000000000e+04
1.666500000000000000e+04 1.491800000000000000e+04
1.999800000000000000e+04 1.480300000000000000e+04
2.333100000000000000e+04 1.508200000000000000e+04
2.666400000000000000e+04 1.549200000000000000e+04
2.999700000000000000e+04 1.515300000000000000e+04
3.333000000000000000e+04 1.548900000000000000e+04
3.666300000000000000e+04 1.545900000000000000e+04
3.999600000000000000e+04 1.561900000000000000e+04
4.332900000000000000e+04 1.576400000000000000e+04
4.666200000000000000e+04 1.569800000000000000e+04
4.999500000000000000e+04 1.581300000000000000e+04
5.332800000000000000e+04 1.563400000000000000e+04
5.666100000000000000e+04 1.595000000000000000e+04
5.999400000000000000e+04 1.591300000000000000e+04
6.332700000000000000e+04 1.593500000000000000e+04
6.666000000000000000e+04 1.583000000000000000e+04
6.999300000000000000e+04 1.580600000000000000e+04
7.332600000000000000e+04 1.614900000000000000e+04
7.665900000000000000e+04 1.587400000000000000e+04
7.999200000000000000e+04 1.564100000000000000e+04
8.332500000000000000e+04 1.590600000000000000e+04
8.665800000000000000e+04 1.563600000000000000e+04
8.999100000000000000e+04 1.564300000000000000e+04
9.332400000000000000e+04 1.552400000000000000e+04
9.665700000000000000e+04 1.524200000000000000e+04
9.999000000000000000e+04 1.524500000000000000e+04
1.033230000000000000e+05 1.509100000000000000e+04
1.066560000000000000e+05 1.504400000000000000e+04
1.099890000000000000e+05 1.491400000000000000e+04
1.133220000000000000e+05 1.488600000000000000e+04
1.166550000000000000e+05 1.451600000000000000e+04
1.199880000000000000e+05 1.431800000000000000e+04
1.233210000000000000e+05 1.418700000000000000e+04
1.266540000000000000e+05 1.389800000000000000e+04
1.299870000000000000e+05 1.374200000000000000e+04
1.333200000000000000e+05 1.362600000000000000e+04
1.366530000000000000e+05 1.325500000000000000e+04
1.399860000000000000e+05 1.274500000000000000e+04
1.433190000000000000e+05 1.279200000000000000e+04
1.466520000000000000e+05 1.219000000000000000e+04
1.499850000000000000e+05 1.207700000000000000e+04
1.533180000000000000e+05 1.187100000000000000e+04
1.566510000000000000e+05 1.119000000000000000e+04
1.599840000000000000e+05 1.097700000000000000e+04
1.633170000000000000e+05 1.069300000000000000e+04
1.666500000000000000e+05 1.013900000000000000e+04
1.699830000000000000e+05 9.630000000000000000e+03
1.733160000000000000e+05 9.356000000000000000e+03
1.766490000000000000e+05 9.219000000000000000e+03
1.799820000000000000e+05 8.662000000000000000e+03
1.833150000000000000e+05 8.151000000000000000e+03
1.866480000000000000e+05 7.717000000000000000e+03
1.899810000000000000e+05 7.523000000000000000e+03
1.933140000000000000e+05 7.106000000000000000e+03
1.966470000000000000e+05 6.778000000000000000e+03
1.999800000000000000e+05 6.293000000000000000e+03
2.033130000000000000e+05 6.185000000000000000e+03
2.066460000000000000e+05 5.965000000000000000e+03
2.099790000000000000e+05 5.721000000000000000e+03
2.133120000000000000e+05 5.558000000000000000e+03
2.166450000000000000e+05 5.316000000000000000e+03
2.199780000000000000e+05 5.123000000000000000e+03
2.233110000000000000e+05 5.232000000000000000e+03
2.266440000000000000e+05 5.028000000000000000e+03
2.299770000000000000e+05 4.964000000000000000e+03
2.333100000000000000e+05 4.974000000000000000e+03
2.366430000000000000e+05 5.034000000000000000e+03
2.399760000000000000e+05 5.246000000000000000e+03
2.433090000000000000e+05 5.220000000000000000e+03
2.466420000000000000e+05 5.406000000000000000e+03
2.499750000000000000e+05 5.719000000000000000e+03
2.533080000000000000e+05 5.746000000000000000e+03
2.566410000000000000e+05 6.023000000000000000e+03
2.599740000000000000e+05 6.580000000000000000e+03
2.633070000000000000e+05 6.759000000000000000e+03
2.666400000000000000e+05 7.107000000000000000e+03
2.699730000000000000e+05 7.222000000000000000e+03
2.733060000000000000e+05 7.531000000000000000e+03
2.766390000000000000e+05 7.966000000000000000e+03
2.799720000000000000e+05 8.589000000000000000e+03
2.833050000000000000e+05 8.740000000000000000e+03
2.866380000000000000e+05 9.190000000000000000e+03
2.899710000000000000e+05 9.641000000000000000e+03
2.933040000000000000e+05 1.009300000000000000e+04
2.966370000000000000e+05 1.040500000000000000e+04
2.999700000000000000e+05 1.077500000000000000e+04
3.033030000000000000e+05 1.113700000000000000e+04
3.066360000000000000e+05 1.170000000000000000e+04
3.099690000000000000e+05 1.203600000000000000e+04
3.133020000000000000e+05 1.224400000000000000e+04
3.166350000000000000e+05 1.267500000000000000e+04
3.199680000000000000e+05 1.293600000000000000e+04
3.233010000000000000e+05 1.334700000000000000e+04
3.266340000000000000e+05 1.366900000000000000e+04
3.299670000000000000e+05 1.395500000000000000e+04
3.333000000000000000e+05 1.431900000000000000e+04
3.366330000000000000e+05 1.421300000000000000e+04
3.399660000000000000e+05 1.450500000000000000e+04
3.432990000000000000e+05 1.458900000000000000e+04
3.466320000000000000e+05 1.516100000000000000e+04
3.499650000000000000e+05 1.490000000000000000e+04
3.532980000000000000e+05 1.529800000000000000e+04
3.566310000000000000e+05 1.532400000000000000e+04
3.599640000000000000e+05 1.540500000000000000e+04
3.632970000000000000e+05 1.547700000000000000e+04
3.666300000000000000e+05 1.567500000000000000e+04
3.699630000000000000e+05 1.587300000000000000e+04
3.732960000000000000e+05 1.563600000000000000e+04
3.766290000000000000e+05 1.587900000000000000e+04
3.799620000000000000e+05 1.591200000000000000e+04
3.832950000000000000e+05 1.598800000000000000e+04
3.866280000000000000e+05 1.612500000000000000e+04
3.899610000000000000e+05 1.584600000000000000e+04
3.932940000000000000e+05 1.607100000000000000e+04
3.966270000000000000e+05 1.599400000000000000e+04
3.999600000000000000e+05 1.621100000000000000e+04
4.032930000000000000e+05 1.610900000000000000e+04
4.066260000000000000e+05 1.622300000000000000e+04
4.099590000000000000e+05 1.601400000000000000e+04
4.132920000000000000e+05 1.588000000000000000e+04
4.166250000000000000e+05 1.584900000000000000e+04
4.199580000000000000e+05 1.577900000000000000e+04
4.232910000000000000e+05 1.567100000000000000e+04
4.266240000000000000e+05 1.578400000000000000e+04
4.299570000000000000e+05 1.550700000000000000e+04
4.332900000000000000e+05 1.545400000000000000e+04
4.366230000000000000e+05 1.532000000000000000e+04
4.399560000000000000e+05 1.536100000000000000e+04
4.432890000000000000e+05 1.520800000000000000e+04
4.466220000000000000e+05 1.491000000000000000e+04
4.499550000000000000e+05 1.483500000000000000e+04
4.532880000000000000e+05 1.445900000000000000e+04
4.566210000000000000e+05 1.434600000000000000e+04
4.599540000000000000e+05 1.413300000000000000e+04
4.632870000000000000e+05 1.387700000000000000e+04
4.666200000000000000e+05 1.355500000000000000e+04
4.699530000000000000e+05 1.320800000000000000e+04
4.732860000000000000e+05 1.311400000000000000e+04
4.766190000000000000e+05 1.252600000000000000e+04
4.799520000000000000e+05 1.245900000000000000e+04
4.832850000000000000e+05 1.207000000000000000e+04
4.866180000000000000e+05 1.179500000000000000e+04
4.899510000000000000e+05 1.113700000000000000e+04
4.932840000000000000e+05 1.106000000000000000e+04
4.966170000000000000e+05 1.056700000000000000e+04
4.999500000000000000e+05 1.013400000000000000e+04
5.032830000000000000e+05 9.878000000000000000e+03
5.066160000000000000e+05 9.435000000000000000e+03
5.099490000000000000e+05 9.163000000000000000e+03
5.132820000000000000e+05 8.641000000000000000e+03
5.166150000000000000e+05 8.115000000000000000e+03
5.199480000000000000e+05 7.743000000000000000e+03
5.232810000000000000e+05 7.619000000000000000e+03
5.266140000000000000e+05 7.028000000000000000e+03
5.299470000000000000e+05 6.762000000000000000e+03
5.332800000000000000e+05 6.598000000000000000e+03
5.366130000000000000e+05 6.262000000000000000e+03
5.399460000000000000e+05 5.833000000000000000e+03
5.432790000000000000e+05 5.672000000000000000e+03
5.466120000000000000e+05 5.488000000000000000e+03
5.499450000000000000e+05 5.306000000000000000e+03
5.532780000000000000e+05 5.178000000000000000e+03
5.566110000000000000e+05 5.308000000000000000e+03
5.599440000000000000e+05 5.022000000000000000e+03
5.632770000000000000e+05 4.986000000000000000e+03
5.666100000000000000e+05 4.902000000000000000e+03
5.699430000000000000e+05 4.939000000000000000e+03
5.732760000000000000e+05 5.201000000000000000e+03
5.766090000000000000e+05 5.232000000000000000e+03
5.799420000000000000e+05 5.414000000000000000e+03
5.832750000000000000e+05 5.587000000000000000e+03
5.866080000000000000e+05 5.803000000000000000e+03
5.899410000000000000e+05 6.040000000000000000e+03
5.932740000000000000e+05 6.223000000000000000e+03
5.966070000000000000e+05 6.647000000000000000e+03
5.999400000000000000e+05 7.008000000000000000e+03
6.032730000000000000e+05 7.285000000000000000e+03
6.066060000000000000e+05 7.611000000000000000e+03
6.099390000000000000e+05 8.135000000000000000e+03
6.132720000000000000e+05 8.511000000000000000e+03
6.166050000000000000e+05 8.684000000000000000e+03
6.199380000000000000e+05 9.350000000000000000e+03
6.232710000000000000e+05 9.651000000000000000e+03
6.266040000000000000e+05 1.013900000000000000e+04
6.299370000000000000e+05 1.053200000000000000e+04
6.332700000000000000e+05 1.070600000000000000e+04
6.366030000000000000e+05 1.100100000000000000e+04
6.399360000000000000e+05 1.158500000000000000e+04
6.432690000000000000e+05 1.204300000000000000e+04
6.466020000000000000e+05 1.228200000000000000e+04
6.499350000000000000e+05 1.236300000000000000e+04
6.532680000000000000e+05 1.270900000000000000e+04
6.566010000000000000e+05 1.320100000000000000e+04
6.599340000000000000e+05 1.331500000000000000e+04
6.632670000000000000e+05 1.364300000000000000e+04
