0.000000000000000000e+00 1.399100000000000000e+04
1.000000000000000000e+02 1.430800000000000000e+04
2.000000000000000000e+02 1.459500000000000000e+04
3.000000000000000000e+02 1.485700000000000000e+04
4.000000000000000000e+02 1.475700000000000000e+04
5.000000000000000000e+02 1.529400000000000000e+04
6.000000000000000000e+02 1.533700000000000000e+04
7.000000000000000000e+02 1.561300000000000000e+04
8.000000000000000000e+02 1.549700000000000000e+04
9.000000000000000000e+02 1.564800000000000000e+04
1.000000000000000000e+03 1.581200000000000000e+04
1.100000000000000000e+03 1.562000000000000000e+04
1.200000000000000000e+03 1.599700000000000000e+04
1.300000000000000000e+03 1.608700000000000000e+04
1.400000000000000000e+03 1.608700000000000000e+04
1.500000000000000000e+03 1.607800000000000000e+04
1.600000000000000000e+03 1.625600000000000000e+04
1.700000000000000000e+03 1.625100000000000000e+04
1.800000000000000000e+03 1.603700000000000000e+04
1.900000000000000000e+03 1.619500000000000000e+04
2.000000000000000000e+03 1.634900000000000000e+04
2.100000000000000000e+03 1.648300000000000000e+04
2.200000000000000000e+03 1.617900000000000000e+04
2.300000000000000000e+03 1.629000000000000000e+04
2.400000000000000000e+03 1.601200000000000000e+04
2.500000000000000000e+03 1.634100000000000000e+04
2.600000000000000000e+03 1.642700000000000000e+04
2.700000000000000000e+03 1.593700000000000000e+04
2.800000000000000000e+03 1.580800000000000000e+04
2.900000000000000000e+03 1.597800000000000000e+04
3.000000000000000000e+03 1.599600000000000000e+04
3.100000000000000000e+03 1.553600000000000000e+04
3.200000000000000000e+03 1.547900000000000000e+04
3.300000000000000000e+03 1.521100000000000000e+04
3.400000000000000000e+03 1.517000000000000000e+04
3.500000000000000000e+03 1.491600000000000000e+04
3.600000000000000000e+03 1.470500000000000000e+04
3.700000000000000000e+03 1.472300000000000000e+04
3.800000000000000000e+03 1.463300000000000000e+04
3.900000000000000000e+03 1.448600000000000000e+04
4.000000000000000000e+03 1.400600000000000000e+04
4.100000000000000000e+03 1.365900000000000000e+04
4.200000000000000000e+03 1.328500000000000000e+04
4.300000000000000000e+03 1.322500000000000000e+04
4.400000000000000000e+03 1.282100000000000000e+04
4.500000000000000000e+03 1.248100000000000000e+04
4.600000000000000000e+03 1.247300000000000000e+04
4.700000000000000000e+03 1.199700000000000000e+04
4.800000000000000000e+03 1.136400000000000000e+04
4.900000000000000000e+03 1.105900000000000000e+04
5.000000000000000000e+03 1.090700000000000000e+04
5.100000000000000000e+03 1.039700000000000000e+04
5.200000000000000000e+03 1.012200000000000000e+04
5.300000000000000000e+03 9.548000000000000000e+03
5.400000000000000000e+03 9.426000000000000000e+03
5.500000000000000000e+03 8.931000000000000000e+03
5.600000000000000000e+03 8.517000000000000000e+03
5.700000000000000000e+03 8.079000000000000000e+03
5.800000000000000000e+03 7.832000000000000000e+03
5.900000000000000000e+03 7.520000000000000000e+03
6.000000000000000000e+03 7.247000000000000000e+03
6.100000000000000000e+03 6.888000000000000000e+03
6.200000000000000000e+03 6.712000000000000000e+03
6.300000000000000000e+03 6.315000000000000000e+03
6.400000000000000000e+03 6.150000000000000000e+03
6.500000000000000000e+03 6.007000000000000000e+03
6.600000000000000000e+03 5.860000000000000000e+03
6.700000000000000000e+03 5.516000000000000000e+03
6.800000000000000000e+03 5.468000000000000000e+03
6.900000000000000000e+03 5.289000000000000000e+03
7.000000000000000000e+03 5.157000000000000000e+03
7.100000000000000000e+03 5.074000000000000000e+03
7.200000000000000000e+03 5.042000000000000000e+03
7.300000000000000000e+03 5.130000000000000000e+03
7.400000000000000000e+03 5.354000000000000000e+03
7.500000000000000000e+03 5.251000000000000000e+03
7.600000000000000000e+03 5.505000000000000000e+03
7.700000000000000000e+03 5.447000000000000000e+03
7.800000000000000000e+03 5.934000000000000000e+03
7.900000000000000000e+03 5.933000000000000000e+03
8.000000000000000000e+03 6.310000000000000000e+03
8.100000000000000000e+03 6.670000000000000000e+03
8.200000000000000000e+03 7.030000000000000000e+03
8.300000000000000000e+03 7.462000000000000000e+03
8.400000000000000000e+03 7.561000000000000000e+03
8.500000000000000000e+03 8.086000000000000000e+03
8.600000000000000000e+03 8.601000000000000000e+03
8.700000000000000000e+03 8.901000000000000000e+03
8.800000000000000000e+03 9.381000000000000000e+03
8.900000000000000000e+03 9.832000000000000000e+03
9.000000000000000000e+03 1.026900000000000000e+04
9.100000000000000000e+03 1.082100000000000000e+04
9.200000000000000000e+03 1.088500000000000000e+04
9.300000000000000000e+03 1.174000000000000000e+04
9.400000000000000000e+03 1.188800000000000000e+04
9.500000000000000000e+03 1.258300000000000000e+04
9.600000000000000000e+03 1.276900000000000000e+04
9.700000000000000000e+03 1.318700000000000000e+04
9.800000000000000000e+03 1.347200000000000000e+04
9.900000000000000000e+03 1.403100000000000000e+04
1.000000000000000000e+04 1.411900000000000000e+04
1.010000000000000000e+04 1.442300000000000000e+04
1.020000000000000000e+04 1.477100000000000000e+04
1.030000000000000000e+04 1.476700000000000000e+04
1.040000000000000000e+04 1.494000000000000000e+04
1.050000000000000000e+04 1.518200000000000000e+04
1.060000000000000000e+04 1.543600000000000000e+04
1.070000000000000000e+04 1.554300000000000000e+04
1.080000000000000000e+04 1.595200000000000000e+04
1.090000000000000000e+04 1.578200000000000000e+04
1.100000000000000000e+04 1.576000000000000000e+04
1.110000000000000000e+04 1.597300000000000000e+04
1.120000000000000000e+04 1.607800000000000000e+04
1.130000000000000000e+04 1.620500000000000000e+04
1.140000000000000000e+04 1.591700000000000000e+04
1.150000000000000000e+04 1.611200000000000000e+04
1.160000000000000000e+04 1.618300000000000000e+04
1.170000000000000000e+04 1.612900000000000000e+04
1.180000000000000000e+04 1.640000000000000000e+04
1.190000000000000000e+04 1.644900000000000000e+04
1.200000000000000000e+04 1.624000000000000000e+04
1.210000000000000000e+04 1.608800000000000000e+04
1.220000000000000000e+04 1.637300000000000000e+04
1.230000000000000000e+04 1.645400000000000000e+04
1.240000000000000000e+04 1.603000000000000000e+04
1.250000000000000000e+04 1.624300000000000000e+04
1.260000000000000000e+04 1.623800000000000000e+04
1.270000000000000000e+04 1.573700000000000000e+04
1.280000000000000000e+04 1.600400000000000000e+04
1.290000000000000000e+04 1.592800000000000000e+04
1.300000000000000000e+04 1.566500000000000000e+04
1.310000000000000000e+04 1.566100000000000000e+04
1.320000000000000000e+04 1.529000000000000000e+04
1.330000000000000000e+04 1.554500000000000000e+04
1.340000000000000000e+04 1.520400000000000000e+04
1.350000000000000000e+04 1.522400000000000000e+04
1.360000000000000000e+04 1.496400000000000000e+04
1.370000000000000000e+04 1.475100000000000000e+04
1.380000000000000000e+04 1.447700000000000000e+04
1.390000000000000000e+04 1.406500000000000000e+04
1.400000000000000000e+04 1.405300000000000000e+04
1.410000000000000000e+04 1.389400000000000000e+04
1.420000000000000000e+04 1.330900000000000000e+04
1.430000000000000000e+04 1.309100000000000000e+04
1.440000000000000000e+04 1.282000000000000000e+04
1.450000000000000000e+04 1.260800000000000000e+04
1.460000000000000000e+04 1.215900000000000000e+04
1.470000000000000000e+04 1.205800000000000000e+04
1.480000000000000000e+04 1.144900000000000000e+04
1.490000000000000000e+04 1.122100000000000000e+04
1.500000000000000000e+04 1.078800000000000000e+04
1.510000000000000000e+04 1.034700000000000000e+04
1.520000000000000000e+04 1.023400000000000000e+04
1.530000000000000000e+04 9.599000000000000000e+03
1.540000000000000000e+04 9.333000000000000000e+03
1.550000000000000000e+04 8.841000000000000000e+03
1.560000000000000000e+04 8.579000000000000000e+03
1.570000000000000000e+04 8.267000000000000000e+03
1.580000000000000000e+04 7.907000000000000000e+03
1.590000000000000000e+04 7.505000000000000000e+03
1.600000000000000000e+04 7.163000000000000000e+03
1.610000000000000000e+04 7.027000000000000000e+03
1.620000000000000000e+04 6.746000000000000000e+03
1.630000000000000000e+04 6.235000000000000000e+03
1.640000000000000000e+04 5.986000000000000000e+03
1.650000000000000000e+04 6.015000000000000000e+03
1.660000000000000000e+04 5.831000000000000000e+03
1.670000000000000000e+04 5.427000000000000000e+03
1.680000000000000000e+04 5.382000000000000000e+03
1.690000000000000000e+04 5.383000000000000000e+03
1.700000000000000000e+04 5.200000000000000000e+03
1.710000000000000000e+04 5.199000000000000000e+03
1.720000000000000000e+04 5.246000000000000000e+03
1.730000000000000000e+04 5.156000000000000000e+03
1.740000000000000000e+04 5.130000000000000000e+03
1.750000000000000000e+04 5.264000000000000000e+03
1.760000000000000000e+04 5.448000000000000000e+03
1.770000000000000000e+04 5.678000000000000000e+03
1.780000000000000000e+04 6.057000000000000000e+03
1.790000000000000000e+04 6.063000000000000000e+03
1.800000000000000000e+04 6.436000000000000000e+03
1.810000000000000000e+04 6.667000000000000000e+03
1.820000000000000000e+04 7.073000000000000000e+03
1.830000000000000000e+04 7.271000000000000000e+03
1.840000000000000000e+04 7.872000000000000000e+03
1.850000000000000000e+04 8.222000000000000000e+03
1.860000000000000000e+04 8.458000000000000000e+03
1.870000000000000000e+04 9.021000000000000000e+03
1.880000000000000000e+04 9.387000000000000000e+03
1.890000000000000000e+04 9.795000000000000000e+03
1.900000000000000000e+04 1.033200000000000000e+04
1.910000000000000000e+04 1.084600000000000000e+04
1.920000000000000000e+04 1.121600000000000000e+04
1.930000000000000000e+04 1.147700000000000000e+04
1.940000000000000000e+04 1.192100000000000000e+04
1.950000000000000000e+04 1.242400000000000000e+04
1.960000000000000000e+04 1.285500000000000000e+04
1.970000000000000000e+04 1.298700000000000000e+04
1.980000000000000000e+04 1.366000000000000000e+04
1.990000000000000000e+04 1.356000000000000000e+04
