0.000000000000000000e+00 9.967000000000000000e+03
5.000000000000000000e+01 1.029000000000000000e+04
1.000000000000000000e+02 1.039800000000000000e+04
1.500000000000000000e+02 1.060600000000000000e+04
2.000000000000000000e+02 1.074100000000000000e+04
2.500000000000000000e+02 1.097800000000000000e+04
3.000000000000000000e+02 1.123600000000000000e+04
3.500000000000000000e+02 1.123000000000000000e+04
4.000000000000000000e+02 1.142800000000000000e+04
4.500000000000000000e+02 1.150000000000000000e+04
5.000000000000000000e+02 1.168700000000000000e+04
5.500000000000000000e+02 1.187700000000000000e+04
6.000000000000000000e+02 1.183700000000000000e+04
6.500000000000000000e+02 1.173600000000000000e+04
7.000000000000000000e+02 1.184100000000000000e+04
7.500000000000000000e+02 1.201900000000000000e+04
8.000000000000000000e+02 1.207700000000000000e+04
8.500000000000000000e+02 1.223900000000000000e+04
9.000000000000000000e+02 1.209500000000000000e+04
9.500000000000000000e+02 1.208800000000000000e+04
1.000000000000000000e+03 1.201500000000000000e+04
1.050000000000000000e+03 1.203800000000000000e+04
1.100000000000000000e+03 1.201700000000000000e+04
1.150000000000000000e+03 1.209300000000000000e+04
1.200000000000000000e+03 1.198700000000000000e+04
1.250000000000000000e+03 1.200400000000000000e+04
1.300000000000000000e+03 1.209200000000000000e+04
1.350000000000000000e+03 1.189900000000000000e+04
1.400000000000000000e+03 1.190200000000000000e+04
1.450000000000000000e+03 1.187100000000000000e+04
1.500000000000000000e+03 1.177400000000000000e+04
1.550000000000000000e+03 1.172300000000000000e+04
1.600000000000000000e+03 1.146900000000000000e+04
1.650000000000000000e+03 1.157900000000000000e+04
1.700000000000000000e+03 1.146400000000000000e+04
1.750000000000000000e+03 1.118500000000000000e+04
1.800000000000000000e+03 1.115400000000000000e+04
1.850000000000000000e+03 1.097900000000000000e+04
1.900000000000000000e+03 1.106300000000000000e+04
1.950000000000000000e+03 1.062400000000000000e+04
2.000000000000000000e+03 1.038800000000000000e+04
2.050000000000000000e+03 1.034800000000000000e+04
2.100000000000000000e+03 1.013200000000000000e+04
2.150000000000000000e+03 9.750000000000000000e+03
2.200000000000000000e+03 9.863000000000000000e+03
2.250000000000000000e+03 9.368000000000000000e+03
2.300000000000000000e+03 9.272000000000000000e+03
2.350000000000000000e+03 9.030000000000000000e+03
2.400000000000000000e+03 8.771000000000000000e+03
2.450000000000000000e+03 8.584000000000000000e+03
2.500000000000000000e+03 8.198000000000000000e+03
2.550000000000000000e+03 7.908000000000000000e+03
2.600000000000000000e+03 7.680000000000000000e+03
2.650000000000000000e+03 7.483000000000000000e+03
2.700000000000000000e+03 7.259000000000000000e+03
2.750000000000000000e+03 6.962000000000000000e+03
2.800000000000000000e+03 6.683000000000000000e+03
2.850000000000000000e+03 6.372000000000000000e+03
2.900000000000000000e+03 6.015000000000000000e+03
2.950000000000000000e+03 5.942000000000000000e+03
3.000000000000000000e+03 5.686000000000000000e+03
3.050000000000000000e+03 5.620000000000000000e+03
3.100000000000000000e+03 5.403000000000000000e+03
3.150000000000000000e+03 5.086000000000000000e+03
3.200000000000000000e+03 4.973000000000000000e+03
3.250000000000000000e+03 4.755000000000000000e+03
3.300000000000000000e+03 4.660000000000000000e+03
3.350000000000000000e+03 4.608000000000000000e+03
3.400000000000000000e+03 4.270000000000000000e+03
3.450000000000000000e+03 4.338000000000000000e+03
3.500000000000000000e+03 4.172000000000000000e+03
3.550000000000000000e+03 4.127000000000000000e+03
3.600000000000000000e+03 4.089000000000000000e+03
3.650000000000000000e+03 4.051000000000000000e+03
3.700000000000000000e+03 4.044000000000000000e+03
3.750000000000000000e+03 4.059000000000000000e+03
3.800000000000000000e+03 4.066000000000000000e+03
3.850000000000000000e+03 4.073000000000000000e+03
3.900000000000000000e+03 4.216000000000000000e+03
3.950000000000000000e+03 4.358000000000000000e+03
4.000000000000000000e+03 4.518000000000000000e+03
4.050000000000000000e+03 4.800000000000000000e+03
4.100000000000000000e+03 4.929000000000000000e+03
4.150000000000000000e+03 5.096000000000000000e+03
4.200000000000000000e+03 5.374000000000000000e+03
4.250000000000000000e+03 5.634000000000000000e+03
4.300000000000000000e+03 5.977000000000000000e+03
4.350000000000000000e+03 6.275000000000000000e+03
4.400000000000000000e+03 6.603000000000000000e+03
4.450000000000000000e+03 6.756000000000000000e+03
4.500000000000000000e+03 7.048000000000000000e+03
4.550000000000000000e+03 7.371000000000000000e+03
4.600000000000000000e+03 7.951000000000000000e+03
4.650000000000000000e+03 7.942000000000000000e+03
4.700000000000000000e+03 8.550000000000000000e+03
4.750000000000000000e+03 8.716000000000000000e+03
4.800000000000000000e+03 8.842000000000000000e+03
4.850000000000000000e+03 9.240000000000000000e+03
4.900000000000000000e+03 9.579000000000000000e+03
4.950000000000000000e+03 9.469000000000000000e+03
5.000000000000000000e+03 9.994000000000000000e+03
5.050000000000000000e+03 1.024100000000000000e+04
5.100000000000000000e+03 1.048800000000000000e+04
5.150000000000000000e+03 1.065400000000000000e+04
5.200000000000000000e+03 1.080200000000000000e+04
5.250000000000000000e+03 1.086300000000000000e+04
5.300000000000000000e+03 1.112700000000000000e+04
5.350000000000000000e+03 1.122700000000000000e+04
5.400000000000000000e+03 1.146200000000000000e+04
5.450000000000000000e+03 1.148200000000000000e+04
5.500000000000000000e+03 1.150400000000000000e+04
5.550000000000000000e+03 1.189100000000000000e+04
5.600000000000000000e+03 1.187700000000000000e+04
5.650000000000000000e+03 1.176700000000000000e+04
5.700000000000000000e+03 1.194100000000000000e+04
5.750000000000000000e+03 1.201900000000000000e+04
5.800000000000000000e+03 1.207900000000000000e+04
5.850000000000000000e+03 1.201200000000000000e+04
5.900000000000000000e+03 1.218700000000000000e+04
5.950000000000000000e+03 1.203500000000000000e+04
6.000000000000000000e+03 1.206900000000000000e+04
6.050000000000000000e+03 1.223100000000000000e+04
6.100000000000000000e+03 1.212100000000000000e+04
6.150000000000000000e+03 1.205900000000000000e+04
6.200000000000000000e+03 1.220300000000000000e+04
6.250000000000000000e+03 1.202600000000000000e+04
6.300000000000000000e+03 1.185500000000000000e+04
6.350000000000000000e+03 1.223400000000000000e+04
6.400000000000000000e+03 1.186700000000000000e+04
6.450000000000000000e+03 1.205900000000000000e+04
6.500000000000000000e+03 1.168100000000000000e+04
6.550000000000000000e+03 1.160600000000000000e+04
6.600000000000000000e+03 1.154800000000000000e+04
6.650000000000000000e+03 1.142100000000000000e+04
6.700000000000000000e+03 1.137800000000000000e+04
6.750000000000000000e+03 1.117900000000000000e+04
6.800000000000000000e+03 1.105700000000000000e+04
6.850000000000000000e+03 1.098500000000000000e+04
6.900000000000000000e+03 1.085300000000000000e+04
6.950000000000000000e+03 1.059700000000000000e+04
7.000000000000000000e+03 1.052200000000000000e+04
7.050000000000000000e+03 1.027700000000000000e+04
7.100000000000000000e+03 1.015000000000000000e+04
7.150000000000000000e+03 1.005900000000000000e+04
7.200000000000000000e+03 9.763000000000000000e+03
7.250000000000000000e+03 9.603000000000000000e+03
7.300000000000000000e+03 9.300000000000000000e+03
7.350000000000000000e+03 9.003000000000000000e+03
7.400000000000000000e+03 8.735000000000000000e+03
7.450000000000000000e+03 8.658000000000000000e+03
7.500000000000000000e+03 8.214000000000000000e+03
7.550000000000000000e+03 8.001000000000000000e+03
7.600000000000000000e+03 7.755000000000000000e+03
7.650000000000000000e+03 7.325000000000000000e+03
7.700000000000000000e+03 7.269000000000000000e+03
7.750000000000000000e+03 7.016000000000000000e+03
7.800000000000000000e+03 6.643000000000000000e+03
7.850000000000000000e+03 6.496000000000000000e+03
7.900000000000000000e+03 6.314000000000000000e+03
7.950000000000000000e+03 6.106000000000000000e+03
8.000000000000000000e+03 5.725000000000000000e+03
8.050000000000000000e+03 5.590000000000000000e+03
8.100000000000000000e+03 5.350000000000000000e+03
8.150000000000000000e+03 5.063000000000000000e+03
8.200000000000000000e+03 4.871000000000000000e+03
8.250000000000000000e+03 4.727000000000000000e+03
8.300000000000000000e+03 4.637000000000000000e+03
8.350000000000000000e+03 4.484000000000000000e+03
8.400000000000000000e+03 4.422000000000000000e+03
8.450000000000000000e+03 4.291000000000000000e+03
8.500000000000000000e+03 4.098000000000000000e+03
8.550000000000000000e+03 4.038000000000000000e+03
8.600000000000000000e+03 4.056000000000000000e+03
8.650000000000000000e+03 4.089000000000000000e+03
8.700000000000000000e+03 4.045000000000000000e+03
8.750000000000000000e+03 4.001000000000000000e+03
8.800000000000000000e+03 4.096000000000000000e+03
8.850000000000000000e+03 4.221000000000000000e+03
8.900000000000000000e+03 4.233000000000000000e+03
8.950000000000000000e+03 4.412000000000000000e+03
9.000000000000000000e+03 4.485000000000000000e+03
9.050000000000000000e+03 4.709000000000000000e+03
9.100000000000000000e+03 4.898000000000000000e+03
9.150000000000000000e+03 5.109000000000000000e+03
9.200000000000000000e+03 5.277000000000000000e+03
9.250000000000000000e+03 5.512000000000000000e+03
9.300000000000000000e+03 5.772000000000000000e+03
9.350000000000000000e+03 6.237000000000000000e+03
9.400000000000000000e+03 6.464000000000000000e+03
9.450000000000000000e+03 6.894000000000000000e+03
9.500000000000000000e+03 7.086000000000000000e+03
9.550000000000000000e+03 7.258000000000000000e+03
9.600000000000000000e+03 7.749000000000000000e+03
9.650000000000000000e+03 8.070000000000000000e+03
9.700000000000000000e+03 8.366000000000000000e+03
9.750000000000000000e+03 8.561000000000000000e+03
9.800000000000000000e+03 8.993000000000000000e+03
9.850000000000000000e+03 9.311000000000000000e+03
9.900000000000000000e+03 9.421000000000000000e+03
9.950000000000000000e+03 9.817000000000000000e+03
