0.000000000000000000e+00 9.123000000000000000e+03
3.333000000000000000e+03 9.345000000000000000e+03
6.666000000000000000e+03 9.332000000000000000e+03
9.999000000000000000e+03 9.594000000000000000e+03
1.333200000000000000e+04 9.656000000000000000e+03
1.666500000000000000e+04 9.964000000000000000e+03
1.999800000000000000e+04 9.994000000000000000e+03
2.333100000000000000e+04 1.001000000000000000e+04
2.666400000000000000e+04 9.788000000000000000e+03
2.999700000000000000e+04 1.021000000000000000e+04
3.333000000000000000e+04 1.024800000000000000e+04
3.666300000000000000e+04 1.027900000000000000e+04
3.999600000000000000e+04 1.027300000000000000e+04
4.332900000000000000e+04 1.037500000000000000e+04
4.666200000000000000e+04 1.023700000000000000e+04
4.999500000000000000e+04 1.041500000000000000e+04
5.332800000000000000e+04 1.047600000000000000e+04
5.666100000000000000e+04 1.036200000000000000e+04
5.999400000000000000e+04 1.031600000000000000e+04
6.332700000000000000e+04 1.045000000000000000e+04
6.666000000000000000e+04 1.058000000000000000e+04
6.999300000000000000e+04 1.059400000000000000e+04
7.332600000000000000e+04 1.042800000000000000e+04
7.665900000000000000e+04 1.048800000000000000e+04
7.999200000000000000e+04 1.026000000000000000e+04
8.332500000000000000e+04 1.029300000000000000e+04
8.665800000000000000e+04 1.016400000000000000e+04
8.999100000000000000e+04 1.005000000000000000e+04
9.332400000000000000e+04 1.019200000000000000e+04
9.665700000000000000e+04 1.019900000000000000e+04
9.999000000000000000e+04 1.009900000000000000e+04
1.033230000000000000e+05 9.829000000000000000e+03
1.066560000000000000e+05 9.882000000000000000e+03
1.099890000000000000e+05 9.778000000000000000e+03
1.133220000000000000e+05 9.688000000000000000e+03
1.166550000000000000e+05 9.657000000000000000e+03
1.199880000000000000e+05 9.449000000000000000e+03
1.233210000000000000e+05 9.123000000000000000e+03
1.266540000000000000e+05 8.897000000000000000e+03
1.299870000000000000e+05 8.906000000000000000e+03
1.333200000000000000e+05 8.866000000000000000e+03
1.366530000000000000e+05 8.643000000000000000e+03
1.399860000000000000e+05 8.505000000000000000e+03
1.433190000000000000e+05 8.209000000000000000e+03
1.466520000000000000e+05 8.074000000000000000e+03
1.499850000000000000e+05 7.878000000000000000e+03
1.533180000000000000e+05 7.609000000000000000e+03
1.566510000000000000e+05 7.237000000000000000e+03
1.599840000000000000e+05 7.060000000000000000e+03
1.633170000000000000e+05 6.744000000000000000e+03
1.666500000000000000e+05 6.683000000000000000e+03
1.699830000000000000e+05 6.346000000000000000e+03
1.733160000000000000e+05 6.058000000000000000e+03
1.766490000000000000e+05 5.802000000000000000e+03
1.799820000000000000e+05 5.666000000000000000e+03
1.833150000000000000e+05 5.247000000000000000e+03
1.866480000000000000e+05 5.153000000000000000e+03
1.899810000000000000e+05 4.766000000000000000e+03
1.933140000000000000e+05 4.378000000000000000e+03
1.966470000000000000e+05 4.487000000000000000e+03
1.999800000000000000e+05 4.206000000000000000e+03
2.033130000000000000e+05 3.962000000000000000e+03
2.066460000000000000e+05 3.838000000000000000e+03
2.099790000000000000e+05 3.576000000000000000e+03
2.133120000000000000e+05 3.622000000000000000e+03
2.166450000000000000e+05 3.502000000000000000e+03
2.199780000000000000e+05 3.344000000000000000e+03
2.233110000000000000e+05 3.283000000000000000e+03
2.266440000000000000e+05 3.262000000000000000e+03
2.299770000000000000e+05 3.214000000000000000e+03
2.333100000000000000e+05 3.205000000000000000e+03
2.366430000000000000e+05 3.376000000000000000e+03
2.399760000000000000e+05 3.298000000000000000e+03
2.433090000000000000e+05 3.263000000000000000e+03
2.466420000000000000e+05 3.462000000000000000e+03
2.499750000000000000e+05 3.741000000000000000e+03
2.533080000000000000e+05 3.786000000000000000e+03
2.566410000000000000e+05 3.929000000000000000e+03
2.599740000000000000e+05 3.951000000000000000e+03
2.633070000000000000e+05 4.447000000000000000e+03
2.666400000000000000e+05 4.582000000000000000e+03
2.699730000000000000e+05 4.815000000000000000e+03
2.733060000000000000e+05 4.992000000000000000e+03
2.766390000000000000e+05 5.236000000000000000e+03
2.799720000000000000e+05 5.501000000000000000e+03
2.833050000000000000e+05 5.822000000000000000e+03
2.866380000000000000e+05 5.973000000000000000e+03
2.899710000000000000e+05 6.212000000000000000e+03
2.933040000000000000e+05 6.590000000000000000e+03
2.966370000000000000e+05 6.875000000000000000e+03
2.999700000000000000e+05 7.200000000000000000e+03
3.033030000000000000e+05 7.349000000000000000e+03
3.066360000000000000e+05 7.432000000000000000e+03
3.099690000000000000e+05 7.867000000000000000e+03
3.133020000000000000e+05 7.998000000000000000e+03
3.166350000000000000e+05 8.259000000000000000e+03
3.199680000000000000e+05 8.432000000000000000e+03
3.233010000000000000e+05 8.500000000000000000e+03
3.266340000000000000e+05 8.859000000000000000e+03
3.299670000000000000e+05 9.076000000000000000e+03
3.333000000000000000e+05 9.256000000000000000e+03
3.366330000000000000e+05 9.346000000000000000e+03
3.399660000000000000e+05 9.381000000000000000e+03
3.432990000000000000e+05 9.665000000000000000e+03
3.466320000000000000e+05 9.548000000000000000e+03
3.499650000000000000e+05 9.877000000000000000e+03
3.532980000000000000e+05 9.894000000000000000e+03
3.566310000000000000e+05 1.004600000000000000e+04
3.599640000000000000e+05 9.925000000000000000e+03
3.632970000000000000e+05 9.977000000000000000e+03
3.666300000000000000e+05 1.020900000000000000e+04
3.699630000000000000e+05 1.017200000000000000e+04
3.732960000000000000e+05 1.003900000000000000e+04
3.766290000000000000e+05 1.015100000000000000e+04
3.799620000000000000e+05 1.011400000000000000e+04
3.832950000000000000e+05 1.034700000000000000e+04
3.866280000000000000e+05 1.027500000000000000e+04
3.899610000000000000e+05 1.014300000000000000e+04
3.932940000000000000e+05 1.021600000000000000e+04
3.966270000000000000e+05 1.009000000000000000e+04
3.999600000000000000e+05 1.024300000000000000e+04
4.032930000000000000e+05 1.031100000000000000e+04
4.066260000000000000e+05 1.019800000000000000e+04
4.099590000000000000e+05 1.009800000000000000e+04
4.132920000000000000e+05 1.024500000000000000e+04
4.166250000000000000e+05 1.020900000000000000e+04
4.199580000000000000e+05 1.021000000000000000e+04
4.232910000000000000e+05 1.004600000000000000e+04
4.266240000000000000e+05 9.934000000000000000e+03
4.299570000000000000e+05 1.003500000000000000e+04
4.332900000000000000e+05 9.820000000000000000e+03
4.366230000000000000e+05 9.929000000000000000e+03
4.399560000000000000e+05 9.686000000000000000e+03
4.432890000000000000e+05 9.569000000000000000e+03
4.466220000000000000e+05 9.531000000000000000e+03
4.499550000000000000e+05 9.402000000000000000e+03
4.532880000000000000e+05 9.266000000000000000e+03
4.566210000000000000e+05 9.069000000000000000e+03
4.599540000000000000e+05 9.109000000000000000e+03
4.632870000000000000e+05 8.767000000000000000e+03
4.666200000000000000e+05 8.588000000000000000e+03
4.699530000000000000e+05 8.383000000000000000e+03
4.732860000000000000e+05 8.232000000000000000e+03
4.766190000000000000e+05 8.072000000000000000e+03
4.799520000000000000e+05 7.747000000000000000e+03
4.832850000000000000e+05 7.793000000000000000e+03
4.866180000000000000e+05 7.359000000000000000e+03
4.899510000000000000e+05 7.051000000000000000e+03
4.932840000000000000e+05 6.917000000000000000e+03
4.966170000000000000e+05 6.599000000000000000e+03
4.999500000000000000e+05 6.611000000000000000e+03
5.032830000000000000e+05 6.225000000000000000e+03
5.066160000000000000e+05 5.883000000000000000e+03
5.099490000000000000e+05 5.674000000000000000e+03
5.132820000000000000e+05 5.459000000000000000e+03
5.166150000000000000e+05 5.199000000000000000e+03
5.199480000000000000e+05 4.861000000000000000e+03
5.232810000000000000e+05 4.786000000000000000e+03
5.266140000000000000e+05 4.546000000000000000e+03
5.299470000000000000e+05 4.300000000000000000e+03
5.332800000000000000e+05 4.142000000000000000e+03
5.366130000000000000e+05 3.935000000000000000e+03
5.399460000000000000e+05 3.746000000000000000e+03
5.432790000000000000e+05 3.634000000000000000e+03
5.466120000000000000e+05 3.457000000000000000e+03
5.499450000000000000e+05 3.412000000000000000e+03
5.532780000000000000e+05 3.311000000000000000e+03
5.566110000000000000e+05 3.359000000000000000e+03
5.599440000000000000e+05 3.339000000000000000e+03
5.632770000000000000e+05 3.165000000000000000e+03
5.666100000000000000e+05 3.331000000000000000e+03
5.699430000000000000e+05 3.145000000000000000e+03
5.732760000000000000e+05 3.332000000000000000e+03
5.766090000000000000e+05 3.434000000000000000e+03
5.799420000000000000e+05 3.506000000000000000e+03
5.832750000000000000e+05 3.613000000000000000e+03
5.866080000000000000e+05 3.741000000000000000e+03
5.899410000000000000e+05 3.829000000000000000e+03
5.932740000000000000e+05 4.139000000000000000e+03
5.966070000000000000e+05 4.297000000000000000e+03
5.999400000000000000e+05 4.368000000000000000e+03
6.032730000000000000e+05 4.710000000000000000e+03
6.066060000000000000e+05 4.825000000000000000e+03
6.099390000000000000e+05 5.153000000000000000e+03
6.132720000000000000e+05 5.463000000000000000e+03
6.166050000000000000e+05 5.740000000000000000e+03
6.199380000000000000e+05 6.023000000000000000e+03
6.232710000000000000e+05 6.288000000000000000e+03
6.266040000000000000e+05 6.369000000000000000e+03
6.299370000000000000e+05 6.800000000000000000e+03
6.332700000000000000e+05 7.210000000000000000e+03
6.366030000000000000e+05 7.229000000000000000e+03
6.399360000000000000e+05 7.294000000000000000e+03
6.432690000000000000e+05 7.860000000000000000e+03
6.466020000000000000e+05 8.095000000000000000e+03
6.499350000000000000e+05 8.356000000000000000e+03
6.532680000000000000e+05 8.383000000000000000e+03
6.566010000000000000e+05 8.582000000000000000e+03
6.599340000000000000e+05 8.770000000000000000e+03
6.632670000000000000e+05 8.939000000000000000e+03
