0.000000000000000000e+00 1.074600000000000000e+04
1.000000000000000000e+03 1.102900000000000000e+04
2.000000000000000000e+03 1.115400000000000000e+04
3.000000000000000000e+03 1.151000000000000000e+04
4.000000000000000000e+03 1.158400000000000000e+04
5.000000000000000000e+03 1.161300000000000000e+04
6.000000000000000000e+03 1.159100000000000000e+04
7.000000000000000000e+03 1.172600000000000000e+04
8.000000000000000000e+03 1.198100000000000000e+04
9.000000000000000000e+03 1.209300000000000000e+04
1.000000000000000000e+04 1.215400000000000000e+04
1.100000000000000000e+04 1.203900000000000000e+04
1.200000000000000000e+04 1.216800000000000000e+04
1.300000000000000000e+04 1.226400000000000000e+04
1.400000000000000000e+04 1.229600000000000000e+04
1.500000000000000000e+04 1.229400000000000000e+04
1.600000000000000000e+04 1.229200000000000000e+04
1.700000000000000000e+04 1.232200000000000000e+04
1.800000000000000000e+04 1.244000000000000000e+04
1.900000000000000000e+04 1.217600000000000000e+04
2.000000000000000000e+04 1.247400000000000000e+04
2.100000000000000000e+04 1.250100000000000000e+04
2.200000000000000000e+04 1.227500000000000000e+04
2.300000000000000000e+04 1.216500000000000000e+04
2.400000000000000000e+04 1.231200000000000000e+04
2.500000000000000000e+04 1.254500000000000000e+04
2.600000000000000000e+04 1.232800000000000000e+04
2.700000000000000000e+04 1.212700000000000000e+04
2.800000000000000000e+04 1.196600000000000000e+04
2.900000000000000000e+04 1.176900000000000000e+04
3.000000000000000000e+04 1.203900000000000000e+04
3.100000000000000000e+04 1.196600000000000000e+04
3.200000000000000000e+04 1.182100000000000000e+04
3.300000000000000000e+04 1.176100000000000000e+04
3.400000000000000000e+04 1.128200000000000000e+04
3.500000000000000000e+04 1.136500000000000000e+04
3.600000000000000000e+04 1.121300000000000000e+04
3.700000000000000000e+04 1.115500000000000000e+04
3.800000000000000000e+04 1.106700000000000000e+04
3.900000000000000000e+04 1.088600000000000000e+04
4.000000000000000000e+04 1.053300000000000000e+04
4.100000000000000000e+04 1.031100000000000000e+04
4.200000000000000000e+04 1.048500000000000000e+04
4.300000000000000000e+04 9.989000000000000000e+03
4.400000000000000000e+04 9.834000000000000000e+03
4.500000000000000000e+04 9.408000000000000000e+03
4.600000000000000000e+04 9.195000000000000000e+03
4.700000000000000000e+04 8.863000000000000000e+03
4.800000000000000000e+04 8.909000000000000000e+03
4.900000000000000000e+04 8.546000000000000000e+03
5.000000000000000000e+04 8.135000000000000000e+03
5.100000000000000000e+04 8.022000000000000000e+03
5.200000000000000000e+04 7.559000000000000000e+03
5.300000000000000000e+04 7.469000000000000000e+03
5.400000000000000000e+04 7.211000000000000000e+03
5.500000000000000000e+04 6.897000000000000000e+03
5.600000000000000000e+04 6.690000000000000000e+03
5.700000000000000000e+04 6.290000000000000000e+03
5.800000000000000000e+04 5.949000000000000000e+03
5.900000000000000000e+04 5.920000000000000000e+03
6.000000000000000000e+04 5.657000000000000000e+03
6.100000000000000000e+04 5.515000000000000000e+03
6.200000000000000000e+04 5.139000000000000000e+03
6.300000000000000000e+04 4.925000000000000000e+03
6.400000000000000000e+04 4.846000000000000000e+03
6.500000000000000000e+04 4.765000000000000000e+03
6.600000000000000000e+04 4.655000000000000000e+03
6.700000000000000000e+04 4.425000000000000000e+03
6.800000000000000000e+04 4.472000000000000000e+03
6.900000000000000000e+04 4.587000000000000000e+03
7.000000000000000000e+04 4.434000000000000000e+03
7.100000000000000000e+04 4.566000000000000000e+03
7.200000000000000000e+04 4.622000000000000000e+03
7.300000000000000000e+04 4.806000000000000000e+03
7.400000000000000000e+04 4.774000000000000000e+03
7.500000000000000000e+04 4.991000000000000000e+03
7.600000000000000000e+04 5.080000000000000000e+03
7.700000000000000000e+04 5.269000000000000000e+03
7.800000000000000000e+04 5.451000000000000000e+03
7.900000000000000000e+04 5.741000000000000000e+03
8.000000000000000000e+04 5.828000000000000000e+03
8.100000000000000000e+04 6.241000000000000000e+03
8.200000000000000000e+04 6.500000000000000000e+03
8.300000000000000000e+04 6.702000000000000000e+03
8.400000000000000000e+04 6.845000000000000000e+03
8.500000000000000000e+04 7.169000000000000000e+03
8.600000000000000000e+04 7.686000000000000000e+03
8.700000000000000000e+04 7.888000000000000000e+03
8.800000000000000000e+04 8.090000000000000000e+03
8.900000000000000000e+04 8.388000000000000000e+03
9.000000000000000000e+04 8.595000000000000000e+03
9.100000000000000000e+04 8.898000000000000000e+03
9.200000000000000000e+04 9.213000000000000000e+03
9.300000000000000000e+04 9.596000000000000000e+03
9.400000000000000000e+04 9.726000000000000000e+03
9.500000000000000000e+04 9.737000000000000000e+03
9.600000000000000000e+04 1.017300000000000000e+04
9.700000000000000000e+04 1.036300000000000000e+04
9.800000000000000000e+04 1.064600000000000000e+04
9.900000000000000000e+04 1.066400000000000000e+04
1.000000000000000000e+05 1.079000000000000000e+04
1.010000000000000000e+05 1.098400000000000000e+04
1.020000000000000000e+05 1.122600000000000000e+04
1.030000000000000000e+05 1.131700000000000000e+04
1.040000000000000000e+05 1.168800000000000000e+04
1.050000000000000000e+05 1.169300000000000000e+04
1.060000000000000000e+05 1.164000000000000000e+04
1.070000000000000000e+05 1.159700000000000000e+04
1.080000000000000000e+05 1.195800000000000000e+04
1.090000000000000000e+05 1.225000000000000000e+04
1.100000000000000000e+05 1.217300000000000000e+04
1.110000000000000000e+05 1.220900000000000000e+04
1.120000000000000000e+05 1.202100000000000000e+04
1.130000000000000000e+05 1.220300000000000000e+04
1.140000000000000000e+05 1.224700000000000000e+04
1.150000000000000000e+05 1.201200000000000000e+04
1.160000000000000000e+05 1.234100000000000000e+04
1.170000000000000000e+05 1.214300000000000000e+04
1.180000000000000000e+05 1.206200000000000000e+04
1.190000000000000000e+05 1.223900000000000000e+04
1.200000000000000000e+05 1.260700000000000000e+04
1.210000000000000000e+05 1.229600000000000000e+04
1.220000000000000000e+05 1.232600000000000000e+04
1.230000000000000000e+05 1.214600000000000000e+04
1.240000000000000000e+05 1.224200000000000000e+04
1.250000000000000000e+05 1.223600000000000000e+04
1.260000000000000000e+05 1.218100000000000000e+04
1.270000000000000000e+05 1.211800000000000000e+04
1.280000000000000000e+05 1.195300000000000000e+04
1.290000000000000000e+05 1.197400000000000000e+04
1.300000000000000000e+05 1.208900000000000000e+04
1.310000000000000000e+05 1.168300000000000000e+04
1.320000000000000000e+05 1.185500000000000000e+04
1.330000000000000000e+05 1.145300000000000000e+04
1.340000000000000000e+05 1.138300000000000000e+04
1.350000000000000000e+05 1.145600000000000000e+04
1.360000000000000000e+05 1.107200000000000000e+04
1.370000000000000000e+05 1.111000000000000000e+04
1.380000000000000000e+05 1.098900000000000000e+04
1.390000000000000000e+05 1.078100000000000000e+04
1.400000000000000000e+05 1.050500000000000000e+04
1.410000000000000000e+05 1.033900000000000000e+04
1.420000000000000000e+05 1.042000000000000000e+04
1.430000000000000000e+05 9.947000000000000000e+03
1.440000000000000000e+05 9.663000000000000000e+03
1.450000000000000000e+05 9.639000000000000000e+03
1.460000000000000000e+05 9.106000000000000000e+03
1.470000000000000000e+05 8.958000000000000000e+03
1.480000000000000000e+05 8.699000000000000000e+03
1.490000000000000000e+05 8.472000000000000000e+03
1.500000000000000000e+05 8.255000000000000000e+03
1.510000000000000000e+05 7.925000000000000000e+03
1.520000000000000000e+05 7.704000000000000000e+03
1.530000000000000000e+05 7.489000000000000000e+03
1.540000000000000000e+05 7.097000000000000000e+03
1.550000000000000000e+05 6.778000000000000000e+03
1.560000000000000000e+05 6.588000000000000000e+03
1.570000000000000000e+05 6.368000000000000000e+03
1.580000000000000000e+05 6.246000000000000000e+03
1.590000000000000000e+05 5.868000000000000000e+03
1.600000000000000000e+05 5.672000000000000000e+03
1.610000000000000000e+05 5.291000000000000000e+03
1.620000000000000000e+05 5.215000000000000000e+03
1.630000000000000000e+05 5.138000000000000000e+03
1.640000000000000000e+05 4.868000000000000000e+03
1.650000000000000000e+05 4.758000000000000000e+03
1.660000000000000000e+05 4.698000000000000000e+03
1.670000000000000000e+05 4.534000000000000000e+03
1.680000000000000000e+05 4.632000000000000000e+03
1.690000000000000000e+05 4.679000000000000000e+03
1.700000000000000000e+05 4.530000000000000000e+03
1.710000000000000000e+05 4.508000000000000000e+03
1.720000000000000000e+05 4.624000000000000000e+03
1.730000000000000000e+05 4.578000000000000000e+03
1.740000000000000000e+05 4.834000000000000000e+03
1.750000000000000000e+05 4.967000000000000000e+03
1.760000000000000000e+05 4.983000000000000000e+03
1.770000000000000000e+05 5.188000000000000000e+03
1.780000000000000000e+05 5.544000000000000000e+03
1.790000000000000000e+05 5.758000000000000000e+03
1.800000000000000000e+05 5.847000000000000000e+03
1.810000000000000000e+05 6.301000000000000000e+03
1.820000000000000000e+05 6.470000000000000000e+03
1.830000000000000000e+05 6.736000000000000000e+03
1.840000000000000000e+05 7.001000000000000000e+03
1.850000000000000000e+05 7.208000000000000000e+03
1.860000000000000000e+05 7.639000000000000000e+03
1.870000000000000000e+05 7.971000000000000000e+03
1.880000000000000000e+05 8.103000000000000000e+03
1.890000000000000000e+05 8.366000000000000000e+03
1.900000000000000000e+05 8.636000000000000000e+03
1.910000000000000000e+05 8.913000000000000000e+03
1.920000000000000000e+05 9.277000000000000000e+03
1.930000000000000000e+05 9.735000000000000000e+03
1.940000000000000000e+05 9.735000000000000000e+03
1.950000000000000000e+05 1.002400000000000000e+04
1.960000000000000000e+05 1.011400000000000000e+04
1.970000000000000000e+05 1.045300000000000000e+04
1.980000000000000000e+05 1.062100000000000000e+04
1.990000000000000000e+05 1.063700000000000000e+04
