0.000000000000000000e+00 2.944500000000000000e+04
1.000000000000000000e+04 3.079800000000000000e+04
2.000000000000000000e+04 3.098600000000000000e+04
3.000000000000000000e+04 3.060300000000000000e+04
4.000000000000000000e+04 3.118000000000000000e+04
5.000000000000000000e+04 3.169100000000000000e+04
6.000000000000000000e+04 3.200400000000000000e+04
7.000000000000000000e+04 3.191100000000000000e+04
8.000000000000000000e+04 3.208700000000000000e+04
9.000000000000000000e+04 3.253900000000000000e+04
1.000000000000000000e+05 3.270000000000000000e+04
1.100000000000000000e+05 3.288400000000000000e+04
1.200000000000000000e+05 3.273900000000000000e+04
1.300000000000000000e+05 3.278400000000000000e+04
1.400000000000000000e+05 3.306200000000000000e+04
1.500000000000000000e+05 3.318400000000000000e+04
1.600000000000000000e+05 3.325600000000000000e+04
1.700000000000000000e+05 3.372700000000000000e+04
1.800000000000000000e+05 3.322300000000000000e+04
1.900000000000000000e+05 3.282100000000000000e+04
2.000000000000000000e+05 3.298700000000000000e+04
2.100000000000000000e+05 3.350700000000000000e+04
2.200000000000000000e+05 3.312300000000000000e+04
2.300000000000000000e+05 3.296700000000000000e+04
2.400000000000000000e+05 3.318600000000000000e+04
2.500000000000000000e+05 3.310300000000000000e+04
2.600000000000000000e+05 3.325100000000000000e+04
2.700000000000000000e+05 3.253000000000000000e+04
2.800000000000000000e+05 3.232300000000000000e+04
2.900000000000000000e+05 3.215300000000000000e+04
3.000000000000000000e+05 3.157300000000000000e+04
3.100000000000000000e+05 3.196900000000000000e+04
3.200000000000000000e+05 3.101600000000000000e+04
3.300000000000000000e+05 3.087400000000000000e+04
3.400000000000000000e+05 3.053900000000000000e+04
3.500000000000000000e+05 3.031000000000000000e+04
3.600000000000000000e+05 2.979600000000000000e+04
3.700000000000000000e+05 2.944800000000000000e+04
3.800000000000000000e+05 2.901700000000000000e+04
3.900000000000000000e+05 2.858200000000000000e+04
4.000000000000000000e+05 2.788100000000000000e+04
4.100000000000000000e+05 2.761700000000000000e+04
4.200000000000000000e+05 2.674600000000000000e+04
4.300000000000000000e+05 2.655200000000000000e+04
4.400000000000000000e+05 2.577300000000000000e+04
4.500000000000000000e+05 2.567500000000000000e+04
4.600000000000000000e+05 2.444300000000000000e+04
4.700000000000000000e+05 2.389700000000000000e+04
4.800000000000000000e+05 2.317700000000000000e+04
4.900000000000000000e+05 2.245100000000000000e+04
5.000000000000000000e+05 2.177200000000000000e+04
5.100000000000000000e+05 2.094400000000000000e+04
5.200000000000000000e+05 2.003400000000000000e+04
5.300000000000000000e+05 1.966200000000000000e+04
5.400000000000000000e+05 1.856000000000000000e+04
5.500000000000000000e+05 1.781900000000000000e+04
5.600000000000000000e+05 1.714800000000000000e+04
5.700000000000000000e+05 1.619500000000000000e+04
5.800000000000000000e+05 1.574500000000000000e+04
5.900000000000000000e+05 1.514600000000000000e+04
6.000000000000000000e+05 1.428400000000000000e+04
6.100000000000000000e+05 1.368900000000000000e+04
6.200000000000000000e+05 1.313800000000000000e+04
6.300000000000000000e+05 1.277900000000000000e+04
6.400000000000000000e+05 1.251500000000000000e+04
6.500000000000000000e+05 1.200100000000000000e+04
6.600000000000000000e+05 1.178400000000000000e+04
6.700000000000000000e+05 1.165800000000000000e+04
6.800000000000000000e+05 1.161200000000000000e+04
6.900000000000000000e+05 1.141300000000000000e+04
7.000000000000000000e+05 1.144200000000000000e+04
7.100000000000000000e+05 1.169200000000000000e+04
7.200000000000000000e+05 1.175600000000000000e+04
7.300000000000000000e+05 1.205800000000000000e+04
7.400000000000000000e+05 1.223500000000000000e+04
7.500000000000000000e+05 1.274500000000000000e+04
7.600000000000000000e+05 1.333000000000000000e+04
7.700000000000000000e+05 1.339100000000000000e+04
7.800000000000000000e+05 1.432700000000000000e+04
7.900000000000000000e+05 1.491900000000000000e+04
8.000000000000000000e+05 1.524900000000000000e+04
8.100000000000000000e+05 1.596400000000000000e+04
8.200000000000000000e+05 1.649900000000000000e+04
8.300000000000000000e+05 1.768300000000000000e+04
8.400000000000000000e+05 1.832500000000000000e+04
8.500000000000000000e+05 1.906500000000000000e+04
8.600000000000000000e+05 1.975700000000000000e+04
8.700000000000000000e+05 2.071200000000000000e+04
8.800000000000000000e+05 2.161900000000000000e+04
8.900000000000000000e+05 2.232100000000000000e+04
9.000000000000000000e+05 2.276000000000000000e+04
9.100000000000000000e+05 2.335700000000000000e+04
9.200000000000000000e+05 2.401400000000000000e+04
9.300000000000000000e+05 2.510400000000000000e+04
9.400000000000000000e+05 2.566100000000000000e+04
9.500000000000000000e+05 2.618900000000000000e+04
9.600000000000000000e+05 2.682300000000000000e+04
9.700000000000000000e+05 2.731100000000000000e+04
9.800000000000000000e+05 2.800300000000000000e+04
9.900000000000000000e+05 2.863200000000000000e+04
1.000000000000000000e+06 2.892700000000000000e+04
1.010000000000000000e+06 2.921400000000000000e+04
1.020000000000000000e+06 2.966800000000000000e+04
1.030000000000000000e+06 3.027800000000000000e+04
1.040000000000000000e+06 3.022500000000000000e+04
1.050000000000000000e+06 3.037300000000000000e+04
1.060000000000000000e+06 3.094700000000000000e+04
1.070000000000000000e+06 3.108400000000000000e+04
1.080000000000000000e+06 3.162700000000000000e+04
1.090000000000000000e+06 3.158500000000000000e+04
1.100000000000000000e+06 3.190300000000000000e+04
1.110000000000000000e+06 3.228800000000000000e+04
1.120000000000000000e+06 3.207600000000000000e+04
1.130000000000000000e+06 3.238000000000000000e+04
1.140000000000000000e+06 3.242200000000000000e+04
1.150000000000000000e+06 3.256300000000000000e+04
1.160000000000000000e+06 3.299600000000000000e+04
1.170000000000000000e+06 3.280100000000000000e+04
1.180000000000000000e+06 3.287600000000000000e+04
1.190000000000000000e+06 3.284000000000000000e+04
1.200000000000000000e+06 3.279000000000000000e+04
1.210000000000000000e+06 3.256100000000000000e+04
1.220000000000000000e+06 3.268300000000000000e+04
1.230000000000000000e+06 3.270700000000000000e+04
1.240000000000000000e+06 3.255000000000000000e+04
1.250000000000000000e+06 3.286500000000000000e+04
1.260000000000000000e+06 3.250400000000000000e+04
1.270000000000000000e+06 3.228100000000000000e+04
1.280000000000000000e+06 3.226300000000000000e+04
1.290000000000000000e+06 3.209500000000000000e+04
1.300000000000000000e+06 3.179800000000000000e+04
1.310000000000000000e+06 3.177800000000000000e+04
1.320000000000000000e+06 3.152500000000000000e+04
1.330000000000000000e+06 3.148300000000000000e+04
1.340000000000000000e+06 3.034500000000000000e+04
1.350000000000000000e+06 3.044700000000000000e+04
1.360000000000000000e+06 2.994300000000000000e+04
1.370000000000000000e+06 2.970100000000000000e+04
1.380000000000000000e+06 2.907000000000000000e+04
1.390000000000000000e+06 2.886400000000000000e+04
1.400000000000000000e+06 2.816400000000000000e+04
1.410000000000000000e+06 2.785500000000000000e+04
1.420000000000000000e+06 2.705700000000000000e+04
1.430000000000000000e+06 2.629300000000000000e+04
1.440000000000000000e+06 2.600000000000000000e+04
1.450000000000000000e+06 2.515900000000000000e+04
1.460000000000000000e+06 2.461700000000000000e+04
1.470000000000000000e+06 2.357400000000000000e+04
1.480000000000000000e+06 2.327900000000000000e+04
1.490000000000000000e+06 2.206400000000000000e+04
1.500000000000000000e+06 2.196600000000000000e+04
1.510000000000000000e+06 2.109700000000000000e+04
1.520000000000000000e+06 2.025700000000000000e+04
1.530000000000000000e+06 1.938900000000000000e+04
1.540000000000000000e+06 1.865500000000000000e+04
1.550000000000000000e+06 1.812600000000000000e+04
1.560000000000000000e+06 1.716600000000000000e+04
1.570000000000000000e+06 1.644500000000000000e+04
1.580000000000000000e+06 1.600700000000000000e+04
1.590000000000000000e+06 1.492000000000000000e+04
1.600000000000000000e+06 1.425500000000000000e+04
1.610000000000000000e+06 1.377200000000000000e+04
1.620000000000000000e+06 1.333000000000000000e+04
1.630000000000000000e+06 1.292500000000000000e+04
1.640000000000000000e+06 1.248700000000000000e+04
1.650000000000000000e+06 1.211800000000000000e+04
1.660000000000000000e+06 1.180600000000000000e+04
1.670000000000000000e+06 1.141800000000000000e+04
1.680000000000000000e+06 1.130900000000000000e+04
1.690000000000000000e+06 1.152600000000000000e+04
1.700000000000000000e+06 1.149400000000000000e+04
1.710000000000000000e+06 1.154700000000000000e+04
1.720000000000000000e+06 1.155200000000000000e+04
1.730000000000000000e+06 1.192400000000000000e+04
1.740000000000000000e+06 1.212600000000000000e+04
1.750000000000000000e+06 1.267600000000000000e+04
1.760000000000000000e+06 1.308500000000000000e+04
1.770000000000000000e+06 1.344200000000000000e+04
1.780000000000000000e+06 1.419700000000000000e+04
1.790000000000000000e+06 1.464300000000000000e+04
1.800000000000000000e+06 1.530300000000000000e+04
1.810000000000000000e+06 1.595200000000000000e+04
1.820000000000000000e+06 1.691500000000000000e+04
1.830000000000000000e+06 1.771700000000000000e+04
1.840000000000000000e+06 1.822700000000000000e+04
1.850000000000000000e+06 1.913900000000000000e+04
1.860000000000000000e+06 1.988600000000000000e+04
1.870000000000000000e+06 2.065400000000000000e+04
1.880000000000000000e+06 2.152600000000000000e+04
1.890000000000000000e+06 2.193300000000000000e+04
1.900000000000000000e+06 2.286800000000000000e+04
1.910000000000000000e+06 2.347900000000000000e+04
1.920000000000000000e+06 2.408200000000000000e+04
1.930000000000000000e+06 2.481500000000000000e+04
1.940000000000000000e+06 2.574000000000000000e+04
1.950000000000000000e+06 2.635800000000000000e+04
1.960000000000000000e+06 2.682500000000000000e+04
1.970000000000000000e+06 2.737700000000000000e+04
1.980000000000000000e+06 2.788700000000000000e+04
1.990000000000000000e+06 2.848400000000000000e+04
