0.000000000000000000e+00 1.611000000000000000e+04
2.000000000000000000e+03 1.638800000000000000e+04
4.000000000000000000e+03 1.626600000000000000e+04
6.000000000000000000e+03 1.681200000000000000e+04
8.000000000000000000e+03 1.676200000000000000e+04
1.000000000000000000e+04 1.706800000000000000e+04
1.200000000000000000e+04 1.727200000000000000e+04
1.400000000000000000e+04 1.758300000000000000e+04
1.600000000000000000e+04 1.753000000000000000e+04
1.800000000000000000e+04 1.752300000000000000e+04
2.000000000000000000e+04 1.761700000000000000e+04
2.200000000000000000e+04 1.770400000000000000e+04
2.400000000000000000e+04 1.801100000000000000e+04
2.600000000000000000e+04 1.815700000000000000e+04
2.800000000000000000e+04 1.834600000000000000e+04
3.000000000000000000e+04 1.796500000000000000e+04
3.200000000000000000e+04 1.813200000000000000e+04
3.400000000000000000e+04 1.818200000000000000e+04
3.600000000000000000e+04 1.823900000000000000e+04
3.800000000000000000e+04 1.828100000000000000e+04
4.000000000000000000e+04 1.834600000000000000e+04
4.200000000000000000e+04 1.836000000000000000e+04
4.400000000000000000e+04 1.796400000000000000e+04
4.600000000000000000e+04 1.823700000000000000e+04
4.800000000000000000e+04 1.807900000000000000e+04
5.000000000000000000e+04 1.801000000000000000e+04
5.200000000000000000e+04 1.768200000000000000e+04
5.400000000000000000e+04 1.762600000000000000e+04
5.600000000000000000e+04 1.785200000000000000e+04
5.800000000000000000e+04 1.775400000000000000e+04
6.000000000000000000e+04 1.772200000000000000e+04
6.200000000000000000e+04 1.747500000000000000e+04
6.400000000000000000e+04 1.721700000000000000e+04
6.600000000000000000e+04 1.714500000000000000e+04
6.800000000000000000e+04 1.709900000000000000e+04
7.000000000000000000e+04 1.657100000000000000e+04
7.200000000000000000e+04 1.659300000000000000e+04
7.400000000000000000e+04 1.644400000000000000e+04
7.600000000000000000e+04 1.618000000000000000e+04
7.800000000000000000e+04 1.604400000000000000e+04
8.000000000000000000e+04 1.568300000000000000e+04
8.200000000000000000e+04 1.532700000000000000e+04
8.400000000000000000e+04 1.490000000000000000e+04
8.600000000000000000e+04 1.467300000000000000e+04
8.800000000000000000e+04 1.436600000000000000e+04
9.000000000000000000e+04 1.403600000000000000e+04
9.200000000000000000e+04 1.352900000000000000e+04
9.400000000000000000e+04 1.325400000000000000e+04
9.600000000000000000e+04 1.301500000000000000e+04
9.800000000000000000e+04 1.233000000000000000e+04
1.000000000000000000e+05 1.222600000000000000e+04
1.020000000000000000e+05 1.157000000000000000e+04
1.040000000000000000e+05 1.136600000000000000e+04
1.060000000000000000e+05 1.083800000000000000e+04
1.080000000000000000e+05 1.042700000000000000e+04
1.100000000000000000e+05 9.962000000000000000e+03
1.120000000000000000e+05 9.414000000000000000e+03
1.140000000000000000e+05 9.197000000000000000e+03
1.160000000000000000e+05 8.919000000000000000e+03
1.180000000000000000e+05 8.693000000000000000e+03
1.200000000000000000e+05 8.257000000000000000e+03
1.220000000000000000e+05 7.915000000000000000e+03
1.240000000000000000e+05 7.499000000000000000e+03
1.260000000000000000e+05 7.371000000000000000e+03
1.280000000000000000e+05 7.274000000000000000e+03
1.300000000000000000e+05 6.839000000000000000e+03
1.320000000000000000e+05 6.836000000000000000e+03
1.340000000000000000e+05 6.639000000000000000e+03
1.360000000000000000e+05 6.672000000000000000e+03
1.380000000000000000e+05 6.556000000000000000e+03
1.400000000000000000e+05 6.493000000000000000e+03
1.420000000000000000e+05 6.741000000000000000e+03
1.440000000000000000e+05 6.674000000000000000e+03
1.460000000000000000e+05 6.934000000000000000e+03
1.480000000000000000e+05 7.098000000000000000e+03
1.500000000000000000e+05 7.233000000000000000e+03
1.520000000000000000e+05 7.433000000000000000e+03
1.540000000000000000e+05 7.520000000000000000e+03
1.560000000000000000e+05 8.165000000000000000e+03
1.580000000000000000e+05 8.389000000000000000e+03
1.600000000000000000e+05 8.828000000000000000e+03
1.620000000000000000e+05 9.147000000000000000e+03
1.640000000000000000e+05 9.574000000000000000e+03
1.660000000000000000e+05 9.960000000000000000e+03
1.680000000000000000e+05 1.034500000000000000e+04
1.700000000000000000e+05 1.063900000000000000e+04
1.720000000000000000e+05 1.100800000000000000e+04
1.740000000000000000e+05 1.166900000000000000e+04
1.760000000000000000e+05 1.185800000000000000e+04
1.780000000000000000e+05 1.245500000000000000e+04
1.800000000000000000e+05 1.268100000000000000e+04
1.820000000000000000e+05 1.332200000000000000e+04
1.840000000000000000e+05 1.361400000000000000e+04
1.860000000000000000e+05 1.410500000000000000e+04
1.880000000000000000e+05 1.432600000000000000e+04
1.900000000000000000e+05 1.459000000000000000e+04
1.920000000000000000e+05 1.494600000000000000e+04
1.940000000000000000e+05 1.515000000000000000e+04
1.960000000000000000e+05 1.533800000000000000e+04
1.980000000000000000e+05 1.579100000000000000e+04
2.000000000000000000e+05 1.594900000000000000e+04
2.020000000000000000e+05 1.627900000000000000e+04
2.040000000000000000e+05 1.626900000000000000e+04
2.060000000000000000e+05 1.688000000000000000e+04
2.080000000000000000e+05 1.709900000000000000e+04
2.100000000000000000e+05 1.706600000000000000e+04
2.120000000000000000e+05 1.718900000000000000e+04
2.140000000000000000e+05 1.767000000000000000e+04
2.160000000000000000e+05 1.752900000000000000e+04
2.180000000000000000e+05 1.778400000000000000e+04
2.200000000000000000e+05 1.765000000000000000e+04
2.220000000000000000e+05 1.803800000000000000e+04
2.240000000000000000e+05 1.781800000000000000e+04
2.260000000000000000e+05 1.779200000000000000e+04
2.280000000000000000e+05 1.805300000000000000e+04
2.300000000000000000e+05 1.818300000000000000e+04
2.320000000000000000e+05 1.802100000000000000e+04
2.340000000000000000e+05 1.800800000000000000e+04
2.360000000000000000e+05 1.804600000000000000e+04
2.380000000000000000e+05 1.814800000000000000e+04
2.400000000000000000e+05 1.825100000000000000e+04
2.420000000000000000e+05 1.799900000000000000e+04
2.440000000000000000e+05 1.806000000000000000e+04
2.460000000000000000e+05 1.823400000000000000e+04
2.480000000000000000e+05 1.816200000000000000e+04
2.500000000000000000e+05 1.789200000000000000e+04
2.520000000000000000e+05 1.807000000000000000e+04
2.540000000000000000e+05 1.765900000000000000e+04
2.560000000000000000e+05 1.798000000000000000e+04
2.580000000000000000e+05 1.761100000000000000e+04
2.600000000000000000e+05 1.760800000000000000e+04
2.620000000000000000e+05 1.768900000000000000e+04
2.640000000000000000e+05 1.726600000000000000e+04
2.660000000000000000e+05 1.714200000000000000e+04
2.680000000000000000e+05 1.694900000000000000e+04
2.700000000000000000e+05 1.660800000000000000e+04
2.720000000000000000e+05 1.676400000000000000e+04
2.740000000000000000e+05 1.651800000000000000e+04
2.760000000000000000e+05 1.600600000000000000e+04
2.780000000000000000e+05 1.599300000000000000e+04
2.800000000000000000e+05 1.558100000000000000e+04
2.820000000000000000e+05 1.516800000000000000e+04
2.840000000000000000e+05 1.497500000000000000e+04
2.860000000000000000e+05 1.454800000000000000e+04
2.880000000000000000e+05 1.414500000000000000e+04
2.900000000000000000e+05 1.405300000000000000e+04
2.920000000000000000e+05 1.363300000000000000e+04
2.940000000000000000e+05 1.314900000000000000e+04
2.960000000000000000e+05 1.291100000000000000e+04
2.980000000000000000e+05 1.237800000000000000e+04
3.000000000000000000e+05 1.221500000000000000e+04
3.020000000000000000e+05 1.195100000000000000e+04
3.040000000000000000e+05 1.117600000000000000e+04
3.060000000000000000e+05 1.100200000000000000e+04
3.080000000000000000e+05 1.031800000000000000e+04
3.100000000000000000e+05 9.971000000000000000e+03
3.120000000000000000e+05 9.682000000000000000e+03
3.140000000000000000e+05 9.263000000000000000e+03
3.160000000000000000e+05 8.711000000000000000e+03
3.180000000000000000e+05 8.638000000000000000e+03
3.200000000000000000e+05 8.157000000000000000e+03
3.220000000000000000e+05 7.981000000000000000e+03
3.240000000000000000e+05 7.632000000000000000e+03
3.260000000000000000e+05 7.330000000000000000e+03
3.280000000000000000e+05 7.095000000000000000e+03
3.300000000000000000e+05 6.968000000000000000e+03
3.320000000000000000e+05 6.835000000000000000e+03
3.340000000000000000e+05 6.550000000000000000e+03
3.360000000000000000e+05 6.619000000000000000e+03
3.380000000000000000e+05 6.395000000000000000e+03
3.400000000000000000e+05 6.535000000000000000e+03
3.420000000000000000e+05 6.755000000000000000e+03
3.440000000000000000e+05 6.716000000000000000e+03
3.460000000000000000e+05 6.795000000000000000e+03
3.480000000000000000e+05 6.945000000000000000e+03
3.500000000000000000e+05 7.199000000000000000e+03
3.520000000000000000e+05 7.642000000000000000e+03
3.540000000000000000e+05 7.811000000000000000e+03
3.560000000000000000e+05 7.994000000000000000e+03
3.580000000000000000e+05 8.509000000000000000e+03
3.600000000000000000e+05 8.517000000000000000e+03
3.620000000000000000e+05 9.058000000000000000e+03
3.640000000000000000e+05 9.481000000000000000e+03
3.660000000000000000e+05 9.952000000000000000e+03
3.680000000000000000e+05 1.018500000000000000e+04
3.700000000000000000e+05 1.077000000000000000e+04
3.720000000000000000e+05 1.131700000000000000e+04
3.740000000000000000e+05 1.161900000000000000e+04
3.760000000000000000e+05 1.197600000000000000e+04
3.780000000000000000e+05 1.225500000000000000e+04
3.800000000000000000e+05 1.265800000000000000e+04
3.820000000000000000e+05 1.294400000000000000e+04
3.840000000000000000e+05 1.373200000000000000e+04
3.860000000000000000e+05 1.381800000000000000e+04
3.880000000000000000e+05 1.427700000000000000e+04
3.900000000000000000e+05 1.468000000000000000e+04
3.920000000000000000e+05 1.482000000000000000e+04
3.940000000000000000e+05 1.537100000000000000e+04
3.960000000000000000e+05 1.568200000000000000e+04
3.980000000000000000e+05 1.561900000000000000e+04
