0.000000000000000000e+00 1.018400000000000000e+04
2.000000000000000000e+01 1.062400000000000000e+04
4.000000000000000000e+01 1.086400000000000000e+04
6.000000000000000000e+01 1.100300000000000000e+04
8.000000000000000000e+01 1.140700000000000000e+04
1.000000000000000000e+02 1.162800000000000000e+04
1.200000000000000000e+02 1.175100000000000000e+04
1.400000000000000000e+02 1.202000000000000000e+04
1.600000000000000000e+02 1.211800000000000000e+04
1.800000000000000000e+02 1.221100000000000000e+04
2.000000000000000000e+02 1.250400000000000000e+04
2.200000000000000000e+02 1.267200000000000000e+04
2.400000000000000000e+02 1.272200000000000000e+04
2.600000000000000000e+02 1.293500000000000000e+04
2.800000000000000000e+02 1.302500000000000000e+04
3.000000000000000000e+02 1.318600000000000000e+04
3.200000000000000000e+02 1.340300000000000000e+04
3.400000000000000000e+02 1.345400000000000000e+04
3.600000000000000000e+02 1.365700000000000000e+04
3.800000000000000000e+02 1.329200000000000000e+04
4.000000000000000000e+02 1.354900000000000000e+04
4.200000000000000000e+02 1.382800000000000000e+04
4.400000000000000000e+02 1.373600000000000000e+04
4.600000000000000000e+02 1.376600000000000000e+04
4.800000000000000000e+02 1.398200000000000000e+04
5.000000000000000000e+02 1.391000000000000000e+04
5.200000000000000000e+02 1.373600000000000000e+04
5.400000000000000000e+02 1.388300000000000000e+04
5.600000000000000000e+02 1.371300000000000000e+04
5.800000000000000000e+02 1.383100000000000000e+04
6.000000000000000000e+02 1.371900000000000000e+04
6.200000000000000000e+02 1.360900000000000000e+04
6.400000000000000000e+02 1.372300000000000000e+04
6.600000000000000000e+02 1.364500000000000000e+04
6.800000000000000000e+02 1.353000000000000000e+04
7.000000000000000000e+02 1.353900000000000000e+04
7.200000000000000000e+02 1.357600000000000000e+04
7.400000000000000000e+02 1.337300000000000000e+04
7.600000000000000000e+02 1.331400000000000000e+04
7.800000000000000000e+02 1.303800000000000000e+04
8.000000000000000000e+02 1.320000000000000000e+04
8.200000000000000000e+02 1.279300000000000000e+04
8.400000000000000000e+02 1.256000000000000000e+04
8.600000000000000000e+02 1.249700000000000000e+04
8.800000000000000000e+02 1.237700000000000000e+04
9.000000000000000000e+02 1.214200000000000000e+04
9.200000000000000000e+02 1.211200000000000000e+04
9.400000000000000000e+02 1.181300000000000000e+04
9.600000000000000000e+02 1.160000000000000000e+04
9.800000000000000000e+02 1.126600000000000000e+04
1.000000000000000000e+03 1.108100000000000000e+04
1.020000000000000000e+03 1.090900000000000000e+04
1.040000000000000000e+03 1.046700000000000000e+04
1.060000000000000000e+03 1.035900000000000000e+04
1.080000000000000000e+03 9.995000000000000000e+03
1.100000000000000000e+03 9.907000000000000000e+03
1.120000000000000000e+03 9.685000000000000000e+03
1.140000000000000000e+03 9.274000000000000000e+03
1.160000000000000000e+03 9.264000000000000000e+03
1.180000000000000000e+03 8.899000000000000000e+03
1.200000000000000000e+03 8.628000000000000000e+03
1.220000000000000000e+03 8.528000000000000000e+03
1.240000000000000000e+03 8.164000000000000000e+03
1.260000000000000000e+03 7.970000000000000000e+03
1.280000000000000000e+03 7.813000000000000000e+03
1.300000000000000000e+03 7.539000000000000000e+03
1.320000000000000000e+03 7.308000000000000000e+03
1.340000000000000000e+03 7.268000000000000000e+03
1.360000000000000000e+03 7.187000000000000000e+03
1.380000000000000000e+03 6.905000000000000000e+03
1.400000000000000000e+03 6.735000000000000000e+03
1.420000000000000000e+03 6.587000000000000000e+03
1.440000000000000000e+03 6.552000000000000000e+03
1.460000000000000000e+03 6.472000000000000000e+03
1.480000000000000000e+03 6.343000000000000000e+03
1.500000000000000000e+03 6.243000000000000000e+03
1.520000000000000000e+03 6.179000000000000000e+03
1.540000000000000000e+03 6.068000000000000000e+03
1.560000000000000000e+03 6.244000000000000000e+03
1.580000000000000000e+03 6.222000000000000000e+03
1.600000000000000000e+03 6.344000000000000000e+03
1.620000000000000000e+03 6.249000000000000000e+03
1.640000000000000000e+03 6.234000000000000000e+03
1.660000000000000000e+03 6.324000000000000000e+03
1.680000000000000000e+03 6.505000000000000000e+03
1.700000000000000000e+03 6.678000000000000000e+03
1.720000000000000000e+03 6.712000000000000000e+03
1.740000000000000000e+03 6.890000000000000000e+03
1.760000000000000000e+03 7.054000000000000000e+03
1.780000000000000000e+03 7.301000000000000000e+03
1.800000000000000000e+03 7.661000000000000000e+03
1.820000000000000000e+03 7.803000000000000000e+03
1.840000000000000000e+03 7.945000000000000000e+03
1.860000000000000000e+03 8.442000000000000000e+03
1.880000000000000000e+03 8.506000000000000000e+03
1.900000000000000000e+03 8.793000000000000000e+03
1.920000000000000000e+03 9.064000000000000000e+03
1.940000000000000000e+03 9.550000000000000000e+03
1.960000000000000000e+03 9.652000000000000000e+03
1.980000000000000000e+03 9.802000000000000000e+03
2.000000000000000000e+03 1.028400000000000000e+04
2.020000000000000000e+03 1.038300000000000000e+04
2.040000000000000000e+03 1.057600000000000000e+04
2.060000000000000000e+03 1.102600000000000000e+04
2.080000000000000000e+03 1.118900000000000000e+04
2.100000000000000000e+03 1.156500000000000000e+04
2.120000000000000000e+03 1.158200000000000000e+04
2.140000000000000000e+03 1.203100000000000000e+04
2.160000000000000000e+03 1.192800000000000000e+04
2.180000000000000000e+03 1.222200000000000000e+04
2.200000000000000000e+03 1.249700000000000000e+04
2.220000000000000000e+03 1.243700000000000000e+04
2.240000000000000000e+03 1.280400000000000000e+04
2.260000000000000000e+03 1.308300000000000000e+04
2.280000000000000000e+03 1.295100000000000000e+04
2.300000000000000000e+03 1.319700000000000000e+04
2.320000000000000000e+03 1.322300000000000000e+04
2.340000000000000000e+03 1.350900000000000000e+04
2.360000000000000000e+03 1.366900000000000000e+04
2.380000000000000000e+03 1.343900000000000000e+04
2.400000000000000000e+03 1.336700000000000000e+04
2.420000000000000000e+03 1.348600000000000000e+04
2.440000000000000000e+03 1.361600000000000000e+04
2.460000000000000000e+03 1.370500000000000000e+04
2.480000000000000000e+03 1.385600000000000000e+04
2.500000000000000000e+03 1.370800000000000000e+04
2.520000000000000000e+03 1.357800000000000000e+04
2.540000000000000000e+03 1.381100000000000000e+04
2.560000000000000000e+03 1.398700000000000000e+04
2.580000000000000000e+03 1.370000000000000000e+04
2.600000000000000000e+03 1.385900000000000000e+04
2.620000000000000000e+03 1.360300000000000000e+04
2.640000000000000000e+03 1.369800000000000000e+04
2.660000000000000000e+03 1.348700000000000000e+04
2.680000000000000000e+03 1.352600000000000000e+04
2.700000000000000000e+03 1.366800000000000000e+04
2.720000000000000000e+03 1.321400000000000000e+04
2.740000000000000000e+03 1.327900000000000000e+04
2.760000000000000000e+03 1.305400000000000000e+04
2.780000000000000000e+03 1.300100000000000000e+04
2.800000000000000000e+03 1.299000000000000000e+04
2.820000000000000000e+03 1.274700000000000000e+04
2.840000000000000000e+03 1.280700000000000000e+04
2.860000000000000000e+03 1.236100000000000000e+04
2.880000000000000000e+03 1.220900000000000000e+04
2.900000000000000000e+03 1.209900000000000000e+04
2.920000000000000000e+03 1.203000000000000000e+04
2.940000000000000000e+03 1.166800000000000000e+04
2.960000000000000000e+03 1.156100000000000000e+04
2.980000000000000000e+03 1.138800000000000000e+04
3.000000000000000000e+03 1.110000000000000000e+04
3.020000000000000000e+03 1.078900000000000000e+04
3.040000000000000000e+03 1.059800000000000000e+04
3.060000000000000000e+03 1.040900000000000000e+04
3.080000000000000000e+03 9.922000000000000000e+03
3.100000000000000000e+03 1.006100000000000000e+04
3.120000000000000000e+03 9.585000000000000000e+03
3.140000000000000000e+03 9.327000000000000000e+03
3.160000000000000000e+03 9.084000000000000000e+03
3.180000000000000000e+03 8.859000000000000000e+03
3.200000000000000000e+03 8.825000000000000000e+03
3.220000000000000000e+03 8.438000000000000000e+03
3.240000000000000000e+03 8.144000000000000000e+03
3.260000000000000000e+03 8.150000000000000000e+03
3.280000000000000000e+03 7.715000000000000000e+03
3.300000000000000000e+03 7.573000000000000000e+03
3.320000000000000000e+03 7.404000000000000000e+03
3.340000000000000000e+03 7.279000000000000000e+03
3.360000000000000000e+03 7.270000000000000000e+03
3.380000000000000000e+03 6.863000000000000000e+03
3.400000000000000000e+03 6.808000000000000000e+03
3.420000000000000000e+03 6.477000000000000000e+03
3.440000000000000000e+03 6.523000000000000000e+03
3.460000000000000000e+03 6.456000000000000000e+03
3.480000000000000000e+03 6.277000000000000000e+03
3.500000000000000000e+03 6.301000000000000000e+03
3.520000000000000000e+03 6.221000000000000000e+03
3.540000000000000000e+03 6.317000000000000000e+03
3.560000000000000000e+03 6.296000000000000000e+03
3.580000000000000000e+03 6.146000000000000000e+03
3.600000000000000000e+03 6.147000000000000000e+03
3.620000000000000000e+03 6.295000000000000000e+03
3.640000000000000000e+03 6.267000000000000000e+03
3.660000000000000000e+03 6.182000000000000000e+03
3.680000000000000000e+03 6.497000000000000000e+03
3.700000000000000000e+03 6.641000000000000000e+03
3.720000000000000000e+03 6.763000000000000000e+03
3.740000000000000000e+03 6.822000000000000000e+03
3.760000000000000000e+03 7.128000000000000000e+03
3.780000000000000000e+03 7.405000000000000000e+03
3.800000000000000000e+03 7.584000000000000000e+03
3.820000000000000000e+03 7.814000000000000000e+03
3.840000000000000000e+03 8.163000000000000000e+03
3.860000000000000000e+03 8.295000000000000000e+03
3.880000000000000000e+03 8.614000000000000000e+03
3.900000000000000000e+03 8.838000000000000000e+03
3.920000000000000000e+03 9.262000000000000000e+03
3.940000000000000000e+03 9.381000000000000000e+03
3.960000000000000000e+03 9.913000000000000000e+03
3.980000000000000000e+03 1.009300000000000000e+04
