0.000000000000000000e+00 1.041700000000000000e+04
1.400000000000000000e+01 1.087800000000000000e+04
2.800000000000000000e+01 1.132900000000000000e+04
4.200000000000000000e+01 1.146500000000000000e+04
5.600000000000000000e+01 1.181700000000000000e+04
7.000000000000000000e+01 1.202700000000000000e+04
8.400000000000000000e+01 1.238200000000000000e+04
9.800000000000000000e+01 1.246900000000000000e+04
1.120000000000000000e+02 1.276500000000000000e+04
1.260000000000000000e+02 1.312400000000000000e+04
1.400000000000000000e+02 1.303300000000000000e+04
1.540000000000000000e+02 1.324900000000000000e+04
1.680000000000000000e+02 1.361200000000000000e+04
1.820000000000000000e+02 1.357200000000000000e+04
1.960000000000000000e+02 1.361000000000000000e+04
2.100000000000000000e+02 1.376700000000000000e+04
2.240000000000000000e+02 1.401900000000000000e+04
2.380000000000000000e+02 1.406000000000000000e+04
2.520000000000000000e+02 1.408900000000000000e+04
2.660000000000000000e+02 1.422200000000000000e+04
2.800000000000000000e+02 1.405800000000000000e+04
2.940000000000000000e+02 1.447200000000000000e+04
3.080000000000000000e+02 1.437700000000000000e+04
3.220000000000000000e+02 1.442100000000000000e+04
3.360000000000000000e+02 1.449600000000000000e+04
3.500000000000000000e+02 1.457200000000000000e+04
3.640000000000000000e+02 1.448100000000000000e+04
3.780000000000000000e+02 1.447300000000000000e+04
3.920000000000000000e+02 1.448900000000000000e+04
4.060000000000000000e+02 1.413700000000000000e+04
4.200000000000000000e+02 1.426500000000000000e+04
4.340000000000000000e+02 1.447900000000000000e+04
4.480000000000000000e+02 1.450600000000000000e+04
4.620000000000000000e+02 1.433500000000000000e+04
4.760000000000000000e+02 1.429300000000000000e+04
4.900000000000000000e+02 1.416200000000000000e+04
5.040000000000000000e+02 1.402600000000000000e+04
5.180000000000000000e+02 1.401000000000000000e+04
5.320000000000000000e+02 1.383000000000000000e+04
5.460000000000000000e+02 1.385500000000000000e+04
5.600000000000000000e+02 1.373700000000000000e+04
5.740000000000000000e+02 1.375200000000000000e+04
5.880000000000000000e+02 1.333900000000000000e+04
6.020000000000000000e+02 1.338400000000000000e+04
6.160000000000000000e+02 1.316600000000000000e+04
6.300000000000000000e+02 1.319100000000000000e+04
6.440000000000000000e+02 1.281000000000000000e+04
6.580000000000000000e+02 1.278900000000000000e+04
6.720000000000000000e+02 1.218300000000000000e+04
6.860000000000000000e+02 1.226200000000000000e+04
7.000000000000000000e+02 1.213600000000000000e+04
7.140000000000000000e+02 1.197400000000000000e+04
7.280000000000000000e+02 1.188700000000000000e+04
7.420000000000000000e+02 1.131900000000000000e+04
7.560000000000000000e+02 1.140800000000000000e+04
7.700000000000000000e+02 1.095700000000000000e+04
7.840000000000000000e+02 1.076400000000000000e+04
7.980000000000000000e+02 1.073000000000000000e+04
8.120000000000000000e+02 1.040500000000000000e+04
8.260000000000000000e+02 1.023300000000000000e+04
8.400000000000000000e+02 9.891000000000000000e+03
8.540000000000000000e+02 9.804000000000000000e+03
8.680000000000000000e+02 9.330000000000000000e+03
8.820000000000000000e+02 9.271000000000000000e+03
8.960000000000000000e+02 9.055000000000000000e+03
9.100000000000000000e+02 8.842000000000000000e+03
9.240000000000000000e+02 8.678000000000000000e+03
9.380000000000000000e+02 8.427000000000000000e+03
9.520000000000000000e+02 8.296000000000000000e+03
9.660000000000000000e+02 8.027000000000000000e+03
9.800000000000000000e+02 8.034000000000000000e+03
9.940000000000000000e+02 7.784000000000000000e+03
1.008000000000000000e+03 7.943000000000000000e+03
1.022000000000000000e+03 7.737000000000000000e+03
1.036000000000000000e+03 7.561000000000000000e+03
1.050000000000000000e+03 7.428000000000000000e+03
1.064000000000000000e+03 7.375000000000000000e+03
1.078000000000000000e+03 7.037000000000000000e+03
1.092000000000000000e+03 6.957000000000000000e+03
1.106000000000000000e+03 7.242000000000000000e+03
1.120000000000000000e+03 7.079000000000000000e+03
1.134000000000000000e+03 6.928000000000000000e+03
1.148000000000000000e+03 7.213000000000000000e+03
1.162000000000000000e+03 7.138000000000000000e+03
1.176000000000000000e+03 7.286000000000000000e+03
1.190000000000000000e+03 7.188000000000000000e+03
1.204000000000000000e+03 7.178000000000000000e+03
1.218000000000000000e+03 7.707000000000000000e+03
1.232000000000000000e+03 7.789000000000000000e+03
1.246000000000000000e+03 7.799000000000000000e+03
1.260000000000000000e+03 7.850000000000000000e+03
1.274000000000000000e+03 8.234000000000000000e+03
1.288000000000000000e+03 8.461000000000000000e+03
1.302000000000000000e+03 8.370000000000000000e+03
1.316000000000000000e+03 8.734000000000000000e+03
1.330000000000000000e+03 8.933000000000000000e+03
1.344000000000000000e+03 9.292000000000000000e+03
1.358000000000000000e+03 9.370000000000000000e+03
1.372000000000000000e+03 9.757000000000000000e+03
1.386000000000000000e+03 9.981000000000000000e+03
1.400000000000000000e+03 1.039600000000000000e+04
1.414000000000000000e+03 1.055700000000000000e+04
1.428000000000000000e+03 1.082300000000000000e+04
1.442000000000000000e+03 1.124000000000000000e+04
1.456000000000000000e+03 1.141700000000000000e+04
1.470000000000000000e+03 1.182000000000000000e+04
1.484000000000000000e+03 1.197500000000000000e+04
1.498000000000000000e+03 1.210300000000000000e+04
1.512000000000000000e+03 1.233200000000000000e+04
1.526000000000000000e+03 1.246700000000000000e+04
1.540000000000000000e+03 1.283000000000000000e+04
1.554000000000000000e+03 1.306600000000000000e+04
1.568000000000000000e+03 1.309700000000000000e+04
1.582000000000000000e+03 1.339800000000000000e+04
1.596000000000000000e+03 1.351700000000000000e+04
1.610000000000000000e+03 1.354200000000000000e+04
1.624000000000000000e+03 1.362500000000000000e+04
1.638000000000000000e+03 1.372800000000000000e+04
1.652000000000000000e+03 1.385200000000000000e+04
1.666000000000000000e+03 1.413600000000000000e+04
1.680000000000000000e+03 1.418200000000000000e+04
1.694000000000000000e+03 1.431000000000000000e+04
1.708000000000000000e+03 1.427800000000000000e+04
1.722000000000000000e+03 1.436900000000000000e+04
1.736000000000000000e+03 1.452800000000000000e+04
1.750000000000000000e+03 1.453800000000000000e+04
1.764000000000000000e+03 1.436300000000000000e+04
1.778000000000000000e+03 1.466700000000000000e+04
1.792000000000000000e+03 1.451200000000000000e+04
1.806000000000000000e+03 1.456700000000000000e+04
1.820000000000000000e+03 1.466200000000000000e+04
1.834000000000000000e+03 1.448500000000000000e+04
1.848000000000000000e+03 1.452100000000000000e+04
1.862000000000000000e+03 1.444900000000000000e+04
1.876000000000000000e+03 1.456900000000000000e+04
1.890000000000000000e+03 1.446200000000000000e+04
1.904000000000000000e+03 1.434500000000000000e+04
1.918000000000000000e+03 1.428200000000000000e+04
1.932000000000000000e+03 1.418100000000000000e+04
1.946000000000000000e+03 1.412800000000000000e+04
1.960000000000000000e+03 1.401300000000000000e+04
1.974000000000000000e+03 1.404800000000000000e+04
1.988000000000000000e+03 1.386800000000000000e+04
2.002000000000000000e+03 1.348300000000000000e+04
2.016000000000000000e+03 1.363100000000000000e+04
2.030000000000000000e+03 1.328700000000000000e+04
2.044000000000000000e+03 1.338400000000000000e+04
2.058000000000000000e+03 1.312800000000000000e+04
2.072000000000000000e+03 1.285200000000000000e+04
2.086000000000000000e+03 1.288800000000000000e+04
2.100000000000000000e+03 1.254100000000000000e+04
2.114000000000000000e+03 1.233200000000000000e+04
2.128000000000000000e+03 1.217900000000000000e+04
2.142000000000000000e+03 1.193300000000000000e+04
2.156000000000000000e+03 1.154500000000000000e+04
2.170000000000000000e+03 1.137300000000000000e+04
2.184000000000000000e+03 1.142300000000000000e+04
2.198000000000000000e+03 1.101200000000000000e+04
2.212000000000000000e+03 1.085600000000000000e+04
2.226000000000000000e+03 1.061000000000000000e+04
2.240000000000000000e+03 1.046200000000000000e+04
2.254000000000000000e+03 1.014300000000000000e+04
2.268000000000000000e+03 9.866000000000000000e+03
2.282000000000000000e+03 9.702000000000000000e+03
2.296000000000000000e+03 9.500000000000000000e+03
2.310000000000000000e+03 9.108000000000000000e+03
2.324000000000000000e+03 9.105000000000000000e+03
2.338000000000000000e+03 8.915000000000000000e+03
2.352000000000000000e+03 8.581000000000000000e+03
2.366000000000000000e+03 8.456000000000000000e+03
2.380000000000000000e+03 8.207000000000000000e+03
2.394000000000000000e+03 8.186000000000000000e+03
2.408000000000000000e+03 7.997000000000000000e+03
2.422000000000000000e+03 7.790000000000000000e+03
2.436000000000000000e+03 7.641000000000000000e+03
2.450000000000000000e+03 7.699000000000000000e+03
2.464000000000000000e+03 7.651000000000000000e+03
2.478000000000000000e+03 7.361000000000000000e+03
2.492000000000000000e+03 7.284000000000000000e+03
2.506000000000000000e+03 7.352000000000000000e+03
2.520000000000000000e+03 7.215000000000000000e+03
2.534000000000000000e+03 7.017000000000000000e+03
2.548000000000000000e+03 7.107000000000000000e+03
2.562000000000000000e+03 7.020000000000000000e+03
2.576000000000000000e+03 7.089000000000000000e+03
2.590000000000000000e+03 6.915000000000000000e+03
2.604000000000000000e+03 7.233000000000000000e+03
2.618000000000000000e+03 7.305000000000000000e+03
2.632000000000000000e+03 7.390000000000000000e+03
2.646000000000000000e+03 7.403000000000000000e+03
2.660000000000000000e+03 7.486000000000000000e+03
2.674000000000000000e+03 7.610000000000000000e+03
2.688000000000000000e+03 7.958000000000000000e+03
2.702000000000000000e+03 8.092000000000000000e+03
2.716000000000000000e+03 8.241000000000000000e+03
2.730000000000000000e+03 8.346000000000000000e+03
2.744000000000000000e+03 8.722000000000000000e+03
2.758000000000000000e+03 9.060000000000000000e+03
2.772000000000000000e+03 9.133000000000000000e+03
2.786000000000000000e+03 9.563000000000000000e+03
2.800000000000000000e+03 9.806000000000000000e+03
2.814000000000000000e+03 9.991000000000000000e+03
2.828000000000000000e+03 1.024500000000000000e+04
2.842000000000000000e+03 1.061900000000000000e+04
