0.000000000000000000e+00 1.201400000000000000e+04
3.300000000000000000e+01 1.220300000000000000e+04
6.600000000000000000e+01 1.257900000000000000e+04
9.900000000000000000e+01 1.279200000000000000e+04
1.320000000000000000e+02 1.299800000000000000e+04
1.650000000000000000e+02 1.305400000000000000e+04
1.980000000000000000e+02 1.340300000000000000e+04
2.310000000000000000e+02 1.338500000000000000e+04
2.640000000000000000e+02 1.351400000000000000e+04
2.970000000000000000e+02 1.385400000000000000e+04
3.300000000000000000e+02 1.390800000000000000e+04
3.630000000000000000e+02 1.395200000000000000e+04
3.960000000000000000e+02 1.408200000000000000e+04
4.290000000000000000e+02 1.404400000000000000e+04
4.620000000000000000e+02 1.426300000000000000e+04
4.950000000000000000e+02 1.443900000000000000e+04
5.280000000000000000e+02 1.448300000000000000e+04
5.610000000000000000e+02 1.460400000000000000e+04
5.940000000000000000e+02 1.450500000000000000e+04
6.270000000000000000e+02 1.469700000000000000e+04
6.600000000000000000e+02 1.477300000000000000e+04
6.930000000000000000e+02 1.471300000000000000e+04
7.260000000000000000e+02 1.471000000000000000e+04
7.590000000000000000e+02 1.468100000000000000e+04
7.920000000000000000e+02 1.459100000000000000e+04
8.250000000000000000e+02 1.477400000000000000e+04
8.580000000000000000e+02 1.445100000000000000e+04
8.910000000000000000e+02 1.427800000000000000e+04
9.240000000000000000e+02 1.450600000000000000e+04
9.570000000000000000e+02 1.425400000000000000e+04
9.900000000000000000e+02 1.445900000000000000e+04
1.023000000000000000e+03 1.443900000000000000e+04
1.056000000000000000e+03 1.435000000000000000e+04
1.089000000000000000e+03 1.400800000000000000e+04
1.122000000000000000e+03 1.421600000000000000e+04
1.155000000000000000e+03 1.414100000000000000e+04
1.188000000000000000e+03 1.361100000000000000e+04
1.221000000000000000e+03 1.393200000000000000e+04
1.254000000000000000e+03 1.386800000000000000e+04
1.287000000000000000e+03 1.362700000000000000e+04
1.320000000000000000e+03 1.357900000000000000e+04
1.353000000000000000e+03 1.341500000000000000e+04
1.386000000000000000e+03 1.296800000000000000e+04
1.419000000000000000e+03 1.292900000000000000e+04
1.452000000000000000e+03 1.280700000000000000e+04
1.485000000000000000e+03 1.236600000000000000e+04
1.518000000000000000e+03 1.228100000000000000e+04
1.551000000000000000e+03 1.194700000000000000e+04
1.584000000000000000e+03 1.157300000000000000e+04
1.617000000000000000e+03 1.156300000000000000e+04
1.650000000000000000e+03 1.106300000000000000e+04
1.683000000000000000e+03 1.124400000000000000e+04
1.716000000000000000e+03 1.077200000000000000e+04
1.749000000000000000e+03 1.041300000000000000e+04
1.782000000000000000e+03 1.017800000000000000e+04
1.815000000000000000e+03 9.807000000000000000e+03
1.848000000000000000e+03 9.837000000000000000e+03
1.881000000000000000e+03 9.483000000000000000e+03
1.914000000000000000e+03 9.033000000000000000e+03
1.947000000000000000e+03 8.836000000000000000e+03
1.980000000000000000e+03 8.550000000000000000e+03
2.013000000000000000e+03 8.277000000000000000e+03
2.046000000000000000e+03 7.827000000000000000e+03
2.079000000000000000e+03 7.716000000000000000e+03
2.112000000000000000e+03 7.418000000000000000e+03
2.145000000000000000e+03 7.383000000000000000e+03
2.178000000000000000e+03 7.229000000000000000e+03
2.211000000000000000e+03 6.995000000000000000e+03
2.244000000000000000e+03 6.636000000000000000e+03
2.277000000000000000e+03 6.556000000000000000e+03
2.310000000000000000e+03 6.580000000000000000e+03
2.343000000000000000e+03 6.508000000000000000e+03
2.376000000000000000e+03 6.185000000000000000e+03
2.409000000000000000e+03 6.217000000000000000e+03
2.442000000000000000e+03 6.241000000000000000e+03
2.475000000000000000e+03 6.186000000000000000e+03
2.508000000000000000e+03 6.084000000000000000e+03
2.541000000000000000e+03 6.037000000000000000e+03
2.574000000000000000e+03 6.199000000000000000e+03
2.607000000000000000e+03 6.247000000000000000e+03
2.640000000000000000e+03 6.157000000000000000e+03
2.673000000000000000e+03 6.420000000000000000e+03
2.706000000000000000e+03 6.634000000000000000e+03
2.739000000000000000e+03 6.683000000000000000e+03
2.772000000000000000e+03 6.915000000000000000e+03
2.805000000000000000e+03 7.203000000000000000e+03
2.838000000000000000e+03 7.449000000000000000e+03
2.871000000000000000e+03 7.739000000000000000e+03
2.904000000000000000e+03 7.834000000000000000e+03
2.937000000000000000e+03 8.391000000000000000e+03
2.970000000000000000e+03 8.552000000000000000e+03
3.003000000000000000e+03 8.982000000000000000e+03
3.036000000000000000e+03 9.015000000000000000e+03
3.069000000000000000e+03 9.612000000000000000e+03
3.102000000000000000e+03 9.834000000000000000e+03
3.135000000000000000e+03 1.017500000000000000e+04
3.168000000000000000e+03 1.035500000000000000e+04
3.201000000000000000e+03 1.081300000000000000e+04
3.234000000000000000e+03 1.098800000000000000e+04
3.267000000000000000e+03 1.131300000000000000e+04
3.300000000000000000e+03 1.174300000000000000e+04
3.333000000000000000e+03 1.201000000000000000e+04
3.366000000000000000e+03 1.225700000000000000e+04
3.399000000000000000e+03 1.247000000000000000e+04
3.432000000000000000e+03 1.280600000000000000e+04
3.465000000000000000e+03 1.285000000000000000e+04
3.498000000000000000e+03 1.302700000000000000e+04
3.531000000000000000e+03 1.334300000000000000e+04
3.564000000000000000e+03 1.363300000000000000e+04
3.597000000000000000e+03 1.364400000000000000e+04
3.630000000000000000e+03 1.398000000000000000e+04
3.663000000000000000e+03 1.401000000000000000e+04
3.696000000000000000e+03 1.417500000000000000e+04
3.729000000000000000e+03 1.427800000000000000e+04
3.762000000000000000e+03 1.424000000000000000e+04
3.795000000000000000e+03 1.443000000000000000e+04
3.828000000000000000e+03 1.443100000000000000e+04
3.861000000000000000e+03 1.442800000000000000e+04
3.894000000000000000e+03 1.459700000000000000e+04
3.927000000000000000e+03 1.445800000000000000e+04
3.960000000000000000e+03 1.452300000000000000e+04
3.993000000000000000e+03 1.463700000000000000e+04
4.026000000000000000e+03 1.497600000000000000e+04
4.059000000000000000e+03 1.470200000000000000e+04
4.092000000000000000e+03 1.466400000000000000e+04
4.125000000000000000e+03 1.449600000000000000e+04
4.158000000000000000e+03 1.474200000000000000e+04
4.191000000000000000e+03 1.441000000000000000e+04
4.224000000000000000e+03 1.462300000000000000e+04
4.257000000000000000e+03 1.442300000000000000e+04
4.290000000000000000e+03 1.443400000000000000e+04
4.323000000000000000e+03 1.433100000000000000e+04
4.356000000000000000e+03 1.439100000000000000e+04
4.389000000000000000e+03 1.436300000000000000e+04
4.422000000000000000e+03 1.435200000000000000e+04
4.455000000000000000e+03 1.401300000000000000e+04
4.488000000000000000e+03 1.387100000000000000e+04
4.521000000000000000e+03 1.416200000000000000e+04
4.554000000000000000e+03 1.394200000000000000e+04
4.587000000000000000e+03 1.383300000000000000e+04
4.620000000000000000e+03 1.374400000000000000e+04
4.653000000000000000e+03 1.319000000000000000e+04
4.686000000000000000e+03 1.314500000000000000e+04
4.719000000000000000e+03 1.322400000000000000e+04
4.752000000000000000e+03 1.275800000000000000e+04
4.785000000000000000e+03 1.255100000000000000e+04
4.818000000000000000e+03 1.257200000000000000e+04
4.851000000000000000e+03 1.226800000000000000e+04
4.884000000000000000e+03 1.205400000000000000e+04
4.917000000000000000e+03 1.179300000000000000e+04
4.950000000000000000e+03 1.140100000000000000e+04
4.983000000000000000e+03 1.128100000000000000e+04
5.016000000000000000e+03 1.101700000000000000e+04
5.049000000000000000e+03 1.071300000000000000e+04
5.082000000000000000e+03 1.030700000000000000e+04
5.115000000000000000e+03 1.040400000000000000e+04
5.148000000000000000e+03 9.951000000000000000e+03
5.181000000000000000e+03 9.606000000000000000e+03
5.214000000000000000e+03 9.434000000000000000e+03
5.247000000000000000e+03 8.881000000000000000e+03
5.280000000000000000e+03 8.730000000000000000e+03
5.313000000000000000e+03 8.634000000000000000e+03
5.346000000000000000e+03 8.319000000000000000e+03
5.379000000000000000e+03 8.099000000000000000e+03
5.412000000000000000e+03 7.731000000000000000e+03
5.445000000000000000e+03 7.562000000000000000e+03
5.478000000000000000e+03 7.284000000000000000e+03
5.511000000000000000e+03 7.193000000000000000e+03
5.544000000000000000e+03 6.991000000000000000e+03
5.577000000000000000e+03 6.829000000000000000e+03
5.610000000000000000e+03 6.696000000000000000e+03
5.643000000000000000e+03 6.526000000000000000e+03
5.676000000000000000e+03 6.180000000000000000e+03
5.709000000000000000e+03 6.292000000000000000e+03
5.742000000000000000e+03 6.270000000000000000e+03
5.775000000000000000e+03 6.154000000000000000e+03
5.808000000000000000e+03 6.207000000000000000e+03
5.841000000000000000e+03 6.129000000000000000e+03
5.874000000000000000e+03 6.146000000000000000e+03
5.907000000000000000e+03 6.220000000000000000e+03
5.940000000000000000e+03 6.278000000000000000e+03
5.973000000000000000e+03 6.314000000000000000e+03
6.006000000000000000e+03 6.357000000000000000e+03
6.039000000000000000e+03 6.465000000000000000e+03
6.072000000000000000e+03 6.692000000000000000e+03
6.105000000000000000e+03 6.899000000000000000e+03
6.138000000000000000e+03 7.115000000000000000e+03
6.171000000000000000e+03 7.274000000000000000e+03
6.204000000000000000e+03 7.756000000000000000e+03
6.237000000000000000e+03 7.780000000000000000e+03
6.270000000000000000e+03 8.035000000000000000e+03
6.303000000000000000e+03 8.508000000000000000e+03
6.336000000000000000e+03 8.793000000000000000e+03
6.369000000000000000e+03 9.218000000000000000e+03
6.402000000000000000e+03 9.489000000000000000e+03
6.435000000000000000e+03 9.743000000000000000e+03
6.468000000000000000e+03 1.027700000000000000e+04
6.501000000000000000e+03 1.052900000000000000e+04
6.534000000000000000e+03 1.089200000000000000e+04
6.567000000000000000e+03 1.128900000000000000e+04
6.600000000000000000e+03 1.138000000000000000e+04
6.633000000000000000e+03 1.186900000000000000e+04
