0.000000000000000000e+00 1.778300000000000000e+04
5.000000000000000000e+03 1.810700000000000000e+04
1.000000000000000000e+04 1.810100000000000000e+04
1.500000000000000000e+04 1.844000000000000000e+04
2.000000000000000000e+04 1.851500000000000000e+04
2.500000000000000000e+04 1.900200000000000000e+04
3.000000000000000000e+04 1.873200000000000000e+04
3.500000000000000000e+04 1.941900000000000000e+04
4.000000000000000000e+04 1.911900000000000000e+04
4.500000000000000000e+04 1.968600000000000000e+04
5.000000000000000000e+04 1.958200000000000000e+04
5.500000000000000000e+04 1.952100000000000000e+04
6.000000000000000000e+04 2.008300000000000000e+04
6.500000000000000000e+04 1.976000000000000000e+04
7.000000000000000000e+04 2.002900000000000000e+04
7.500000000000000000e+04 1.982400000000000000e+04
8.000000000000000000e+04 2.001800000000000000e+04
8.500000000000000000e+04 2.000100000000000000e+04
9.000000000000000000e+04 1.994400000000000000e+04
9.500000000000000000e+04 1.993500000000000000e+04
1.000000000000000000e+05 2.029500000000000000e+04
1.050000000000000000e+05 2.025700000000000000e+04
1.100000000000000000e+05 2.006400000000000000e+04
1.150000000000000000e+05 2.005500000000000000e+04
1.200000000000000000e+05 1.985100000000000000e+04
1.250000000000000000e+05 1.995800000000000000e+04
1.300000000000000000e+05 2.008900000000000000e+04
1.350000000000000000e+05 1.990400000000000000e+04
1.400000000000000000e+05 1.995300000000000000e+04
1.450000000000000000e+05 1.952600000000000000e+04
1.500000000000000000e+05 1.908400000000000000e+04
1.550000000000000000e+05 1.916200000000000000e+04
1.600000000000000000e+05 1.923700000000000000e+04
1.650000000000000000e+05 1.924400000000000000e+04
1.700000000000000000e+05 1.894700000000000000e+04
1.750000000000000000e+05 1.887400000000000000e+04
1.800000000000000000e+05 1.837400000000000000e+04
1.850000000000000000e+05 1.787700000000000000e+04
1.900000000000000000e+05 1.784500000000000000e+04
1.950000000000000000e+05 1.767300000000000000e+04
2.000000000000000000e+05 1.752300000000000000e+04
2.050000000000000000e+05 1.693200000000000000e+04
2.100000000000000000e+05 1.692500000000000000e+04
2.150000000000000000e+05 1.657700000000000000e+04
2.200000000000000000e+05 1.604600000000000000e+04
2.250000000000000000e+05 1.589000000000000000e+04
2.300000000000000000e+05 1.523200000000000000e+04
2.350000000000000000e+05 1.497800000000000000e+04
2.400000000000000000e+05 1.430500000000000000e+04
2.450000000000000000e+05 1.399000000000000000e+04
2.500000000000000000e+05 1.334900000000000000e+04
2.550000000000000000e+05 1.308800000000000000e+04
2.600000000000000000e+05 1.279200000000000000e+04
2.650000000000000000e+05 1.226000000000000000e+04
2.700000000000000000e+05 1.193800000000000000e+04
2.750000000000000000e+05 1.132100000000000000e+04
2.800000000000000000e+05 1.090800000000000000e+04
2.850000000000000000e+05 1.059400000000000000e+04
2.900000000000000000e+05 1.044200000000000000e+04
2.950000000000000000e+05 9.739000000000000000e+03
3.000000000000000000e+05 9.466000000000000000e+03
3.050000000000000000e+05 9.129000000000000000e+03
3.100000000000000000e+05 8.699000000000000000e+03
3.150000000000000000e+05 8.372000000000000000e+03
3.200000000000000000e+05 8.146000000000000000e+03
3.250000000000000000e+05 7.959000000000000000e+03
3.300000000000000000e+05 7.776000000000000000e+03
3.350000000000000000e+05 7.782000000000000000e+03
3.400000000000000000e+05 7.619000000000000000e+03
3.450000000000000000e+05 7.595000000000000000e+03
3.500000000000000000e+05 7.545000000000000000e+03
3.550000000000000000e+05 7.553000000000000000e+03
3.600000000000000000e+05 7.758000000000000000e+03
3.650000000000000000e+05 7.973000000000000000e+03
3.700000000000000000e+05 8.229000000000000000e+03
3.750000000000000000e+05 8.403000000000000000e+03
3.800000000000000000e+05 8.580000000000000000e+03
3.850000000000000000e+05 8.824000000000000000e+03
3.900000000000000000e+05 9.197000000000000000e+03
3.950000000000000000e+05 9.433000000000000000e+03
4.000000000000000000e+05 1.014400000000000000e+04
4.050000000000000000e+05 1.035400000000000000e+04
4.100000000000000000e+05 1.048500000000000000e+04
4.150000000000000000e+05 1.109300000000000000e+04
4.200000000000000000e+05 1.164400000000000000e+04
4.250000000000000000e+05 1.214800000000000000e+04
4.300000000000000000e+05 1.241300000000000000e+04
4.350000000000000000e+05 1.299200000000000000e+04
4.400000000000000000e+05 1.366700000000000000e+04
4.450000000000000000e+05 1.387200000000000000e+04
4.500000000000000000e+05 1.435600000000000000e+04
4.550000000000000000e+05 1.482900000000000000e+04
4.600000000000000000e+05 1.520700000000000000e+04
4.650000000000000000e+05 1.565500000000000000e+04
4.700000000000000000e+05 1.610500000000000000e+04
4.750000000000000000e+05 1.611300000000000000e+04
4.800000000000000000e+05 1.667300000000000000e+04
4.850000000000000000e+05 1.690900000000000000e+04
4.900000000000000000e+05 1.705200000000000000e+04
4.950000000000000000e+05 1.730600000000000000e+04
5.000000000000000000e+05 1.799300000000000000e+04
5.050000000000000000e+05 1.834200000000000000e+04
5.100000000000000000e+05 1.813700000000000000e+04
5.150000000000000000e+05 1.873600000000000000e+04
5.200000000000000000e+05 1.888700000000000000e+04
5.250000000000000000e+05 1.899300000000000000e+04
5.300000000000000000e+05 1.896600000000000000e+04
5.350000000000000000e+05 1.950100000000000000e+04
5.400000000000000000e+05 1.949900000000000000e+04
5.450000000000000000e+05 1.972000000000000000e+04
5.500000000000000000e+05 1.967700000000000000e+04
5.550000000000000000e+05 1.968100000000000000e+04
5.600000000000000000e+05 1.974900000000000000e+04
5.650000000000000000e+05 2.007100000000000000e+04
5.700000000000000000e+05 1.997000000000000000e+04
5.750000000000000000e+05 2.016300000000000000e+04
5.800000000000000000e+05 1.988600000000000000e+04
5.850000000000000000e+05 2.039100000000000000e+04
5.900000000000000000e+05 2.023900000000000000e+04
5.950000000000000000e+05 2.017200000000000000e+04
6.000000000000000000e+05 2.014900000000000000e+04
6.050000000000000000e+05 2.029600000000000000e+04
6.100000000000000000e+05 2.018300000000000000e+04
6.150000000000000000e+05 2.006100000000000000e+04
6.200000000000000000e+05 2.017400000000000000e+04
6.250000000000000000e+05 2.026000000000000000e+04
6.300000000000000000e+05 1.981400000000000000e+04
6.350000000000000000e+05 1.996400000000000000e+04
6.400000000000000000e+05 1.951700000000000000e+04
6.450000000000000000e+05 1.965300000000000000e+04
6.500000000000000000e+05 1.933700000000000000e+04
6.550000000000000000e+05 1.954400000000000000e+04
6.600000000000000000e+05 1.929000000000000000e+04
6.650000000000000000e+05 1.899600000000000000e+04
6.700000000000000000e+05 1.927700000000000000e+04
6.750000000000000000e+05 1.879700000000000000e+04
6.800000000000000000e+05 1.854200000000000000e+04
6.850000000000000000e+05 1.816300000000000000e+04
6.900000000000000000e+05 1.789900000000000000e+04
6.950000000000000000e+05 1.762900000000000000e+04
7.000000000000000000e+05 1.750000000000000000e+04
7.050000000000000000e+05 1.711600000000000000e+04
7.100000000000000000e+05 1.663800000000000000e+04
7.150000000000000000e+05 1.615100000000000000e+04
7.200000000000000000e+05 1.620000000000000000e+04
7.250000000000000000e+05 1.559100000000000000e+04
7.300000000000000000e+05 1.548600000000000000e+04
7.350000000000000000e+05 1.495800000000000000e+04
7.400000000000000000e+05 1.439000000000000000e+04
7.450000000000000000e+05 1.384700000000000000e+04
7.500000000000000000e+05 1.355700000000000000e+04
7.550000000000000000e+05 1.332900000000000000e+04
7.600000000000000000e+05 1.271000000000000000e+04
7.650000000000000000e+05 1.218600000000000000e+04
7.700000000000000000e+05 1.193100000000000000e+04
7.750000000000000000e+05 1.118700000000000000e+04
7.800000000000000000e+05 1.096400000000000000e+04
7.850000000000000000e+05 1.073000000000000000e+04
7.900000000000000000e+05 1.022600000000000000e+04
7.950000000000000000e+05 9.705000000000000000e+03
8.000000000000000000e+05 9.270000000000000000e+03
8.050000000000000000e+05 9.170000000000000000e+03
8.100000000000000000e+05 8.733000000000000000e+03
8.150000000000000000e+05 8.473000000000000000e+03
8.200000000000000000e+05 8.408000000000000000e+03
8.250000000000000000e+05 7.820000000000000000e+03
8.300000000000000000e+05 7.813000000000000000e+03
8.350000000000000000e+05 7.635000000000000000e+03
8.400000000000000000e+05 7.800000000000000000e+03
8.450000000000000000e+05 7.595000000000000000e+03
8.500000000000000000e+05 7.728000000000000000e+03
8.550000000000000000e+05 7.843000000000000000e+03
8.600000000000000000e+05 7.666000000000000000e+03
8.650000000000000000e+05 7.977000000000000000e+03
8.700000000000000000e+05 8.116000000000000000e+03
8.750000000000000000e+05 8.244000000000000000e+03
8.800000000000000000e+05 8.655000000000000000e+03
8.850000000000000000e+05 8.917000000000000000e+03
8.900000000000000000e+05 9.055000000000000000e+03
8.950000000000000000e+05 9.598000000000000000e+03
9.000000000000000000e+05 9.955000000000000000e+03
9.050000000000000000e+05 1.024500000000000000e+04
9.100000000000000000e+05 1.067500000000000000e+04
9.150000000000000000e+05 1.112000000000000000e+04
9.200000000000000000e+05 1.188400000000000000e+04
9.250000000000000000e+05 1.215400000000000000e+04
9.300000000000000000e+05 1.262300000000000000e+04
9.350000000000000000e+05 1.301200000000000000e+04
9.400000000000000000e+05 1.330200000000000000e+04
9.450000000000000000e+05 1.389100000000000000e+04
9.500000000000000000e+05 1.451600000000000000e+04
9.550000000000000000e+05 1.480300000000000000e+04
9.600000000000000000e+05 1.512800000000000000e+04
9.650000000000000000e+05 1.570100000000000000e+04
9.700000000000000000e+05 1.600300000000000000e+04
9.750000000000000000e+05 1.628000000000000000e+04
9.800000000000000000e+05 1.673100000000000000e+04
9.850000000000000000e+05 1.713100000000000000e+04
9.900000000000000000e+05 1.705200000000000000e+04
9.950000000000000000e+05 1.751000000000000000e+04
