0.000000000000000000e+00 1.075100000000000000e+04
5.000000000000000000e+02 1.077000000000000000e+04
1.000000000000000000e+03 1.106500000000000000e+04
1.500000000000000000e+03 1.117400000000000000e+04
2.000000000000000000e+03 1.135400000000000000e+04
2.500000000000000000e+03 1.128800000000000000e+04
3.000000000000000000e+03 1.151700000000000000e+04
3.500000000000000000e+03 1.173600000000000000e+04
4.000000000000000000e+03 1.166300000000000000e+04
4.500000000000000000e+03 1.190500000000000000e+04
5.000000000000000000e+03 1.179400000000000000e+04
5.500000000000000000e+03 1.209100000000000000e+04
6.000000000000000000e+03 1.185800000000000000e+04
6.500000000000000000e+03 1.210800000000000000e+04
7.000000000000000000e+03 1.208800000000000000e+04
7.500000000000000000e+03 1.236400000000000000e+04
8.000000000000000000e+03 1.228500000000000000e+04
8.500000000000000000e+03 1.203200000000000000e+04
9.000000000000000000e+03 1.201500000000000000e+04
9.500000000000000000e+03 1.237500000000000000e+04
1.000000000000000000e+04 1.217800000000000000e+04
1.050000000000000000e+04 1.204800000000000000e+04
1.100000000000000000e+04 1.206800000000000000e+04
1.150000000000000000e+04 1.217900000000000000e+04
1.200000000000000000e+04 1.205100000000000000e+04
1.250000000000000000e+04 1.213400000000000000e+04
1.300000000000000000e+04 1.203000000000000000e+04
1.350000000000000000e+04 1.201300000000000000e+04
1.400000000000000000e+04 1.216900000000000000e+04
1.450000000000000000e+04 1.198900000000000000e+04
1.500000000000000000e+04 1.184700000000000000e+04
1.550000000000000000e+04 1.179700000000000000e+04
1.600000000000000000e+04 1.158100000000000000e+04
1.650000000000000000e+04 1.134700000000000000e+04
1.700000000000000000e+04 1.126500000000000000e+04
1.750000000000000000e+04 1.114300000000000000e+04
1.800000000000000000e+04 1.096600000000000000e+04
1.850000000000000000e+04 1.099900000000000000e+04
1.900000000000000000e+04 1.073100000000000000e+04
1.950000000000000000e+04 1.054900000000000000e+04
2.000000000000000000e+04 1.048700000000000000e+04
2.050000000000000000e+04 1.012800000000000000e+04
2.100000000000000000e+04 1.008600000000000000e+04
2.150000000000000000e+04 9.686000000000000000e+03
2.200000000000000000e+04 9.521000000000000000e+03
2.250000000000000000e+04 9.231000000000000000e+03
2.300000000000000000e+04 9.144000000000000000e+03
2.350000000000000000e+04 8.743000000000000000e+03
2.400000000000000000e+04 8.603000000000000000e+03
2.450000000000000000e+04 8.074000000000000000e+03
2.500000000000000000e+04 8.010000000000000000e+03
2.550000000000000000e+04 7.786000000000000000e+03
2.600000000000000000e+04 7.407000000000000000e+03
2.650000000000000000e+04 7.203000000000000000e+03
2.700000000000000000e+04 6.806000000000000000e+03
2.750000000000000000e+04 6.619000000000000000e+03
2.800000000000000000e+04 6.168000000000000000e+03
2.850000000000000000e+04 6.059000000000000000e+03
2.900000000000000000e+04 5.790000000000000000e+03
2.950000000000000000e+04 5.438000000000000000e+03
3.000000000000000000e+04 5.386000000000000000e+03
3.050000000000000000e+04 5.087000000000000000e+03
3.100000000000000000e+04 4.850000000000000000e+03
3.150000000000000000e+04 4.924000000000000000e+03
3.200000000000000000e+04 4.412000000000000000e+03
3.250000000000000000e+04 4.446000000000000000e+03
3.300000000000000000e+04 4.271000000000000000e+03
3.350000000000000000e+04 4.158000000000000000e+03
3.400000000000000000e+04 4.215000000000000000e+03
3.450000000000000000e+04 4.131000000000000000e+03
3.500000000000000000e+04 4.163000000000000000e+03
3.550000000000000000e+04 4.161000000000000000e+03
3.600000000000000000e+04 4.244000000000000000e+03
3.650000000000000000e+04 4.307000000000000000e+03
3.700000000000000000e+04 4.392000000000000000e+03
3.750000000000000000e+04 4.544000000000000000e+03
3.800000000000000000e+04 4.629000000000000000e+03
3.850000000000000000e+04 4.725000000000000000e+03
3.900000000000000000e+04 5.066000000000000000e+03
3.950000000000000000e+04 5.210000000000000000e+03
4.000000000000000000e+04 5.425000000000000000e+03
4.050000000000000000e+04 5.905000000000000000e+03
4.100000000000000000e+04 6.086000000000000000e+03
4.150000000000000000e+04 6.206000000000000000e+03
4.200000000000000000e+04 6.532000000000000000e+03
4.250000000000000000e+04 6.873000000000000000e+03
4.300000000000000000e+04 7.210000000000000000e+03
4.350000000000000000e+04 7.552000000000000000e+03
4.400000000000000000e+04 7.654000000000000000e+03
4.450000000000000000e+04 8.248000000000000000e+03
4.500000000000000000e+04 8.487000000000000000e+03
4.550000000000000000e+04 8.705000000000000000e+03
4.600000000000000000e+04 8.859000000000000000e+03
4.650000000000000000e+04 9.125000000000000000e+03
4.700000000000000000e+04 9.490000000000000000e+03
4.750000000000000000e+04 9.664000000000000000e+03
4.800000000000000000e+04 9.987000000000000000e+03
4.850000000000000000e+04 1.029700000000000000e+04
4.900000000000000000e+04 1.040400000000000000e+04
4.950000000000000000e+04 1.086500000000000000e+04
5.000000000000000000e+04 1.066700000000000000e+04
5.050000000000000000e+04 1.098800000000000000e+04
5.100000000000000000e+04 1.099500000000000000e+04
5.150000000000000000e+04 1.147700000000000000e+04
5.200000000000000000e+04 1.146800000000000000e+04
5.250000000000000000e+04 1.124000000000000000e+04
5.300000000000000000e+04 1.152300000000000000e+04
5.350000000000000000e+04 1.149400000000000000e+04
5.400000000000000000e+04 1.170500000000000000e+04
5.450000000000000000e+04 1.176600000000000000e+04
5.500000000000000000e+04 1.172300000000000000e+04
5.550000000000000000e+04 1.183200000000000000e+04
5.600000000000000000e+04 1.193900000000000000e+04
5.650000000000000000e+04 1.202700000000000000e+04
5.700000000000000000e+04 1.202800000000000000e+04
5.750000000000000000e+04 1.215800000000000000e+04
5.800000000000000000e+04 1.232700000000000000e+04
5.850000000000000000e+04 1.213700000000000000e+04
5.900000000000000000e+04 1.225100000000000000e+04
5.950000000000000000e+04 1.219600000000000000e+04
6.000000000000000000e+04 1.197200000000000000e+04
6.050000000000000000e+04 1.227100000000000000e+04
6.100000000000000000e+04 1.215100000000000000e+04
6.150000000000000000e+04 1.205800000000000000e+04
6.200000000000000000e+04 1.197900000000000000e+04
6.250000000000000000e+04 1.216200000000000000e+04
6.300000000000000000e+04 1.227300000000000000e+04
6.350000000000000000e+04 1.210900000000000000e+04
6.400000000000000000e+04 1.175300000000000000e+04
6.450000000000000000e+04 1.194500000000000000e+04
6.500000000000000000e+04 1.172900000000000000e+04
6.550000000000000000e+04 1.160300000000000000e+04
6.600000000000000000e+04 1.154100000000000000e+04
6.650000000000000000e+04 1.158800000000000000e+04
6.700000000000000000e+04 1.151300000000000000e+04
6.750000000000000000e+04 1.124100000000000000e+04
6.800000000000000000e+04 1.107700000000000000e+04
6.850000000000000000e+04 1.118400000000000000e+04
6.900000000000000000e+04 1.096000000000000000e+04
6.950000000000000000e+04 1.053100000000000000e+04
7.000000000000000000e+04 1.056100000000000000e+04
7.050000000000000000e+04 1.022100000000000000e+04
7.100000000000000000e+04 9.747000000000000000e+03
7.150000000000000000e+04 9.916000000000000000e+03
7.200000000000000000e+04 9.635000000000000000e+03
7.250000000000000000e+04 9.466000000000000000e+03
7.300000000000000000e+04 9.298000000000000000e+03
7.350000000000000000e+04 8.613000000000000000e+03
7.400000000000000000e+04 8.541000000000000000e+03
7.450000000000000000e+04 8.405000000000000000e+03
7.500000000000000000e+04 8.077000000000000000e+03
7.550000000000000000e+04 7.821000000000000000e+03
7.600000000000000000e+04 7.486000000000000000e+03
7.650000000000000000e+04 7.041000000000000000e+03
7.700000000000000000e+04 6.861000000000000000e+03
7.750000000000000000e+04 6.568000000000000000e+03
7.800000000000000000e+04 6.429000000000000000e+03
7.850000000000000000e+04 6.125000000000000000e+03
7.900000000000000000e+04 5.766000000000000000e+03
7.950000000000000000e+04 5.602000000000000000e+03
8.000000000000000000e+04 5.214000000000000000e+03
8.050000000000000000e+04 5.117000000000000000e+03
8.100000000000000000e+04 4.880000000000000000e+03
8.150000000000000000e+04 4.720000000000000000e+03
8.200000000000000000e+04 4.595000000000000000e+03
8.250000000000000000e+04 4.444000000000000000e+03
8.300000000000000000e+04 4.371000000000000000e+03
8.350000000000000000e+04 4.178000000000000000e+03
8.400000000000000000e+04 4.175000000000000000e+03
8.450000000000000000e+04 4.083000000000000000e+03
8.500000000000000000e+04 4.133000000000000000e+03
8.550000000000000000e+04 4.137000000000000000e+03
8.600000000000000000e+04 4.188000000000000000e+03
8.650000000000000000e+04 4.205000000000000000e+03
8.700000000000000000e+04 4.427000000000000000e+03
8.750000000000000000e+04 4.637000000000000000e+03
8.800000000000000000e+04 4.681000000000000000e+03
8.850000000000000000e+04 4.836000000000000000e+03
8.900000000000000000e+04 5.047000000000000000e+03
8.950000000000000000e+04 5.192000000000000000e+03
9.000000000000000000e+04 5.538000000000000000e+03
9.050000000000000000e+04 5.825000000000000000e+03
9.100000000000000000e+04 6.107000000000000000e+03
9.150000000000000000e+04 6.211000000000000000e+03
9.200000000000000000e+04 6.696000000000000000e+03
9.250000000000000000e+04 6.990000000000000000e+03
9.300000000000000000e+04 7.282000000000000000e+03
9.350000000000000000e+04 7.428000000000000000e+03
9.400000000000000000e+04 7.865000000000000000e+03
9.450000000000000000e+04 8.163000000000000000e+03
9.500000000000000000e+04 8.405000000000000000e+03
9.550000000000000000e+04 8.593000000000000000e+03
9.600000000000000000e+04 9.026000000000000000e+03
9.650000000000000000e+04 9.333000000000000000e+03
9.700000000000000000e+04 9.298000000000000000e+03
9.750000000000000000e+04 9.698000000000000000e+03
9.800000000000000000e+04 1.000900000000000000e+04
9.850000000000000000e+04 1.023900000000000000e+04
9.900000000000000000e+04 1.022700000000000000e+04
9.950000000000000000e+04 1.057600000000000000e+04
