0.000000000000000000e+00 1.222500000000000000e+04
5.000000000000000000e+01 1.266000000000000000e+04
1.000000000000000000e+02 1.299200000000000000e+04
1.500000000000000000e+02 1.322700000000000000e+04
2.000000000000000000e+02 1.345400000000000000e+04
2.500000000000000000e+02 1.348000000000000000e+04
3.000000000000000000e+02 1.371900000000000000e+04
3.500000000000000000e+02 1.397200000000000000e+04
4.000000000000000000e+02 1.410500000000000000e+04
4.500000000000000000e+02 1.430100000000000000e+04
5.000000000000000000e+02 1.431300000000000000e+04
5.500000000000000000e+02 1.436100000000000000e+04
6.000000000000000000e+02 1.457400000000000000e+04
6.500000000000000000e+02 1.429500000000000000e+04
7.000000000000000000e+02 1.464800000000000000e+04
7.500000000000000000e+02 1.467300000000000000e+04
8.000000000000000000e+02 1.459700000000000000e+04
8.500000000000000000e+02 1.463900000000000000e+04
9.000000000000000000e+02 1.490600000000000000e+04
9.500000000000000000e+02 1.481200000000000000e+04
1.000000000000000000e+03 1.476100000000000000e+04
1.050000000000000000e+03 1.483600000000000000e+04
1.100000000000000000e+03 1.475500000000000000e+04
1.150000000000000000e+03 1.504900000000000000e+04
1.200000000000000000e+03 1.502700000000000000e+04
1.250000000000000000e+03 1.468700000000000000e+04
1.300000000000000000e+03 1.496200000000000000e+04
1.350000000000000000e+03 1.460600000000000000e+04
1.400000000000000000e+03 1.469900000000000000e+04
1.450000000000000000e+03 1.472100000000000000e+04
1.500000000000000000e+03 1.452000000000000000e+04
1.550000000000000000e+03 1.432800000000000000e+04
1.600000000000000000e+03 1.428400000000000000e+04
1.650000000000000000e+03 1.418100000000000000e+04
1.700000000000000000e+03 1.414400000000000000e+04
1.750000000000000000e+03 1.388600000000000000e+04
1.800000000000000000e+03 1.362900000000000000e+04
1.850000000000000000e+03 1.357600000000000000e+04
1.900000000000000000e+03 1.330700000000000000e+04
1.950000000000000000e+03 1.331800000000000000e+04
2.000000000000000000e+03 1.304100000000000000e+04
2.050000000000000000e+03 1.280700000000000000e+04
2.100000000000000000e+03 1.242800000000000000e+04
2.150000000000000000e+03 1.228600000000000000e+04
2.200000000000000000e+03 1.220700000000000000e+04
2.250000000000000000e+03 1.192900000000000000e+04
2.300000000000000000e+03 1.160700000000000000e+04
2.350000000000000000e+03 1.131300000000000000e+04
2.400000000000000000e+03 1.118300000000000000e+04
2.450000000000000000e+03 1.094500000000000000e+04
2.500000000000000000e+03 1.053200000000000000e+04
2.550000000000000000e+03 1.020800000000000000e+04
2.600000000000000000e+03 9.939000000000000000e+03
2.650000000000000000e+03 9.576000000000000000e+03
2.700000000000000000e+03 9.445000000000000000e+03
2.750000000000000000e+03 9.280000000000000000e+03
2.800000000000000000e+03 9.002000000000000000e+03
2.850000000000000000e+03 8.702000000000000000e+03
2.900000000000000000e+03 8.196000000000000000e+03
2.950000000000000000e+03 7.905000000000000000e+03
3.000000000000000000e+03 7.665000000000000000e+03
3.050000000000000000e+03 7.263000000000000000e+03
3.100000000000000000e+03 7.163000000000000000e+03
3.150000000000000000e+03 7.037000000000000000e+03
3.200000000000000000e+03 6.726000000000000000e+03
3.250000000000000000e+03 6.345000000000000000e+03
3.300000000000000000e+03 6.125000000000000000e+03
3.350000000000000000e+03 6.066000000000000000e+03
3.400000000000000000e+03 5.984000000000000000e+03
3.450000000000000000e+03 5.972000000000000000e+03
3.500000000000000000e+03 5.724000000000000000e+03
3.550000000000000000e+03 5.705000000000000000e+03
3.600000000000000000e+03 5.637000000000000000e+03
3.650000000000000000e+03 5.710000000000000000e+03
3.700000000000000000e+03 5.622000000000000000e+03
3.750000000000000000e+03 5.776000000000000000e+03
3.800000000000000000e+03 5.783000000000000000e+03
3.850000000000000000e+03 5.867000000000000000e+03
3.900000000000000000e+03 6.021000000000000000e+03
3.950000000000000000e+03 6.207000000000000000e+03
4.000000000000000000e+03 6.096000000000000000e+03
4.050000000000000000e+03 6.386000000000000000e+03
4.100000000000000000e+03 6.744000000000000000e+03
4.150000000000000000e+03 6.891000000000000000e+03
4.200000000000000000e+03 7.248000000000000000e+03
4.250000000000000000e+03 7.660000000000000000e+03
4.300000000000000000e+03 7.841000000000000000e+03
4.350000000000000000e+03 8.223000000000000000e+03
4.400000000000000000e+03 8.531000000000000000e+03
4.450000000000000000e+03 8.747000000000000000e+03
4.500000000000000000e+03 9.125000000000000000e+03
4.550000000000000000e+03 9.343000000000000000e+03
4.600000000000000000e+03 9.762000000000000000e+03
4.650000000000000000e+03 1.026000000000000000e+04
4.700000000000000000e+03 1.085000000000000000e+04
4.750000000000000000e+03 1.119500000000000000e+04
4.800000000000000000e+03 1.135800000000000000e+04
4.850000000000000000e+03 1.160700000000000000e+04
4.900000000000000000e+03 1.181100000000000000e+04
4.950000000000000000e+03 1.197700000000000000e+04
5.000000000000000000e+03 1.255300000000000000e+04
5.050000000000000000e+03 1.280400000000000000e+04
5.100000000000000000e+03 1.277900000000000000e+04
5.150000000000000000e+03 1.314600000000000000e+04
5.200000000000000000e+03 1.323100000000000000e+04
5.250000000000000000e+03 1.355400000000000000e+04
5.300000000000000000e+03 1.403300000000000000e+04
5.350000000000000000e+03 1.393300000000000000e+04
5.400000000000000000e+03 1.415100000000000000e+04
5.450000000000000000e+03 1.419200000000000000e+04
5.500000000000000000e+03 1.405500000000000000e+04
5.550000000000000000e+03 1.450200000000000000e+04
5.600000000000000000e+03 1.451300000000000000e+04
5.650000000000000000e+03 1.481200000000000000e+04
5.700000000000000000e+03 1.458600000000000000e+04
5.750000000000000000e+03 1.483000000000000000e+04
5.800000000000000000e+03 1.489700000000000000e+04
5.850000000000000000e+03 1.455300000000000000e+04
5.900000000000000000e+03 1.463400000000000000e+04
5.950000000000000000e+03 1.479400000000000000e+04
6.000000000000000000e+03 1.477200000000000000e+04
6.050000000000000000e+03 1.495800000000000000e+04
6.100000000000000000e+03 1.479500000000000000e+04
6.150000000000000000e+03 1.464200000000000000e+04
6.200000000000000000e+03 1.497200000000000000e+04
6.250000000000000000e+03 1.471500000000000000e+04
6.300000000000000000e+03 1.455700000000000000e+04
6.350000000000000000e+03 1.473900000000000000e+04
6.400000000000000000e+03 1.451700000000000000e+04
6.450000000000000000e+03 1.455500000000000000e+04
6.500000000000000000e+03 1.443300000000000000e+04
6.550000000000000000e+03 1.452200000000000000e+04
6.600000000000000000e+03 1.480500000000000000e+04
6.650000000000000000e+03 1.416800000000000000e+04
6.700000000000000000e+03 1.382900000000000000e+04
6.750000000000000000e+03 1.391900000000000000e+04
6.800000000000000000e+03 1.370200000000000000e+04
6.850000000000000000e+03 1.377300000000000000e+04
6.900000000000000000e+03 1.350500000000000000e+04
6.950000000000000000e+03 1.322700000000000000e+04
7.000000000000000000e+03 1.307900000000000000e+04
7.050000000000000000e+03 1.301600000000000000e+04
7.100000000000000000e+03 1.264000000000000000e+04
7.150000000000000000e+03 1.239400000000000000e+04
7.200000000000000000e+03 1.211200000000000000e+04
7.250000000000000000e+03 1.202800000000000000e+04
7.300000000000000000e+03 1.167400000000000000e+04
7.350000000000000000e+03 1.135300000000000000e+04
7.400000000000000000e+03 1.103100000000000000e+04
7.450000000000000000e+03 1.078800000000000000e+04
7.500000000000000000e+03 1.040700000000000000e+04
7.550000000000000000e+03 1.037400000000000000e+04
7.600000000000000000e+03 9.929000000000000000e+03
7.650000000000000000e+03 9.690000000000000000e+03
7.700000000000000000e+03 9.325000000000000000e+03
7.750000000000000000e+03 9.244000000000000000e+03
7.800000000000000000e+03 8.771000000000000000e+03
7.850000000000000000e+03 8.266000000000000000e+03
7.900000000000000000e+03 8.265000000000000000e+03
7.950000000000000000e+03 7.981000000000000000e+03
8.000000000000000000e+03 7.618000000000000000e+03
8.050000000000000000e+03 7.299000000000000000e+03
8.100000000000000000e+03 7.185000000000000000e+03
8.150000000000000000e+03 6.921000000000000000e+03
8.200000000000000000e+03 6.727000000000000000e+03
8.250000000000000000e+03 6.504000000000000000e+03
8.300000000000000000e+03 6.355000000000000000e+03
8.350000000000000000e+03 6.237000000000000000e+03
8.400000000000000000e+03 6.015000000000000000e+03
8.450000000000000000e+03 5.949000000000000000e+03
8.500000000000000000e+03 5.877000000000000000e+03
8.550000000000000000e+03 5.758000000000000000e+03
8.600000000000000000e+03 5.554000000000000000e+03
8.650000000000000000e+03 5.759000000000000000e+03
8.700000000000000000e+03 5.676000000000000000e+03
8.750000000000000000e+03 5.561000000000000000e+03
8.800000000000000000e+03 5.865000000000000000e+03
8.850000000000000000e+03 5.854000000000000000e+03
8.900000000000000000e+03 5.882000000000000000e+03
8.950000000000000000e+03 5.934000000000000000e+03
9.000000000000000000e+03 6.203000000000000000e+03
9.050000000000000000e+03 6.436000000000000000e+03
9.100000000000000000e+03 6.891000000000000000e+03
9.150000000000000000e+03 6.684000000000000000e+03
9.200000000000000000e+03 7.118000000000000000e+03
9.250000000000000000e+03 7.443000000000000000e+03
9.300000000000000000e+03 7.817000000000000000e+03
9.350000000000000000e+03 8.129000000000000000e+03
9.400000000000000000e+03 8.377000000000000000e+03
9.450000000000000000e+03 8.666000000000000000e+03
9.500000000000000000e+03 9.065000000000000000e+03
9.550000000000000000e+03 9.537000000000000000e+03
9.600000000000000000e+03 1.006500000000000000e+04
9.650000000000000000e+03 1.037100000000000000e+04
9.700000000000000000e+03 1.057200000000000000e+04
9.750000000000000000e+03 1.087100000000000000e+04
9.800000000000000000e+03 1.140300000000000000e+04
9.850000000000000000e+03 1.140800000000000000e+04
9.900000000000000000e+03 1.172300000000000000e+04
9.950000000000000000e+03 1.232000000000000000e+04
