0.000000000000000000e+00 1.345800000000000000e+04
3.330000000000000000e+02 1.375200000000000000e+04
6.660000000000000000e+02 1.400600000000000000e+04
9.990000000000000000e+02 1.435800000000000000e+04
1.332000000000000000e+03 1.430100000000000000e+04
1.665000000000000000e+03 1.475200000000000000e+04
1.998000000000000000e+03 1.485900000000000000e+04
2.331000000000000000e+03 1.484600000000000000e+04
2.664000000000000000e+03 1.503600000000000000e+04
2.997000000000000000e+03 1.500400000000000000e+04
3.330000000000000000e+03 1.500400000000000000e+04
3.663000000000000000e+03 1.525000000000000000e+04
3.996000000000000000e+03 1.541600000000000000e+04
4.329000000000000000e+03 1.540500000000000000e+04
4.662000000000000000e+03 1.524600000000000000e+04
4.995000000000000000e+03 1.550900000000000000e+04
5.328000000000000000e+03 1.556500000000000000e+04
5.661000000000000000e+03 1.540400000000000000e+04
5.994000000000000000e+03 1.531400000000000000e+04
6.327000000000000000e+03 1.545900000000000000e+04
6.660000000000000000e+03 1.560600000000000000e+04
6.993000000000000000e+03 1.545900000000000000e+04
7.326000000000000000e+03 1.539600000000000000e+04
7.659000000000000000e+03 1.536000000000000000e+04
7.992000000000000000e+03 1.556900000000000000e+04
8.325000000000000000e+03 1.547600000000000000e+04
8.658000000000000000e+03 1.542300000000000000e+04
8.991000000000000000e+03 1.524600000000000000e+04
9.324000000000000000e+03 1.537100000000000000e+04
9.657000000000000000e+03 1.531900000000000000e+04
9.990000000000000000e+03 1.497900000000000000e+04
1.032300000000000000e+04 1.499900000000000000e+04
1.065600000000000000e+04 1.481000000000000000e+04
1.098900000000000000e+04 1.451000000000000000e+04
1.132200000000000000e+04 1.425000000000000000e+04
1.165500000000000000e+04 1.436500000000000000e+04
1.198800000000000000e+04 1.417300000000000000e+04
1.232100000000000000e+04 1.415600000000000000e+04
1.265400000000000000e+04 1.387000000000000000e+04
1.298700000000000000e+04 1.365700000000000000e+04
1.332000000000000000e+04 1.327700000000000000e+04
1.365300000000000000e+04 1.285900000000000000e+04
1.398600000000000000e+04 1.282300000000000000e+04
1.431900000000000000e+04 1.240900000000000000e+04
1.465200000000000000e+04 1.229300000000000000e+04
1.498500000000000000e+04 1.194100000000000000e+04
1.531800000000000000e+04 1.163600000000000000e+04
1.565100000000000000e+04 1.129400000000000000e+04
1.598400000000000000e+04 1.089400000000000000e+04
1.631700000000000000e+04 1.053300000000000000e+04
1.665000000000000000e+04 1.035000000000000000e+04
1.698300000000000000e+04 9.879000000000000000e+03
1.731600000000000000e+04 9.681000000000000000e+03
1.764900000000000000e+04 9.326000000000000000e+03
1.798200000000000000e+04 8.927000000000000000e+03
1.831500000000000000e+04 8.568000000000000000e+03
1.864800000000000000e+04 8.404000000000000000e+03
1.898100000000000000e+04 7.988000000000000000e+03
1.931400000000000000e+04 7.449000000000000000e+03
1.964700000000000000e+04 7.220000000000000000e+03
1.998000000000000000e+04 7.077000000000000000e+03
2.031300000000000000e+04 6.696000000000000000e+03
2.064600000000000000e+04 6.521000000000000000e+03
2.097900000000000000e+04 6.344000000000000000e+03
2.131200000000000000e+04 6.168000000000000000e+03
2.164500000000000000e+04 5.976000000000000000e+03
2.197800000000000000e+04 5.672000000000000000e+03
2.231100000000000000e+04 5.762000000000000000e+03
2.264400000000000000e+04 5.372000000000000000e+03
2.297700000000000000e+04 5.524000000000000000e+03
2.331000000000000000e+04 5.467000000000000000e+03
2.364300000000000000e+04 5.494000000000000000e+03
2.397600000000000000e+04 5.530000000000000000e+03
2.430900000000000000e+04 5.638000000000000000e+03
2.464200000000000000e+04 5.739000000000000000e+03
2.497500000000000000e+04 5.883000000000000000e+03
2.530800000000000000e+04 6.092000000000000000e+03
2.564100000000000000e+04 6.143000000000000000e+03
2.597400000000000000e+04 6.442000000000000000e+03
2.630700000000000000e+04 6.812000000000000000e+03
2.664000000000000000e+04 7.148000000000000000e+03
2.697300000000000000e+04 7.389000000000000000e+03
2.730600000000000000e+04 7.748000000000000000e+03
2.763900000000000000e+04 8.337000000000000000e+03
2.797200000000000000e+04 8.486000000000000000e+03
2.830500000000000000e+04 8.959000000000000000e+03
2.863800000000000000e+04 9.251000000000000000e+03
2.897100000000000000e+04 9.562000000000000000e+03
2.930400000000000000e+04 9.822000000000000000e+03
2.963700000000000000e+04 1.048500000000000000e+04
2.997000000000000000e+04 1.062800000000000000e+04
3.030300000000000000e+04 1.125900000000000000e+04
3.063600000000000000e+04 1.148600000000000000e+04
3.096900000000000000e+04 1.180200000000000000e+04
3.130200000000000000e+04 1.198900000000000000e+04
3.163500000000000000e+04 1.235600000000000000e+04
3.196800000000000000e+04 1.264900000000000000e+04
3.230100000000000000e+04 1.295200000000000000e+04
3.263400000000000000e+04 1.318800000000000000e+04
3.296700000000000000e+04 1.329400000000000000e+04
3.330000000000000000e+04 1.370600000000000000e+04
3.363300000000000000e+04 1.388700000000000000e+04
3.396600000000000000e+04 1.392000000000000000e+04
3.429900000000000000e+04 1.416500000000000000e+04
3.463200000000000000e+04 1.442400000000000000e+04
3.496500000000000000e+04 1.449600000000000000e+04
3.529800000000000000e+04 1.464800000000000000e+04
3.563100000000000000e+04 1.450400000000000000e+04
3.596400000000000000e+04 1.496300000000000000e+04
3.629700000000000000e+04 1.531300000000000000e+04
3.663000000000000000e+04 1.504800000000000000e+04
3.696300000000000000e+04 1.527100000000000000e+04
3.729600000000000000e+04 1.508100000000000000e+04
3.762900000000000000e+04 1.564900000000000000e+04
3.796200000000000000e+04 1.536700000000000000e+04
3.829500000000000000e+04 1.527400000000000000e+04
3.862800000000000000e+04 1.552500000000000000e+04
3.896100000000000000e+04 1.522700000000000000e+04
3.929400000000000000e+04 1.585900000000000000e+04
3.962700000000000000e+04 1.568100000000000000e+04
3.996000000000000000e+04 1.534100000000000000e+04
4.029300000000000000e+04 1.561000000000000000e+04
4.062600000000000000e+04 1.550100000000000000e+04
4.095900000000000000e+04 1.536500000000000000e+04
4.129200000000000000e+04 1.540000000000000000e+04
4.162500000000000000e+04 1.554400000000000000e+04
4.195800000000000000e+04 1.560600000000000000e+04
4.229100000000000000e+04 1.538900000000000000e+04
4.262400000000000000e+04 1.530100000000000000e+04
4.295700000000000000e+04 1.512100000000000000e+04
4.329000000000000000e+04 1.478900000000000000e+04
4.362300000000000000e+04 1.509900000000000000e+04
4.395600000000000000e+04 1.473800000000000000e+04
4.428900000000000000e+04 1.454500000000000000e+04
4.462200000000000000e+04 1.464800000000000000e+04
4.495500000000000000e+04 1.451300000000000000e+04
4.528800000000000000e+04 1.412900000000000000e+04
4.562100000000000000e+04 1.400100000000000000e+04
4.595400000000000000e+04 1.378900000000000000e+04
4.628700000000000000e+04 1.350500000000000000e+04
4.662000000000000000e+04 1.354500000000000000e+04
4.695300000000000000e+04 1.318800000000000000e+04
4.728600000000000000e+04 1.267900000000000000e+04
4.761900000000000000e+04 1.261300000000000000e+04
4.795200000000000000e+04 1.210200000000000000e+04
4.828500000000000000e+04 1.206900000000000000e+04
4.861800000000000000e+04 1.147800000000000000e+04
4.895100000000000000e+04 1.144000000000000000e+04
4.928400000000000000e+04 1.095500000000000000e+04
4.961700000000000000e+04 1.056400000000000000e+04
4.995000000000000000e+04 1.038500000000000000e+04
5.028300000000000000e+04 1.022100000000000000e+04
5.061600000000000000e+04 9.736000000000000000e+03
5.094900000000000000e+04 9.342000000000000000e+03
5.128200000000000000e+04 8.927000000000000000e+03
5.161500000000000000e+04 8.746000000000000000e+03
5.194800000000000000e+04 8.420000000000000000e+03
5.228100000000000000e+04 7.914000000000000000e+03
5.261400000000000000e+04 7.530000000000000000e+03
5.294700000000000000e+04 7.311000000000000000e+03
5.328000000000000000e+04 6.993000000000000000e+03
5.361300000000000000e+04 6.726000000000000000e+03
5.394600000000000000e+04 6.330000000000000000e+03
5.427900000000000000e+04 6.321000000000000000e+03
5.461200000000000000e+04 6.177000000000000000e+03
5.494500000000000000e+04 5.968000000000000000e+03
5.527800000000000000e+04 5.708000000000000000e+03
5.561100000000000000e+04 5.703000000000000000e+03
5.594400000000000000e+04 5.516000000000000000e+03
5.627700000000000000e+04 5.633000000000000000e+03
5.661000000000000000e+04 5.341000000000000000e+03
5.694300000000000000e+04 5.482000000000000000e+03
5.727600000000000000e+04 5.531000000000000000e+03
5.760900000000000000e+04 5.583000000000000000e+03
5.794200000000000000e+04 5.792000000000000000e+03
5.827500000000000000e+04 5.893000000000000000e+03
5.860800000000000000e+04 5.983000000000000000e+03
5.894100000000000000e+04 6.295000000000000000e+03
5.927400000000000000e+04 6.384000000000000000e+03
5.960700000000000000e+04 6.830000000000000000e+03
5.994000000000000000e+04 6.942000000000000000e+03
6.027300000000000000e+04 7.268000000000000000e+03
6.060600000000000000e+04 7.859000000000000000e+03
6.093900000000000000e+04 7.916000000000000000e+03
6.127200000000000000e+04 8.439000000000000000e+03
6.160500000000000000e+04 8.707000000000000000e+03
6.193800000000000000e+04 9.074000000000000000e+03
6.227100000000000000e+04 9.595000000000000000e+03
6.260400000000000000e+04 1.000100000000000000e+04
6.293700000000000000e+04 1.023300000000000000e+04
6.327000000000000000e+04 1.052300000000000000e+04
6.360300000000000000e+04 1.108100000000000000e+04
6.393600000000000000e+04 1.123600000000000000e+04
6.426900000000000000e+04 1.172000000000000000e+04
6.460200000000000000e+04 1.204000000000000000e+04
6.493500000000000000e+04 1.220700000000000000e+04
6.526800000000000000e+04 1.258200000000000000e+04
6.560100000000000000e+04 1.281000000000000000e+04
6.593400000000000000e+04 1.304200000000000000e+04
6.626700000000000000e+04 1.341900000000000000e+04
