0.000000000000000000e+00 1.276100000000000000e+04
1.000000000000000000e+02 1.313400000000000000e+04
2.000000000000000000e+02 1.332700000000000000e+04
3.000000000000000000e+02 1.369600000000000000e+04
4.000000000000000000e+02 1.367000000000000000e+04
5.000000000000000000e+02 1.395100000000000000e+04
6.000000000000000000e+02 1.389700000000000000e+04
7.000000000000000000e+02 1.409200000000000000e+04
8.000000000000000000e+02 1.437200000000000000e+04
9.000000000000000000e+02 1.452000000000000000e+04
1.000000000000000000e+03 1.459100000000000000e+04
1.100000000000000000e+03 1.456000000000000000e+04
1.200000000000000000e+03 1.455400000000000000e+04
1.300000000000000000e+03 1.459000000000000000e+04
1.400000000000000000e+03 1.482400000000000000e+04
1.500000000000000000e+03 1.482500000000000000e+04
1.600000000000000000e+03 1.487600000000000000e+04
1.700000000000000000e+03 1.482500000000000000e+04
1.800000000000000000e+03 1.506100000000000000e+04
1.900000000000000000e+03 1.494800000000000000e+04
2.000000000000000000e+03 1.493600000000000000e+04
2.100000000000000000e+03 1.492400000000000000e+04
2.200000000000000000e+03 1.505300000000000000e+04
2.300000000000000000e+03 1.489000000000000000e+04
2.400000000000000000e+03 1.477000000000000000e+04
2.500000000000000000e+03 1.468300000000000000e+04
2.600000000000000000e+03 1.474300000000000000e+04
2.700000000000000000e+03 1.471100000000000000e+04
2.800000000000000000e+03 1.452400000000000000e+04
2.900000000000000000e+03 1.455300000000000000e+04
3.000000000000000000e+03 1.419300000000000000e+04
3.100000000000000000e+03 1.444100000000000000e+04
3.200000000000000000e+03 1.421200000000000000e+04
3.300000000000000000e+03 1.391900000000000000e+04
3.400000000000000000e+03 1.379600000000000000e+04
3.500000000000000000e+03 1.399000000000000000e+04
3.600000000000000000e+03 1.366800000000000000e+04
3.700000000000000000e+03 1.353600000000000000e+04
3.800000000000000000e+03 1.331600000000000000e+04
3.900000000000000000e+03 1.307900000000000000e+04
4.000000000000000000e+03 1.295500000000000000e+04
4.100000000000000000e+03 1.264600000000000000e+04
4.200000000000000000e+03 1.256200000000000000e+04
4.300000000000000000e+03 1.209700000000000000e+04
4.400000000000000000e+03 1.177900000000000000e+04
4.500000000000000000e+03 1.167500000000000000e+04
4.600000000000000000e+03 1.142400000000000000e+04
4.700000000000000000e+03 1.107000000000000000e+04
4.800000000000000000e+03 1.095100000000000000e+04
4.900000000000000000e+03 1.054400000000000000e+04
5.000000000000000000e+03 1.013000000000000000e+04
5.100000000000000000e+03 9.882000000000000000e+03
5.200000000000000000e+03 9.396000000000000000e+03
5.300000000000000000e+03 9.220000000000000000e+03
5.400000000000000000e+03 8.879000000000000000e+03
5.500000000000000000e+03 8.581000000000000000e+03
5.600000000000000000e+03 8.239000000000000000e+03
5.700000000000000000e+03 7.921000000000000000e+03
5.800000000000000000e+03 7.709000000000000000e+03
5.900000000000000000e+03 7.502000000000000000e+03
6.000000000000000000e+03 7.010000000000000000e+03
6.100000000000000000e+03 6.850000000000000000e+03
6.200000000000000000e+03 6.639000000000000000e+03
6.300000000000000000e+03 6.327000000000000000e+03
6.400000000000000000e+03 6.178000000000000000e+03
6.500000000000000000e+03 5.979000000000000000e+03
6.600000000000000000e+03 5.848000000000000000e+03
6.700000000000000000e+03 5.532000000000000000e+03
6.800000000000000000e+03 5.473000000000000000e+03
6.900000000000000000e+03 5.351000000000000000e+03
7.000000000000000000e+03 5.251000000000000000e+03
7.100000000000000000e+03 5.329000000000000000e+03
7.200000000000000000e+03 5.264000000000000000e+03
7.300000000000000000e+03 5.358000000000000000e+03
7.400000000000000000e+03 5.307000000000000000e+03
7.500000000000000000e+03 5.412000000000000000e+03
7.600000000000000000e+03 5.585000000000000000e+03
7.700000000000000000e+03 5.621000000000000000e+03
7.800000000000000000e+03 5.875000000000000000e+03
7.900000000000000000e+03 5.875000000000000000e+03
8.000000000000000000e+03 6.117000000000000000e+03
8.100000000000000000e+03 6.677000000000000000e+03
8.200000000000000000e+03 6.685000000000000000e+03
8.300000000000000000e+03 7.137000000000000000e+03
8.400000000000000000e+03 7.366000000000000000e+03
8.500000000000000000e+03 7.768000000000000000e+03
8.600000000000000000e+03 8.176000000000000000e+03
8.700000000000000000e+03 8.461000000000000000e+03
8.800000000000000000e+03 8.869000000000000000e+03
8.900000000000000000e+03 9.341000000000000000e+03
9.000000000000000000e+03 9.753000000000000000e+03
9.100000000000000000e+03 1.013000000000000000e+04
9.200000000000000000e+03 1.032000000000000000e+04
9.300000000000000000e+03 1.079500000000000000e+04
9.400000000000000000e+03 1.123800000000000000e+04
9.500000000000000000e+03 1.150600000000000000e+04
9.600000000000000000e+03 1.185500000000000000e+04
9.700000000000000000e+03 1.184200000000000000e+04
9.800000000000000000e+03 1.219500000000000000e+04
9.900000000000000000e+03 1.260200000000000000e+04
1.000000000000000000e+04 1.277900000000000000e+04
1.010000000000000000e+04 1.308500000000000000e+04
1.020000000000000000e+04 1.339500000000000000e+04
1.030000000000000000e+04 1.352600000000000000e+04
1.040000000000000000e+04 1.344600000000000000e+04
1.050000000000000000e+04 1.407200000000000000e+04
1.060000000000000000e+04 1.406600000000000000e+04
1.070000000000000000e+04 1.423200000000000000e+04
1.080000000000000000e+04 1.431500000000000000e+04
1.090000000000000000e+04 1.467800000000000000e+04
1.100000000000000000e+04 1.444000000000000000e+04
1.110000000000000000e+04 1.458100000000000000e+04
1.120000000000000000e+04 1.452500000000000000e+04
1.130000000000000000e+04 1.476800000000000000e+04
1.140000000000000000e+04 1.476400000000000000e+04
1.150000000000000000e+04 1.489300000000000000e+04
1.160000000000000000e+04 1.479000000000000000e+04
1.170000000000000000e+04 1.486100000000000000e+04
1.180000000000000000e+04 1.474600000000000000e+04
1.190000000000000000e+04 1.500400000000000000e+04
1.200000000000000000e+04 1.470200000000000000e+04
1.210000000000000000e+04 1.513900000000000000e+04
1.220000000000000000e+04 1.486100000000000000e+04
1.230000000000000000e+04 1.497900000000000000e+04
1.240000000000000000e+04 1.502900000000000000e+04
1.250000000000000000e+04 1.483900000000000000e+04
1.260000000000000000e+04 1.466300000000000000e+04
1.270000000000000000e+04 1.463900000000000000e+04
1.280000000000000000e+04 1.467100000000000000e+04
1.290000000000000000e+04 1.449700000000000000e+04
1.300000000000000000e+04 1.453600000000000000e+04
1.310000000000000000e+04 1.408300000000000000e+04
1.320000000000000000e+04 1.418200000000000000e+04
1.330000000000000000e+04 1.417500000000000000e+04
1.340000000000000000e+04 1.391400000000000000e+04
1.350000000000000000e+04 1.374700000000000000e+04
1.360000000000000000e+04 1.358900000000000000e+04
1.370000000000000000e+04 1.345600000000000000e+04
1.380000000000000000e+04 1.314200000000000000e+04
1.390000000000000000e+04 1.297100000000000000e+04
1.400000000000000000e+04 1.309900000000000000e+04
1.410000000000000000e+04 1.272400000000000000e+04
1.420000000000000000e+04 1.237100000000000000e+04
1.430000000000000000e+04 1.215600000000000000e+04
1.440000000000000000e+04 1.185300000000000000e+04
1.450000000000000000e+04 1.183700000000000000e+04
1.460000000000000000e+04 1.151600000000000000e+04
1.470000000000000000e+04 1.098700000000000000e+04
1.480000000000000000e+04 1.087800000000000000e+04
1.490000000000000000e+04 1.053600000000000000e+04
1.500000000000000000e+04 1.025100000000000000e+04
1.510000000000000000e+04 9.993000000000000000e+03
1.520000000000000000e+04 9.453000000000000000e+03
1.530000000000000000e+04 9.346000000000000000e+03
1.540000000000000000e+04 9.051000000000000000e+03
1.550000000000000000e+04 8.575000000000000000e+03
1.560000000000000000e+04 8.000000000000000000e+03
1.570000000000000000e+04 8.016000000000000000e+03
1.580000000000000000e+04 7.648000000000000000e+03
1.590000000000000000e+04 7.377000000000000000e+03
1.600000000000000000e+04 7.019000000000000000e+03
1.610000000000000000e+04 6.732000000000000000e+03
1.620000000000000000e+04 6.673000000000000000e+03
1.630000000000000000e+04 6.463000000000000000e+03
1.640000000000000000e+04 5.989000000000000000e+03
1.650000000000000000e+04 5.978000000000000000e+03
1.660000000000000000e+04 5.791000000000000000e+03
1.670000000000000000e+04 5.603000000000000000e+03
1.680000000000000000e+04 5.526000000000000000e+03
1.690000000000000000e+04 5.333000000000000000e+03
1.700000000000000000e+04 5.275000000000000000e+03
1.710000000000000000e+04 5.332000000000000000e+03
1.720000000000000000e+04 5.330000000000000000e+03
1.730000000000000000e+04 5.153000000000000000e+03
1.740000000000000000e+04 5.283000000000000000e+03
1.750000000000000000e+04 5.325000000000000000e+03
1.760000000000000000e+04 5.439000000000000000e+03
1.770000000000000000e+04 5.680000000000000000e+03
1.780000000000000000e+04 5.868000000000000000e+03
1.790000000000000000e+04 5.963000000000000000e+03
1.800000000000000000e+04 6.142000000000000000e+03
1.810000000000000000e+04 6.552000000000000000e+03
1.820000000000000000e+04 6.844000000000000000e+03
1.830000000000000000e+04 7.133000000000000000e+03
1.840000000000000000e+04 7.419000000000000000e+03
1.850000000000000000e+04 7.654000000000000000e+03
1.860000000000000000e+04 8.137000000000000000e+03
1.870000000000000000e+04 8.739000000000000000e+03
1.880000000000000000e+04 8.872000000000000000e+03
1.890000000000000000e+04 9.400000000000000000e+03
1.900000000000000000e+04 9.706000000000000000e+03
1.910000000000000000e+04 9.999000000000000000e+03
1.920000000000000000e+04 1.034700000000000000e+04
1.930000000000000000e+04 1.096000000000000000e+04
1.940000000000000000e+04 1.121300000000000000e+04
1.950000000000000000e+04 1.150000000000000000e+04
1.960000000000000000e+04 1.172000000000000000e+04
1.970000000000000000e+04 1.195700000000000000e+04
1.980000000000000000e+04 1.243500000000000000e+04
1.990000000000000000e+04 1.262100000000000000e+04
