0.000000000000000000e+00 1.732600000000000000e+04
1.428000000000000000e+03 1.750000000000000000e+04
2.856000000000000000e+03 1.779400000000000000e+04
4.284000000000000000e+03 1.816600000000000000e+04
5.712000000000000000e+03 1.817000000000000000e+04
7.140000000000000000e+03 1.851600000000000000e+04
8.568000000000000000e+03 1.849200000000000000e+04
9.996000000000000000e+03 1.876600000000000000e+04
1.142400000000000000e+04 1.905000000000000000e+04
1.285200000000000000e+04 1.905200000000000000e+04
1.428000000000000000e+04 1.938300000000000000e+04
1.570800000000000000e+04 1.926500000000000000e+04
1.713600000000000000e+04 1.965500000000000000e+04
1.856400000000000000e+04 1.972600000000000000e+04
1.999200000000000000e+04 1.956400000000000000e+04
2.142000000000000000e+04 1.959100000000000000e+04
2.284800000000000000e+04 1.958400000000000000e+04
2.427600000000000000e+04 1.949900000000000000e+04
2.570400000000000000e+04 1.961200000000000000e+04
2.713200000000000000e+04 1.954700000000000000e+04
2.856000000000000000e+04 1.946000000000000000e+04
2.998800000000000000e+04 1.957200000000000000e+04
3.141600000000000000e+04 1.978600000000000000e+04
3.284400000000000000e+04 1.956100000000000000e+04
3.427200000000000000e+04 1.954200000000000000e+04
3.570000000000000000e+04 1.935800000000000000e+04
3.712800000000000000e+04 1.932500000000000000e+04
3.855600000000000000e+04 1.915800000000000000e+04
3.998400000000000000e+04 1.923800000000000000e+04
4.141200000000000000e+04 1.908900000000000000e+04
4.284000000000000000e+04 1.895800000000000000e+04
4.426800000000000000e+04 1.874800000000000000e+04
4.569600000000000000e+04 1.871900000000000000e+04
4.712400000000000000e+04 1.865100000000000000e+04
4.855200000000000000e+04 1.844000000000000000e+04
4.998000000000000000e+04 1.818000000000000000e+04
5.140800000000000000e+04 1.798600000000000000e+04
5.283600000000000000e+04 1.763100000000000000e+04
5.426400000000000000e+04 1.746600000000000000e+04
5.569200000000000000e+04 1.725400000000000000e+04
5.712000000000000000e+04 1.684200000000000000e+04
5.854800000000000000e+04 1.664600000000000000e+04
5.997600000000000000e+04 1.632500000000000000e+04
6.140400000000000000e+04 1.585700000000000000e+04
6.283200000000000000e+04 1.571900000000000000e+04
6.426000000000000000e+04 1.529500000000000000e+04
6.568800000000000000e+04 1.494700000000000000e+04
6.711600000000000000e+04 1.455400000000000000e+04
6.854400000000000000e+04 1.393500000000000000e+04
6.997200000000000000e+04 1.367000000000000000e+04
7.140000000000000000e+04 1.326500000000000000e+04
7.282800000000000000e+04 1.286000000000000000e+04
7.425600000000000000e+04 1.231400000000000000e+04
7.568400000000000000e+04 1.202000000000000000e+04
7.711200000000000000e+04 1.148200000000000000e+04
7.854000000000000000e+04 1.111800000000000000e+04
7.996800000000000000e+04 1.073900000000000000e+04
8.139600000000000000e+04 1.029800000000000000e+04
8.282400000000000000e+04 9.813000000000000000e+03
8.425200000000000000e+04 9.461000000000000000e+03
8.568000000000000000e+04 9.006000000000000000e+03
8.710800000000000000e+04 8.682000000000000000e+03
8.853600000000000000e+04 8.493000000000000000e+03
8.996400000000000000e+04 8.089000000000000000e+03
9.139200000000000000e+04 7.927000000000000000e+03
9.282000000000000000e+04 7.759000000000000000e+03
9.424800000000000000e+04 7.455000000000000000e+03
9.567600000000000000e+04 7.396000000000000000e+03
9.710400000000000000e+04 7.269000000000000000e+03
9.853200000000000000e+04 7.202000000000000000e+03
9.996000000000000000e+04 7.130000000000000000e+03
1.013880000000000000e+05 7.271000000000000000e+03
1.028160000000000000e+05 7.422000000000000000e+03
1.042440000000000000e+05 7.459000000000000000e+03
1.056720000000000000e+05 7.799000000000000000e+03
1.071000000000000000e+05 8.140000000000000000e+03
1.085280000000000000e+05 8.286000000000000000e+03
1.099560000000000000e+05 8.326000000000000000e+03
1.113840000000000000e+05 8.790000000000000000e+03
1.128120000000000000e+05 9.108000000000000000e+03
1.142400000000000000e+05 9.694000000000000000e+03
1.156680000000000000e+05 9.828000000000000000e+03
1.170960000000000000e+05 1.032000000000000000e+04
1.185240000000000000e+05 1.099800000000000000e+04
1.199520000000000000e+05 1.136800000000000000e+04
1.213800000000000000e+05 1.204200000000000000e+04
1.228080000000000000e+05 1.214300000000000000e+04
1.242360000000000000e+05 1.244900000000000000e+04
1.256640000000000000e+05 1.306700000000000000e+04
1.270920000000000000e+05 1.361500000000000000e+04
1.285200000000000000e+05 1.383700000000000000e+04
1.299480000000000000e+05 1.451600000000000000e+04
1.313760000000000000e+05 1.464200000000000000e+04
1.328040000000000000e+05 1.510800000000000000e+04
1.342320000000000000e+05 1.553200000000000000e+04
1.356600000000000000e+05 1.585400000000000000e+04
1.370880000000000000e+05 1.619200000000000000e+04
1.385160000000000000e+05 1.655600000000000000e+04
1.399440000000000000e+05 1.687200000000000000e+04
1.413720000000000000e+05 1.719100000000000000e+04
1.428000000000000000e+05 1.750500000000000000e+04
1.442280000000000000e+05 1.769400000000000000e+04
1.456560000000000000e+05 1.801100000000000000e+04
1.470840000000000000e+05 1.829200000000000000e+04
1.485120000000000000e+05 1.832100000000000000e+04
1.499400000000000000e+05 1.878900000000000000e+04
1.513680000000000000e+05 1.858400000000000000e+04
1.527960000000000000e+05 1.890000000000000000e+04
1.542240000000000000e+05 1.903900000000000000e+04
1.556520000000000000e+05 1.905500000000000000e+04
1.570800000000000000e+05 1.916300000000000000e+04
1.585080000000000000e+05 1.890400000000000000e+04
1.599360000000000000e+05 1.932500000000000000e+04
1.613640000000000000e+05 1.962200000000000000e+04
1.627920000000000000e+05 1.936000000000000000e+04
1.642200000000000000e+05 1.937900000000000000e+04
1.656480000000000000e+05 1.964700000000000000e+04
1.670760000000000000e+05 1.934000000000000000e+04
1.685040000000000000e+05 1.971800000000000000e+04
1.699320000000000000e+05 1.966200000000000000e+04
1.713600000000000000e+05 1.948800000000000000e+04
1.727880000000000000e+05 1.962100000000000000e+04
1.742160000000000000e+05 1.956700000000000000e+04
1.756440000000000000e+05 1.964000000000000000e+04
1.770720000000000000e+05 1.959500000000000000e+04
1.785000000000000000e+05 1.959400000000000000e+04
1.799280000000000000e+05 1.937900000000000000e+04
1.813560000000000000e+05 1.936300000000000000e+04
1.827840000000000000e+05 1.918100000000000000e+04
1.842120000000000000e+05 1.907600000000000000e+04
1.856400000000000000e+05 1.867400000000000000e+04
1.870680000000000000e+05 1.884000000000000000e+04
1.884960000000000000e+05 1.884300000000000000e+04
1.899240000000000000e+05 1.850500000000000000e+04
1.913520000000000000e+05 1.839200000000000000e+04
1.927800000000000000e+05 1.826100000000000000e+04
1.942080000000000000e+05 1.768900000000000000e+04
1.956360000000000000e+05 1.773000000000000000e+04
1.970640000000000000e+05 1.737300000000000000e+04
1.984920000000000000e+05 1.717900000000000000e+04
1.999200000000000000e+05 1.706800000000000000e+04
2.013480000000000000e+05 1.642800000000000000e+04
2.027760000000000000e+05 1.644400000000000000e+04
2.042040000000000000e+05 1.580900000000000000e+04
2.056320000000000000e+05 1.559000000000000000e+04
2.070600000000000000e+05 1.542500000000000000e+04
2.084880000000000000e+05 1.478000000000000000e+04
2.099160000000000000e+05 1.415400000000000000e+04
2.113440000000000000e+05 1.406100000000000000e+04
2.127720000000000000e+05 1.354900000000000000e+04
2.142000000000000000e+05 1.320600000000000000e+04
2.156280000000000000e+05 1.276400000000000000e+04
2.170560000000000000e+05 1.230300000000000000e+04
2.184840000000000000e+05 1.216900000000000000e+04
2.199120000000000000e+05 1.164500000000000000e+04
2.213400000000000000e+05 1.110900000000000000e+04
2.227680000000000000e+05 1.064000000000000000e+04
2.241960000000000000e+05 1.012600000000000000e+04
2.256240000000000000e+05 9.804000000000000000e+03
2.270520000000000000e+05 9.402000000000000000e+03
2.284800000000000000e+05 9.071000000000000000e+03
2.299080000000000000e+05 8.607000000000000000e+03
2.313360000000000000e+05 8.458000000000000000e+03
2.327640000000000000e+05 7.933000000000000000e+03
2.341920000000000000e+05 7.875000000000000000e+03
2.356200000000000000e+05 7.720000000000000000e+03
2.370480000000000000e+05 7.684000000000000000e+03
2.384760000000000000e+05 7.494000000000000000e+03
2.399040000000000000e+05 7.267000000000000000e+03
2.413320000000000000e+05 7.247000000000000000e+03
2.427600000000000000e+05 7.278000000000000000e+03
2.441880000000000000e+05 7.324000000000000000e+03
2.456160000000000000e+05 7.343000000000000000e+03
2.470440000000000000e+05 7.547000000000000000e+03
2.484720000000000000e+05 7.671000000000000000e+03
2.499000000000000000e+05 7.900000000000000000e+03
2.513280000000000000e+05 8.465000000000000000e+03
2.527560000000000000e+05 8.616000000000000000e+03
2.541840000000000000e+05 8.814000000000000000e+03
2.556120000000000000e+05 9.172000000000000000e+03
2.570400000000000000e+05 9.537000000000000000e+03
2.584680000000000000e+05 9.790000000000000000e+03
2.598960000000000000e+05 1.027200000000000000e+04
2.613240000000000000e+05 1.087700000000000000e+04
2.627520000000000000e+05 1.119100000000000000e+04
2.641800000000000000e+05 1.186600000000000000e+04
2.656080000000000000e+05 1.209300000000000000e+04
2.670360000000000000e+05 1.252500000000000000e+04
2.684640000000000000e+05 1.306900000000000000e+04
2.698920000000000000e+05 1.362200000000000000e+04
2.713200000000000000e+05 1.397900000000000000e+04
2.727480000000000000e+05 1.452800000000000000e+04
2.741760000000000000e+05 1.484600000000000000e+04
2.756040000000000000e+05 1.512100000000000000e+04
2.770320000000000000e+05 1.579900000000000000e+04
2.784600000000000000e+05 1.581100000000000000e+04
2.798880000000000000e+05 1.623400000000000000e+04
2.813160000000000000e+05 1.667200000000000000e+04
2.827440000000000000e+05 1.693700000000000000e+04
2.841720000000000000e+05 1.707400000000000000e+04
