0.000000000000000000e+00 3.485900000000000000e+04
3.333000000000000000e+03 3.510700000000000000e+04
6.666000000000000000e+03 3.569600000000000000e+04
9.999000000000000000e+03 3.618200000000000000e+04
1.333200000000000000e+04 3.674900000000000000e+04
1.666500000000000000e+04 3.680100000000000000e+04
1.999800000000000000e+04 3.757100000000000000e+04
2.333100000000000000e+04 3.784900000000000000e+04
2.666400000000000000e+04 3.788500000000000000e+04
2.999700000000000000e+04 3.849500000000000000e+04
3.333000000000000000e+04 3.854800000000000000e+04
3.666300000000000000e+04 3.851600000000000000e+04
3.999600000000000000e+04 3.885100000000000000e+04
4.332900000000000000e+04 3.884000000000000000e+04
4.666200000000000000e+04 3.929100000000000000e+04
4.999500000000000000e+04 3.941000000000000000e+04
5.332800000000000000e+04 3.937400000000000000e+04
5.666100000000000000e+04 3.945400000000000000e+04
5.999400000000000000e+04 3.973700000000000000e+04
6.332700000000000000e+04 3.940400000000000000e+04
6.666000000000000000e+04 3.945100000000000000e+04
6.999300000000000000e+04 3.944100000000000000e+04
7.332600000000000000e+04 3.913700000000000000e+04
7.665900000000000000e+04 3.917400000000000000e+04
7.999200000000000000e+04 3.879400000000000000e+04
8.332500000000000000e+04 3.908100000000000000e+04
8.665800000000000000e+04 3.900500000000000000e+04
8.999100000000000000e+04 3.881400000000000000e+04
9.332400000000000000e+04 3.898100000000000000e+04
9.665700000000000000e+04 3.828500000000000000e+04
9.999000000000000000e+04 3.786300000000000000e+04
1.033230000000000000e+05 3.784300000000000000e+04
1.066560000000000000e+05 3.756900000000000000e+04
1.099890000000000000e+05 3.710500000000000000e+04
1.133220000000000000e+05 3.689500000000000000e+04
1.166550000000000000e+05 3.650000000000000000e+04
1.199880000000000000e+05 3.600600000000000000e+04
1.233210000000000000e+05 3.551000000000000000e+04
1.266540000000000000e+05 3.458000000000000000e+04
1.299870000000000000e+05 3.407400000000000000e+04
1.333200000000000000e+05 3.340200000000000000e+04
1.366530000000000000e+05 3.313600000000000000e+04
1.399860000000000000e+05 3.221800000000000000e+04
1.433190000000000000e+05 3.166900000000000000e+04
1.466520000000000000e+05 3.110700000000000000e+04
1.499850000000000000e+05 3.033000000000000000e+04
1.533180000000000000e+05 2.930400000000000000e+04
1.566510000000000000e+05 2.846100000000000000e+04
1.599840000000000000e+05 2.757000000000000000e+04
1.633170000000000000e+05 2.703300000000000000e+04
1.666500000000000000e+05 2.599300000000000000e+04
1.699830000000000000e+05 2.513100000000000000e+04
1.733160000000000000e+05 2.426900000000000000e+04
1.766490000000000000e+05 2.367500000000000000e+04
1.799820000000000000e+05 2.249500000000000000e+04
1.833150000000000000e+05 2.139700000000000000e+04
1.866480000000000000e+05 2.063000000000000000e+04
1.899810000000000000e+05 1.985500000000000000e+04
1.933140000000000000e+05 1.881400000000000000e+04
1.966470000000000000e+05 1.828600000000000000e+04
1.999800000000000000e+05 1.755100000000000000e+04
2.033130000000000000e+05 1.677400000000000000e+04
2.066460000000000000e+05 1.626700000000000000e+04
2.099790000000000000e+05 1.550200000000000000e+04
2.133120000000000000e+05 1.535300000000000000e+04
2.166450000000000000e+05 1.481600000000000000e+04
2.199780000000000000e+05 1.448200000000000000e+04
2.233110000000000000e+05 1.439600000000000000e+04
2.266440000000000000e+05 1.401600000000000000e+04
2.299770000000000000e+05 1.400700000000000000e+04
2.333100000000000000e+05 1.400200000000000000e+04
2.366430000000000000e+05 1.411900000000000000e+04
2.399760000000000000e+05 1.440900000000000000e+04
2.433090000000000000e+05 1.496800000000000000e+04
2.466420000000000000e+05 1.511300000000000000e+04
2.499750000000000000e+05 1.559900000000000000e+04
2.533080000000000000e+05 1.574000000000000000e+04
2.566410000000000000e+05 1.650900000000000000e+04
2.599740000000000000e+05 1.742200000000000000e+04
2.633070000000000000e+05 1.777800000000000000e+04
2.666400000000000000e+05 1.848400000000000000e+04
2.699730000000000000e+05 1.948000000000000000e+04
2.733060000000000000e+05 2.059000000000000000e+04
2.766390000000000000e+05 2.108200000000000000e+04
2.799720000000000000e+05 2.220400000000000000e+04
2.833050000000000000e+05 2.310200000000000000e+04
2.866380000000000000e+05 2.405000000000000000e+04
2.899710000000000000e+05 2.490000000000000000e+04
2.933040000000000000e+05 2.572300000000000000e+04
2.966370000000000000e+05 2.680200000000000000e+04
2.999700000000000000e+05 2.772900000000000000e+04
3.033030000000000000e+05 2.830400000000000000e+04
3.066360000000000000e+05 2.922200000000000000e+04
3.099690000000000000e+05 2.990600000000000000e+04
3.133020000000000000e+05 3.054600000000000000e+04
3.166350000000000000e+05 3.161500000000000000e+04
3.199680000000000000e+05 3.249300000000000000e+04
3.233010000000000000e+05 3.314400000000000000e+04
3.266340000000000000e+05 3.384300000000000000e+04
3.299670000000000000e+05 3.426400000000000000e+04
3.333000000000000000e+05 3.502000000000000000e+04
3.366330000000000000e+05 3.545000000000000000e+04
3.399660000000000000e+05 3.579000000000000000e+04
3.432990000000000000e+05 3.592400000000000000e+04
3.466320000000000000e+05 3.649600000000000000e+04
3.499650000000000000e+05 3.712800000000000000e+04
3.532980000000000000e+05 3.761900000000000000e+04
3.566310000000000000e+05 3.787300000000000000e+04
3.599640000000000000e+05 3.777200000000000000e+04
3.632970000000000000e+05 3.828100000000000000e+04
3.666300000000000000e+05 3.867400000000000000e+04
3.699630000000000000e+05 3.888300000000000000e+04
3.732960000000000000e+05 3.944500000000000000e+04
3.766290000000000000e+05 3.909100000000000000e+04
3.799620000000000000e+05 3.909600000000000000e+04
3.832950000000000000e+05 3.955200000000000000e+04
3.866280000000000000e+05 3.921400000000000000e+04
3.899610000000000000e+05 3.980700000000000000e+04
3.932940000000000000e+05 3.900000000000000000e+04
3.966270000000000000e+05 3.976100000000000000e+04
3.999600000000000000e+05 3.929800000000000000e+04
4.032930000000000000e+05 3.956600000000000000e+04
4.066260000000000000e+05 3.920200000000000000e+04
4.099590000000000000e+05 3.942900000000000000e+04
4.132920000000000000e+05 3.917700000000000000e+04
4.166250000000000000e+05 3.938500000000000000e+04
4.199580000000000000e+05 3.880800000000000000e+04
4.232910000000000000e+05 3.874300000000000000e+04
4.266240000000000000e+05 3.853500000000000000e+04
4.299570000000000000e+05 3.859600000000000000e+04
4.332900000000000000e+05 3.824200000000000000e+04
4.366230000000000000e+05 3.777200000000000000e+04
4.399560000000000000e+05 3.750300000000000000e+04
4.432890000000000000e+05 3.682800000000000000e+04
4.466220000000000000e+05 3.654100000000000000e+04
4.499550000000000000e+05 3.615500000000000000e+04
4.532880000000000000e+05 3.590100000000000000e+04
4.566210000000000000e+05 3.551900000000000000e+04
4.599540000000000000e+05 3.532700000000000000e+04
4.632870000000000000e+05 3.452900000000000000e+04
4.666200000000000000e+05 3.359000000000000000e+04
4.699530000000000000e+05 3.292100000000000000e+04
4.732860000000000000e+05 3.239400000000000000e+04
4.766190000000000000e+05 3.169900000000000000e+04
4.799520000000000000e+05 3.121100000000000000e+04
4.832850000000000000e+05 3.008700000000000000e+04
4.866180000000000000e+05 2.946500000000000000e+04
4.899510000000000000e+05 2.867000000000000000e+04
4.932840000000000000e+05 2.760700000000000000e+04
4.966170000000000000e+05 2.674300000000000000e+04
4.999500000000000000e+05 2.601600000000000000e+04
5.032830000000000000e+05 2.501200000000000000e+04
5.066160000000000000e+05 2.388200000000000000e+04
5.099490000000000000e+05 2.302300000000000000e+04
5.132820000000000000e+05 2.242200000000000000e+04
5.166150000000000000e+05 2.140800000000000000e+04
5.199480000000000000e+05 2.045600000000000000e+04
5.232810000000000000e+05 2.003600000000000000e+04
5.266140000000000000e+05 1.884300000000000000e+04
5.299470000000000000e+05 1.826300000000000000e+04
5.332800000000000000e+05 1.748700000000000000e+04
5.366130000000000000e+05 1.681100000000000000e+04
5.399460000000000000e+05 1.604400000000000000e+04
5.432790000000000000e+05 1.583100000000000000e+04
5.466120000000000000e+05 1.502200000000000000e+04
5.499450000000000000e+05 1.480500000000000000e+04
5.532780000000000000e+05 1.469500000000000000e+04
5.566110000000000000e+05 1.435400000000000000e+04
5.599440000000000000e+05 1.402900000000000000e+04
5.632770000000000000e+05 1.406400000000000000e+04
5.666100000000000000e+05 1.417800000000000000e+04
5.699430000000000000e+05 1.413800000000000000e+04
5.732760000000000000e+05 1.436400000000000000e+04
5.766090000000000000e+05 1.473000000000000000e+04
5.799420000000000000e+05 1.497300000000000000e+04
5.832750000000000000e+05 1.560300000000000000e+04
5.866080000000000000e+05 1.589000000000000000e+04
5.899410000000000000e+05 1.655000000000000000e+04
5.932740000000000000e+05 1.719300000000000000e+04
5.966070000000000000e+05 1.763200000000000000e+04
5.999400000000000000e+05 1.857000000000000000e+04
6.032730000000000000e+05 1.954800000000000000e+04
6.066060000000000000e+05 2.030300000000000000e+04
6.099390000000000000e+05 2.109700000000000000e+04
6.132720000000000000e+05 2.208500000000000000e+04
6.166050000000000000e+05 2.304300000000000000e+04
6.199380000000000000e+05 2.411100000000000000e+04
6.232710000000000000e+05 2.500800000000000000e+04
6.266040000000000000e+05 2.567500000000000000e+04
6.299370000000000000e+05 2.674300000000000000e+04
6.332700000000000000e+05 2.764400000000000000e+04
6.366030000000000000e+05 2.820600000000000000e+04
6.399360000000000000e+05 2.909800000000000000e+04
6.432690000000000000e+05 3.031900000000000000e+04
6.466020000000000000e+05 3.077400000000000000e+04
6.499350000000000000e+05 3.155400000000000000e+04
6.532680000000000000e+05 3.255700000000000000e+04
6.566010000000000000e+05 3.293500000000000000e+04
6.599340000000000000e+05 3.329700000000000000e+04
6.632670000000000000e+05 3.445300000000000000e+04
