0.000000000000000000e+00 2.653400000000000000e+04
5.000000000000000000e+03 2.697200000000000000e+04
1.000000000000000000e+04 2.733200000000000000e+04
1.500000000000000000e+04 2.762000000000000000e+04
2.000000000000000000e+04 2.774800000000000000e+04
2.500000000000000000e+04 2.839100000000000000e+04
3.000000000000000000e+04 2.849000000000000000e+04
3.500000000000000000e+04 2.837700000000000000e+04
4.000000000000000000e+04 2.890900000000000000e+04
4.500000000000000000e+04 2.930600000000000000e+04
5.000000000000000000e+04 2.930100000000000000e+04
5.500000000000000000e+04 2.916600000000000000e+04
6.000000000000000000e+04 2.947200000000000000e+04
6.500000000000000000e+04 2.948300000000000000e+04
7.000000000000000000e+04 2.980500000000000000e+04
7.500000000000000000e+04 2.973800000000000000e+04
8.000000000000000000e+04 2.997300000000000000e+04
8.500000000000000000e+04 3.000900000000000000e+04
9.000000000000000000e+04 3.035300000000000000e+04
9.500000000000000000e+04 2.989300000000000000e+04
1.000000000000000000e+05 2.973900000000000000e+04
1.050000000000000000e+05 2.960300000000000000e+04
1.100000000000000000e+05 2.975200000000000000e+04
1.150000000000000000e+05 2.984200000000000000e+04
1.200000000000000000e+05 2.977500000000000000e+04
1.250000000000000000e+05 2.955600000000000000e+04
1.300000000000000000e+05 2.972800000000000000e+04
1.350000000000000000e+05 2.926800000000000000e+04
1.400000000000000000e+05 2.922100000000000000e+04
1.450000000000000000e+05 2.895500000000000000e+04
1.500000000000000000e+05 2.893300000000000000e+04
1.550000000000000000e+05 2.884500000000000000e+04
1.600000000000000000e+05 2.818100000000000000e+04
1.650000000000000000e+05 2.782000000000000000e+04
1.700000000000000000e+05 2.778400000000000000e+04
1.750000000000000000e+05 2.706300000000000000e+04
1.800000000000000000e+05 2.722600000000000000e+04
1.850000000000000000e+05 2.690200000000000000e+04
1.900000000000000000e+05 2.675500000000000000e+04
1.950000000000000000e+05 2.606300000000000000e+04
2.000000000000000000e+05 2.571300000000000000e+04
2.050000000000000000e+05 2.528100000000000000e+04
2.100000000000000000e+05 2.469200000000000000e+04
2.150000000000000000e+05 2.426200000000000000e+04
2.200000000000000000e+05 2.340900000000000000e+04
2.250000000000000000e+05 2.274400000000000000e+04
2.300000000000000000e+05 2.212600000000000000e+04
2.350000000000000000e+05 2.202400000000000000e+04
2.400000000000000000e+05 2.084200000000000000e+04
2.450000000000000000e+05 2.019600000000000000e+04
2.500000000000000000e+05 1.983300000000000000e+04
2.550000000000000000e+05 1.905300000000000000e+04
2.600000000000000000e+05 1.842600000000000000e+04
2.650000000000000000e+05 1.767400000000000000e+04
2.700000000000000000e+05 1.705200000000000000e+04
2.750000000000000000e+05 1.631400000000000000e+04
2.800000000000000000e+05 1.567000000000000000e+04
2.850000000000000000e+05 1.497700000000000000e+04
2.900000000000000000e+05 1.433600000000000000e+04
2.950000000000000000e+05 1.387100000000000000e+04
3.000000000000000000e+05 1.337400000000000000e+04
3.050000000000000000e+05 1.265300000000000000e+04
3.100000000000000000e+05 1.209700000000000000e+04
3.150000000000000000e+05 1.186700000000000000e+04
3.200000000000000000e+05 1.156000000000000000e+04
3.250000000000000000e+05 1.141800000000000000e+04
3.300000000000000000e+05 1.096000000000000000e+04
3.350000000000000000e+05 1.072000000000000000e+04
3.400000000000000000e+05 1.069600000000000000e+04
3.450000000000000000e+05 1.060000000000000000e+04
3.500000000000000000e+05 1.082500000000000000e+04
3.550000000000000000e+05 1.074600000000000000e+04
3.600000000000000000e+05 1.077600000000000000e+04
3.650000000000000000e+05 1.096800000000000000e+04
3.700000000000000000e+05 1.150400000000000000e+04
3.750000000000000000e+05 1.180400000000000000e+04
3.800000000000000000e+05 1.217300000000000000e+04
3.850000000000000000e+05 1.264200000000000000e+04
3.900000000000000000e+05 1.325300000000000000e+04
3.950000000000000000e+05 1.351400000000000000e+04
4.000000000000000000e+05 1.400600000000000000e+04
4.050000000000000000e+05 1.476100000000000000e+04
4.100000000000000000e+05 1.523800000000000000e+04
4.150000000000000000e+05 1.616800000000000000e+04
4.200000000000000000e+05 1.680800000000000000e+04
4.250000000000000000e+05 1.757900000000000000e+04
4.300000000000000000e+05 1.822200000000000000e+04
4.350000000000000000e+05 1.898300000000000000e+04
4.400000000000000000e+05 1.960800000000000000e+04
4.450000000000000000e+05 2.000800000000000000e+04
4.500000000000000000e+05 2.100600000000000000e+04
4.550000000000000000e+05 2.167700000000000000e+04
4.600000000000000000e+05 2.221700000000000000e+04
4.650000000000000000e+05 2.284200000000000000e+04
4.700000000000000000e+05 2.332300000000000000e+04
4.750000000000000000e+05 2.392800000000000000e+04
4.800000000000000000e+05 2.442300000000000000e+04
4.850000000000000000e+05 2.501000000000000000e+04
4.900000000000000000e+05 2.550000000000000000e+04
4.950000000000000000e+05 2.626000000000000000e+04
5.000000000000000000e+05 2.649800000000000000e+04
5.050000000000000000e+05 2.684200000000000000e+04
5.100000000000000000e+05 2.717800000000000000e+04
5.150000000000000000e+05 2.762000000000000000e+04
5.200000000000000000e+05 2.781000000000000000e+04
5.250000000000000000e+05 2.816300000000000000e+04
5.300000000000000000e+05 2.842600000000000000e+04
5.350000000000000000e+05 2.894400000000000000e+04
5.400000000000000000e+05 2.882900000000000000e+04
5.450000000000000000e+05 2.921300000000000000e+04
5.500000000000000000e+05 2.930200000000000000e+04
5.550000000000000000e+05 2.986500000000000000e+04
5.600000000000000000e+05 2.951900000000000000e+04
5.650000000000000000e+05 2.922300000000000000e+04
5.700000000000000000e+05 2.992100000000000000e+04
5.750000000000000000e+05 2.970100000000000000e+04
5.800000000000000000e+05 2.966000000000000000e+04
5.850000000000000000e+05 2.998800000000000000e+04
5.900000000000000000e+05 2.988100000000000000e+04
5.950000000000000000e+05 2.971600000000000000e+04
6.000000000000000000e+05 2.970500000000000000e+04
6.050000000000000000e+05 3.026200000000000000e+04
6.100000000000000000e+05 2.987100000000000000e+04
6.150000000000000000e+05 2.961500000000000000e+04
6.200000000000000000e+05 2.964500000000000000e+04
6.250000000000000000e+05 2.964700000000000000e+04
6.300000000000000000e+05 2.953100000000000000e+04
6.350000000000000000e+05 2.969100000000000000e+04
6.400000000000000000e+05 2.941200000000000000e+04
6.450000000000000000e+05 2.895500000000000000e+04
6.500000000000000000e+05 2.892300000000000000e+04
6.550000000000000000e+05 2.890900000000000000e+04
6.600000000000000000e+05 2.847400000000000000e+04
6.650000000000000000e+05 2.847800000000000000e+04
6.700000000000000000e+05 2.779100000000000000e+04
6.750000000000000000e+05 2.764000000000000000e+04
6.800000000000000000e+05 2.696000000000000000e+04
6.850000000000000000e+05 2.699600000000000000e+04
6.900000000000000000e+05 2.661600000000000000e+04
6.950000000000000000e+05 2.604100000000000000e+04
7.000000000000000000e+05 2.552600000000000000e+04
7.050000000000000000e+05 2.542100000000000000e+04
7.100000000000000000e+05 2.483000000000000000e+04
7.150000000000000000e+05 2.410700000000000000e+04
7.200000000000000000e+05 2.344000000000000000e+04
7.250000000000000000e+05 2.328900000000000000e+04
7.300000000000000000e+05 2.229400000000000000e+04
7.350000000000000000e+05 2.170900000000000000e+04
7.400000000000000000e+05 2.104000000000000000e+04
7.450000000000000000e+05 2.034000000000000000e+04
7.500000000000000000e+05 1.985500000000000000e+04
7.550000000000000000e+05 1.909200000000000000e+04
7.600000000000000000e+05 1.830000000000000000e+04
7.650000000000000000e+05 1.765500000000000000e+04
7.700000000000000000e+05 1.692900000000000000e+04
7.750000000000000000e+05 1.626300000000000000e+04
7.800000000000000000e+05 1.571900000000000000e+04
7.850000000000000000e+05 1.514600000000000000e+04
7.900000000000000000e+05 1.435000000000000000e+04
7.950000000000000000e+05 1.374900000000000000e+04
8.000000000000000000e+05 1.330200000000000000e+04
8.050000000000000000e+05 1.274100000000000000e+04
8.100000000000000000e+05 1.231600000000000000e+04
8.150000000000000000e+05 1.176900000000000000e+04
8.200000000000000000e+05 1.142200000000000000e+04
8.250000000000000000e+05 1.119100000000000000e+04
8.300000000000000000e+05 1.088500000000000000e+04
8.350000000000000000e+05 1.081900000000000000e+04
8.400000000000000000e+05 1.051800000000000000e+04
8.450000000000000000e+05 1.073100000000000000e+04
8.500000000000000000e+05 1.076400000000000000e+04
8.550000000000000000e+05 1.059200000000000000e+04
8.600000000000000000e+05 1.080300000000000000e+04
8.650000000000000000e+05 1.119200000000000000e+04
8.700000000000000000e+05 1.137300000000000000e+04
8.750000000000000000e+05 1.179800000000000000e+04
8.800000000000000000e+05 1.195800000000000000e+04
8.850000000000000000e+05 1.229200000000000000e+04
8.900000000000000000e+05 1.311600000000000000e+04
8.950000000000000000e+05 1.380300000000000000e+04
9.000000000000000000e+05 1.428600000000000000e+04
9.050000000000000000e+05 1.468400000000000000e+04
9.100000000000000000e+05 1.552700000000000000e+04
9.150000000000000000e+05 1.611800000000000000e+04
9.200000000000000000e+05 1.681600000000000000e+04
9.250000000000000000e+05 1.734100000000000000e+04
9.300000000000000000e+05 1.829000000000000000e+04
9.350000000000000000e+05 1.881400000000000000e+04
9.400000000000000000e+05 1.965300000000000000e+04
9.450000000000000000e+05 1.996200000000000000e+04
9.500000000000000000e+05 2.113700000000000000e+04
9.550000000000000000e+05 2.163400000000000000e+04
9.600000000000000000e+05 2.247100000000000000e+04
9.650000000000000000e+05 2.285200000000000000e+04
9.700000000000000000e+05 2.358700000000000000e+04
9.750000000000000000e+05 2.422500000000000000e+04
9.800000000000000000e+05 2.450800000000000000e+04
9.850000000000000000e+05 2.505600000000000000e+04
9.900000000000000000e+05 2.572700000000000000e+04
9.950000000000000000e+05 2.583900000000000000e+04
