0.000000000000000000e+00 4.786800000000000000e+04
1.000000000000000000e+04 4.980300000000000000e+04
2.000000000000000000e+04 5.027300000000000000e+04
3.000000000000000000e+04 5.013400000000000000e+04
4.000000000000000000e+04 5.097100000000000000e+04
5.000000000000000000e+04 5.124800000000000000e+04
6.000000000000000000e+04 5.153300000000000000e+04
7.000000000000000000e+04 5.222100000000000000e+04
8.000000000000000000e+04 5.257400000000000000e+04
9.000000000000000000e+04 5.240700000000000000e+04
1.000000000000000000e+05 5.243700000000000000e+04
1.100000000000000000e+05 5.298600000000000000e+04
1.200000000000000000e+05 5.342300000000000000e+04
1.300000000000000000e+05 5.308000000000000000e+04
1.400000000000000000e+05 5.336900000000000000e+04
1.500000000000000000e+05 5.337800000000000000e+04
1.600000000000000000e+05 5.362200000000000000e+04
1.700000000000000000e+05 5.382900000000000000e+04
1.800000000000000000e+05 5.389000000000000000e+04
1.900000000000000000e+05 5.368700000000000000e+04
2.000000000000000000e+05 5.423200000000000000e+04
2.100000000000000000e+05 5.328000000000000000e+04
2.200000000000000000e+05 5.376400000000000000e+04
2.300000000000000000e+05 5.338300000000000000e+04
2.400000000000000000e+05 5.346000000000000000e+04
2.500000000000000000e+05 5.330800000000000000e+04
2.600000000000000000e+05 5.325300000000000000e+04
2.700000000000000000e+05 5.302000000000000000e+04
2.800000000000000000e+05 5.247600000000000000e+04
2.900000000000000000e+05 5.228300000000000000e+04
3.000000000000000000e+05 5.156200000000000000e+04
3.100000000000000000e+05 5.208400000000000000e+04
3.200000000000000000e+05 5.112100000000000000e+04
3.300000000000000000e+05 5.071500000000000000e+04
3.400000000000000000e+05 4.966700000000000000e+04
3.500000000000000000e+05 4.969500000000000000e+04
3.600000000000000000e+05 4.850700000000000000e+04
3.700000000000000000e+05 4.815300000000000000e+04
3.800000000000000000e+05 4.742300000000000000e+04
3.900000000000000000e+05 4.683300000000000000e+04
4.000000000000000000e+05 4.564100000000000000e+04
4.100000000000000000e+05 4.461900000000000000e+04
4.200000000000000000e+05 4.381000000000000000e+04
4.300000000000000000e+05 4.298100000000000000e+04
4.400000000000000000e+05 4.199000000000000000e+04
4.500000000000000000e+05 4.074400000000000000e+04
4.600000000000000000e+05 3.982100000000000000e+04
4.700000000000000000e+05 3.872000000000000000e+04
4.800000000000000000e+05 3.712800000000000000e+04
4.900000000000000000e+05 3.598400000000000000e+04
5.000000000000000000e+05 3.496000000000000000e+04
5.100000000000000000e+05 3.341400000000000000e+04
5.200000000000000000e+05 3.261800000000000000e+04
5.300000000000000000e+05 3.119100000000000000e+04
5.400000000000000000e+05 2.964600000000000000e+04
5.500000000000000000e+05 2.856700000000000000e+04
5.600000000000000000e+05 2.734400000000000000e+04
5.700000000000000000e+05 2.621800000000000000e+04
5.800000000000000000e+05 2.526000000000000000e+04
5.900000000000000000e+05 2.383600000000000000e+04
6.000000000000000000e+05 2.302200000000000000e+04
6.100000000000000000e+05 2.154400000000000000e+04
6.200000000000000000e+05 2.132900000000000000e+04
6.300000000000000000e+05 2.016300000000000000e+04
6.400000000000000000e+05 1.965600000000000000e+04
6.500000000000000000e+05 1.896700000000000000e+04
6.600000000000000000e+05 1.876700000000000000e+04
6.700000000000000000e+05 1.801200000000000000e+04
6.800000000000000000e+05 1.808700000000000000e+04
6.900000000000000000e+05 1.812400000000000000e+04
7.000000000000000000e+05 1.804900000000000000e+04
7.100000000000000000e+05 1.795000000000000000e+04
7.200000000000000000e+05 1.841000000000000000e+04
7.300000000000000000e+05 1.883700000000000000e+04
7.400000000000000000e+05 1.914500000000000000e+04
7.500000000000000000e+05 2.003500000000000000e+04
7.600000000000000000e+05 2.052100000000000000e+04
7.700000000000000000e+05 2.139700000000000000e+04
7.800000000000000000e+05 2.245500000000000000e+04
7.900000000000000000e+05 2.346200000000000000e+04
8.000000000000000000e+05 2.451600000000000000e+04
8.100000000000000000e+05 2.519500000000000000e+04
8.200000000000000000e+05 2.687100000000000000e+04
8.300000000000000000e+05 2.787800000000000000e+04
8.400000000000000000e+05 2.895300000000000000e+04
8.500000000000000000e+05 3.043300000000000000e+04
8.600000000000000000e+05 3.191300000000000000e+04
8.700000000000000000e+05 3.316700000000000000e+04
8.800000000000000000e+05 3.405100000000000000e+04
8.900000000000000000e+05 3.544600000000000000e+04
9.000000000000000000e+05 3.704200000000000000e+04
9.100000000000000000e+05 3.791000000000000000e+04
9.200000000000000000e+05 3.908500000000000000e+04
9.300000000000000000e+05 4.023300000000000000e+04
9.400000000000000000e+05 4.127000000000000000e+04
9.500000000000000000e+05 4.256200000000000000e+04
9.600000000000000000e+05 4.336800000000000000e+04
9.700000000000000000e+05 4.441800000000000000e+04
9.800000000000000000e+05 4.514400000000000000e+04
9.900000000000000000e+05 4.638100000000000000e+04
1.000000000000000000e+06 4.682300000000000000e+04
1.010000000000000000e+06 4.767400000000000000e+04
1.020000000000000000e+06 4.856900000000000000e+04
1.030000000000000000e+06 4.931100000000000000e+04
1.040000000000000000e+06 4.984800000000000000e+04
1.050000000000000000e+06 5.025100000000000000e+04
1.060000000000000000e+06 5.074900000000000000e+04
1.070000000000000000e+06 5.131400000000000000e+04
1.080000000000000000e+06 5.177000000000000000e+04
1.090000000000000000e+06 5.213400000000000000e+04
1.100000000000000000e+06 5.251700000000000000e+04
1.110000000000000000e+06 5.260800000000000000e+04
1.120000000000000000e+06 5.313700000000000000e+04
1.130000000000000000e+06 5.278300000000000000e+04
1.140000000000000000e+06 5.340900000000000000e+04
1.150000000000000000e+06 5.373600000000000000e+04
1.160000000000000000e+06 5.361000000000000000e+04
1.170000000000000000e+06 5.420600000000000000e+04
1.180000000000000000e+06 5.377700000000000000e+04
1.190000000000000000e+06 5.332100000000000000e+04
1.200000000000000000e+06 5.406900000000000000e+04
1.210000000000000000e+06 5.328700000000000000e+04
1.220000000000000000e+06 5.350600000000000000e+04
1.230000000000000000e+06 5.332100000000000000e+04
1.240000000000000000e+06 5.291200000000000000e+04
1.250000000000000000e+06 5.298500000000000000e+04
1.260000000000000000e+06 5.312900000000000000e+04
1.270000000000000000e+06 5.236200000000000000e+04
1.280000000000000000e+06 5.220600000000000000e+04
1.290000000000000000e+06 5.216400000000000000e+04
1.300000000000000000e+06 5.160000000000000000e+04
1.310000000000000000e+06 5.149500000000000000e+04
1.320000000000000000e+06 5.074300000000000000e+04
1.330000000000000000e+06 5.081100000000000000e+04
1.340000000000000000e+06 4.973200000000000000e+04
1.350000000000000000e+06 4.941300000000000000e+04
1.360000000000000000e+06 4.861800000000000000e+04
1.370000000000000000e+06 4.803800000000000000e+04
1.380000000000000000e+06 4.736600000000000000e+04
1.390000000000000000e+06 4.664600000000000000e+04
1.400000000000000000e+06 4.551800000000000000e+04
1.410000000000000000e+06 4.492000000000000000e+04
1.420000000000000000e+06 4.389700000000000000e+04
1.430000000000000000e+06 4.341600000000000000e+04
1.440000000000000000e+06 4.163600000000000000e+04
1.450000000000000000e+06 4.073600000000000000e+04
1.460000000000000000e+06 3.941500000000000000e+04
1.470000000000000000e+06 3.867600000000000000e+04
1.480000000000000000e+06 3.714100000000000000e+04
1.490000000000000000e+06 3.627300000000000000e+04
1.500000000000000000e+06 3.535200000000000000e+04
1.510000000000000000e+06 3.358100000000000000e+04
1.520000000000000000e+06 3.220400000000000000e+04
1.530000000000000000e+06 3.105600000000000000e+04
1.540000000000000000e+06 2.965800000000000000e+04
1.550000000000000000e+06 2.840400000000000000e+04
1.560000000000000000e+06 2.712500000000000000e+04
1.570000000000000000e+06 2.625500000000000000e+04
1.580000000000000000e+06 2.536800000000000000e+04
1.590000000000000000e+06 2.374100000000000000e+04
1.600000000000000000e+06 2.285100000000000000e+04
1.610000000000000000e+06 2.184800000000000000e+04
1.620000000000000000e+06 2.093600000000000000e+04
1.630000000000000000e+06 2.052100000000000000e+04
1.640000000000000000e+06 1.968900000000000000e+04
1.650000000000000000e+06 1.930300000000000000e+04
1.660000000000000000e+06 1.855900000000000000e+04
1.670000000000000000e+06 1.806300000000000000e+04
1.680000000000000000e+06 1.814700000000000000e+04
1.690000000000000000e+06 1.779400000000000000e+04
1.700000000000000000e+06 1.795500000000000000e+04
1.710000000000000000e+06 1.825300000000000000e+04
1.720000000000000000e+06 1.842900000000000000e+04
1.730000000000000000e+06 1.857000000000000000e+04
1.740000000000000000e+06 1.938000000000000000e+04
1.750000000000000000e+06 2.003100000000000000e+04
1.760000000000000000e+06 2.059800000000000000e+04
1.770000000000000000e+06 2.153400000000000000e+04
1.780000000000000000e+06 2.235700000000000000e+04
1.790000000000000000e+06 2.347100000000000000e+04
1.800000000000000000e+06 2.443900000000000000e+04
1.810000000000000000e+06 2.544900000000000000e+04
1.820000000000000000e+06 2.676900000000000000e+04
1.830000000000000000e+06 2.789800000000000000e+04
1.840000000000000000e+06 2.918700000000000000e+04
1.850000000000000000e+06 3.036100000000000000e+04
1.860000000000000000e+06 3.191500000000000000e+04
1.870000000000000000e+06 3.288500000000000000e+04
1.880000000000000000e+06 3.440000000000000000e+04
1.890000000000000000e+06 3.571200000000000000e+04
1.900000000000000000e+06 3.679100000000000000e+04
1.910000000000000000e+06 3.819000000000000000e+04
1.920000000000000000e+06 3.907100000000000000e+04
1.930000000000000000e+06 4.066700000000000000e+04
1.940000000000000000e+06 4.148800000000000000e+04
1.950000000000000000e+06 4.279500000000000000e+04
1.960000000000000000e+06 4.336300000000000000e+04
1.970000000000000000e+06 4.480300000000000000e+04
1.980000000000000000e+06 4.586300000000000000e+04
1.990000000000000000e+06 4.659600000000000000e+04
