0.000000000000000000e+00 2.357300000000000000e+04
2.000000000000000000e+03 2.393500000000000000e+04
4.000000000000000000e+03 2.430400000000000000e+04
6.000000000000000000e+03 2.470300000000000000e+04
8.000000000000000000e+03 2.465500000000000000e+04
1.000000000000000000e+04 2.502500000000000000e+04
1.200000000000000000e+04 2.537800000000000000e+04
1.400000000000000000e+04 2.552200000000000000e+04
1.600000000000000000e+04 2.536000000000000000e+04
1.800000000000000000e+04 2.604200000000000000e+04
2.000000000000000000e+04 2.586900000000000000e+04
2.200000000000000000e+04 2.598900000000000000e+04
2.400000000000000000e+04 2.649500000000000000e+04
2.600000000000000000e+04 2.629900000000000000e+04
2.800000000000000000e+04 2.643500000000000000e+04
3.000000000000000000e+04 2.628500000000000000e+04
3.200000000000000000e+04 2.670900000000000000e+04
3.400000000000000000e+04 2.650500000000000000e+04
3.600000000000000000e+04 2.662300000000000000e+04
3.800000000000000000e+04 2.649400000000000000e+04
4.000000000000000000e+04 2.653400000000000000e+04
4.200000000000000000e+04 2.653200000000000000e+04
4.400000000000000000e+04 2.646000000000000000e+04
4.600000000000000000e+04 2.665000000000000000e+04
4.800000000000000000e+04 2.643000000000000000e+04
5.000000000000000000e+04 2.634900000000000000e+04
5.200000000000000000e+04 2.621500000000000000e+04
5.400000000000000000e+04 2.601400000000000000e+04
5.600000000000000000e+04 2.627300000000000000e+04
5.800000000000000000e+04 2.600600000000000000e+04
6.000000000000000000e+04 2.572300000000000000e+04
6.200000000000000000e+04 2.566300000000000000e+04
6.400000000000000000e+04 2.519500000000000000e+04
6.600000000000000000e+04 2.480200000000000000e+04
6.800000000000000000e+04 2.466400000000000000e+04
7.000000000000000000e+04 2.450000000000000000e+04
7.200000000000000000e+04 2.458700000000000000e+04
7.400000000000000000e+04 2.390200000000000000e+04
7.600000000000000000e+04 2.348000000000000000e+04
7.800000000000000000e+04 2.320200000000000000e+04
8.000000000000000000e+04 2.278900000000000000e+04
8.200000000000000000e+04 2.235900000000000000e+04
8.400000000000000000e+04 2.187800000000000000e+04
8.600000000000000000e+04 2.137300000000000000e+04
8.800000000000000000e+04 2.095000000000000000e+04
9.000000000000000000e+04 2.051700000000000000e+04
9.200000000000000000e+04 1.990900000000000000e+04
9.400000000000000000e+04 1.921800000000000000e+04
9.600000000000000000e+04 1.905400000000000000e+04
9.800000000000000000e+04 1.835100000000000000e+04
1.000000000000000000e+05 1.762500000000000000e+04
1.020000000000000000e+05 1.713400000000000000e+04
1.040000000000000000e+05 1.661100000000000000e+04
1.060000000000000000e+05 1.609100000000000000e+04
1.080000000000000000e+05 1.532700000000000000e+04
1.100000000000000000e+05 1.492400000000000000e+04
1.120000000000000000e+05 1.436500000000000000e+04
1.140000000000000000e+05 1.353500000000000000e+04
1.160000000000000000e+05 1.305300000000000000e+04
1.180000000000000000e+05 1.263700000000000000e+04
1.200000000000000000e+05 1.228500000000000000e+04
1.220000000000000000e+05 1.172400000000000000e+04
1.240000000000000000e+05 1.129200000000000000e+04
1.260000000000000000e+05 1.078900000000000000e+04
1.280000000000000000e+05 1.074300000000000000e+04
1.300000000000000000e+05 1.039200000000000000e+04
1.320000000000000000e+05 1.016800000000000000e+04
1.340000000000000000e+05 9.979000000000000000e+03
1.360000000000000000e+05 1.017300000000000000e+04
1.380000000000000000e+05 9.705000000000000000e+03
1.400000000000000000e+05 1.007000000000000000e+04
1.420000000000000000e+05 9.811000000000000000e+03
1.440000000000000000e+05 1.014300000000000000e+04
1.460000000000000000e+05 1.027900000000000000e+04
1.480000000000000000e+05 1.072500000000000000e+04
1.500000000000000000e+05 1.100800000000000000e+04
1.520000000000000000e+05 1.114900000000000000e+04
1.540000000000000000e+05 1.151400000000000000e+04
1.560000000000000000e+05 1.190200000000000000e+04
1.580000000000000000e+05 1.252600000000000000e+04
1.600000000000000000e+05 1.291500000000000000e+04
1.620000000000000000e+05 1.355500000000000000e+04
1.640000000000000000e+05 1.385800000000000000e+04
1.660000000000000000e+05 1.444600000000000000e+04
1.680000000000000000e+05 1.531900000000000000e+04
1.700000000000000000e+05 1.558500000000000000e+04
1.720000000000000000e+05 1.615100000000000000e+04
1.740000000000000000e+05 1.712100000000000000e+04
1.760000000000000000e+05 1.786400000000000000e+04
1.780000000000000000e+05 1.804800000000000000e+04
1.800000000000000000e+05 1.904700000000000000e+04
1.820000000000000000e+05 1.911300000000000000e+04
1.840000000000000000e+05 1.999600000000000000e+04
1.860000000000000000e+05 2.044900000000000000e+04
1.880000000000000000e+05 2.083000000000000000e+04
1.900000000000000000e+05 2.137100000000000000e+04
1.920000000000000000e+05 2.206900000000000000e+04
1.940000000000000000e+05 2.238900000000000000e+04
1.960000000000000000e+05 2.271200000000000000e+04
1.980000000000000000e+05 2.314300000000000000e+04
2.000000000000000000e+05 2.336900000000000000e+04
2.020000000000000000e+05 2.386700000000000000e+04
2.040000000000000000e+05 2.413400000000000000e+04
2.060000000000000000e+05 2.448100000000000000e+04
2.080000000000000000e+05 2.466600000000000000e+04
2.100000000000000000e+05 2.488000000000000000e+04
2.120000000000000000e+05 2.528800000000000000e+04
2.140000000000000000e+05 2.570300000000000000e+04
2.160000000000000000e+05 2.540300000000000000e+04
2.180000000000000000e+05 2.590200000000000000e+04
2.200000000000000000e+05 2.594400000000000000e+04
2.220000000000000000e+05 2.607300000000000000e+04
2.240000000000000000e+05 2.647500000000000000e+04
2.260000000000000000e+05 2.639100000000000000e+04
2.280000000000000000e+05 2.655700000000000000e+04
2.300000000000000000e+05 2.641500000000000000e+04
2.320000000000000000e+05 2.629800000000000000e+04
2.340000000000000000e+05 2.665200000000000000e+04
2.360000000000000000e+05 2.702700000000000000e+04
2.380000000000000000e+05 2.641500000000000000e+04
2.400000000000000000e+05 2.643000000000000000e+04
2.420000000000000000e+05 2.667400000000000000e+04
2.440000000000000000e+05 2.650200000000000000e+04
2.460000000000000000e+05 2.655200000000000000e+04
2.480000000000000000e+05 2.665200000000000000e+04
2.500000000000000000e+05 2.632300000000000000e+04
2.520000000000000000e+05 2.632700000000000000e+04
2.540000000000000000e+05 2.612000000000000000e+04
2.560000000000000000e+05 2.595700000000000000e+04
2.580000000000000000e+05 2.631200000000000000e+04
2.600000000000000000e+05 2.573100000000000000e+04
2.620000000000000000e+05 2.551400000000000000e+04
2.640000000000000000e+05 2.520700000000000000e+04
2.660000000000000000e+05 2.499600000000000000e+04
2.680000000000000000e+05 2.513800000000000000e+04
2.700000000000000000e+05 2.426700000000000000e+04
2.720000000000000000e+05 2.450000000000000000e+04
2.740000000000000000e+05 2.406700000000000000e+04
2.760000000000000000e+05 2.359500000000000000e+04
2.780000000000000000e+05 2.342300000000000000e+04
2.800000000000000000e+05 2.282600000000000000e+04
2.820000000000000000e+05 2.235800000000000000e+04
2.840000000000000000e+05 2.213500000000000000e+04
2.860000000000000000e+05 2.125800000000000000e+04
2.880000000000000000e+05 2.082900000000000000e+04
2.900000000000000000e+05 2.038100000000000000e+04
2.920000000000000000e+05 1.995500000000000000e+04
2.940000000000000000e+05 1.977400000000000000e+04
2.960000000000000000e+05 1.873900000000000000e+04
2.980000000000000000e+05 1.838400000000000000e+04
3.000000000000000000e+05 1.788100000000000000e+04
3.020000000000000000e+05 1.735100000000000000e+04
3.040000000000000000e+05 1.671600000000000000e+04
3.060000000000000000e+05 1.597800000000000000e+04
3.080000000000000000e+05 1.535700000000000000e+04
3.100000000000000000e+05 1.497000000000000000e+04
3.120000000000000000e+05 1.427000000000000000e+04
3.140000000000000000e+05 1.375200000000000000e+04
3.160000000000000000e+05 1.324100000000000000e+04
3.180000000000000000e+05 1.276500000000000000e+04
3.200000000000000000e+05 1.213000000000000000e+04
3.220000000000000000e+05 1.177500000000000000e+04
3.240000000000000000e+05 1.145800000000000000e+04
3.260000000000000000e+05 1.072500000000000000e+04
3.280000000000000000e+05 1.070200000000000000e+04
3.300000000000000000e+05 1.046100000000000000e+04
3.320000000000000000e+05 1.031900000000000000e+04
3.340000000000000000e+05 1.002200000000000000e+04
3.360000000000000000e+05 1.008500000000000000e+04
3.380000000000000000e+05 9.839000000000000000e+03
3.400000000000000000e+05 9.963000000000000000e+03
3.420000000000000000e+05 1.000400000000000000e+04
3.440000000000000000e+05 1.000700000000000000e+04
3.460000000000000000e+05 1.037800000000000000e+04
3.480000000000000000e+05 1.037600000000000000e+04
3.500000000000000000e+05 1.080000000000000000e+04
3.520000000000000000e+05 1.121300000000000000e+04
3.540000000000000000e+05 1.142500000000000000e+04
3.560000000000000000e+05 1.200700000000000000e+04
3.580000000000000000e+05 1.235400000000000000e+04
3.600000000000000000e+05 1.299300000000000000e+04
3.620000000000000000e+05 1.331600000000000000e+04
3.640000000000000000e+05 1.398000000000000000e+04
3.660000000000000000e+05 1.456800000000000000e+04
3.680000000000000000e+05 1.519400000000000000e+04
3.700000000000000000e+05 1.592000000000000000e+04
3.720000000000000000e+05 1.636400000000000000e+04
3.740000000000000000e+05 1.719700000000000000e+04
3.760000000000000000e+05 1.724000000000000000e+04
3.780000000000000000e+05 1.804200000000000000e+04
3.800000000000000000e+05 1.895800000000000000e+04
3.820000000000000000e+05 1.926900000000000000e+04
3.840000000000000000e+05 2.014500000000000000e+04
3.860000000000000000e+05 2.044300000000000000e+04
3.880000000000000000e+05 2.110800000000000000e+04
3.900000000000000000e+05 2.154300000000000000e+04
3.920000000000000000e+05 2.202400000000000000e+04
3.940000000000000000e+05 2.241000000000000000e+04
3.960000000000000000e+05 2.283500000000000000e+04
3.980000000000000000e+05 2.284800000000000000e+04
