0.000000000000000000e+00 1.635300000000000000e+04
3.300000000000000000e+01 1.661000000000000000e+04
6.600000000000000000e+01 1.711100000000000000e+04
9.900000000000000000e+01 1.732000000000000000e+04
1.320000000000000000e+02 1.766100000000000000e+04
1.650000000000000000e+02 1.787200000000000000e+04
1.980000000000000000e+02 1.811400000000000000e+04
2.310000000000000000e+02 1.797700000000000000e+04
2.640000000000000000e+02 1.846300000000000000e+04
2.970000000000000000e+02 1.846800000000000000e+04
3.300000000000000000e+02 1.878200000000000000e+04
3.630000000000000000e+02 1.892100000000000000e+04
3.960000000000000000e+02 1.901800000000000000e+04
4.290000000000000000e+02 1.915800000000000000e+04
4.620000000000000000e+02 1.937200000000000000e+04
4.950000000000000000e+02 1.956500000000000000e+04
5.280000000000000000e+02 1.928600000000000000e+04
5.610000000000000000e+02 1.977100000000000000e+04
5.940000000000000000e+02 1.983600000000000000e+04
6.270000000000000000e+02 1.949700000000000000e+04
6.600000000000000000e+02 1.937300000000000000e+04
6.930000000000000000e+02 1.953600000000000000e+04
7.260000000000000000e+02 1.971800000000000000e+04
7.590000000000000000e+02 1.973700000000000000e+04
7.920000000000000000e+02 1.960900000000000000e+04
8.250000000000000000e+02 1.951500000000000000e+04
8.580000000000000000e+02 1.941600000000000000e+04
8.910000000000000000e+02 1.926300000000000000e+04
9.240000000000000000e+02 1.958100000000000000e+04
9.570000000000000000e+02 1.938700000000000000e+04
9.900000000000000000e+02 1.912600000000000000e+04
1.023000000000000000e+03 1.888400000000000000e+04
1.056000000000000000e+03 1.931400000000000000e+04
1.089000000000000000e+03 1.912100000000000000e+04
1.122000000000000000e+03 1.889500000000000000e+04
1.155000000000000000e+03 1.848900000000000000e+04
1.188000000000000000e+03 1.856700000000000000e+04
1.221000000000000000e+03 1.839900000000000000e+04
1.254000000000000000e+03 1.821100000000000000e+04
1.287000000000000000e+03 1.801900000000000000e+04
1.320000000000000000e+03 1.760900000000000000e+04
1.353000000000000000e+03 1.755600000000000000e+04
1.386000000000000000e+03 1.712000000000000000e+04
1.419000000000000000e+03 1.692200000000000000e+04
1.452000000000000000e+03 1.651300000000000000e+04
1.485000000000000000e+03 1.642500000000000000e+04
1.518000000000000000e+03 1.599200000000000000e+04
1.551000000000000000e+03 1.576300000000000000e+04
1.584000000000000000e+03 1.556000000000000000e+04
1.617000000000000000e+03 1.499700000000000000e+04
1.650000000000000000e+03 1.462800000000000000e+04
1.683000000000000000e+03 1.426400000000000000e+04
1.716000000000000000e+03 1.410400000000000000e+04
1.749000000000000000e+03 1.374200000000000000e+04
1.782000000000000000e+03 1.307700000000000000e+04
1.815000000000000000e+03 1.275700000000000000e+04
1.848000000000000000e+03 1.220600000000000000e+04
1.881000000000000000e+03 1.190800000000000000e+04
1.914000000000000000e+03 1.153800000000000000e+04
1.947000000000000000e+03 1.104800000000000000e+04
1.980000000000000000e+03 1.076100000000000000e+04
2.013000000000000000e+03 1.046400000000000000e+04
2.046000000000000000e+03 1.009400000000000000e+04
2.079000000000000000e+03 9.776000000000000000e+03
2.112000000000000000e+03 9.422000000000000000e+03
2.145000000000000000e+03 9.148000000000000000e+03
2.178000000000000000e+03 9.006000000000000000e+03
2.211000000000000000e+03 8.873000000000000000e+03
2.244000000000000000e+03 8.530000000000000000e+03
2.277000000000000000e+03 8.301000000000000000e+03
2.310000000000000000e+03 8.226000000000000000e+03
2.343000000000000000e+03 8.118000000000000000e+03
2.376000000000000000e+03 7.805000000000000000e+03
2.409000000000000000e+03 7.886000000000000000e+03
2.442000000000000000e+03 7.796000000000000000e+03
2.475000000000000000e+03 7.753000000000000000e+03
2.508000000000000000e+03 7.882000000000000000e+03
2.541000000000000000e+03 8.058000000000000000e+03
2.574000000000000000e+03 8.027000000000000000e+03
2.607000000000000000e+03 8.163000000000000000e+03
2.640000000000000000e+03 8.198000000000000000e+03
2.673000000000000000e+03 8.400000000000000000e+03
2.706000000000000000e+03 8.519000000000000000e+03
2.739000000000000000e+03 9.076000000000000000e+03
2.772000000000000000e+03 9.212000000000000000e+03
2.805000000000000000e+03 9.614000000000000000e+03
2.838000000000000000e+03 9.829000000000000000e+03
2.871000000000000000e+03 1.046000000000000000e+04
2.904000000000000000e+03 1.085700000000000000e+04
2.937000000000000000e+03 1.113000000000000000e+04
2.970000000000000000e+03 1.169000000000000000e+04
3.003000000000000000e+03 1.199100000000000000e+04
3.036000000000000000e+03 1.251700000000000000e+04
3.069000000000000000e+03 1.308600000000000000e+04
3.102000000000000000e+03 1.347100000000000000e+04
3.135000000000000000e+03 1.363600000000000000e+04
3.168000000000000000e+03 1.447200000000000000e+04
3.201000000000000000e+03 1.495000000000000000e+04
3.234000000000000000e+03 1.531100000000000000e+04
3.267000000000000000e+03 1.542400000000000000e+04
3.300000000000000000e+03 1.609800000000000000e+04
3.333000000000000000e+03 1.646800000000000000e+04
3.366000000000000000e+03 1.681000000000000000e+04
3.399000000000000000e+03 1.715900000000000000e+04
3.432000000000000000e+03 1.747100000000000000e+04
3.465000000000000000e+03 1.749900000000000000e+04
3.498000000000000000e+03 1.782300000000000000e+04
3.531000000000000000e+03 1.803400000000000000e+04
3.564000000000000000e+03 1.827400000000000000e+04
3.597000000000000000e+03 1.859100000000000000e+04
3.630000000000000000e+03 1.876400000000000000e+04
3.663000000000000000e+03 1.884900000000000000e+04
3.696000000000000000e+03 1.908900000000000000e+04
3.729000000000000000e+03 1.920800000000000000e+04
3.762000000000000000e+03 1.923000000000000000e+04
3.795000000000000000e+03 1.924400000000000000e+04
3.828000000000000000e+03 1.965700000000000000e+04
3.861000000000000000e+03 1.972300000000000000e+04
3.894000000000000000e+03 1.955400000000000000e+04
3.927000000000000000e+03 1.962900000000000000e+04
3.960000000000000000e+03 1.964700000000000000e+04
3.993000000000000000e+03 1.976500000000000000e+04
4.026000000000000000e+03 1.983300000000000000e+04
4.059000000000000000e+03 1.967000000000000000e+04
4.092000000000000000e+03 1.969700000000000000e+04
4.125000000000000000e+03 1.981500000000000000e+04
4.158000000000000000e+03 1.966500000000000000e+04
4.191000000000000000e+03 1.941800000000000000e+04
4.224000000000000000e+03 1.941600000000000000e+04
4.257000000000000000e+03 1.932000000000000000e+04
4.290000000000000000e+03 1.925800000000000000e+04
4.323000000000000000e+03 1.947100000000000000e+04
4.356000000000000000e+03 1.922700000000000000e+04
4.389000000000000000e+03 1.909800000000000000e+04
4.422000000000000000e+03 1.915300000000000000e+04
4.455000000000000000e+03 1.900900000000000000e+04
4.488000000000000000e+03 1.875000000000000000e+04
4.521000000000000000e+03 1.870600000000000000e+04
4.554000000000000000e+03 1.856700000000000000e+04
4.587000000000000000e+03 1.841000000000000000e+04
4.620000000000000000e+03 1.795400000000000000e+04
4.653000000000000000e+03 1.767800000000000000e+04
4.686000000000000000e+03 1.735200000000000000e+04
4.719000000000000000e+03 1.701800000000000000e+04
4.752000000000000000e+03 1.689800000000000000e+04
4.785000000000000000e+03 1.661300000000000000e+04
4.818000000000000000e+03 1.625500000000000000e+04
4.851000000000000000e+03 1.600900000000000000e+04
4.884000000000000000e+03 1.563800000000000000e+04
4.917000000000000000e+03 1.539500000000000000e+04
4.950000000000000000e+03 1.480800000000000000e+04
4.983000000000000000e+03 1.459300000000000000e+04
5.016000000000000000e+03 1.418500000000000000e+04
5.049000000000000000e+03 1.403500000000000000e+04
5.082000000000000000e+03 1.358800000000000000e+04
5.115000000000000000e+03 1.320700000000000000e+04
5.148000000000000000e+03 1.282200000000000000e+04
5.181000000000000000e+03 1.201800000000000000e+04
5.214000000000000000e+03 1.198200000000000000e+04
5.247000000000000000e+03 1.171400000000000000e+04
5.280000000000000000e+03 1.124300000000000000e+04
5.313000000000000000e+03 1.093200000000000000e+04
5.346000000000000000e+03 1.054800000000000000e+04
5.379000000000000000e+03 1.008100000000000000e+04
5.412000000000000000e+03 9.583000000000000000e+03
5.445000000000000000e+03 9.596000000000000000e+03
5.478000000000000000e+03 9.321000000000000000e+03
5.511000000000000000e+03 8.883000000000000000e+03
5.544000000000000000e+03 8.682000000000000000e+03
5.577000000000000000e+03 8.446000000000000000e+03
5.610000000000000000e+03 8.343000000000000000e+03
5.643000000000000000e+03 8.147000000000000000e+03
5.676000000000000000e+03 7.945000000000000000e+03
5.709000000000000000e+03 7.830000000000000000e+03
5.742000000000000000e+03 7.858000000000000000e+03
5.775000000000000000e+03 7.674000000000000000e+03
5.808000000000000000e+03 7.809000000000000000e+03
5.841000000000000000e+03 7.613000000000000000e+03
5.874000000000000000e+03 7.695000000000000000e+03
5.907000000000000000e+03 8.023000000000000000e+03
5.940000000000000000e+03 7.887000000000000000e+03
5.973000000000000000e+03 8.100000000000000000e+03
6.006000000000000000e+03 8.284000000000000000e+03
6.039000000000000000e+03 8.744000000000000000e+03
6.072000000000000000e+03 8.998000000000000000e+03
6.105000000000000000e+03 9.281000000000000000e+03
6.138000000000000000e+03 9.739000000000000000e+03
6.171000000000000000e+03 9.955000000000000000e+03
6.204000000000000000e+03 1.044800000000000000e+04
6.237000000000000000e+03 1.081000000000000000e+04
6.270000000000000000e+03 1.124500000000000000e+04
6.303000000000000000e+03 1.173500000000000000e+04
6.336000000000000000e+03 1.222200000000000000e+04
6.369000000000000000e+03 1.243400000000000000e+04
6.402000000000000000e+03 1.307000000000000000e+04
6.435000000000000000e+03 1.358000000000000000e+04
6.468000000000000000e+03 1.387300000000000000e+04
6.501000000000000000e+03 1.465300000000000000e+04
6.534000000000000000e+03 1.474800000000000000e+04
6.567000000000000000e+03 1.526700000000000000e+04
6.600000000000000000e+03 1.557900000000000000e+04
6.633000000000000000e+03 1.617800000000000000e+04
