0.000000000000000000e+00 1.264200000000000000e+04
1.400000000000000000e+01 1.304700000000000000e+04
2.800000000000000000e+01 1.334600000000000000e+04
4.200000000000000000e+01 1.363600000000000000e+04
5.600000000000000000e+01 1.419500000000000000e+04
7.000000000000000000e+01 1.445900000000000000e+04
8.400000000000000000e+01 1.462300000000000000e+04
9.800000000000000000e+01 1.492400000000000000e+04
1.120000000000000000e+02 1.490300000000000000e+04
1.260000000000000000e+02 1.550200000000000000e+04
1.400000000000000000e+02 1.544400000000000000e+04
1.540000000000000000e+02 1.569300000000000000e+04
1.680000000000000000e+02 1.597700000000000000e+04
1.820000000000000000e+02 1.597600000000000000e+04
1.960000000000000000e+02 1.603800000000000000e+04
2.100000000000000000e+02 1.633400000000000000e+04
2.240000000000000000e+02 1.660600000000000000e+04
2.380000000000000000e+02 1.647100000000000000e+04
2.520000000000000000e+02 1.663700000000000000e+04
2.660000000000000000e+02 1.678100000000000000e+04
2.800000000000000000e+02 1.676800000000000000e+04
2.940000000000000000e+02 1.691000000000000000e+04
3.080000000000000000e+02 1.676800000000000000e+04
3.220000000000000000e+02 1.669300000000000000e+04
3.360000000000000000e+02 1.697300000000000000e+04
3.500000000000000000e+02 1.703100000000000000e+04
3.640000000000000000e+02 1.689700000000000000e+04
3.780000000000000000e+02 1.701900000000000000e+04
3.920000000000000000e+02 1.686100000000000000e+04
4.060000000000000000e+02 1.682100000000000000e+04
4.200000000000000000e+02 1.664300000000000000e+04
4.340000000000000000e+02 1.657600000000000000e+04
4.480000000000000000e+02 1.678600000000000000e+04
4.620000000000000000e+02 1.655900000000000000e+04
4.760000000000000000e+02 1.652100000000000000e+04
4.900000000000000000e+02 1.648600000000000000e+04
5.040000000000000000e+02 1.632400000000000000e+04
5.180000000000000000e+02 1.630800000000000000e+04
5.320000000000000000e+02 1.609400000000000000e+04
5.460000000000000000e+02 1.585500000000000000e+04
5.600000000000000000e+02 1.574600000000000000e+04
5.740000000000000000e+02 1.528000000000000000e+04
5.880000000000000000e+02 1.543000000000000000e+04
6.020000000000000000e+02 1.501900000000000000e+04
6.160000000000000000e+02 1.481200000000000000e+04
6.300000000000000000e+02 1.444900000000000000e+04
6.440000000000000000e+02 1.466600000000000000e+04
6.580000000000000000e+02 1.437500000000000000e+04
6.720000000000000000e+02 1.401200000000000000e+04
6.860000000000000000e+02 1.384600000000000000e+04
7.000000000000000000e+02 1.356400000000000000e+04
7.140000000000000000e+02 1.309600000000000000e+04
7.280000000000000000e+02 1.300600000000000000e+04
7.420000000000000000e+02 1.289900000000000000e+04
7.560000000000000000e+02 1.245900000000000000e+04
7.700000000000000000e+02 1.206900000000000000e+04
7.840000000000000000e+02 1.202700000000000000e+04
7.980000000000000000e+02 1.185800000000000000e+04
8.120000000000000000e+02 1.145200000000000000e+04
8.260000000000000000e+02 1.103100000000000000e+04
8.400000000000000000e+02 1.087900000000000000e+04
8.540000000000000000e+02 1.042000000000000000e+04
8.680000000000000000e+02 1.016800000000000000e+04
8.820000000000000000e+02 9.957000000000000000e+03
8.960000000000000000e+02 9.705000000000000000e+03
9.100000000000000000e+02 9.369000000000000000e+03
9.240000000000000000e+02 9.342000000000000000e+03
9.380000000000000000e+02 9.236000000000000000e+03
9.520000000000000000e+02 8.790000000000000000e+03
9.660000000000000000e+02 8.720000000000000000e+03
9.800000000000000000e+02 8.673000000000000000e+03
9.940000000000000000e+02 8.349000000000000000e+03
1.008000000000000000e+03 8.234000000000000000e+03
1.022000000000000000e+03 8.139000000000000000e+03
1.036000000000000000e+03 8.036000000000000000e+03
1.050000000000000000e+03 7.698000000000000000e+03
1.064000000000000000e+03 7.699000000000000000e+03
1.078000000000000000e+03 7.679000000000000000e+03
1.092000000000000000e+03 7.623000000000000000e+03
1.106000000000000000e+03 7.755000000000000000e+03
1.120000000000000000e+03 7.691000000000000000e+03
1.134000000000000000e+03 7.562000000000000000e+03
1.148000000000000000e+03 7.586000000000000000e+03
1.162000000000000000e+03 7.649000000000000000e+03
1.176000000000000000e+03 7.925000000000000000e+03
1.190000000000000000e+03 8.022000000000000000e+03
1.204000000000000000e+03 7.996000000000000000e+03
1.218000000000000000e+03 8.382000000000000000e+03
1.232000000000000000e+03 8.692000000000000000e+03
1.246000000000000000e+03 8.702000000000000000e+03
1.260000000000000000e+03 9.002000000000000000e+03
1.274000000000000000e+03 9.215000000000000000e+03
1.288000000000000000e+03 9.579000000000000000e+03
1.302000000000000000e+03 9.737000000000000000e+03
1.316000000000000000e+03 1.012000000000000000e+04
1.330000000000000000e+03 1.067500000000000000e+04
1.344000000000000000e+03 1.084900000000000000e+04
1.358000000000000000e+03 1.110200000000000000e+04
1.372000000000000000e+03 1.149300000000000000e+04
1.386000000000000000e+03 1.192900000000000000e+04
1.400000000000000000e+03 1.218400000000000000e+04
1.414000000000000000e+03 1.252500000000000000e+04
1.428000000000000000e+03 1.329700000000000000e+04
1.442000000000000000e+03 1.308400000000000000e+04
1.456000000000000000e+03 1.366900000000000000e+04
1.470000000000000000e+03 1.385500000000000000e+04
1.484000000000000000e+03 1.424900000000000000e+04
1.498000000000000000e+03 1.453100000000000000e+04
1.512000000000000000e+03 1.453200000000000000e+04
1.526000000000000000e+03 1.507200000000000000e+04
1.540000000000000000e+03 1.517700000000000000e+04
1.554000000000000000e+03 1.566400000000000000e+04
1.568000000000000000e+03 1.558700000000000000e+04
1.582000000000000000e+03 1.583200000000000000e+04
1.596000000000000000e+03 1.601000000000000000e+04
1.610000000000000000e+03 1.618700000000000000e+04
1.624000000000000000e+03 1.617800000000000000e+04
1.638000000000000000e+03 1.641500000000000000e+04
1.652000000000000000e+03 1.653700000000000000e+04
1.666000000000000000e+03 1.660200000000000000e+04
1.680000000000000000e+03 1.674700000000000000e+04
1.694000000000000000e+03 1.673100000000000000e+04
1.708000000000000000e+03 1.693900000000000000e+04
1.722000000000000000e+03 1.731000000000000000e+04
1.736000000000000000e+03 1.677600000000000000e+04
1.750000000000000000e+03 1.703000000000000000e+04
1.764000000000000000e+03 1.701100000000000000e+04
1.778000000000000000e+03 1.715900000000000000e+04
1.792000000000000000e+03 1.709900000000000000e+04
1.806000000000000000e+03 1.701000000000000000e+04
1.820000000000000000e+03 1.695200000000000000e+04
1.834000000000000000e+03 1.687600000000000000e+04
1.848000000000000000e+03 1.685400000000000000e+04
1.862000000000000000e+03 1.692800000000000000e+04
1.876000000000000000e+03 1.661300000000000000e+04
1.890000000000000000e+03 1.677800000000000000e+04
1.904000000000000000e+03 1.668000000000000000e+04
1.918000000000000000e+03 1.652000000000000000e+04
1.932000000000000000e+03 1.631500000000000000e+04
1.946000000000000000e+03 1.589500000000000000e+04
1.960000000000000000e+03 1.619900000000000000e+04
1.974000000000000000e+03 1.586900000000000000e+04
1.988000000000000000e+03 1.578500000000000000e+04
2.002000000000000000e+03 1.561600000000000000e+04
2.016000000000000000e+03 1.525400000000000000e+04
2.030000000000000000e+03 1.528800000000000000e+04
2.044000000000000000e+03 1.516500000000000000e+04
2.058000000000000000e+03 1.455200000000000000e+04
2.072000000000000000e+03 1.450400000000000000e+04
2.086000000000000000e+03 1.420500000000000000e+04
2.100000000000000000e+03 1.419100000000000000e+04
2.114000000000000000e+03 1.401200000000000000e+04
2.128000000000000000e+03 1.346100000000000000e+04
2.142000000000000000e+03 1.333700000000000000e+04
2.156000000000000000e+03 1.325100000000000000e+04
2.170000000000000000e+03 1.281800000000000000e+04
2.184000000000000000e+03 1.238900000000000000e+04
2.198000000000000000e+03 1.229800000000000000e+04
2.212000000000000000e+03 1.196700000000000000e+04
2.226000000000000000e+03 1.168400000000000000e+04
2.240000000000000000e+03 1.146700000000000000e+04
2.254000000000000000e+03 1.099000000000000000e+04
2.268000000000000000e+03 1.095800000000000000e+04
2.282000000000000000e+03 1.070500000000000000e+04
2.296000000000000000e+03 1.016700000000000000e+04
2.310000000000000000e+03 9.971000000000000000e+03
2.324000000000000000e+03 9.713000000000000000e+03
2.338000000000000000e+03 9.545000000000000000e+03
2.352000000000000000e+03 9.229000000000000000e+03
2.366000000000000000e+03 9.340000000000000000e+03
2.380000000000000000e+03 8.802000000000000000e+03
2.394000000000000000e+03 8.690000000000000000e+03
2.408000000000000000e+03 8.418000000000000000e+03
2.422000000000000000e+03 8.448000000000000000e+03
2.436000000000000000e+03 8.156000000000000000e+03
2.450000000000000000e+03 8.044000000000000000e+03
2.464000000000000000e+03 7.863000000000000000e+03
2.478000000000000000e+03 7.831000000000000000e+03
2.492000000000000000e+03 7.815000000000000000e+03
2.506000000000000000e+03 7.460000000000000000e+03
2.520000000000000000e+03 7.571000000000000000e+03
2.534000000000000000e+03 7.483000000000000000e+03
2.548000000000000000e+03 7.518000000000000000e+03
2.562000000000000000e+03 7.481000000000000000e+03
2.576000000000000000e+03 7.597000000000000000e+03
2.590000000000000000e+03 7.660000000000000000e+03
2.604000000000000000e+03 7.717000000000000000e+03
2.618000000000000000e+03 7.859000000000000000e+03
2.632000000000000000e+03 7.928000000000000000e+03
2.646000000000000000e+03 8.235000000000000000e+03
2.660000000000000000e+03 8.334000000000000000e+03
2.674000000000000000e+03 8.706000000000000000e+03
2.688000000000000000e+03 8.720000000000000000e+03
2.702000000000000000e+03 8.933000000000000000e+03
2.716000000000000000e+03 9.255000000000000000e+03
2.730000000000000000e+03 9.526000000000000000e+03
2.744000000000000000e+03 1.005400000000000000e+04
2.758000000000000000e+03 1.030800000000000000e+04
2.772000000000000000e+03 1.065500000000000000e+04
2.786000000000000000e+03 1.113800000000000000e+04
2.800000000000000000e+03 1.152300000000000000e+04
2.814000000000000000e+03 1.165600000000000000e+04
2.828000000000000000e+03 1.216600000000000000e+04
2.842000000000000000e+03 1.246900000000000000e+04
