0.000000000000000000e+00 1.481200000000000000e+04
2.000000000000000000e+01 1.507500000000000000e+04
4.000000000000000000e+01 1.541700000000000000e+04
6.000000000000000000e+01 1.608300000000000000e+04
8.000000000000000000e+01 1.621400000000000000e+04
1.000000000000000000e+02 1.667700000000000000e+04
1.200000000000000000e+02 1.671700000000000000e+04
1.400000000000000000e+02 1.730400000000000000e+04
1.600000000000000000e+02 1.746400000000000000e+04
1.800000000000000000e+02 1.755500000000000000e+04
2.000000000000000000e+02 1.789300000000000000e+04
2.200000000000000000e+02 1.787400000000000000e+04
2.400000000000000000e+02 1.838500000000000000e+04
2.600000000000000000e+02 1.799600000000000000e+04
2.800000000000000000e+02 1.862300000000000000e+04
3.000000000000000000e+02 1.850900000000000000e+04
3.200000000000000000e+02 1.887500000000000000e+04
3.400000000000000000e+02 1.887600000000000000e+04
3.600000000000000000e+02 1.888900000000000000e+04
3.800000000000000000e+02 1.888300000000000000e+04
4.000000000000000000e+02 1.919100000000000000e+04
4.200000000000000000e+02 1.923100000000000000e+04
4.400000000000000000e+02 1.892000000000000000e+04
4.600000000000000000e+02 1.911900000000000000e+04
4.800000000000000000e+02 1.929800000000000000e+04
5.000000000000000000e+02 1.947500000000000000e+04
5.200000000000000000e+02 1.923900000000000000e+04
5.400000000000000000e+02 1.912100000000000000e+04
5.600000000000000000e+02 1.928700000000000000e+04
5.800000000000000000e+02 1.896600000000000000e+04
6.000000000000000000e+02 1.914200000000000000e+04
6.200000000000000000e+02 1.892600000000000000e+04
6.400000000000000000e+02 1.913300000000000000e+04
6.600000000000000000e+02 1.891300000000000000e+04
6.800000000000000000e+02 1.889400000000000000e+04
7.000000000000000000e+02 1.886000000000000000e+04
7.200000000000000000e+02 1.861300000000000000e+04
7.400000000000000000e+02 1.825600000000000000e+04
7.600000000000000000e+02 1.821200000000000000e+04
7.800000000000000000e+02 1.791600000000000000e+04
8.000000000000000000e+02 1.778000000000000000e+04
8.200000000000000000e+02 1.743100000000000000e+04
8.400000000000000000e+02 1.709400000000000000e+04
8.600000000000000000e+02 1.701100000000000000e+04
8.800000000000000000e+02 1.662400000000000000e+04
9.000000000000000000e+02 1.644700000000000000e+04
9.200000000000000000e+02 1.622600000000000000e+04
9.400000000000000000e+02 1.583500000000000000e+04
9.600000000000000000e+02 1.563800000000000000e+04
9.800000000000000000e+02 1.515600000000000000e+04
1.000000000000000000e+03 1.497500000000000000e+04
1.020000000000000000e+03 1.437900000000000000e+04
1.040000000000000000e+03 1.435100000000000000e+04
1.060000000000000000e+03 1.373100000000000000e+04
1.080000000000000000e+03 1.331800000000000000e+04
1.100000000000000000e+03 1.281200000000000000e+04
1.120000000000000000e+03 1.267100000000000000e+04
1.140000000000000000e+03 1.242300000000000000e+04
1.160000000000000000e+03 1.186900000000000000e+04
1.180000000000000000e+03 1.146400000000000000e+04
1.200000000000000000e+03 1.109400000000000000e+04
1.220000000000000000e+03 1.086700000000000000e+04
1.240000000000000000e+03 1.051800000000000000e+04
1.260000000000000000e+03 1.009000000000000000e+04
1.280000000000000000e+03 9.870000000000000000e+03
1.300000000000000000e+03 9.645000000000000000e+03
1.320000000000000000e+03 9.498000000000000000e+03
1.340000000000000000e+03 9.253000000000000000e+03
1.360000000000000000e+03 9.009000000000000000e+03
1.380000000000000000e+03 8.844000000000000000e+03
1.400000000000000000e+03 8.560000000000000000e+03
1.420000000000000000e+03 8.371000000000000000e+03
1.440000000000000000e+03 8.253000000000000000e+03
1.460000000000000000e+03 8.207000000000000000e+03
1.480000000000000000e+03 7.975000000000000000e+03
1.500000000000000000e+03 8.071000000000000000e+03
1.520000000000000000e+03 7.846000000000000000e+03
1.540000000000000000e+03 7.752000000000000000e+03
1.560000000000000000e+03 8.010000000000000000e+03
1.580000000000000000e+03 8.015000000000000000e+03
1.600000000000000000e+03 8.236000000000000000e+03
1.620000000000000000e+03 8.162000000000000000e+03
1.640000000000000000e+03 8.367000000000000000e+03
1.660000000000000000e+03 8.845000000000000000e+03
1.680000000000000000e+03 8.946000000000000000e+03
1.700000000000000000e+03 9.052000000000000000e+03
1.720000000000000000e+03 9.415000000000000000e+03
1.740000000000000000e+03 9.739000000000000000e+03
1.760000000000000000e+03 1.013200000000000000e+04
1.780000000000000000e+03 1.054100000000000000e+04
1.800000000000000000e+03 1.095100000000000000e+04
1.820000000000000000e+03 1.118200000000000000e+04
1.840000000000000000e+03 1.159900000000000000e+04
1.860000000000000000e+03 1.220800000000000000e+04
1.880000000000000000e+03 1.239600000000000000e+04
1.900000000000000000e+03 1.297200000000000000e+04
1.920000000000000000e+03 1.324700000000000000e+04
1.940000000000000000e+03 1.361900000000000000e+04
1.960000000000000000e+03 1.409300000000000000e+04
1.980000000000000000e+03 1.449900000000000000e+04
2.000000000000000000e+03 1.494200000000000000e+04
2.020000000000000000e+03 1.516800000000000000e+04
2.040000000000000000e+03 1.548800000000000000e+04
2.060000000000000000e+03 1.598900000000000000e+04
2.080000000000000000e+03 1.645800000000000000e+04
2.100000000000000000e+03 1.636200000000000000e+04
2.120000000000000000e+03 1.687800000000000000e+04
2.140000000000000000e+03 1.703700000000000000e+04
2.160000000000000000e+03 1.747800000000000000e+04
2.180000000000000000e+03 1.755900000000000000e+04
2.200000000000000000e+03 1.772700000000000000e+04
2.220000000000000000e+03 1.801200000000000000e+04
2.240000000000000000e+03 1.812900000000000000e+04
2.260000000000000000e+03 1.829700000000000000e+04
2.280000000000000000e+03 1.848900000000000000e+04
2.300000000000000000e+03 1.859900000000000000e+04
2.320000000000000000e+03 1.855200000000000000e+04
2.340000000000000000e+03 1.891700000000000000e+04
2.360000000000000000e+03 1.871200000000000000e+04
2.380000000000000000e+03 1.908600000000000000e+04
2.400000000000000000e+03 1.889300000000000000e+04
2.420000000000000000e+03 1.928100000000000000e+04
2.440000000000000000e+03 1.934000000000000000e+04
2.460000000000000000e+03 1.896200000000000000e+04
2.480000000000000000e+03 1.936200000000000000e+04
2.500000000000000000e+03 1.919700000000000000e+04
2.520000000000000000e+03 1.918800000000000000e+04
2.540000000000000000e+03 1.909000000000000000e+04
2.560000000000000000e+03 1.904300000000000000e+04
2.580000000000000000e+03 1.919200000000000000e+04
2.600000000000000000e+03 1.898900000000000000e+04
2.620000000000000000e+03 1.913700000000000000e+04
2.640000000000000000e+03 1.853500000000000000e+04
2.660000000000000000e+03 1.851300000000000000e+04
2.680000000000000000e+03 1.874400000000000000e+04
2.700000000000000000e+03 1.850900000000000000e+04
2.720000000000000000e+03 1.819400000000000000e+04
2.740000000000000000e+03 1.819200000000000000e+04
2.760000000000000000e+03 1.806200000000000000e+04
2.780000000000000000e+03 1.803000000000000000e+04
2.800000000000000000e+03 1.743900000000000000e+04
2.820000000000000000e+03 1.746600000000000000e+04
2.840000000000000000e+03 1.708600000000000000e+04
2.860000000000000000e+03 1.683000000000000000e+04
2.880000000000000000e+03 1.649300000000000000e+04
2.900000000000000000e+03 1.648100000000000000e+04
2.920000000000000000e+03 1.595400000000000000e+04
2.940000000000000000e+03 1.548200000000000000e+04
2.960000000000000000e+03 1.561000000000000000e+04
2.980000000000000000e+03 1.506300000000000000e+04
3.000000000000000000e+03 1.469600000000000000e+04
3.020000000000000000e+03 1.422500000000000000e+04
3.040000000000000000e+03 1.428300000000000000e+04
3.060000000000000000e+03 1.354200000000000000e+04
3.080000000000000000e+03 1.308800000000000000e+04
3.100000000000000000e+03 1.298200000000000000e+04
3.120000000000000000e+03 1.271400000000000000e+04
3.140000000000000000e+03 1.221500000000000000e+04
3.160000000000000000e+03 1.184700000000000000e+04
3.180000000000000000e+03 1.155600000000000000e+04
3.200000000000000000e+03 1.116600000000000000e+04
3.220000000000000000e+03 1.090500000000000000e+04
3.240000000000000000e+03 1.051900000000000000e+04
3.260000000000000000e+03 1.002600000000000000e+04
3.280000000000000000e+03 9.869000000000000000e+03
3.300000000000000000e+03 9.603000000000000000e+03
3.320000000000000000e+03 9.531000000000000000e+03
3.340000000000000000e+03 9.206000000000000000e+03
3.360000000000000000e+03 8.854000000000000000e+03
3.380000000000000000e+03 8.955000000000000000e+03
3.400000000000000000e+03 8.547000000000000000e+03
3.420000000000000000e+03 8.550000000000000000e+03
3.440000000000000000e+03 8.298000000000000000e+03
3.460000000000000000e+03 8.174000000000000000e+03
3.480000000000000000e+03 7.963000000000000000e+03
3.500000000000000000e+03 7.851000000000000000e+03
3.520000000000000000e+03 7.889000000000000000e+03
3.540000000000000000e+03 8.045000000000000000e+03
3.560000000000000000e+03 8.123000000000000000e+03
3.580000000000000000e+03 8.010000000000000000e+03
3.600000000000000000e+03 8.154000000000000000e+03
3.620000000000000000e+03 8.298000000000000000e+03
3.640000000000000000e+03 8.569000000000000000e+03
3.660000000000000000e+03 8.620000000000000000e+03
3.680000000000000000e+03 8.871000000000000000e+03
3.700000000000000000e+03 9.141000000000000000e+03
3.720000000000000000e+03 9.435000000000000000e+03
3.740000000000000000e+03 9.568000000000000000e+03
3.760000000000000000e+03 1.013400000000000000e+04
3.780000000000000000e+03 1.050900000000000000e+04
3.800000000000000000e+03 1.087700000000000000e+04
3.820000000000000000e+03 1.119300000000000000e+04
3.840000000000000000e+03 1.164400000000000000e+04
3.860000000000000000e+03 1.206600000000000000e+04
3.880000000000000000e+03 1.267100000000000000e+04
3.900000000000000000e+03 1.307200000000000000e+04
3.920000000000000000e+03 1.355900000000000000e+04
3.940000000000000000e+03 1.384300000000000000e+04
3.960000000000000000e+03 1.422600000000000000e+04
3.980000000000000000e+03 1.467300000000000000e+04
