0.000000000000000000e+00 1.857100000000000000e+04
1.420000000000000000e+02 1.882900000000000000e+04
2.840000000000000000e+02 1.921800000000000000e+04
4.260000000000000000e+02 1.928500000000000000e+04
5.680000000000000000e+02 1.962400000000000000e+04
7.100000000000000000e+02 2.014800000000000000e+04
8.520000000000000000e+02 1.986600000000000000e+04
9.940000000000000000e+02 2.013000000000000000e+04
1.136000000000000000e+03 2.040200000000000000e+04
1.278000000000000000e+03 2.011600000000000000e+04
1.420000000000000000e+03 2.049400000000000000e+04
1.562000000000000000e+03 2.109300000000000000e+04
1.704000000000000000e+03 2.074300000000000000e+04
1.846000000000000000e+03 2.082300000000000000e+04
1.988000000000000000e+03 2.085000000000000000e+04
2.130000000000000000e+03 2.119900000000000000e+04
2.272000000000000000e+03 2.104700000000000000e+04
2.414000000000000000e+03 2.083700000000000000e+04
2.556000000000000000e+03 2.122200000000000000e+04
2.698000000000000000e+03 2.135000000000000000e+04
2.840000000000000000e+03 2.106700000000000000e+04
2.982000000000000000e+03 2.136900000000000000e+04
3.124000000000000000e+03 2.111000000000000000e+04
3.266000000000000000e+03 2.109000000000000000e+04
3.408000000000000000e+03 2.097100000000000000e+04
3.550000000000000000e+03 2.095500000000000000e+04
3.692000000000000000e+03 2.070100000000000000e+04
3.834000000000000000e+03 2.048600000000000000e+04
3.976000000000000000e+03 2.070100000000000000e+04
4.118000000000000000e+03 2.075700000000000000e+04
4.260000000000000000e+03 2.069000000000000000e+04
4.402000000000000000e+03 2.035200000000000000e+04
4.544000000000000000e+03 2.005700000000000000e+04
4.686000000000000000e+03 1.996500000000000000e+04
4.828000000000000000e+03 1.959600000000000000e+04
4.970000000000000000e+03 1.973900000000000000e+04
5.112000000000000000e+03 1.913300000000000000e+04
5.254000000000000000e+03 1.870400000000000000e+04
5.396000000000000000e+03 1.897400000000000000e+04
5.538000000000000000e+03 1.833500000000000000e+04
5.680000000000000000e+03 1.808800000000000000e+04
5.822000000000000000e+03 1.795600000000000000e+04
5.964000000000000000e+03 1.747700000000000000e+04
6.106000000000000000e+03 1.718000000000000000e+04
6.248000000000000000e+03 1.678600000000000000e+04
6.390000000000000000e+03 1.673600000000000000e+04
6.532000000000000000e+03 1.629300000000000000e+04
6.674000000000000000e+03 1.547200000000000000e+04
6.816000000000000000e+03 1.535000000000000000e+04
6.958000000000000000e+03 1.495300000000000000e+04
7.100000000000000000e+03 1.435200000000000000e+04
7.242000000000000000e+03 1.396200000000000000e+04
7.384000000000000000e+03 1.335000000000000000e+04
7.526000000000000000e+03 1.283600000000000000e+04
7.668000000000000000e+03 1.235400000000000000e+04
7.810000000000000000e+03 1.217400000000000000e+04
7.952000000000000000e+03 1.166100000000000000e+04
8.094000000000000000e+03 1.110500000000000000e+04
8.236000000000000000e+03 1.059900000000000000e+04
8.378000000000000000e+03 1.022500000000000000e+04
8.520000000000000000e+03 9.904000000000000000e+03
8.662000000000000000e+03 9.627000000000000000e+03
8.804000000000000000e+03 9.147000000000000000e+03
8.946000000000000000e+03 8.542000000000000000e+03
9.088000000000000000e+03 8.497000000000000000e+03
9.230000000000000000e+03 8.299000000000000000e+03
9.372000000000000000e+03 8.167000000000000000e+03
9.514000000000000000e+03 7.850000000000000000e+03
9.656000000000000000e+03 7.727000000000000000e+03
9.798000000000000000e+03 7.581000000000000000e+03
9.940000000000000000e+03 7.478000000000000000e+03
1.008200000000000000e+04 7.400000000000000000e+03
1.022400000000000000e+04 7.373000000000000000e+03
1.036600000000000000e+04 7.403000000000000000e+03
1.050800000000000000e+04 7.770000000000000000e+03
1.065000000000000000e+04 7.791000000000000000e+03
1.079200000000000000e+04 7.863000000000000000e+03
1.093400000000000000e+04 8.433000000000000000e+03
1.107600000000000000e+04 8.563000000000000000e+03
1.121800000000000000e+04 8.884000000000000000e+03
1.136000000000000000e+04 9.267000000000000000e+03
1.150200000000000000e+04 9.755000000000000000e+03
1.164400000000000000e+04 1.010500000000000000e+04
1.178600000000000000e+04 1.046700000000000000e+04
1.192800000000000000e+04 1.091600000000000000e+04
1.207000000000000000e+04 1.165400000000000000e+04
1.221200000000000000e+04 1.222500000000000000e+04
1.235400000000000000e+04 1.256400000000000000e+04
1.249600000000000000e+04 1.314700000000000000e+04
1.263800000000000000e+04 1.366500000000000000e+04
1.278000000000000000e+04 1.395500000000000000e+04
1.292200000000000000e+04 1.454700000000000000e+04
1.306400000000000000e+04 1.500700000000000000e+04
1.320600000000000000e+04 1.556900000000000000e+04
1.334800000000000000e+04 1.620300000000000000e+04
1.349000000000000000e+04 1.650200000000000000e+04
1.363200000000000000e+04 1.674200000000000000e+04
1.377400000000000000e+04 1.737300000000000000e+04
1.391600000000000000e+04 1.774400000000000000e+04
1.405800000000000000e+04 1.789100000000000000e+04
1.420000000000000000e+04 1.842000000000000000e+04
1.434200000000000000e+04 1.865800000000000000e+04
1.448400000000000000e+04 1.872500000000000000e+04
1.462600000000000000e+04 1.919300000000000000e+04
1.476800000000000000e+04 1.928800000000000000e+04
1.491000000000000000e+04 1.959100000000000000e+04
1.505200000000000000e+04 1.961900000000000000e+04
1.519400000000000000e+04 1.999800000000000000e+04
1.533600000000000000e+04 2.004800000000000000e+04
1.547800000000000000e+04 2.031200000000000000e+04
1.562000000000000000e+04 2.050000000000000000e+04
1.576200000000000000e+04 2.061200000000000000e+04
1.590400000000000000e+04 2.078700000000000000e+04
1.604600000000000000e+04 2.085500000000000000e+04
1.618800000000000000e+04 2.068400000000000000e+04
1.633000000000000000e+04 2.093600000000000000e+04
1.647200000000000000e+04 2.116400000000000000e+04
1.661400000000000000e+04 2.113100000000000000e+04
1.675600000000000000e+04 2.094100000000000000e+04
1.689800000000000000e+04 2.115200000000000000e+04
1.704000000000000000e+04 2.106700000000000000e+04
1.718200000000000000e+04 2.139700000000000000e+04
1.732400000000000000e+04 2.131900000000000000e+04
1.746600000000000000e+04 2.109400000000000000e+04
1.760800000000000000e+04 2.153700000000000000e+04
1.775000000000000000e+04 2.094300000000000000e+04
1.789200000000000000e+04 2.085200000000000000e+04
1.803400000000000000e+04 2.090600000000000000e+04
1.817600000000000000e+04 2.060200000000000000e+04
1.831800000000000000e+04 2.069900000000000000e+04
1.846000000000000000e+04 2.083800000000000000e+04
1.860200000000000000e+04 2.048100000000000000e+04
1.874400000000000000e+04 2.033600000000000000e+04
1.888600000000000000e+04 1.998400000000000000e+04
1.902800000000000000e+04 2.010800000000000000e+04
1.917000000000000000e+04 1.976600000000000000e+04
1.931200000000000000e+04 1.935800000000000000e+04
1.945400000000000000e+04 1.931700000000000000e+04
1.959600000000000000e+04 1.909600000000000000e+04
1.973800000000000000e+04 1.829300000000000000e+04
1.988000000000000000e+04 1.849600000000000000e+04
2.002200000000000000e+04 1.818700000000000000e+04
2.016400000000000000e+04 1.778100000000000000e+04
2.030600000000000000e+04 1.764400000000000000e+04
2.044800000000000000e+04 1.714000000000000000e+04
2.059000000000000000e+04 1.671800000000000000e+04
2.073200000000000000e+04 1.637500000000000000e+04
2.087400000000000000e+04 1.593400000000000000e+04
2.101600000000000000e+04 1.545800000000000000e+04
2.115800000000000000e+04 1.514600000000000000e+04
2.130000000000000000e+04 1.462700000000000000e+04
2.144200000000000000e+04 1.411600000000000000e+04
2.158400000000000000e+04 1.376900000000000000e+04
2.172600000000000000e+04 1.345900000000000000e+04
2.186800000000000000e+04 1.271600000000000000e+04
2.201000000000000000e+04 1.213400000000000000e+04
2.215200000000000000e+04 1.182900000000000000e+04
2.229400000000000000e+04 1.126200000000000000e+04
2.243600000000000000e+04 1.087400000000000000e+04
2.257800000000000000e+04 1.072800000000000000e+04
2.272000000000000000e+04 9.944000000000000000e+03
2.286200000000000000e+04 9.594000000000000000e+03
2.300400000000000000e+04 9.483000000000000000e+03
2.314600000000000000e+04 8.841000000000000000e+03
2.328800000000000000e+04 8.628000000000000000e+03
2.343000000000000000e+04 8.451000000000000000e+03
2.357200000000000000e+04 8.099000000000000000e+03
2.371400000000000000e+04 7.878000000000000000e+03
2.385600000000000000e+04 7.831000000000000000e+03
2.399800000000000000e+04 7.705000000000000000e+03
2.414000000000000000e+04 7.455000000000000000e+03
2.428200000000000000e+04 7.492000000000000000e+03
2.442400000000000000e+04 7.414000000000000000e+03
2.456600000000000000e+04 7.551000000000000000e+03
2.470800000000000000e+04 7.481000000000000000e+03
2.485000000000000000e+04 7.707000000000000000e+03
2.499200000000000000e+04 8.087000000000000000e+03
2.513400000000000000e+04 8.029000000000000000e+03
2.527600000000000000e+04 8.658000000000000000e+03
2.541800000000000000e+04 8.570000000000000000e+03
2.556000000000000000e+04 8.904000000000000000e+03
2.570200000000000000e+04 9.280000000000000000e+03
2.584400000000000000e+04 9.885000000000000000e+03
2.598600000000000000e+04 1.023900000000000000e+04
2.612800000000000000e+04 1.086900000000000000e+04
2.627000000000000000e+04 1.133200000000000000e+04
2.641200000000000000e+04 1.170300000000000000e+04
2.655400000000000000e+04 1.233500000000000000e+04
2.669600000000000000e+04 1.293000000000000000e+04
2.683800000000000000e+04 1.335800000000000000e+04
2.698000000000000000e+04 1.421800000000000000e+04
2.712200000000000000e+04 1.446500000000000000e+04
2.726400000000000000e+04 1.502300000000000000e+04
2.740600000000000000e+04 1.518200000000000000e+04
2.754800000000000000e+04 1.610500000000000000e+04
2.769000000000000000e+04 1.632400000000000000e+04
2.783200000000000000e+04 1.656100000000000000e+04
2.797400000000000000e+04 1.700400000000000000e+04
2.811600000000000000e+04 1.747500000000000000e+04
2.825800000000000000e+04 1.771700000000000000e+04
2.840000000000000000e+04 1.854800000000000000e+04
