0.000000000000000000e+00 1.898200000000000000e+04
1.000000000000000000e+03 1.922800000000000000e+04
2.000000000000000000e+03 1.942400000000000000e+04
3.000000000000000000e+03 1.950100000000000000e+04
4.000000000000000000e+03 2.015000000000000000e+04
5.000000000000000000e+03 2.033300000000000000e+04
6.000000000000000000e+03 2.060500000000000000e+04
7.000000000000000000e+03 2.057600000000000000e+04
8.000000000000000000e+03 2.083200000000000000e+04
9.000000000000000000e+03 2.077700000000000000e+04
1.000000000000000000e+04 2.118800000000000000e+04
1.100000000000000000e+04 2.087300000000000000e+04
1.200000000000000000e+04 2.117000000000000000e+04
1.300000000000000000e+04 2.145000000000000000e+04
1.400000000000000000e+04 2.136400000000000000e+04
1.500000000000000000e+04 2.136700000000000000e+04
1.600000000000000000e+04 2.146100000000000000e+04
1.700000000000000000e+04 2.161100000000000000e+04
1.800000000000000000e+04 2.160400000000000000e+04
1.900000000000000000e+04 2.150100000000000000e+04
2.000000000000000000e+04 2.125200000000000000e+04
2.100000000000000000e+04 2.165400000000000000e+04
2.200000000000000000e+04 2.168200000000000000e+04
2.300000000000000000e+04 2.143600000000000000e+04
2.400000000000000000e+04 2.106200000000000000e+04
2.500000000000000000e+04 2.130700000000000000e+04
2.600000000000000000e+04 2.139700000000000000e+04
2.700000000000000000e+04 2.116300000000000000e+04
2.800000000000000000e+04 2.094600000000000000e+04
2.900000000000000000e+04 2.064600000000000000e+04
3.000000000000000000e+04 2.092500000000000000e+04
3.100000000000000000e+04 2.036600000000000000e+04
3.200000000000000000e+04 2.059200000000000000e+04
3.300000000000000000e+04 2.009900000000000000e+04
3.400000000000000000e+04 1.996100000000000000e+04
3.500000000000000000e+04 1.986900000000000000e+04
3.600000000000000000e+04 1.946400000000000000e+04
3.700000000000000000e+04 1.951000000000000000e+04
3.800000000000000000e+04 1.910900000000000000e+04
3.900000000000000000e+04 1.881500000000000000e+04
4.000000000000000000e+04 1.844700000000000000e+04
4.100000000000000000e+04 1.797700000000000000e+04
4.200000000000000000e+04 1.742400000000000000e+04
4.300000000000000000e+04 1.717800000000000000e+04
4.400000000000000000e+04 1.709600000000000000e+04
4.500000000000000000e+04 1.649300000000000000e+04
4.600000000000000000e+04 1.593300000000000000e+04
4.700000000000000000e+04 1.546500000000000000e+04
4.800000000000000000e+04 1.514900000000000000e+04
4.900000000000000000e+04 1.474600000000000000e+04
5.000000000000000000e+04 1.437600000000000000e+04
5.100000000000000000e+04 1.378900000000000000e+04
5.200000000000000000e+04 1.338500000000000000e+04
5.300000000000000000e+04 1.282600000000000000e+04
5.400000000000000000e+04 1.213800000000000000e+04
5.500000000000000000e+04 1.172500000000000000e+04
5.600000000000000000e+04 1.140100000000000000e+04
5.700000000000000000e+04 1.089400000000000000e+04
5.800000000000000000e+04 1.022100000000000000e+04
5.900000000000000000e+04 9.930000000000000000e+03
6.000000000000000000e+04 9.475000000000000000e+03
6.100000000000000000e+04 9.166000000000000000e+03
6.200000000000000000e+04 8.681000000000000000e+03
6.300000000000000000e+04 8.495000000000000000e+03
6.400000000000000000e+04 8.246000000000000000e+03
6.500000000000000000e+04 8.106000000000000000e+03
6.600000000000000000e+04 7.838000000000000000e+03
6.700000000000000000e+04 7.730000000000000000e+03
6.800000000000000000e+04 7.565000000000000000e+03
6.900000000000000000e+04 7.789000000000000000e+03
7.000000000000000000e+04 7.629000000000000000e+03
7.100000000000000000e+04 7.739000000000000000e+03
7.200000000000000000e+04 7.877000000000000000e+03
7.300000000000000000e+04 7.873000000000000000e+03
7.400000000000000000e+04 8.154000000000000000e+03
7.500000000000000000e+04 8.487000000000000000e+03
7.600000000000000000e+04 8.835000000000000000e+03
7.700000000000000000e+04 8.906000000000000000e+03
7.800000000000000000e+04 9.212000000000000000e+03
7.900000000000000000e+04 9.485000000000000000e+03
8.000000000000000000e+04 9.980000000000000000e+03
8.100000000000000000e+04 1.062700000000000000e+04
8.200000000000000000e+04 1.096100000000000000e+04
8.300000000000000000e+04 1.159500000000000000e+04
8.400000000000000000e+04 1.201600000000000000e+04
8.500000000000000000e+04 1.257100000000000000e+04
8.600000000000000000e+04 1.309500000000000000e+04
8.700000000000000000e+04 1.374100000000000000e+04
8.800000000000000000e+04 1.399700000000000000e+04
8.900000000000000000e+04 1.455900000000000000e+04
9.000000000000000000e+04 1.502000000000000000e+04
9.100000000000000000e+04 1.533100000000000000e+04
9.200000000000000000e+04 1.576900000000000000e+04
9.300000000000000000e+04 1.620800000000000000e+04
9.400000000000000000e+04 1.671600000000000000e+04
9.500000000000000000e+04 1.701000000000000000e+04
9.600000000000000000e+04 1.752700000000000000e+04
9.700000000000000000e+04 1.796500000000000000e+04
9.800000000000000000e+04 1.823000000000000000e+04
9.900000000000000000e+04 1.867800000000000000e+04
1.000000000000000000e+05 1.917200000000000000e+04
1.010000000000000000e+05 1.945500000000000000e+04
1.020000000000000000e+05 1.960900000000000000e+04
1.030000000000000000e+05 1.973600000000000000e+04
1.040000000000000000e+05 2.013400000000000000e+04
1.050000000000000000e+05 2.017300000000000000e+04
1.060000000000000000e+05 2.064000000000000000e+04
1.070000000000000000e+05 2.056700000000000000e+04
1.080000000000000000e+05 2.051000000000000000e+04
1.090000000000000000e+05 2.074800000000000000e+04
1.100000000000000000e+05 2.107200000000000000e+04
1.110000000000000000e+05 2.102500000000000000e+04
1.120000000000000000e+05 2.119100000000000000e+04
1.130000000000000000e+05 2.138500000000000000e+04
1.140000000000000000e+05 2.141100000000000000e+04
1.150000000000000000e+05 2.143100000000000000e+04
1.160000000000000000e+05 2.158000000000000000e+04
1.170000000000000000e+05 2.162700000000000000e+04
1.180000000000000000e+05 2.131900000000000000e+04
1.190000000000000000e+05 2.141500000000000000e+04
1.200000000000000000e+05 2.154400000000000000e+04
1.210000000000000000e+05 2.133000000000000000e+04
1.220000000000000000e+05 2.157700000000000000e+04
1.230000000000000000e+05 2.185600000000000000e+04
1.240000000000000000e+05 2.138300000000000000e+04
1.250000000000000000e+05 2.168900000000000000e+04
1.260000000000000000e+05 2.083500000000000000e+04
1.270000000000000000e+05 2.123600000000000000e+04
1.280000000000000000e+05 2.100400000000000000e+04
1.290000000000000000e+05 2.093000000000000000e+04
1.300000000000000000e+05 2.068900000000000000e+04
1.310000000000000000e+05 2.053500000000000000e+04
1.320000000000000000e+05 2.061600000000000000e+04
1.330000000000000000e+05 2.032700000000000000e+04
1.340000000000000000e+05 2.003900000000000000e+04
1.350000000000000000e+05 1.981600000000000000e+04
1.360000000000000000e+05 1.919500000000000000e+04
1.370000000000000000e+05 1.934600000000000000e+04
1.380000000000000000e+05 1.904600000000000000e+04
1.390000000000000000e+05 1.875800000000000000e+04
1.400000000000000000e+05 1.837900000000000000e+04
1.410000000000000000e+05 1.783700000000000000e+04
1.420000000000000000e+05 1.772600000000000000e+04
1.430000000000000000e+05 1.748400000000000000e+04
1.440000000000000000e+05 1.698100000000000000e+04
1.450000000000000000e+05 1.682200000000000000e+04
1.460000000000000000e+05 1.614800000000000000e+04
1.470000000000000000e+05 1.557800000000000000e+04
1.480000000000000000e+05 1.532400000000000000e+04
1.490000000000000000e+05 1.478100000000000000e+04
1.500000000000000000e+05 1.399200000000000000e+04
1.510000000000000000e+05 1.400700000000000000e+04
1.520000000000000000e+05 1.318200000000000000e+04
1.530000000000000000e+05 1.261700000000000000e+04
1.540000000000000000e+05 1.209800000000000000e+04
1.550000000000000000e+05 1.166300000000000000e+04
1.560000000000000000e+05 1.133700000000000000e+04
1.570000000000000000e+05 1.073300000000000000e+04
1.580000000000000000e+05 1.022500000000000000e+04
1.590000000000000000e+05 9.893000000000000000e+03
1.600000000000000000e+05 9.552000000000000000e+03
1.610000000000000000e+05 9.213000000000000000e+03
1.620000000000000000e+05 8.979000000000000000e+03
1.630000000000000000e+05 8.447000000000000000e+03
1.640000000000000000e+05 8.220000000000000000e+03
1.650000000000000000e+05 8.053000000000000000e+03
1.660000000000000000e+05 8.015000000000000000e+03
1.670000000000000000e+05 7.698000000000000000e+03
1.680000000000000000e+05 7.594000000000000000e+03
1.690000000000000000e+05 7.631000000000000000e+03
1.700000000000000000e+05 7.633000000000000000e+03
1.710000000000000000e+05 7.592000000000000000e+03
1.720000000000000000e+05 7.850000000000000000e+03
1.730000000000000000e+05 8.146000000000000000e+03
1.740000000000000000e+05 8.105000000000000000e+03
1.750000000000000000e+05 8.382000000000000000e+03
1.760000000000000000e+05 8.344000000000000000e+03
1.770000000000000000e+05 8.893000000000000000e+03
1.780000000000000000e+05 9.436000000000000000e+03
1.790000000000000000e+05 9.747000000000000000e+03
1.800000000000000000e+05 1.014500000000000000e+04
1.810000000000000000e+05 1.045200000000000000e+04
1.820000000000000000e+05 1.095300000000000000e+04
1.830000000000000000e+05 1.157900000000000000e+04
1.840000000000000000e+05 1.185400000000000000e+04
1.850000000000000000e+05 1.262500000000000000e+04
1.860000000000000000e+05 1.321000000000000000e+04
1.870000000000000000e+05 1.353100000000000000e+04
1.880000000000000000e+05 1.379000000000000000e+04
1.890000000000000000e+05 1.474400000000000000e+04
1.900000000000000000e+05 1.498400000000000000e+04
1.910000000000000000e+05 1.549400000000000000e+04
1.920000000000000000e+05 1.599600000000000000e+04
1.930000000000000000e+05 1.619500000000000000e+04
1.940000000000000000e+05 1.699000000000000000e+04
1.950000000000000000e+05 1.729000000000000000e+04
1.960000000000000000e+05 1.750100000000000000e+04
1.970000000000000000e+05 1.774600000000000000e+04
1.980000000000000000e+05 1.827200000000000000e+04
1.990000000000000000e+05 1.878200000000000000e+04
