0.000000000000000000e+00 1.854600000000000000e+04
5.000000000000000000e+02 1.874200000000000000e+04
1.000000000000000000e+03 1.897700000000000000e+04
1.500000000000000000e+03 1.926500000000000000e+04
2.000000000000000000e+03 1.935300000000000000e+04
2.500000000000000000e+03 1.950800000000000000e+04
3.000000000000000000e+03 1.976200000000000000e+04
3.500000000000000000e+03 1.977300000000000000e+04
4.000000000000000000e+03 2.017200000000000000e+04
4.500000000000000000e+03 2.022600000000000000e+04
5.000000000000000000e+03 2.042600000000000000e+04
5.500000000000000000e+03 2.036000000000000000e+04
6.000000000000000000e+03 2.066700000000000000e+04
6.500000000000000000e+03 2.085700000000000000e+04
7.000000000000000000e+03 2.083500000000000000e+04
7.500000000000000000e+03 2.057600000000000000e+04
8.000000000000000000e+03 2.085000000000000000e+04
8.500000000000000000e+03 2.056600000000000000e+04
9.000000000000000000e+03 2.094300000000000000e+04
9.500000000000000000e+03 2.110300000000000000e+04
1.000000000000000000e+04 2.087100000000000000e+04
1.050000000000000000e+04 2.108700000000000000e+04
1.100000000000000000e+04 2.091600000000000000e+04
1.150000000000000000e+04 2.100700000000000000e+04
1.200000000000000000e+04 2.073800000000000000e+04
1.250000000000000000e+04 2.089500000000000000e+04
1.300000000000000000e+04 2.062800000000000000e+04
1.350000000000000000e+04 2.037300000000000000e+04
1.400000000000000000e+04 2.052400000000000000e+04
1.450000000000000000e+04 2.043800000000000000e+04
1.500000000000000000e+04 1.991800000000000000e+04
1.550000000000000000e+04 1.990000000000000000e+04
1.600000000000000000e+04 2.001600000000000000e+04
1.650000000000000000e+04 1.954300000000000000e+04
1.700000000000000000e+04 1.967800000000000000e+04
1.750000000000000000e+04 1.956500000000000000e+04
1.800000000000000000e+04 1.917400000000000000e+04
1.850000000000000000e+04 1.867400000000000000e+04
1.900000000000000000e+04 1.845000000000000000e+04
1.950000000000000000e+04 1.812200000000000000e+04
2.000000000000000000e+04 1.783100000000000000e+04
2.050000000000000000e+04 1.759700000000000000e+04
2.100000000000000000e+04 1.710600000000000000e+04
2.150000000000000000e+04 1.687200000000000000e+04
2.200000000000000000e+04 1.642400000000000000e+04
2.250000000000000000e+04 1.613300000000000000e+04
2.300000000000000000e+04 1.568100000000000000e+04
2.350000000000000000e+04 1.518700000000000000e+04
2.400000000000000000e+04 1.467500000000000000e+04
2.450000000000000000e+04 1.425700000000000000e+04
2.500000000000000000e+04 1.384000000000000000e+04
2.550000000000000000e+04 1.336700000000000000e+04
2.600000000000000000e+04 1.271100000000000000e+04
2.650000000000000000e+04 1.237800000000000000e+04
2.700000000000000000e+04 1.174500000000000000e+04
2.750000000000000000e+04 1.141100000000000000e+04
2.800000000000000000e+04 1.110400000000000000e+04
2.850000000000000000e+04 1.053700000000000000e+04
2.900000000000000000e+04 9.976000000000000000e+03
2.950000000000000000e+04 9.609000000000000000e+03
3.000000000000000000e+04 9.239000000000000000e+03
3.050000000000000000e+04 8.791000000000000000e+03
3.100000000000000000e+04 8.483000000000000000e+03
3.150000000000000000e+04 8.177000000000000000e+03
3.200000000000000000e+04 7.885000000000000000e+03
3.250000000000000000e+04 7.632000000000000000e+03
3.300000000000000000e+04 7.490000000000000000e+03
3.350000000000000000e+04 7.329000000000000000e+03
3.400000000000000000e+04 7.199000000000000000e+03
3.450000000000000000e+04 7.173000000000000000e+03
3.500000000000000000e+04 7.239000000000000000e+03
3.550000000000000000e+04 7.247000000000000000e+03
3.600000000000000000e+04 7.396000000000000000e+03
3.650000000000000000e+04 7.381000000000000000e+03
3.700000000000000000e+04 7.618000000000000000e+03
3.750000000000000000e+04 7.874000000000000000e+03
3.800000000000000000e+04 8.361000000000000000e+03
3.850000000000000000e+04 8.441000000000000000e+03
3.900000000000000000e+04 8.822000000000000000e+03
3.950000000000000000e+04 9.241000000000000000e+03
4.000000000000000000e+04 9.607000000000000000e+03
4.050000000000000000e+04 1.005000000000000000e+04
4.100000000000000000e+04 1.067200000000000000e+04
4.150000000000000000e+04 1.091600000000000000e+04
4.200000000000000000e+04 1.142300000000000000e+04
4.250000000000000000e+04 1.179700000000000000e+04
4.300000000000000000e+04 1.242600000000000000e+04
4.350000000000000000e+04 1.310400000000000000e+04
4.400000000000000000e+04 1.357500000000000000e+04
4.450000000000000000e+04 1.419500000000000000e+04
4.500000000000000000e+04 1.447300000000000000e+04
4.550000000000000000e+04 1.483400000000000000e+04
4.600000000000000000e+04 1.535200000000000000e+04
4.650000000000000000e+04 1.568300000000000000e+04
4.700000000000000000e+04 1.615700000000000000e+04
4.750000000000000000e+04 1.660800000000000000e+04
4.800000000000000000e+04 1.692300000000000000e+04
4.850000000000000000e+04 1.734100000000000000e+04
4.900000000000000000e+04 1.809400000000000000e+04
4.950000000000000000e+04 1.823900000000000000e+04
5.000000000000000000e+04 1.822800000000000000e+04
5.050000000000000000e+04 1.876800000000000000e+04
5.100000000000000000e+04 1.901800000000000000e+04
5.150000000000000000e+04 1.912900000000000000e+04
5.200000000000000000e+04 1.927500000000000000e+04
5.250000000000000000e+04 1.967800000000000000e+04
5.300000000000000000e+04 1.966900000000000000e+04
5.350000000000000000e+04 2.014000000000000000e+04
5.400000000000000000e+04 2.014700000000000000e+04
5.450000000000000000e+04 2.007300000000000000e+04
5.500000000000000000e+04 1.998100000000000000e+04
5.550000000000000000e+04 2.047400000000000000e+04
5.600000000000000000e+04 2.078900000000000000e+04
5.650000000000000000e+04 2.078600000000000000e+04
5.700000000000000000e+04 2.072300000000000000e+04
5.750000000000000000e+04 2.079400000000000000e+04
5.800000000000000000e+04 2.089300000000000000e+04
5.850000000000000000e+04 2.077400000000000000e+04
5.900000000000000000e+04 2.090900000000000000e+04
5.950000000000000000e+04 2.097600000000000000e+04
6.000000000000000000e+04 2.079200000000000000e+04
6.050000000000000000e+04 2.119300000000000000e+04
6.100000000000000000e+04 2.131200000000000000e+04
6.150000000000000000e+04 2.090800000000000000e+04
6.200000000000000000e+04 2.060400000000000000e+04
6.250000000000000000e+04 2.082200000000000000e+04
6.300000000000000000e+04 2.083200000000000000e+04
6.350000000000000000e+04 2.053000000000000000e+04
6.400000000000000000e+04 2.062600000000000000e+04
6.450000000000000000e+04 2.022800000000000000e+04
6.500000000000000000e+04 1.988300000000000000e+04
6.550000000000000000e+04 1.991300000000000000e+04
6.600000000000000000e+04 1.998500000000000000e+04
6.650000000000000000e+04 1.950800000000000000e+04
6.700000000000000000e+04 1.957000000000000000e+04
6.750000000000000000e+04 1.945900000000000000e+04
6.800000000000000000e+04 1.910100000000000000e+04
6.850000000000000000e+04 1.866600000000000000e+04
6.900000000000000000e+04 1.837000000000000000e+04
6.950000000000000000e+04 1.797000000000000000e+04
7.000000000000000000e+04 1.770700000000000000e+04
7.050000000000000000e+04 1.762300000000000000e+04
7.100000000000000000e+04 1.712800000000000000e+04
7.150000000000000000e+04 1.676700000000000000e+04
7.200000000000000000e+04 1.658100000000000000e+04
7.250000000000000000e+04 1.588300000000000000e+04
7.300000000000000000e+04 1.574200000000000000e+04
7.350000000000000000e+04 1.524900000000000000e+04
7.400000000000000000e+04 1.464100000000000000e+04
7.450000000000000000e+04 1.423700000000000000e+04
7.500000000000000000e+04 1.380700000000000000e+04
7.550000000000000000e+04 1.316500000000000000e+04
7.600000000000000000e+04 1.255600000000000000e+04
7.650000000000000000e+04 1.231100000000000000e+04
7.700000000000000000e+04 1.190200000000000000e+04
7.750000000000000000e+04 1.132400000000000000e+04
7.800000000000000000e+04 1.087700000000000000e+04
7.850000000000000000e+04 1.021000000000000000e+04
7.900000000000000000e+04 1.003800000000000000e+04
7.950000000000000000e+04 9.593000000000000000e+03
8.000000000000000000e+04 9.008000000000000000e+03
8.050000000000000000e+04 8.799000000000000000e+03
8.100000000000000000e+04 8.421000000000000000e+03
8.150000000000000000e+04 8.307000000000000000e+03
8.200000000000000000e+04 7.826000000000000000e+03
8.250000000000000000e+04 7.714000000000000000e+03
8.300000000000000000e+04 7.707000000000000000e+03
8.350000000000000000e+04 7.277000000000000000e+03
8.400000000000000000e+04 7.262000000000000000e+03
8.450000000000000000e+04 7.263000000000000000e+03
8.500000000000000000e+04 7.199000000000000000e+03
8.550000000000000000e+04 7.225000000000000000e+03
8.600000000000000000e+04 7.160000000000000000e+03
8.650000000000000000e+04 7.425000000000000000e+03
8.700000000000000000e+04 7.913000000000000000e+03
8.750000000000000000e+04 7.768000000000000000e+03
8.800000000000000000e+04 8.048000000000000000e+03
8.850000000000000000e+04 8.487000000000000000e+03
8.900000000000000000e+04 8.836000000000000000e+03
8.950000000000000000e+04 8.940000000000000000e+03
9.000000000000000000e+04 9.907000000000000000e+03
9.050000000000000000e+04 1.008400000000000000e+04
9.100000000000000000e+04 1.050400000000000000e+04
9.150000000000000000e+04 1.070900000000000000e+04
9.200000000000000000e+04 1.136100000000000000e+04
9.250000000000000000e+04 1.195400000000000000e+04
9.300000000000000000e+04 1.242600000000000000e+04
9.350000000000000000e+04 1.299900000000000000e+04
9.400000000000000000e+04 1.356500000000000000e+04
9.450000000000000000e+04 1.415200000000000000e+04
9.500000000000000000e+04 1.471100000000000000e+04
9.550000000000000000e+04 1.510500000000000000e+04
9.600000000000000000e+04 1.556400000000000000e+04
9.650000000000000000e+04 1.560700000000000000e+04
9.700000000000000000e+04 1.624100000000000000e+04
9.750000000000000000e+04 1.659600000000000000e+04
9.800000000000000000e+04 1.699800000000000000e+04
9.850000000000000000e+04 1.745300000000000000e+04
9.900000000000000000e+04 1.794400000000000000e+04
9.950000000000000000e+04 1.806600000000000000e+04
