0.000000000000000000e+00 1.716600000000000000e+04
1.000000000000000000e+02 1.758200000000000000e+04
2.000000000000000000e+02 1.763300000000000000e+04
3.000000000000000000e+02 1.784000000000000000e+04
4.000000000000000000e+02 1.817800000000000000e+04
5.000000000000000000e+02 1.828100000000000000e+04
6.000000000000000000e+02 1.862900000000000000e+04
7.000000000000000000e+02 1.862600000000000000e+04
8.000000000000000000e+02 1.906300000000000000e+04
9.000000000000000000e+02 1.905500000000000000e+04
1.000000000000000000e+03 1.920800000000000000e+04
1.100000000000000000e+03 1.902500000000000000e+04
1.200000000000000000e+03 1.965100000000000000e+04
1.300000000000000000e+03 1.960700000000000000e+04
1.400000000000000000e+03 1.945800000000000000e+04
1.500000000000000000e+03 1.965500000000000000e+04
1.600000000000000000e+03 1.954800000000000000e+04
1.700000000000000000e+03 1.946900000000000000e+04
1.800000000000000000e+03 1.949100000000000000e+04
1.900000000000000000e+03 1.998000000000000000e+04
2.000000000000000000e+03 1.974100000000000000e+04
2.100000000000000000e+03 1.970800000000000000e+04
2.200000000000000000e+03 1.960800000000000000e+04
2.300000000000000000e+03 1.943600000000000000e+04
2.400000000000000000e+03 1.966900000000000000e+04
2.500000000000000000e+03 1.938800000000000000e+04
2.600000000000000000e+03 1.938500000000000000e+04
2.700000000000000000e+03 1.920300000000000000e+04
2.800000000000000000e+03 1.911700000000000000e+04
2.900000000000000000e+03 1.897600000000000000e+04
3.000000000000000000e+03 1.891500000000000000e+04
3.100000000000000000e+03 1.881300000000000000e+04
3.200000000000000000e+03 1.888100000000000000e+04
3.300000000000000000e+03 1.851100000000000000e+04
3.400000000000000000e+03 1.810900000000000000e+04
3.500000000000000000e+03 1.829800000000000000e+04
3.600000000000000000e+03 1.801800000000000000e+04
3.700000000000000000e+03 1.771900000000000000e+04
3.800000000000000000e+03 1.759400000000000000e+04
3.900000000000000000e+03 1.714300000000000000e+04
4.000000000000000000e+03 1.674800000000000000e+04
4.100000000000000000e+03 1.682800000000000000e+04
4.200000000000000000e+03 1.626800000000000000e+04
4.300000000000000000e+03 1.593200000000000000e+04
4.400000000000000000e+03 1.549000000000000000e+04
4.500000000000000000e+03 1.536100000000000000e+04
4.600000000000000000e+03 1.490200000000000000e+04
4.700000000000000000e+03 1.463100000000000000e+04
4.800000000000000000e+03 1.410200000000000000e+04
4.900000000000000000e+03 1.384200000000000000e+04
5.000000000000000000e+03 1.338000000000000000e+04
5.100000000000000000e+03 1.279600000000000000e+04
5.200000000000000000e+03 1.249700000000000000e+04
5.300000000000000000e+03 1.221400000000000000e+04
5.400000000000000000e+03 1.145500000000000000e+04
5.500000000000000000e+03 1.102600000000000000e+04
5.600000000000000000e+03 1.085600000000000000e+04
5.700000000000000000e+03 1.019000000000000000e+04
5.800000000000000000e+03 9.697000000000000000e+03
5.900000000000000000e+03 9.613000000000000000e+03
6.000000000000000000e+03 9.029000000000000000e+03
6.100000000000000000e+03 8.782000000000000000e+03
6.200000000000000000e+03 8.473000000000000000e+03
6.300000000000000000e+03 8.200000000000000000e+03
6.400000000000000000e+03 7.788000000000000000e+03
6.500000000000000000e+03 7.571000000000000000e+03
6.600000000000000000e+03 7.457000000000000000e+03
6.700000000000000000e+03 7.290000000000000000e+03
6.800000000000000000e+03 7.167000000000000000e+03
6.900000000000000000e+03 7.169000000000000000e+03
7.000000000000000000e+03 6.895000000000000000e+03
7.100000000000000000e+03 6.928000000000000000e+03
7.200000000000000000e+03 7.039000000000000000e+03
7.300000000000000000e+03 6.834000000000000000e+03
7.400000000000000000e+03 7.298000000000000000e+03
7.500000000000000000e+03 7.324000000000000000e+03
7.600000000000000000e+03 7.395000000000000000e+03
7.700000000000000000e+03 7.507000000000000000e+03
7.800000000000000000e+03 7.969000000000000000e+03
7.900000000000000000e+03 8.107000000000000000e+03
8.000000000000000000e+03 8.484000000000000000e+03
8.100000000000000000e+03 8.949000000000000000e+03
8.200000000000000000e+03 9.309000000000000000e+03
8.300000000000000000e+03 9.906000000000000000e+03
8.400000000000000000e+03 1.023700000000000000e+04
8.500000000000000000e+03 1.040600000000000000e+04
8.600000000000000000e+03 1.123400000000000000e+04
8.700000000000000000e+03 1.183800000000000000e+04
8.800000000000000000e+03 1.206000000000000000e+04
8.900000000000000000e+03 1.260200000000000000e+04
9.000000000000000000e+03 1.316400000000000000e+04
9.100000000000000000e+03 1.357800000000000000e+04
9.200000000000000000e+03 1.425100000000000000e+04
9.300000000000000000e+03 1.439600000000000000e+04
9.400000000000000000e+03 1.502200000000000000e+04
9.500000000000000000e+03 1.538500000000000000e+04
9.600000000000000000e+03 1.550300000000000000e+04
9.700000000000000000e+03 1.623500000000000000e+04
9.800000000000000000e+03 1.657500000000000000e+04
9.900000000000000000e+03 1.680100000000000000e+04
1.000000000000000000e+04 1.717300000000000000e+04
1.010000000000000000e+04 1.750100000000000000e+04
1.020000000000000000e+04 1.770800000000000000e+04
1.030000000000000000e+04 1.813100000000000000e+04
1.040000000000000000e+04 1.799200000000000000e+04
1.050000000000000000e+04 1.846900000000000000e+04
1.060000000000000000e+04 1.865300000000000000e+04
1.070000000000000000e+04 1.857400000000000000e+04
1.080000000000000000e+04 1.879300000000000000e+04
1.090000000000000000e+04 1.909700000000000000e+04
1.100000000000000000e+04 1.904600000000000000e+04
1.110000000000000000e+04 1.946200000000000000e+04
1.120000000000000000e+04 1.959300000000000000e+04
1.130000000000000000e+04 1.936600000000000000e+04
1.140000000000000000e+04 1.949100000000000000e+04
1.150000000000000000e+04 1.959900000000000000e+04
1.160000000000000000e+04 1.961500000000000000e+04
1.170000000000000000e+04 1.981700000000000000e+04
1.180000000000000000e+04 1.968700000000000000e+04
1.190000000000000000e+04 1.996700000000000000e+04
1.200000000000000000e+04 1.980200000000000000e+04
1.210000000000000000e+04 1.968200000000000000e+04
1.220000000000000000e+04 1.954800000000000000e+04
1.230000000000000000e+04 1.959900000000000000e+04
1.240000000000000000e+04 1.960300000000000000e+04
1.250000000000000000e+04 1.938600000000000000e+04
1.260000000000000000e+04 1.925100000000000000e+04
1.270000000000000000e+04 1.923300000000000000e+04
1.280000000000000000e+04 1.923800000000000000e+04
1.290000000000000000e+04 1.924500000000000000e+04
1.300000000000000000e+04 1.894900000000000000e+04
1.310000000000000000e+04 1.883600000000000000e+04
1.320000000000000000e+04 1.847700000000000000e+04
1.330000000000000000e+04 1.838300000000000000e+04
1.340000000000000000e+04 1.856800000000000000e+04
1.350000000000000000e+04 1.807800000000000000e+04
1.360000000000000000e+04 1.787300000000000000e+04
1.370000000000000000e+04 1.751600000000000000e+04
1.380000000000000000e+04 1.741000000000000000e+04
1.390000000000000000e+04 1.712500000000000000e+04
1.400000000000000000e+04 1.694000000000000000e+04
1.410000000000000000e+04 1.689800000000000000e+04
1.420000000000000000e+04 1.628000000000000000e+04
1.430000000000000000e+04 1.602700000000000000e+04
1.440000000000000000e+04 1.537900000000000000e+04
1.450000000000000000e+04 1.545900000000000000e+04
1.460000000000000000e+04 1.486900000000000000e+04
1.470000000000000000e+04 1.450300000000000000e+04
1.480000000000000000e+04 1.415800000000000000e+04
1.490000000000000000e+04 1.363400000000000000e+04
1.500000000000000000e+04 1.314700000000000000e+04
1.510000000000000000e+04 1.299800000000000000e+04
1.520000000000000000e+04 1.256700000000000000e+04
1.530000000000000000e+04 1.193500000000000000e+04
1.540000000000000000e+04 1.134700000000000000e+04
1.550000000000000000e+04 1.096000000000000000e+04
1.560000000000000000e+04 1.080700000000000000e+04
1.570000000000000000e+04 1.027200000000000000e+04
1.580000000000000000e+04 9.741000000000000000e+03
1.590000000000000000e+04 9.403000000000000000e+03
1.600000000000000000e+04 9.245000000000000000e+03
1.610000000000000000e+04 8.845000000000000000e+03
1.620000000000000000e+04 8.463000000000000000e+03
1.630000000000000000e+04 8.308000000000000000e+03
1.640000000000000000e+04 7.903000000000000000e+03
1.650000000000000000e+04 7.792000000000000000e+03
1.660000000000000000e+04 7.493000000000000000e+03
1.670000000000000000e+04 7.359000000000000000e+03
1.680000000000000000e+04 7.243000000000000000e+03
1.690000000000000000e+04 7.082000000000000000e+03
1.700000000000000000e+04 6.940000000000000000e+03
1.710000000000000000e+04 7.012000000000000000e+03
1.720000000000000000e+04 6.863000000000000000e+03
1.730000000000000000e+04 7.018000000000000000e+03
1.740000000000000000e+04 7.142000000000000000e+03
1.750000000000000000e+04 7.113000000000000000e+03
1.760000000000000000e+04 7.584000000000000000e+03
1.770000000000000000e+04 7.776000000000000000e+03
1.780000000000000000e+04 7.774000000000000000e+03
1.790000000000000000e+04 8.035000000000000000e+03
1.800000000000000000e+04 8.535000000000000000e+03
1.810000000000000000e+04 8.871000000000000000e+03
1.820000000000000000e+04 9.216000000000000000e+03
1.830000000000000000e+04 1.003800000000000000e+04
1.840000000000000000e+04 1.032400000000000000e+04
1.850000000000000000e+04 1.058500000000000000e+04
1.860000000000000000e+04 1.130900000000000000e+04
1.870000000000000000e+04 1.147600000000000000e+04
1.880000000000000000e+04 1.205900000000000000e+04
1.890000000000000000e+04 1.246800000000000000e+04
1.900000000000000000e+04 1.309600000000000000e+04
1.910000000000000000e+04 1.350100000000000000e+04
1.920000000000000000e+04 1.396900000000000000e+04
1.930000000000000000e+04 1.450000000000000000e+04
1.940000000000000000e+04 1.490300000000000000e+04
1.950000000000000000e+04 1.548400000000000000e+04
1.960000000000000000e+04 1.579400000000000000e+04
1.970000000000000000e+04 1.606100000000000000e+04
1.980000000000000000e+04 1.658500000000000000e+04
1.990000000000000000e+04 1.701800000000000000e+04
