0.000000000000000000e+00 2.197500000000000000e+04
1.428000000000000000e+03 2.235800000000000000e+04
2.856000000000000000e+03 2.281600000000000000e+04
4.284000000000000000e+03 2.310300000000000000e+04
5.712000000000000000e+03 2.321500000000000000e+04
7.140000000000000000e+03 2.334400000000000000e+04
8.568000000000000000e+03 2.391300000000000000e+04
9.996000000000000000e+03 2.408500000000000000e+04
1.142400000000000000e+04 2.407700000000000000e+04
1.285200000000000000e+04 2.434300000000000000e+04
1.428000000000000000e+04 2.459600000000000000e+04
1.570800000000000000e+04 2.442000000000000000e+04
1.713600000000000000e+04 2.497300000000000000e+04
1.856400000000000000e+04 2.471500000000000000e+04
1.999200000000000000e+04 2.493400000000000000e+04
2.142000000000000000e+04 2.495100000000000000e+04
2.284800000000000000e+04 2.511500000000000000e+04
2.427600000000000000e+04 2.495900000000000000e+04
2.570400000000000000e+04 2.530700000000000000e+04
2.713200000000000000e+04 2.501100000000000000e+04
2.856000000000000000e+04 2.517700000000000000e+04
2.998800000000000000e+04 2.492900000000000000e+04
3.141600000000000000e+04 2.505100000000000000e+04
3.284400000000000000e+04 2.502700000000000000e+04
3.427200000000000000e+04 2.480800000000000000e+04
3.570000000000000000e+04 2.481400000000000000e+04
3.712800000000000000e+04 2.498300000000000000e+04
3.855600000000000000e+04 2.473800000000000000e+04
3.998400000000000000e+04 2.459500000000000000e+04
4.141200000000000000e+04 2.451400000000000000e+04
4.284000000000000000e+04 2.427500000000000000e+04
4.426800000000000000e+04 2.408400000000000000e+04
4.569600000000000000e+04 2.372900000000000000e+04
4.712400000000000000e+04 2.365700000000000000e+04
4.855200000000000000e+04 2.320000000000000000e+04
4.998000000000000000e+04 2.296100000000000000e+04
5.140800000000000000e+04 2.282400000000000000e+04
5.283600000000000000e+04 2.258900000000000000e+04
5.426400000000000000e+04 2.212600000000000000e+04
5.569200000000000000e+04 2.184000000000000000e+04
5.712000000000000000e+04 2.135500000000000000e+04
5.854800000000000000e+04 2.099900000000000000e+04
5.997600000000000000e+04 2.063800000000000000e+04
6.140400000000000000e+04 2.044800000000000000e+04
6.283200000000000000e+04 1.984700000000000000e+04
6.426000000000000000e+04 1.923000000000000000e+04
6.568800000000000000e+04 1.873700000000000000e+04
6.711600000000000000e+04 1.799700000000000000e+04
6.854400000000000000e+04 1.768200000000000000e+04
6.997200000000000000e+04 1.725500000000000000e+04
7.140000000000000000e+04 1.645800000000000000e+04
7.282800000000000000e+04 1.616500000000000000e+04
7.425600000000000000e+04 1.556100000000000000e+04
7.568400000000000000e+04 1.470400000000000000e+04
7.711200000000000000e+04 1.412500000000000000e+04
7.854000000000000000e+04 1.366200000000000000e+04
7.996800000000000000e+04 1.302000000000000000e+04
8.139600000000000000e+04 1.289300000000000000e+04
8.282400000000000000e+04 1.200800000000000000e+04
8.425200000000000000e+04 1.154600000000000000e+04
8.568000000000000000e+04 1.127700000000000000e+04
8.710800000000000000e+04 1.081600000000000000e+04
8.853600000000000000e+04 1.015900000000000000e+04
8.996400000000000000e+04 1.004600000000000000e+04
9.139200000000000000e+04 9.820000000000000000e+03
9.282000000000000000e+04 9.451000000000000000e+03
9.424800000000000000e+04 9.206000000000000000e+03
9.567600000000000000e+04 8.986000000000000000e+03
9.710400000000000000e+04 9.009000000000000000e+03
9.853200000000000000e+04 9.050000000000000000e+03
9.996000000000000000e+04 9.060000000000000000e+03
1.013880000000000000e+05 9.120000000000000000e+03
1.028160000000000000e+05 9.059000000000000000e+03
1.042440000000000000e+05 9.357000000000000000e+03
1.056720000000000000e+05 9.582000000000000000e+03
1.071000000000000000e+05 9.806000000000000000e+03
1.085280000000000000e+05 1.012000000000000000e+04
1.099560000000000000e+05 1.054500000000000000e+04
1.113840000000000000e+05 1.096000000000000000e+04
1.128120000000000000e+05 1.140200000000000000e+04
1.142400000000000000e+05 1.184400000000000000e+04
1.156680000000000000e+05 1.232700000000000000e+04
1.170960000000000000e+05 1.277600000000000000e+04
1.185240000000000000e+05 1.325900000000000000e+04
1.199520000000000000e+05 1.415800000000000000e+04
1.213800000000000000e+05 1.459200000000000000e+04
1.228080000000000000e+05 1.534500000000000000e+04
1.242360000000000000e+05 1.582200000000000000e+04
1.256640000000000000e+05 1.629700000000000000e+04
1.270920000000000000e+05 1.706000000000000000e+04
1.285200000000000000e+05 1.729100000000000000e+04
1.299480000000000000e+05 1.828700000000000000e+04
1.313760000000000000e+05 1.864600000000000000e+04
1.328040000000000000e+05 1.900300000000000000e+04
1.342320000000000000e+05 1.970200000000000000e+04
1.356600000000000000e+05 2.016600000000000000e+04
1.370880000000000000e+05 2.056600000000000000e+04
1.385160000000000000e+05 2.085000000000000000e+04
1.399440000000000000e+05 2.122800000000000000e+04
1.413720000000000000e+05 2.151100000000000000e+04
1.428000000000000000e+05 2.220300000000000000e+04
1.442280000000000000e+05 2.236100000000000000e+04
1.456560000000000000e+05 2.281200000000000000e+04
1.470840000000000000e+05 2.304600000000000000e+04
1.485120000000000000e+05 2.344000000000000000e+04
1.499400000000000000e+05 2.361000000000000000e+04
1.513680000000000000e+05 2.385600000000000000e+04
1.527960000000000000e+05 2.403200000000000000e+04
1.542240000000000000e+05 2.371500000000000000e+04
1.556520000000000000e+05 2.461000000000000000e+04
1.570800000000000000e+05 2.438800000000000000e+04
1.585080000000000000e+05 2.453100000000000000e+04
1.599360000000000000e+05 2.455200000000000000e+04
1.613640000000000000e+05 2.486100000000000000e+04
1.627920000000000000e+05 2.486200000000000000e+04
1.642200000000000000e+05 2.510300000000000000e+04
1.656480000000000000e+05 2.502300000000000000e+04
1.670760000000000000e+05 2.489200000000000000e+04
1.685040000000000000e+05 2.500400000000000000e+04
1.699320000000000000e+05 2.516200000000000000e+04
1.713600000000000000e+05 2.532500000000000000e+04
1.727880000000000000e+05 2.537200000000000000e+04
1.742160000000000000e+05 2.506000000000000000e+04
1.756440000000000000e+05 2.506800000000000000e+04
1.770720000000000000e+05 2.495700000000000000e+04
1.785000000000000000e+05 2.487600000000000000e+04
1.799280000000000000e+05 2.491400000000000000e+04
1.813560000000000000e+05 2.461000000000000000e+04
1.827840000000000000e+05 2.492200000000000000e+04
1.842120000000000000e+05 2.447700000000000000e+04
1.856400000000000000e+05 2.433200000000000000e+04
1.870680000000000000e+05 2.379600000000000000e+04
1.884960000000000000e+05 2.383800000000000000e+04
1.899240000000000000e+05 2.350500000000000000e+04
1.913520000000000000e+05 2.322600000000000000e+04
1.927800000000000000e+05 2.326100000000000000e+04
1.942080000000000000e+05 2.300700000000000000e+04
1.956360000000000000e+05 2.247400000000000000e+04
1.970640000000000000e+05 2.203000000000000000e+04
1.984920000000000000e+05 2.204000000000000000e+04
1.999200000000000000e+05 2.119200000000000000e+04
2.013480000000000000e+05 2.125200000000000000e+04
2.027760000000000000e+05 2.060700000000000000e+04
2.042040000000000000e+05 2.018000000000000000e+04
2.056320000000000000e+05 1.968500000000000000e+04
2.070600000000000000e+05 1.906200000000000000e+04
2.084880000000000000e+05 1.878900000000000000e+04
2.099160000000000000e+05 1.832600000000000000e+04
2.113440000000000000e+05 1.754400000000000000e+04
2.127720000000000000e+05 1.730800000000000000e+04
2.142000000000000000e+05 1.654500000000000000e+04
2.156280000000000000e+05 1.631300000000000000e+04
2.170560000000000000e+05 1.564000000000000000e+04
2.184840000000000000e+05 1.475900000000000000e+04
2.199120000000000000e+05 1.425800000000000000e+04
2.213400000000000000e+05 1.377300000000000000e+04
2.227680000000000000e+05 1.305900000000000000e+04
2.241960000000000000e+05 1.265900000000000000e+04
2.256240000000000000e+05 1.203700000000000000e+04
2.270520000000000000e+05 1.176400000000000000e+04
2.284800000000000000e+05 1.130000000000000000e+04
2.299080000000000000e+05 1.073700000000000000e+04
2.313360000000000000e+05 1.061500000000000000e+04
2.327640000000000000e+05 1.016800000000000000e+04
2.341920000000000000e+05 9.872000000000000000e+03
2.356200000000000000e+05 9.705000000000000000e+03
2.370480000000000000e+05 9.280000000000000000e+03
2.384760000000000000e+05 9.214000000000000000e+03
2.399040000000000000e+05 9.076000000000000000e+03
2.413320000000000000e+05 9.060000000000000000e+03
2.427600000000000000e+05 8.901000000000000000e+03
2.441880000000000000e+05 9.061000000000000000e+03
2.456160000000000000e+05 9.214000000000000000e+03
2.470440000000000000e+05 9.402000000000000000e+03
2.484720000000000000e+05 9.461000000000000000e+03
2.499000000000000000e+05 9.962000000000000000e+03
2.513280000000000000e+05 1.005200000000000000e+04
2.527560000000000000e+05 1.046900000000000000e+04
2.541840000000000000e+05 1.102100000000000000e+04
2.556120000000000000e+05 1.130900000000000000e+04
2.570400000000000000e+05 1.190700000000000000e+04
2.584680000000000000e+05 1.270700000000000000e+04
2.598960000000000000e+05 1.294500000000000000e+04
2.613240000000000000e+05 1.360500000000000000e+04
2.627520000000000000e+05 1.401900000000000000e+04
2.641800000000000000e+05 1.452600000000000000e+04
2.656080000000000000e+05 1.524500000000000000e+04
2.670360000000000000e+05 1.565400000000000000e+04
2.684640000000000000e+05 1.639000000000000000e+04
2.698920000000000000e+05 1.669900000000000000e+04
2.713200000000000000e+05 1.744600000000000000e+04
2.727480000000000000e+05 1.802500000000000000e+04
2.741760000000000000e+05 1.866600000000000000e+04
2.756040000000000000e+05 1.913100000000000000e+04
2.770320000000000000e+05 1.960400000000000000e+04
2.784600000000000000e+05 1.993600000000000000e+04
2.798880000000000000e+05 2.012200000000000000e+04
2.813160000000000000e+05 2.100500000000000000e+04
2.827440000000000000e+05 2.170600000000000000e+04
2.841720000000000000e+05 2.173100000000000000e+04
