0.000000000000000000e+00 1.768600000000000000e+04
5.000000000000000000e+01 1.845400000000000000e+04
1.000000000000000000e+02 1.861900000000000000e+04
1.500000000000000000e+02 1.890800000000000000e+04
2.000000000000000000e+02 1.956500000000000000e+04
2.500000000000000000e+02 1.978200000000000000e+04
3.000000000000000000e+02 1.994000000000000000e+04
3.500000000000000000e+02 2.014200000000000000e+04
4.000000000000000000e+02 2.016000000000000000e+04
4.500000000000000000e+02 2.044000000000000000e+04
5.000000000000000000e+02 2.063100000000000000e+04
5.500000000000000000e+02 2.067700000000000000e+04
6.000000000000000000e+02 2.097200000000000000e+04
6.500000000000000000e+02 2.099600000000000000e+04
7.000000000000000000e+02 2.123500000000000000e+04
7.500000000000000000e+02 2.134100000000000000e+04
8.000000000000000000e+02 2.109200000000000000e+04
8.500000000000000000e+02 2.113900000000000000e+04
9.000000000000000000e+02 2.144000000000000000e+04
9.500000000000000000e+02 2.146600000000000000e+04
1.000000000000000000e+03 2.136300000000000000e+04
1.050000000000000000e+03 2.149700000000000000e+04
1.100000000000000000e+03 2.123700000000000000e+04
1.150000000000000000e+03 2.131300000000000000e+04
1.200000000000000000e+03 2.147800000000000000e+04
1.250000000000000000e+03 2.122300000000000000e+04
1.300000000000000000e+03 2.117600000000000000e+04
1.350000000000000000e+03 2.115900000000000000e+04
1.400000000000000000e+03 2.093800000000000000e+04
1.450000000000000000e+03 2.066800000000000000e+04
1.500000000000000000e+03 2.080700000000000000e+04
1.550000000000000000e+03 2.057700000000000000e+04
1.600000000000000000e+03 2.038900000000000000e+04
1.650000000000000000e+03 2.012800000000000000e+04
1.700000000000000000e+03 2.006200000000000000e+04
1.750000000000000000e+03 2.016200000000000000e+04
1.800000000000000000e+03 1.963700000000000000e+04
1.850000000000000000e+03 1.942000000000000000e+04
1.900000000000000000e+03 1.914800000000000000e+04
1.950000000000000000e+03 1.918700000000000000e+04
2.000000000000000000e+03 1.881300000000000000e+04
2.050000000000000000e+03 1.831800000000000000e+04
2.100000000000000000e+03 1.797700000000000000e+04
2.150000000000000000e+03 1.743200000000000000e+04
2.200000000000000000e+03 1.718600000000000000e+04
2.250000000000000000e+03 1.691200000000000000e+04
2.300000000000000000e+03 1.658100000000000000e+04
2.350000000000000000e+03 1.598400000000000000e+04
2.400000000000000000e+03 1.556100000000000000e+04
2.450000000000000000e+03 1.505000000000000000e+04
2.500000000000000000e+03 1.463400000000000000e+04
2.550000000000000000e+03 1.429500000000000000e+04
2.600000000000000000e+03 1.367900000000000000e+04
2.650000000000000000e+03 1.349200000000000000e+04
2.700000000000000000e+03 1.298400000000000000e+04
2.750000000000000000e+03 1.261500000000000000e+04
2.800000000000000000e+03 1.205800000000000000e+04
2.850000000000000000e+03 1.177800000000000000e+04
2.900000000000000000e+03 1.123800000000000000e+04
2.950000000000000000e+03 1.082600000000000000e+04
3.000000000000000000e+03 1.042500000000000000e+04
3.050000000000000000e+03 1.000500000000000000e+04
3.100000000000000000e+03 9.817000000000000000e+03
3.150000000000000000e+03 9.374000000000000000e+03
3.200000000000000000e+03 9.083000000000000000e+03
3.250000000000000000e+03 8.726000000000000000e+03
3.300000000000000000e+03 8.694000000000000000e+03
3.350000000000000000e+03 8.360000000000000000e+03
3.400000000000000000e+03 8.241000000000000000e+03
3.450000000000000000e+03 8.065000000000000000e+03
3.500000000000000000e+03 7.876000000000000000e+03
3.550000000000000000e+03 7.723000000000000000e+03
3.600000000000000000e+03 7.651000000000000000e+03
3.650000000000000000e+03 7.751000000000000000e+03
3.700000000000000000e+03 7.727000000000000000e+03
3.750000000000000000e+03 7.767000000000000000e+03
3.800000000000000000e+03 7.838000000000000000e+03
3.850000000000000000e+03 8.089000000000000000e+03
3.900000000000000000e+03 8.322000000000000000e+03
3.950000000000000000e+03 8.291000000000000000e+03
4.000000000000000000e+03 8.810000000000000000e+03
4.050000000000000000e+03 9.040000000000000000e+03
4.100000000000000000e+03 9.275000000000000000e+03
4.150000000000000000e+03 9.947000000000000000e+03
4.200000000000000000e+03 1.035700000000000000e+04
4.250000000000000000e+03 1.059000000000000000e+04
4.300000000000000000e+03 1.111600000000000000e+04
4.350000000000000000e+03 1.175400000000000000e+04
4.400000000000000000e+03 1.212500000000000000e+04
4.450000000000000000e+03 1.271900000000000000e+04
4.500000000000000000e+03 1.323800000000000000e+04
4.550000000000000000e+03 1.389400000000000000e+04
4.600000000000000000e+03 1.414300000000000000e+04
4.650000000000000000e+03 1.503100000000000000e+04
4.700000000000000000e+03 1.529300000000000000e+04
4.750000000000000000e+03 1.564300000000000000e+04
4.800000000000000000e+03 1.670800000000000000e+04
4.850000000000000000e+03 1.677700000000000000e+04
4.900000000000000000e+03 1.711100000000000000e+04
4.950000000000000000e+03 1.745200000000000000e+04
5.000000000000000000e+03 1.782100000000000000e+04
5.050000000000000000e+03 1.826700000000000000e+04
5.100000000000000000e+03 1.867000000000000000e+04
5.150000000000000000e+03 1.908900000000000000e+04
5.200000000000000000e+03 1.950200000000000000e+04
5.250000000000000000e+03 1.944000000000000000e+04
5.300000000000000000e+03 1.987400000000000000e+04
5.350000000000000000e+03 1.991200000000000000e+04
5.400000000000000000e+03 2.051600000000000000e+04
5.450000000000000000e+03 2.059800000000000000e+04
5.500000000000000000e+03 2.057800000000000000e+04
5.550000000000000000e+03 2.076800000000000000e+04
5.600000000000000000e+03 2.110800000000000000e+04
5.650000000000000000e+03 2.087000000000000000e+04
5.700000000000000000e+03 2.098200000000000000e+04
5.750000000000000000e+03 2.120700000000000000e+04
5.800000000000000000e+03 2.138900000000000000e+04
5.850000000000000000e+03 2.165800000000000000e+04
5.900000000000000000e+03 2.147700000000000000e+04
5.950000000000000000e+03 2.146100000000000000e+04
6.000000000000000000e+03 2.132100000000000000e+04
6.050000000000000000e+03 2.141200000000000000e+04
6.100000000000000000e+03 2.165200000000000000e+04
6.150000000000000000e+03 2.146100000000000000e+04
6.200000000000000000e+03 2.159200000000000000e+04
6.250000000000000000e+03 2.127500000000000000e+04
6.300000000000000000e+03 2.135100000000000000e+04
6.350000000000000000e+03 2.110300000000000000e+04
6.400000000000000000e+03 2.120300000000000000e+04
6.450000000000000000e+03 2.110100000000000000e+04
6.500000000000000000e+03 2.102600000000000000e+04
6.550000000000000000e+03 2.070700000000000000e+04
6.600000000000000000e+03 2.061400000000000000e+04
6.650000000000000000e+03 2.029600000000000000e+04
6.700000000000000000e+03 2.023200000000000000e+04
6.750000000000000000e+03 1.999900000000000000e+04
6.800000000000000000e+03 1.965900000000000000e+04
6.850000000000000000e+03 1.952000000000000000e+04
6.900000000000000000e+03 1.923300000000000000e+04
6.950000000000000000e+03 1.898000000000000000e+04
7.000000000000000000e+03 1.852000000000000000e+04
7.050000000000000000e+03 1.847600000000000000e+04
7.100000000000000000e+03 1.800200000000000000e+04
7.150000000000000000e+03 1.774200000000000000e+04
7.200000000000000000e+03 1.743500000000000000e+04
7.250000000000000000e+03 1.673200000000000000e+04
7.300000000000000000e+03 1.645500000000000000e+04
7.350000000000000000e+03 1.607200000000000000e+04
7.400000000000000000e+03 1.552900000000000000e+04
7.450000000000000000e+03 1.541400000000000000e+04
7.500000000000000000e+03 1.490700000000000000e+04
7.550000000000000000e+03 1.441100000000000000e+04
7.600000000000000000e+03 1.384400000000000000e+04
7.650000000000000000e+03 1.344100000000000000e+04
7.700000000000000000e+03 1.326300000000000000e+04
7.750000000000000000e+03 1.250300000000000000e+04
7.800000000000000000e+03 1.219300000000000000e+04
7.850000000000000000e+03 1.179900000000000000e+04
7.900000000000000000e+03 1.105000000000000000e+04
7.950000000000000000e+03 1.080400000000000000e+04
8.000000000000000000e+03 1.030200000000000000e+04
8.050000000000000000e+03 1.020600000000000000e+04
8.100000000000000000e+03 9.675000000000000000e+03
8.150000000000000000e+03 9.346000000000000000e+03
8.200000000000000000e+03 8.954000000000000000e+03
8.250000000000000000e+03 8.775000000000000000e+03
8.300000000000000000e+03 8.657000000000000000e+03
8.350000000000000000e+03 8.350000000000000000e+03
8.400000000000000000e+03 8.139000000000000000e+03
8.450000000000000000e+03 7.953000000000000000e+03
8.500000000000000000e+03 7.956000000000000000e+03
8.550000000000000000e+03 7.707000000000000000e+03
8.600000000000000000e+03 7.517000000000000000e+03
8.650000000000000000e+03 7.669000000000000000e+03
8.700000000000000000e+03 7.632000000000000000e+03
8.750000000000000000e+03 8.015000000000000000e+03
8.800000000000000000e+03 7.912000000000000000e+03
8.850000000000000000e+03 7.946000000000000000e+03
8.900000000000000000e+03 8.218000000000000000e+03
8.950000000000000000e+03 8.530000000000000000e+03
9.000000000000000000e+03 8.654000000000000000e+03
9.050000000000000000e+03 8.992000000000000000e+03
9.100000000000000000e+03 9.427000000000000000e+03
9.150000000000000000e+03 9.693000000000000000e+03
9.200000000000000000e+03 1.031800000000000000e+04
9.250000000000000000e+03 1.071100000000000000e+04
9.300000000000000000e+03 1.130500000000000000e+04
9.350000000000000000e+03 1.185600000000000000e+04
9.400000000000000000e+03 1.241700000000000000e+04
9.450000000000000000e+03 1.280900000000000000e+04
9.500000000000000000e+03 1.332300000000000000e+04
9.550000000000000000e+03 1.363600000000000000e+04
9.600000000000000000e+03 1.430000000000000000e+04
9.650000000000000000e+03 1.498900000000000000e+04
9.700000000000000000e+03 1.547900000000000000e+04
9.750000000000000000e+03 1.579200000000000000e+04
9.800000000000000000e+03 1.632900000000000000e+04
9.850000000000000000e+03 1.660500000000000000e+04
9.900000000000000000e+03 1.740300000000000000e+04
9.950000000000000000e+03 1.746500000000000000e+04
