0.000000000000000000e+00 1.674500000000000000e+04
1.000000000000000000e+03 1.714800000000000000e+04
2.000000000000000000e+03 1.727800000000000000e+04
3.000000000000000000e+03 1.739600000000000000e+04
4.000000000000000000e+03 1.783300000000000000e+04
5.000000000000000000e+03 1.807700000000000000e+04
6.000000000000000000e+03 1.834300000000000000e+04
7.000000000000000000e+03 1.810000000000000000e+04
8.000000000000000000e+03 1.874700000000000000e+04
9.000000000000000000e+03 1.850000000000000000e+04
1.000000000000000000e+04 1.845300000000000000e+04
1.100000000000000000e+04 1.890400000000000000e+04
1.200000000000000000e+04 1.903000000000000000e+04
1.300000000000000000e+04 1.913900000000000000e+04
1.400000000000000000e+04 1.921800000000000000e+04
1.500000000000000000e+04 1.895200000000000000e+04
1.600000000000000000e+04 1.916500000000000000e+04
1.700000000000000000e+04 1.929500000000000000e+04
1.800000000000000000e+04 1.937400000000000000e+04
1.900000000000000000e+04 1.942300000000000000e+04
2.000000000000000000e+04 1.961700000000000000e+04
2.100000000000000000e+04 1.961500000000000000e+04
2.200000000000000000e+04 1.941000000000000000e+04
2.300000000000000000e+04 1.920400000000000000e+04
2.400000000000000000e+04 1.952100000000000000e+04
2.500000000000000000e+04 1.918300000000000000e+04
2.600000000000000000e+04 1.904500000000000000e+04
2.700000000000000000e+04 1.910900000000000000e+04
2.800000000000000000e+04 1.865100000000000000e+04
2.900000000000000000e+04 1.880600000000000000e+04
3.000000000000000000e+04 1.862700000000000000e+04
3.100000000000000000e+04 1.878300000000000000e+04
3.200000000000000000e+04 1.823100000000000000e+04
3.300000000000000000e+04 1.784600000000000000e+04
3.400000000000000000e+04 1.792000000000000000e+04
3.500000000000000000e+04 1.771900000000000000e+04
3.600000000000000000e+04 1.739400000000000000e+04
3.700000000000000000e+04 1.718600000000000000e+04
3.800000000000000000e+04 1.702700000000000000e+04
3.900000000000000000e+04 1.662000000000000000e+04
4.000000000000000000e+04 1.639700000000000000e+04
4.100000000000000000e+04 1.600400000000000000e+04
4.200000000000000000e+04 1.580800000000000000e+04
4.300000000000000000e+04 1.526400000000000000e+04
4.400000000000000000e+04 1.501800000000000000e+04
4.500000000000000000e+04 1.430700000000000000e+04
4.600000000000000000e+04 1.412200000000000000e+04
4.700000000000000000e+04 1.367200000000000000e+04
4.800000000000000000e+04 1.319500000000000000e+04
4.900000000000000000e+04 1.290700000000000000e+04
5.000000000000000000e+04 1.219300000000000000e+04
5.100000000000000000e+04 1.199900000000000000e+04
5.200000000000000000e+04 1.163100000000000000e+04
5.300000000000000000e+04 1.084300000000000000e+04
5.400000000000000000e+04 1.029000000000000000e+04
5.500000000000000000e+04 9.841000000000000000e+03
5.600000000000000000e+04 9.412000000000000000e+03
5.700000000000000000e+04 8.920000000000000000e+03
5.800000000000000000e+04 8.419000000000000000e+03
5.900000000000000000e+04 7.966000000000000000e+03
6.000000000000000000e+04 7.771000000000000000e+03
6.100000000000000000e+04 7.479000000000000000e+03
6.200000000000000000e+04 6.930000000000000000e+03
6.300000000000000000e+04 6.718000000000000000e+03
6.400000000000000000e+04 6.554000000000000000e+03
6.500000000000000000e+04 6.334000000000000000e+03
6.600000000000000000e+04 6.073000000000000000e+03
6.700000000000000000e+04 6.059000000000000000e+03
6.800000000000000000e+04 5.779000000000000000e+03
6.900000000000000000e+04 5.746000000000000000e+03
7.000000000000000000e+04 5.686000000000000000e+03
7.100000000000000000e+04 5.856000000000000000e+03
7.200000000000000000e+04 6.086000000000000000e+03
7.300000000000000000e+04 6.143000000000000000e+03
7.400000000000000000e+04 6.364000000000000000e+03
7.500000000000000000e+04 6.665000000000000000e+03
7.600000000000000000e+04 6.696000000000000000e+03
7.700000000000000000e+04 7.200000000000000000e+03
7.800000000000000000e+04 7.401000000000000000e+03
7.900000000000000000e+04 7.891000000000000000e+03
8.000000000000000000e+04 8.178000000000000000e+03
8.100000000000000000e+04 8.633000000000000000e+03
8.200000000000000000e+04 9.162000000000000000e+03
8.300000000000000000e+04 9.632000000000000000e+03
8.400000000000000000e+04 1.019400000000000000e+04
8.500000000000000000e+04 1.052400000000000000e+04
8.600000000000000000e+04 1.114400000000000000e+04
8.700000000000000000e+04 1.170800000000000000e+04
8.800000000000000000e+04 1.224100000000000000e+04
8.900000000000000000e+04 1.242000000000000000e+04
9.000000000000000000e+04 1.307800000000000000e+04
9.100000000000000000e+04 1.359600000000000000e+04
9.200000000000000000e+04 1.415200000000000000e+04
9.300000000000000000e+04 1.444600000000000000e+04
9.400000000000000000e+04 1.493800000000000000e+04
9.500000000000000000e+04 1.513000000000000000e+04
9.600000000000000000e+04 1.570200000000000000e+04
9.700000000000000000e+04 1.603300000000000000e+04
9.800000000000000000e+04 1.636800000000000000e+04
9.900000000000000000e+04 1.679300000000000000e+04
1.000000000000000000e+05 1.698200000000000000e+04
1.010000000000000000e+05 1.702700000000000000e+04
1.020000000000000000e+05 1.742400000000000000e+04
1.030000000000000000e+05 1.771000000000000000e+04
1.040000000000000000e+05 1.812000000000000000e+04
1.050000000000000000e+05 1.801700000000000000e+04
1.060000000000000000e+05 1.811900000000000000e+04
1.070000000000000000e+05 1.841800000000000000e+04
1.080000000000000000e+05 1.833900000000000000e+04
1.090000000000000000e+05 1.864900000000000000e+04
1.100000000000000000e+05 1.880800000000000000e+04
1.110000000000000000e+05 1.900500000000000000e+04
1.120000000000000000e+05 1.921700000000000000e+04
1.130000000000000000e+05 1.892600000000000000e+04
1.140000000000000000e+05 1.899400000000000000e+04
1.150000000000000000e+05 1.913700000000000000e+04
1.160000000000000000e+05 1.918200000000000000e+04
1.170000000000000000e+05 1.945700000000000000e+04
1.180000000000000000e+05 1.935100000000000000e+04
1.190000000000000000e+05 1.935200000000000000e+04
1.200000000000000000e+05 1.944900000000000000e+04
1.210000000000000000e+05 1.945700000000000000e+04
1.220000000000000000e+05 1.944400000000000000e+04
1.230000000000000000e+05 1.944200000000000000e+04
1.240000000000000000e+05 1.910800000000000000e+04
1.250000000000000000e+05 1.915700000000000000e+04
1.260000000000000000e+05 1.916300000000000000e+04
1.270000000000000000e+05 1.909400000000000000e+04
1.280000000000000000e+05 1.887800000000000000e+04
1.290000000000000000e+05 1.879500000000000000e+04
1.300000000000000000e+05 1.867200000000000000e+04
1.310000000000000000e+05 1.836800000000000000e+04
1.320000000000000000e+05 1.821700000000000000e+04
1.330000000000000000e+05 1.828600000000000000e+04
1.340000000000000000e+05 1.793100000000000000e+04
1.350000000000000000e+05 1.771900000000000000e+04
1.360000000000000000e+05 1.740700000000000000e+04
1.370000000000000000e+05 1.741300000000000000e+04
1.380000000000000000e+05 1.682800000000000000e+04
1.390000000000000000e+05 1.707800000000000000e+04
1.400000000000000000e+05 1.629300000000000000e+04
1.410000000000000000e+05 1.635300000000000000e+04
1.420000000000000000e+05 1.554600000000000000e+04
1.430000000000000000e+05 1.534300000000000000e+04
1.440000000000000000e+05 1.488800000000000000e+04
1.450000000000000000e+05 1.443100000000000000e+04
1.460000000000000000e+05 1.411500000000000000e+04
1.470000000000000000e+05 1.357500000000000000e+04
1.480000000000000000e+05 1.318800000000000000e+04
1.490000000000000000e+05 1.272900000000000000e+04
1.500000000000000000e+05 1.246200000000000000e+04
1.510000000000000000e+05 1.193900000000000000e+04
1.520000000000000000e+05 1.143500000000000000e+04
1.530000000000000000e+05 1.108100000000000000e+04
1.540000000000000000e+05 1.021600000000000000e+04
1.550000000000000000e+05 1.002400000000000000e+04
1.560000000000000000e+05 9.268000000000000000e+03
1.570000000000000000e+05 9.022000000000000000e+03
1.580000000000000000e+05 8.542000000000000000e+03
1.590000000000000000e+05 8.125000000000000000e+03
1.600000000000000000e+05 7.796000000000000000e+03
1.610000000000000000e+05 7.391000000000000000e+03
1.620000000000000000e+05 6.882000000000000000e+03
1.630000000000000000e+05 6.721000000000000000e+03
1.640000000000000000e+05 6.485000000000000000e+03
1.650000000000000000e+05 6.536000000000000000e+03
1.660000000000000000e+05 6.082000000000000000e+03
1.670000000000000000e+05 6.017000000000000000e+03
1.680000000000000000e+05 5.882000000000000000e+03
1.690000000000000000e+05 5.925000000000000000e+03
1.700000000000000000e+05 5.888000000000000000e+03
1.710000000000000000e+05 5.742000000000000000e+03
1.720000000000000000e+05 6.025000000000000000e+03
1.730000000000000000e+05 6.200000000000000000e+03
1.740000000000000000e+05 6.387000000000000000e+03
1.750000000000000000e+05 6.515000000000000000e+03
1.760000000000000000e+05 6.770000000000000000e+03
1.770000000000000000e+05 7.126000000000000000e+03
1.780000000000000000e+05 7.504000000000000000e+03
1.790000000000000000e+05 7.704000000000000000e+03
1.800000000000000000e+05 8.268000000000000000e+03
1.810000000000000000e+05 8.762000000000000000e+03
1.820000000000000000e+05 8.846000000000000000e+03
1.830000000000000000e+05 9.633000000000000000e+03
1.840000000000000000e+05 1.009900000000000000e+04
1.850000000000000000e+05 1.062900000000000000e+04
1.860000000000000000e+05 1.085300000000000000e+04
1.870000000000000000e+05 1.152000000000000000e+04
1.880000000000000000e+05 1.197500000000000000e+04
1.890000000000000000e+05 1.264000000000000000e+04
1.900000000000000000e+05 1.297000000000000000e+04
1.910000000000000000e+05 1.342800000000000000e+04
1.920000000000000000e+05 1.382500000000000000e+04
1.930000000000000000e+05 1.446900000000000000e+04
1.940000000000000000e+05 1.469200000000000000e+04
1.950000000000000000e+05 1.545500000000000000e+04
1.960000000000000000e+05 1.542100000000000000e+04
1.970000000000000000e+05 1.596400000000000000e+04
1.980000000000000000e+05 1.625400000000000000e+04
1.990000000000000000e+05 1.649900000000000000e+04
