0.000000000000000000e+00 1.429700000000000000e+04
5.000000000000000000e+02 1.479300000000000000e+04
1.000000000000000000e+03 1.484100000000000000e+04
1.500000000000000000e+03 1.507100000000000000e+04
2.000000000000000000e+03 1.487100000000000000e+04
2.500000000000000000e+03 1.526800000000000000e+04
3.000000000000000000e+03 1.528200000000000000e+04
3.500000000000000000e+03 1.588100000000000000e+04
4.000000000000000000e+03 1.596500000000000000e+04
4.500000000000000000e+03 1.603400000000000000e+04
5.000000000000000000e+03 1.575400000000000000e+04
5.500000000000000000e+03 1.601500000000000000e+04
6.000000000000000000e+03 1.610300000000000000e+04
6.500000000000000000e+03 1.608100000000000000e+04
7.000000000000000000e+03 1.626200000000000000e+04
7.500000000000000000e+03 1.612100000000000000e+04
8.000000000000000000e+03 1.637100000000000000e+04
8.500000000000000000e+03 1.625600000000000000e+04
9.000000000000000000e+03 1.640300000000000000e+04
9.500000000000000000e+03 1.650800000000000000e+04
1.000000000000000000e+04 1.622100000000000000e+04
1.050000000000000000e+04 1.636500000000000000e+04
1.100000000000000000e+04 1.631400000000000000e+04
1.150000000000000000e+04 1.626400000000000000e+04
1.200000000000000000e+04 1.622400000000000000e+04
1.250000000000000000e+04 1.633800000000000000e+04
1.300000000000000000e+04 1.620000000000000000e+04
1.350000000000000000e+04 1.623900000000000000e+04
1.400000000000000000e+04 1.595300000000000000e+04
1.450000000000000000e+04 1.588300000000000000e+04
1.500000000000000000e+04 1.592300000000000000e+04
1.550000000000000000e+04 1.576700000000000000e+04
1.600000000000000000e+04 1.540600000000000000e+04
1.650000000000000000e+04 1.537100000000000000e+04
1.700000000000000000e+04 1.522900000000000000e+04
1.750000000000000000e+04 1.484200000000000000e+04
1.800000000000000000e+04 1.485600000000000000e+04
1.850000000000000000e+04 1.480600000000000000e+04
1.900000000000000000e+04 1.428900000000000000e+04
1.950000000000000000e+04 1.406000000000000000e+04
2.000000000000000000e+04 1.384200000000000000e+04
2.050000000000000000e+04 1.352500000000000000e+04
2.100000000000000000e+04 1.344800000000000000e+04
2.150000000000000000e+04 1.313800000000000000e+04
2.200000000000000000e+04 1.290900000000000000e+04
2.250000000000000000e+04 1.248500000000000000e+04
2.300000000000000000e+04 1.219500000000000000e+04
2.350000000000000000e+04 1.148500000000000000e+04
2.400000000000000000e+04 1.118000000000000000e+04
2.450000000000000000e+04 1.092700000000000000e+04
2.500000000000000000e+04 1.050400000000000000e+04
2.550000000000000000e+04 1.012800000000000000e+04
2.600000000000000000e+04 9.717000000000000000e+03
2.650000000000000000e+04 9.288000000000000000e+03
2.700000000000000000e+04 8.953000000000000000e+03
2.750000000000000000e+04 8.581000000000000000e+03
2.800000000000000000e+04 8.166000000000000000e+03
2.850000000000000000e+04 7.656000000000000000e+03
2.900000000000000000e+04 7.313000000000000000e+03
2.950000000000000000e+04 7.055000000000000000e+03
3.000000000000000000e+04 6.665000000000000000e+03
3.050000000000000000e+04 6.350000000000000000e+03
3.100000000000000000e+04 6.049000000000000000e+03
3.150000000000000000e+04 5.877000000000000000e+03
3.200000000000000000e+04 5.679000000000000000e+03
3.250000000000000000e+04 5.361000000000000000e+03
3.300000000000000000e+04 5.221000000000000000e+03
3.350000000000000000e+04 5.134000000000000000e+03
3.400000000000000000e+04 5.039000000000000000e+03
3.450000000000000000e+04 5.110000000000000000e+03
3.500000000000000000e+04 5.123000000000000000e+03
3.550000000000000000e+04 5.149000000000000000e+03
3.600000000000000000e+04 5.004000000000000000e+03
3.650000000000000000e+04 5.125000000000000000e+03
3.700000000000000000e+04 5.324000000000000000e+03
3.750000000000000000e+04 5.644000000000000000e+03
3.800000000000000000e+04 5.910000000000000000e+03
3.850000000000000000e+04 6.097000000000000000e+03
3.900000000000000000e+04 6.212000000000000000e+03
3.950000000000000000e+04 6.621000000000000000e+03
4.000000000000000000e+04 6.947000000000000000e+03
4.050000000000000000e+04 7.178000000000000000e+03
4.100000000000000000e+04 7.784000000000000000e+03
4.150000000000000000e+04 8.092000000000000000e+03
4.200000000000000000e+04 8.516000000000000000e+03
4.250000000000000000e+04 8.915000000000000000e+03
4.300000000000000000e+04 9.399000000000000000e+03
4.350000000000000000e+04 9.827000000000000000e+03
4.400000000000000000e+04 1.030500000000000000e+04
4.450000000000000000e+04 1.053900000000000000e+04
4.500000000000000000e+04 1.107300000000000000e+04
4.550000000000000000e+04 1.155400000000000000e+04
4.600000000000000000e+04 1.183600000000000000e+04
4.650000000000000000e+04 1.231100000000000000e+04
4.700000000000000000e+04 1.250900000000000000e+04
4.750000000000000000e+04 1.282700000000000000e+04
4.800000000000000000e+04 1.327200000000000000e+04
4.850000000000000000e+04 1.364800000000000000e+04
4.900000000000000000e+04 1.391900000000000000e+04
4.950000000000000000e+04 1.395700000000000000e+04
5.000000000000000000e+04 1.448300000000000000e+04
5.050000000000000000e+04 1.478400000000000000e+04
5.100000000000000000e+04 1.491300000000000000e+04
5.150000000000000000e+04 1.504400000000000000e+04
5.200000000000000000e+04 1.529800000000000000e+04
5.250000000000000000e+04 1.537700000000000000e+04
5.300000000000000000e+04 1.553400000000000000e+04
5.350000000000000000e+04 1.582300000000000000e+04
5.400000000000000000e+04 1.593100000000000000e+04
5.450000000000000000e+04 1.610000000000000000e+04
5.500000000000000000e+04 1.606200000000000000e+04
5.550000000000000000e+04 1.629700000000000000e+04
5.600000000000000000e+04 1.598600000000000000e+04
5.650000000000000000e+04 1.621000000000000000e+04
5.700000000000000000e+04 1.606900000000000000e+04
5.750000000000000000e+04 1.650400000000000000e+04
5.800000000000000000e+04 1.626600000000000000e+04
5.850000000000000000e+04 1.635200000000000000e+04
5.900000000000000000e+04 1.634300000000000000e+04
5.950000000000000000e+04 1.641900000000000000e+04
6.000000000000000000e+04 1.638700000000000000e+04
6.050000000000000000e+04 1.645500000000000000e+04
6.100000000000000000e+04 1.629300000000000000e+04
6.150000000000000000e+04 1.615900000000000000e+04
6.200000000000000000e+04 1.622400000000000000e+04
6.250000000000000000e+04 1.616400000000000000e+04
6.300000000000000000e+04 1.631600000000000000e+04
6.350000000000000000e+04 1.621100000000000000e+04
6.400000000000000000e+04 1.596200000000000000e+04
6.450000000000000000e+04 1.614400000000000000e+04
6.500000000000000000e+04 1.572900000000000000e+04
6.550000000000000000e+04 1.549400000000000000e+04
6.600000000000000000e+04 1.554600000000000000e+04
6.650000000000000000e+04 1.524900000000000000e+04
6.700000000000000000e+04 1.523400000000000000e+04
6.750000000000000000e+04 1.486000000000000000e+04
6.800000000000000000e+04 1.481900000000000000e+04
6.850000000000000000e+04 1.492300000000000000e+04
6.900000000000000000e+04 1.456700000000000000e+04
6.950000000000000000e+04 1.420300000000000000e+04
7.000000000000000000e+04 1.418200000000000000e+04
7.050000000000000000e+04 1.371600000000000000e+04
7.100000000000000000e+04 1.351000000000000000e+04
7.150000000000000000e+04 1.281500000000000000e+04
7.200000000000000000e+04 1.284600000000000000e+04
7.250000000000000000e+04 1.253400000000000000e+04
7.300000000000000000e+04 1.201300000000000000e+04
7.350000000000000000e+04 1.177500000000000000e+04
7.400000000000000000e+04 1.121700000000000000e+04
7.450000000000000000e+04 1.093000000000000000e+04
7.500000000000000000e+04 1.045200000000000000e+04
7.550000000000000000e+04 9.965000000000000000e+03
7.600000000000000000e+04 9.792000000000000000e+03
7.650000000000000000e+04 9.118000000000000000e+03
7.700000000000000000e+04 8.861000000000000000e+03
7.750000000000000000e+04 8.394000000000000000e+03
7.800000000000000000e+04 8.248000000000000000e+03
7.850000000000000000e+04 7.714000000000000000e+03
7.900000000000000000e+04 7.210000000000000000e+03
7.950000000000000000e+04 7.222000000000000000e+03
8.000000000000000000e+04 6.708000000000000000e+03
8.050000000000000000e+04 6.324000000000000000e+03
8.100000000000000000e+04 6.095000000000000000e+03
8.150000000000000000e+04 5.825000000000000000e+03
8.200000000000000000e+04 5.470000000000000000e+03
8.250000000000000000e+04 5.380000000000000000e+03
8.300000000000000000e+04 5.302000000000000000e+03
8.350000000000000000e+04 5.158000000000000000e+03
8.400000000000000000e+04 5.034000000000000000e+03
8.450000000000000000e+04 5.238000000000000000e+03
8.500000000000000000e+04 4.977000000000000000e+03
8.550000000000000000e+04 5.024000000000000000e+03
8.600000000000000000e+04 5.099000000000000000e+03
8.650000000000000000e+04 5.174000000000000000e+03
8.700000000000000000e+04 5.378000000000000000e+03
8.750000000000000000e+04 5.693000000000000000e+03
8.800000000000000000e+04 5.839000000000000000e+03
8.850000000000000000e+04 6.026000000000000000e+03
8.900000000000000000e+04 6.142000000000000000e+03
8.950000000000000000e+04 6.548000000000000000e+03
9.000000000000000000e+04 6.820000000000000000e+03
9.050000000000000000e+04 7.406000000000000000e+03
9.100000000000000000e+04 7.831000000000000000e+03
9.150000000000000000e+04 8.074000000000000000e+03
9.200000000000000000e+04 8.620000000000000000e+03
9.250000000000000000e+04 8.862000000000000000e+03
9.300000000000000000e+04 9.277000000000000000e+03
9.350000000000000000e+04 9.797000000000000000e+03
9.400000000000000000e+04 1.005600000000000000e+04
9.450000000000000000e+04 1.062000000000000000e+04
9.500000000000000000e+04 1.094000000000000000e+04
9.550000000000000000e+04 1.148400000000000000e+04
9.600000000000000000e+04 1.172800000000000000e+04
9.650000000000000000e+04 1.223000000000000000e+04
9.700000000000000000e+04 1.257400000000000000e+04
9.750000000000000000e+04 1.295300000000000000e+04
9.800000000000000000e+04 1.331300000000000000e+04
9.850000000000000000e+04 1.363000000000000000e+04
9.900000000000000000e+04 1.398800000000000000e+04
9.950000000000000000e+04 1.396300000000000000e+04
