0.000000000000000000e+00 1.660600000000000000e+04
3.330000000000000000e+02 1.717500000000000000e+04
6.660000000000000000e+02 1.743600000000000000e+04
9.990000000000000000e+02 1.769300000000000000e+04
1.332000000000000000e+03 1.807000000000000000e+04
1.665000000000000000e+03 1.839200000000000000e+04
1.998000000000000000e+03 1.838500000000000000e+04
2.331000000000000000e+03 1.848700000000000000e+04
2.664000000000000000e+03 1.850900000000000000e+04
2.997000000000000000e+03 1.869300000000000000e+04
3.330000000000000000e+03 1.908000000000000000e+04
3.663000000000000000e+03 1.897100000000000000e+04
3.996000000000000000e+03 1.923500000000000000e+04
4.329000000000000000e+03 1.948900000000000000e+04
4.662000000000000000e+03 1.916400000000000000e+04
4.995000000000000000e+03 1.918700000000000000e+04
5.328000000000000000e+03 1.934600000000000000e+04
5.661000000000000000e+03 1.933400000000000000e+04
5.994000000000000000e+03 1.955600000000000000e+04
6.327000000000000000e+03 1.955400000000000000e+04
6.660000000000000000e+03 1.974400000000000000e+04
6.993000000000000000e+03 1.951100000000000000e+04
7.326000000000000000e+03 1.933500000000000000e+04
7.659000000000000000e+03 1.959300000000000000e+04
7.992000000000000000e+03 1.933800000000000000e+04
8.325000000000000000e+03 1.916400000000000000e+04
8.658000000000000000e+03 1.909700000000000000e+04
8.991000000000000000e+03 1.911200000000000000e+04
9.324000000000000000e+03 1.895800000000000000e+04
9.657000000000000000e+03 1.902000000000000000e+04
9.990000000000000000e+03 1.882100000000000000e+04
1.032300000000000000e+04 1.851600000000000000e+04
1.065600000000000000e+04 1.835200000000000000e+04
1.098900000000000000e+04 1.851700000000000000e+04
1.132200000000000000e+04 1.824300000000000000e+04
1.165500000000000000e+04 1.768700000000000000e+04
1.198800000000000000e+04 1.770300000000000000e+04
1.232100000000000000e+04 1.721800000000000000e+04
1.265400000000000000e+04 1.690700000000000000e+04
1.298700000000000000e+04 1.696400000000000000e+04
1.332000000000000000e+04 1.654400000000000000e+04
1.365300000000000000e+04 1.633100000000000000e+04
1.398600000000000000e+04 1.609500000000000000e+04
1.431900000000000000e+04 1.537800000000000000e+04
1.465200000000000000e+04 1.501100000000000000e+04
1.498500000000000000e+04 1.461700000000000000e+04
1.531800000000000000e+04 1.418800000000000000e+04
1.565100000000000000e+04 1.395200000000000000e+04
1.598400000000000000e+04 1.344400000000000000e+04
1.631700000000000000e+04 1.300200000000000000e+04
1.665000000000000000e+04 1.222700000000000000e+04
1.698300000000000000e+04 1.223900000000000000e+04
1.731600000000000000e+04 1.152700000000000000e+04
1.764900000000000000e+04 1.090000000000000000e+04
1.798200000000000000e+04 1.062800000000000000e+04
1.831500000000000000e+04 1.029600000000000000e+04
1.864800000000000000e+04 9.595000000000000000e+03
1.898100000000000000e+04 9.293000000000000000e+03
1.931400000000000000e+04 9.026000000000000000e+03
1.964700000000000000e+04 8.326000000000000000e+03
1.998000000000000000e+04 8.080000000000000000e+03
2.031300000000000000e+04 7.576000000000000000e+03
2.064600000000000000e+04 7.209000000000000000e+03
2.097900000000000000e+04 6.859000000000000000e+03
2.131200000000000000e+04 6.693000000000000000e+03
2.164500000000000000e+04 6.527000000000000000e+03
2.197800000000000000e+04 6.258000000000000000e+03
2.231100000000000000e+04 6.239000000000000000e+03
2.264400000000000000e+04 6.079000000000000000e+03
2.297700000000000000e+04 5.944000000000000000e+03
2.331000000000000000e+04 5.832000000000000000e+03
2.364300000000000000e+04 6.037000000000000000e+03
2.397600000000000000e+04 6.162000000000000000e+03
2.430900000000000000e+04 6.111000000000000000e+03
2.464200000000000000e+04 6.245000000000000000e+03
2.497500000000000000e+04 6.755000000000000000e+03
2.530800000000000000e+04 6.715000000000000000e+03
2.564100000000000000e+04 6.849000000000000000e+03
2.597400000000000000e+04 7.368000000000000000e+03
2.630700000000000000e+04 7.788000000000000000e+03
2.664000000000000000e+04 8.008000000000000000e+03
2.697300000000000000e+04 8.438000000000000000e+03
2.730600000000000000e+04 9.143000000000000000e+03
2.763900000000000000e+04 9.527000000000000000e+03
2.797200000000000000e+04 9.861000000000000000e+03
2.830500000000000000e+04 1.043100000000000000e+04
2.863800000000000000e+04 1.105600000000000000e+04
2.897100000000000000e+04 1.165100000000000000e+04
2.930400000000000000e+04 1.204200000000000000e+04
2.963700000000000000e+04 1.229300000000000000e+04
2.997000000000000000e+04 1.301400000000000000e+04
3.030300000000000000e+04 1.355800000000000000e+04
3.063600000000000000e+04 1.371600000000000000e+04
3.096900000000000000e+04 1.431500000000000000e+04
3.130200000000000000e+04 1.481500000000000000e+04
3.163500000000000000e+04 1.517400000000000000e+04
3.196800000000000000e+04 1.558500000000000000e+04
3.230100000000000000e+04 1.581700000000000000e+04
3.263400000000000000e+04 1.633900000000000000e+04
3.296700000000000000e+04 1.685400000000000000e+04
3.330000000000000000e+04 1.680500000000000000e+04
3.363300000000000000e+04 1.731100000000000000e+04
3.396600000000000000e+04 1.740200000000000000e+04
3.429900000000000000e+04 1.775700000000000000e+04
3.463200000000000000e+04 1.814500000000000000e+04
3.496500000000000000e+04 1.803400000000000000e+04
3.529800000000000000e+04 1.839400000000000000e+04
3.563100000000000000e+04 1.869200000000000000e+04
3.596400000000000000e+04 1.856500000000000000e+04
3.629700000000000000e+04 1.882100000000000000e+04
3.663000000000000000e+04 1.868100000000000000e+04
3.696300000000000000e+04 1.903800000000000000e+04
3.729600000000000000e+04 1.914800000000000000e+04
3.762900000000000000e+04 1.920800000000000000e+04
3.796200000000000000e+04 1.944200000000000000e+04
3.829500000000000000e+04 1.940700000000000000e+04
3.862800000000000000e+04 1.944400000000000000e+04
3.896100000000000000e+04 1.927700000000000000e+04
3.929400000000000000e+04 1.932400000000000000e+04
3.962700000000000000e+04 1.941400000000000000e+04
3.996000000000000000e+04 1.905800000000000000e+04
4.029300000000000000e+04 1.960400000000000000e+04
4.062600000000000000e+04 1.936900000000000000e+04
4.095900000000000000e+04 1.941500000000000000e+04
4.129200000000000000e+04 1.951100000000000000e+04
4.162500000000000000e+04 1.934600000000000000e+04
4.195800000000000000e+04 1.910500000000000000e+04
4.229100000000000000e+04 1.914400000000000000e+04
4.262400000000000000e+04 1.872300000000000000e+04
4.295700000000000000e+04 1.883200000000000000e+04
4.329000000000000000e+04 1.889800000000000000e+04
4.362300000000000000e+04 1.883100000000000000e+04
4.395600000000000000e+04 1.848800000000000000e+04
4.428900000000000000e+04 1.827500000000000000e+04
4.462200000000000000e+04 1.804300000000000000e+04
4.495500000000000000e+04 1.762700000000000000e+04
4.528800000000000000e+04 1.771400000000000000e+04
4.562100000000000000e+04 1.736400000000000000e+04
4.595400000000000000e+04 1.726900000000000000e+04
4.628700000000000000e+04 1.660500000000000000e+04
4.662000000000000000e+04 1.683300000000000000e+04
4.695300000000000000e+04 1.624600000000000000e+04
4.728600000000000000e+04 1.585500000000000000e+04
4.761900000000000000e+04 1.569100000000000000e+04
4.795200000000000000e+04 1.517300000000000000e+04
4.828500000000000000e+04 1.469600000000000000e+04
4.861800000000000000e+04 1.430300000000000000e+04
4.895100000000000000e+04 1.404900000000000000e+04
4.928400000000000000e+04 1.351000000000000000e+04
4.961700000000000000e+04 1.320100000000000000e+04
4.995000000000000000e+04 1.275300000000000000e+04
5.028300000000000000e+04 1.232300000000000000e+04
5.061600000000000000e+04 1.179500000000000000e+04
5.094900000000000000e+04 1.105400000000000000e+04
5.128200000000000000e+04 1.060200000000000000e+04
5.161500000000000000e+04 1.027200000000000000e+04
5.194800000000000000e+04 9.649000000000000000e+03
5.228100000000000000e+04 9.355000000000000000e+03
5.261400000000000000e+04 8.907000000000000000e+03
5.294700000000000000e+04 8.354000000000000000e+03
5.328000000000000000e+04 8.159000000000000000e+03
5.361300000000000000e+04 7.629000000000000000e+03
5.394600000000000000e+04 7.375000000000000000e+03
5.427900000000000000e+04 6.988000000000000000e+03
5.461200000000000000e+04 6.904000000000000000e+03
5.494500000000000000e+04 6.703000000000000000e+03
5.527800000000000000e+04 6.301000000000000000e+03
5.561100000000000000e+04 6.234000000000000000e+03
5.594400000000000000e+04 6.060000000000000000e+03
5.627700000000000000e+04 6.079000000000000000e+03
5.661000000000000000e+04 5.785000000000000000e+03
5.694300000000000000e+04 5.993000000000000000e+03
5.727600000000000000e+04 6.185000000000000000e+03
5.760900000000000000e+04 6.245000000000000000e+03
5.794200000000000000e+04 6.264000000000000000e+03
5.827500000000000000e+04 6.476000000000000000e+03
5.860800000000000000e+04 6.773000000000000000e+03
5.894100000000000000e+04 6.976000000000000000e+03
5.927400000000000000e+04 7.359000000000000000e+03
5.960700000000000000e+04 7.597000000000000000e+03
5.994000000000000000e+04 8.015000000000000000e+03
6.027300000000000000e+04 8.334000000000000000e+03
6.060600000000000000e+04 8.904000000000000000e+03
6.093900000000000000e+04 9.374000000000000000e+03
6.127200000000000000e+04 9.889000000000000000e+03
6.160500000000000000e+04 1.039500000000000000e+04
6.193800000000000000e+04 1.085300000000000000e+04
6.227100000000000000e+04 1.130200000000000000e+04
6.260400000000000000e+04 1.187800000000000000e+04
6.293700000000000000e+04 1.255100000000000000e+04
6.327000000000000000e+04 1.299300000000000000e+04
6.360300000000000000e+04 1.354300000000000000e+04
6.393600000000000000e+04 1.380800000000000000e+04
6.426900000000000000e+04 1.423000000000000000e+04
6.460200000000000000e+04 1.466200000000000000e+04
6.493500000000000000e+04 1.502100000000000000e+04
6.526800000000000000e+04 1.565300000000000000e+04
6.560100000000000000e+04 1.603300000000000000e+04
6.593400000000000000e+04 1.625300000000000000e+04
6.626700000000000000e+04 1.660200000000000000e+04
