0.000000000000000000e+00 2.088300000000000000e+04
2.000000000000000000e+03 2.143100000000000000e+04
4.000000000000000000e+03 2.146600000000000000e+04
6.000000000000000000e+03 2.171800000000000000e+04
8.000000000000000000e+03 2.174600000000000000e+04
1.000000000000000000e+04 2.223600000000000000e+04
1.200000000000000000e+04 2.245000000000000000e+04
1.400000000000000000e+04 2.285500000000000000e+04
1.600000000000000000e+04 2.299800000000000000e+04
1.800000000000000000e+04 2.309300000000000000e+04
2.000000000000000000e+04 2.323400000000000000e+04
2.200000000000000000e+04 2.348300000000000000e+04
2.400000000000000000e+04 2.346000000000000000e+04
2.600000000000000000e+04 2.362200000000000000e+04
2.800000000000000000e+04 2.338800000000000000e+04
3.000000000000000000e+04 2.347600000000000000e+04
3.200000000000000000e+04 2.392900000000000000e+04
3.400000000000000000e+04 2.414500000000000000e+04
3.600000000000000000e+04 2.406200000000000000e+04
3.800000000000000000e+04 2.365500000000000000e+04
4.000000000000000000e+04 2.386700000000000000e+04
4.200000000000000000e+04 2.395000000000000000e+04
4.400000000000000000e+04 2.375500000000000000e+04
4.600000000000000000e+04 2.385000000000000000e+04
4.800000000000000000e+04 2.368700000000000000e+04
5.000000000000000000e+04 2.350500000000000000e+04
5.200000000000000000e+04 2.359600000000000000e+04
5.400000000000000000e+04 2.315600000000000000e+04
5.600000000000000000e+04 2.364900000000000000e+04
5.800000000000000000e+04 2.324900000000000000e+04
6.000000000000000000e+04 2.320100000000000000e+04
6.200000000000000000e+04 2.315400000000000000e+04
6.400000000000000000e+04 2.251500000000000000e+04
6.600000000000000000e+04 2.245700000000000000e+04
6.800000000000000000e+04 2.231000000000000000e+04
7.000000000000000000e+04 2.182800000000000000e+04
7.200000000000000000e+04 2.149900000000000000e+04
7.400000000000000000e+04 2.148000000000000000e+04
7.600000000000000000e+04 2.100600000000000000e+04
7.800000000000000000e+04 2.068200000000000000e+04
8.000000000000000000e+04 2.002900000000000000e+04
8.200000000000000000e+04 1.999400000000000000e+04
8.400000000000000000e+04 1.978600000000000000e+04
8.600000000000000000e+04 1.902800000000000000e+04
8.800000000000000000e+04 1.846900000000000000e+04
9.000000000000000000e+04 1.812700000000000000e+04
9.200000000000000000e+04 1.766400000000000000e+04
9.400000000000000000e+04 1.696100000000000000e+04
9.600000000000000000e+04 1.662300000000000000e+04
9.800000000000000000e+04 1.603400000000000000e+04
1.000000000000000000e+05 1.527700000000000000e+04
1.020000000000000000e+05 1.481600000000000000e+04
1.040000000000000000e+05 1.438200000000000000e+04
1.060000000000000000e+05 1.363100000000000000e+04
1.080000000000000000e+05 1.299300000000000000e+04
1.100000000000000000e+05 1.243200000000000000e+04
1.120000000000000000e+05 1.196200000000000000e+04
1.140000000000000000e+05 1.130400000000000000e+04
1.160000000000000000e+05 1.095800000000000000e+04
1.180000000000000000e+05 1.031600000000000000e+04
1.200000000000000000e+05 9.921000000000000000e+03
1.220000000000000000e+05 9.479000000000000000e+03
1.240000000000000000e+05 8.993000000000000000e+03
1.260000000000000000e+05 8.683000000000000000e+03
1.280000000000000000e+05 8.383000000000000000e+03
1.300000000000000000e+05 8.156000000000000000e+03
1.320000000000000000e+05 7.963000000000000000e+03
1.340000000000000000e+05 7.763000000000000000e+03
1.360000000000000000e+05 7.819000000000000000e+03
1.380000000000000000e+05 7.761000000000000000e+03
1.400000000000000000e+05 7.667000000000000000e+03
1.420000000000000000e+05 7.672000000000000000e+03
1.440000000000000000e+05 7.856000000000000000e+03
1.460000000000000000e+05 8.174000000000000000e+03
1.480000000000000000e+05 8.133000000000000000e+03
1.500000000000000000e+05 8.379000000000000000e+03
1.520000000000000000e+05 8.682000000000000000e+03
1.540000000000000000e+05 9.288000000000000000e+03
1.560000000000000000e+05 9.700000000000000000e+03
1.580000000000000000e+05 1.013100000000000000e+04
1.600000000000000000e+05 1.062900000000000000e+04
1.620000000000000000e+05 1.125800000000000000e+04
1.640000000000000000e+05 1.184800000000000000e+04
1.660000000000000000e+05 1.215500000000000000e+04
1.680000000000000000e+05 1.265000000000000000e+04
1.700000000000000000e+05 1.321400000000000000e+04
1.720000000000000000e+05 1.392500000000000000e+04
1.740000000000000000e+05 1.462800000000000000e+04
1.760000000000000000e+05 1.515800000000000000e+04
1.780000000000000000e+05 1.567900000000000000e+04
1.800000000000000000e+05 1.621900000000000000e+04
1.820000000000000000e+05 1.682600000000000000e+04
1.840000000000000000e+05 1.737100000000000000e+04
1.860000000000000000e+05 1.783400000000000000e+04
1.880000000000000000e+05 1.840200000000000000e+04
1.900000000000000000e+05 1.868100000000000000e+04
1.920000000000000000e+05 1.946500000000000000e+04
1.940000000000000000e+05 1.977600000000000000e+04
1.960000000000000000e+05 2.004200000000000000e+04
1.980000000000000000e+05 2.063100000000000000e+04
2.000000000000000000e+05 2.091900000000000000e+04
2.020000000000000000e+05 2.134100000000000000e+04
2.040000000000000000e+05 2.163500000000000000e+04
2.060000000000000000e+05 2.164900000000000000e+04
2.080000000000000000e+05 2.241700000000000000e+04
2.100000000000000000e+05 2.250600000000000000e+04
2.120000000000000000e+05 2.233800000000000000e+04
2.140000000000000000e+05 2.273700000000000000e+04
2.160000000000000000e+05 2.319700000000000000e+04
2.180000000000000000e+05 2.294800000000000000e+04
2.200000000000000000e+05 2.293800000000000000e+04
2.220000000000000000e+05 2.319500000000000000e+04
2.240000000000000000e+05 2.359700000000000000e+04
2.260000000000000000e+05 2.356800000000000000e+04
2.280000000000000000e+05 2.373400000000000000e+04
2.300000000000000000e+05 2.365000000000000000e+04
2.320000000000000000e+05 2.376000000000000000e+04
2.340000000000000000e+05 2.355800000000000000e+04
2.360000000000000000e+05 2.383200000000000000e+04
2.380000000000000000e+05 2.384700000000000000e+04
2.400000000000000000e+05 2.369500000000000000e+04
2.420000000000000000e+05 2.378900000000000000e+04
2.440000000000000000e+05 2.382600000000000000e+04
2.460000000000000000e+05 2.346100000000000000e+04
2.480000000000000000e+05 2.348500000000000000e+04
2.500000000000000000e+05 2.370500000000000000e+04
2.520000000000000000e+05 2.353800000000000000e+04
2.540000000000000000e+05 2.329500000000000000e+04
2.560000000000000000e+05 2.347100000000000000e+04
2.580000000000000000e+05 2.326700000000000000e+04
2.600000000000000000e+05 2.295600000000000000e+04
2.620000000000000000e+05 2.300600000000000000e+04
2.640000000000000000e+05 2.242100000000000000e+04
2.660000000000000000e+05 2.260500000000000000e+04
2.680000000000000000e+05 2.246600000000000000e+04
2.700000000000000000e+05 2.184200000000000000e+04
2.720000000000000000e+05 2.163300000000000000e+04
2.740000000000000000e+05 2.105200000000000000e+04
2.760000000000000000e+05 2.130600000000000000e+04
2.780000000000000000e+05 2.079500000000000000e+04
2.800000000000000000e+05 2.012700000000000000e+04
2.820000000000000000e+05 1.990700000000000000e+04
2.840000000000000000e+05 1.964500000000000000e+04
2.860000000000000000e+05 1.887200000000000000e+04
2.880000000000000000e+05 1.860900000000000000e+04
2.900000000000000000e+05 1.803300000000000000e+04
2.920000000000000000e+05 1.775800000000000000e+04
2.940000000000000000e+05 1.694500000000000000e+04
2.960000000000000000e+05 1.625600000000000000e+04
2.980000000000000000e+05 1.608200000000000000e+04
3.000000000000000000e+05 1.547200000000000000e+04
3.020000000000000000e+05 1.450600000000000000e+04
3.040000000000000000e+05 1.395900000000000000e+04
3.060000000000000000e+05 1.378000000000000000e+04
3.080000000000000000e+05 1.288500000000000000e+04
3.100000000000000000e+05 1.238800000000000000e+04
3.120000000000000000e+05 1.189000000000000000e+04
3.140000000000000000e+05 1.149000000000000000e+04
3.160000000000000000e+05 1.081600000000000000e+04
3.180000000000000000e+05 1.049100000000000000e+04
3.200000000000000000e+05 9.915000000000000000e+03
3.220000000000000000e+05 9.515000000000000000e+03
3.240000000000000000e+05 9.078000000000000000e+03
3.260000000000000000e+05 8.691000000000000000e+03
3.280000000000000000e+05 8.376000000000000000e+03
3.300000000000000000e+05 8.127000000000000000e+03
3.320000000000000000e+05 7.810000000000000000e+03
3.340000000000000000e+05 7.935000000000000000e+03
3.360000000000000000e+05 7.752000000000000000e+03
3.380000000000000000e+05 7.684000000000000000e+03
3.400000000000000000e+05 7.686000000000000000e+03
3.420000000000000000e+05 7.626000000000000000e+03
3.440000000000000000e+05 7.780000000000000000e+03
3.460000000000000000e+05 8.049000000000000000e+03
3.480000000000000000e+05 8.401000000000000000e+03
3.500000000000000000e+05 8.408000000000000000e+03
3.520000000000000000e+05 8.844000000000000000e+03
3.540000000000000000e+05 9.281000000000000000e+03
3.560000000000000000e+05 9.637000000000000000e+03
3.580000000000000000e+05 1.005400000000000000e+04
3.600000000000000000e+05 1.065500000000000000e+04
3.620000000000000000e+05 1.111100000000000000e+04
3.640000000000000000e+05 1.164400000000000000e+04
3.660000000000000000e+05 1.218100000000000000e+04
3.680000000000000000e+05 1.292500000000000000e+04
3.700000000000000000e+05 1.333400000000000000e+04
3.720000000000000000e+05 1.377600000000000000e+04
3.740000000000000000e+05 1.444800000000000000e+04
3.760000000000000000e+05 1.530400000000000000e+04
3.780000000000000000e+05 1.571800000000000000e+04
3.800000000000000000e+05 1.634400000000000000e+04
3.820000000000000000e+05 1.694400000000000000e+04
3.840000000000000000e+05 1.755600000000000000e+04
3.860000000000000000e+05 1.786500000000000000e+04
3.880000000000000000e+05 1.830000000000000000e+04
3.900000000000000000e+05 1.860500000000000000e+04
3.920000000000000000e+05 1.917400000000000000e+04
3.940000000000000000e+05 1.975200000000000000e+04
3.960000000000000000e+05 2.029600000000000000e+04
3.980000000000000000e+05 2.063900000000000000e+04
