0.000000000000000000e+00 1.005300000000000000e+04
5.000000000000000000e+01 1.046400000000000000e+04
1.000000000000000000e+02 1.058900000000000000e+04
1.500000000000000000e+02 1.105000000000000000e+04
2.000000000000000000e+02 1.107200000000000000e+04
2.500000000000000000e+02 1.115400000000000000e+04
3.000000000000000000e+02 1.159700000000000000e+04
3.500000000000000000e+02 1.155100000000000000e+04
4.000000000000000000e+02 1.165800000000000000e+04
4.500000000000000000e+02 1.200200000000000000e+04
5.000000000000000000e+02 1.174800000000000000e+04
5.500000000000000000e+02 1.194500000000000000e+04
6.000000000000000000e+02 1.214600000000000000e+04
6.500000000000000000e+02 1.233100000000000000e+04
7.000000000000000000e+02 1.237900000000000000e+04
7.500000000000000000e+02 1.250200000000000000e+04
8.000000000000000000e+02 1.242200000000000000e+04
8.500000000000000000e+02 1.254200000000000000e+04
9.000000000000000000e+02 1.277300000000000000e+04
9.500000000000000000e+02 1.263400000000000000e+04
1.000000000000000000e+03 1.268200000000000000e+04
1.050000000000000000e+03 1.238300000000000000e+04
1.100000000000000000e+03 1.251000000000000000e+04
1.150000000000000000e+03 1.265600000000000000e+04
1.200000000000000000e+03 1.244800000000000000e+04
1.250000000000000000e+03 1.261300000000000000e+04
1.300000000000000000e+03 1.265600000000000000e+04
1.350000000000000000e+03 1.222500000000000000e+04
1.400000000000000000e+03 1.236500000000000000e+04
1.450000000000000000e+03 1.224900000000000000e+04
1.500000000000000000e+03 1.216400000000000000e+04
1.550000000000000000e+03 1.226000000000000000e+04
1.600000000000000000e+03 1.211600000000000000e+04
1.650000000000000000e+03 1.201700000000000000e+04
1.700000000000000000e+03 1.190500000000000000e+04
1.750000000000000000e+03 1.172600000000000000e+04
1.800000000000000000e+03 1.154300000000000000e+04
1.850000000000000000e+03 1.148400000000000000e+04
1.900000000000000000e+03 1.129000000000000000e+04
1.950000000000000000e+03 1.127600000000000000e+04
2.000000000000000000e+03 1.101400000000000000e+04
2.050000000000000000e+03 1.081700000000000000e+04
2.100000000000000000e+03 1.076000000000000000e+04
2.150000000000000000e+03 1.025000000000000000e+04
2.200000000000000000e+03 1.011300000000000000e+04
2.250000000000000000e+03 9.996000000000000000e+03
2.300000000000000000e+03 9.541000000000000000e+03
2.350000000000000000e+03 9.616000000000000000e+03
2.400000000000000000e+03 9.247000000000000000e+03
2.450000000000000000e+03 8.881000000000000000e+03
2.500000000000000000e+03 8.753000000000000000e+03
2.550000000000000000e+03 8.380000000000000000e+03
2.600000000000000000e+03 8.183000000000000000e+03
2.650000000000000000e+03 7.745000000000000000e+03
2.700000000000000000e+03 7.667000000000000000e+03
2.750000000000000000e+03 7.318000000000000000e+03
2.800000000000000000e+03 6.962000000000000000e+03
2.850000000000000000e+03 6.702000000000000000e+03
2.900000000000000000e+03 6.581000000000000000e+03
2.950000000000000000e+03 6.338000000000000000e+03
3.000000000000000000e+03 5.954000000000000000e+03
3.050000000000000000e+03 5.715000000000000000e+03
3.100000000000000000e+03 5.501000000000000000e+03
3.150000000000000000e+03 5.200000000000000000e+03
3.200000000000000000e+03 5.031000000000000000e+03
3.250000000000000000e+03 4.931000000000000000e+03
3.300000000000000000e+03 4.704000000000000000e+03
3.350000000000000000e+03 4.574000000000000000e+03
3.400000000000000000e+03 4.512000000000000000e+03
3.450000000000000000e+03 4.256000000000000000e+03
3.500000000000000000e+03 4.226000000000000000e+03
3.550000000000000000e+03 4.209000000000000000e+03
3.600000000000000000e+03 4.167000000000000000e+03
3.650000000000000000e+03 4.086000000000000000e+03
3.700000000000000000e+03 4.217000000000000000e+03
3.750000000000000000e+03 4.046000000000000000e+03
3.800000000000000000e+03 4.175000000000000000e+03
3.850000000000000000e+03 4.140000000000000000e+03
3.900000000000000000e+03 4.344000000000000000e+03
3.950000000000000000e+03 4.511000000000000000e+03
4.000000000000000000e+03 4.459000000000000000e+03
4.050000000000000000e+03 4.705000000000000000e+03
4.100000000000000000e+03 4.922000000000000000e+03
4.150000000000000000e+03 5.100000000000000000e+03
4.200000000000000000e+03 5.478000000000000000e+03
4.250000000000000000e+03 5.759000000000000000e+03
4.300000000000000000e+03 5.820000000000000000e+03
4.350000000000000000e+03 6.208000000000000000e+03
4.400000000000000000e+03 6.627000000000000000e+03
4.450000000000000000e+03 6.984000000000000000e+03
4.500000000000000000e+03 7.206000000000000000e+03
4.550000000000000000e+03 7.677000000000000000e+03
4.600000000000000000e+03 7.952000000000000000e+03
4.650000000000000000e+03 8.194000000000000000e+03
4.700000000000000000e+03 8.640000000000000000e+03
4.750000000000000000e+03 8.856000000000000000e+03
4.800000000000000000e+03 9.161000000000000000e+03
4.850000000000000000e+03 9.624000000000000000e+03
4.900000000000000000e+03 9.860000000000000000e+03
4.950000000000000000e+03 9.984000000000000000e+03
5.000000000000000000e+03 1.026200000000000000e+04
5.050000000000000000e+03 1.039700000000000000e+04
5.100000000000000000e+03 1.057700000000000000e+04
5.150000000000000000e+03 1.086900000000000000e+04
5.200000000000000000e+03 1.115100000000000000e+04
5.250000000000000000e+03 1.119300000000000000e+04
5.300000000000000000e+03 1.154400000000000000e+04
5.350000000000000000e+03 1.148900000000000000e+04
5.400000000000000000e+03 1.186000000000000000e+04
5.450000000000000000e+03 1.194300000000000000e+04
5.500000000000000000e+03 1.207800000000000000e+04
5.550000000000000000e+03 1.205000000000000000e+04
5.600000000000000000e+03 1.222100000000000000e+04
5.650000000000000000e+03 1.222000000000000000e+04
5.700000000000000000e+03 1.218800000000000000e+04
5.750000000000000000e+03 1.257800000000000000e+04
5.800000000000000000e+03 1.234500000000000000e+04
5.850000000000000000e+03 1.253300000000000000e+04
5.900000000000000000e+03 1.233300000000000000e+04
5.950000000000000000e+03 1.277100000000000000e+04
6.000000000000000000e+03 1.254400000000000000e+04
6.050000000000000000e+03 1.257300000000000000e+04
6.100000000000000000e+03 1.280400000000000000e+04
6.150000000000000000e+03 1.267400000000000000e+04
6.200000000000000000e+03 1.261200000000000000e+04
6.250000000000000000e+03 1.245200000000000000e+04
6.300000000000000000e+03 1.265400000000000000e+04
6.350000000000000000e+03 1.239700000000000000e+04
6.400000000000000000e+03 1.225900000000000000e+04
6.450000000000000000e+03 1.207200000000000000e+04
6.500000000000000000e+03 1.219600000000000000e+04
6.550000000000000000e+03 1.191200000000000000e+04
6.600000000000000000e+03 1.203800000000000000e+04
6.650000000000000000e+03 1.194000000000000000e+04
6.700000000000000000e+03 1.178800000000000000e+04
6.750000000000000000e+03 1.171000000000000000e+04
6.800000000000000000e+03 1.156600000000000000e+04
6.850000000000000000e+03 1.141900000000000000e+04
6.900000000000000000e+03 1.112500000000000000e+04
6.950000000000000000e+03 1.126900000000000000e+04
7.000000000000000000e+03 1.085200000000000000e+04
7.050000000000000000e+03 1.082400000000000000e+04
7.100000000000000000e+03 1.062700000000000000e+04
7.150000000000000000e+03 1.050700000000000000e+04
7.200000000000000000e+03 1.000500000000000000e+04
7.250000000000000000e+03 9.720000000000000000e+03
7.300000000000000000e+03 9.636000000000000000e+03
7.350000000000000000e+03 9.436000000000000000e+03
7.400000000000000000e+03 9.154000000000000000e+03
7.450000000000000000e+03 8.868000000000000000e+03
7.500000000000000000e+03 8.665000000000000000e+03
7.550000000000000000e+03 8.440000000000000000e+03
7.600000000000000000e+03 8.107000000000000000e+03
7.650000000000000000e+03 7.866000000000000000e+03
7.700000000000000000e+03 7.654000000000000000e+03
7.750000000000000000e+03 7.249000000000000000e+03
7.800000000000000000e+03 6.844000000000000000e+03
7.850000000000000000e+03 6.736000000000000000e+03
7.900000000000000000e+03 6.461000000000000000e+03
7.950000000000000000e+03 6.182000000000000000e+03
8.000000000000000000e+03 5.989000000000000000e+03
8.050000000000000000e+03 5.687000000000000000e+03
8.100000000000000000e+03 5.536000000000000000e+03
8.150000000000000000e+03 5.388000000000000000e+03
8.200000000000000000e+03 5.031000000000000000e+03
8.250000000000000000e+03 4.853000000000000000e+03
8.300000000000000000e+03 4.711000000000000000e+03
8.350000000000000000e+03 4.583000000000000000e+03
8.400000000000000000e+03 4.581000000000000000e+03
8.450000000000000000e+03 4.350000000000000000e+03
8.500000000000000000e+03 4.287000000000000000e+03
8.550000000000000000e+03 4.264000000000000000e+03
8.600000000000000000e+03 4.150000000000000000e+03
8.650000000000000000e+03 4.126000000000000000e+03
8.700000000000000000e+03 4.228000000000000000e+03
8.750000000000000000e+03 4.202000000000000000e+03
8.800000000000000000e+03 4.178000000000000000e+03
8.850000000000000000e+03 4.219000000000000000e+03
8.900000000000000000e+03 4.452000000000000000e+03
8.950000000000000000e+03 4.516000000000000000e+03
9.000000000000000000e+03 4.548000000000000000e+03
9.050000000000000000e+03 4.572000000000000000e+03
9.100000000000000000e+03 4.873000000000000000e+03
9.150000000000000000e+03 5.277000000000000000e+03
9.200000000000000000e+03 5.390000000000000000e+03
9.250000000000000000e+03 5.731000000000000000e+03
9.300000000000000000e+03 5.806000000000000000e+03
9.350000000000000000e+03 6.252000000000000000e+03
9.400000000000000000e+03 6.635000000000000000e+03
9.450000000000000000e+03 6.875000000000000000e+03
9.500000000000000000e+03 7.169000000000000000e+03
9.550000000000000000e+03 7.698000000000000000e+03
9.600000000000000000e+03 7.947000000000000000e+03
9.650000000000000000e+03 8.250000000000000000e+03
9.700000000000000000e+03 8.537000000000000000e+03
9.750000000000000000e+03 8.982000000000000000e+03
9.800000000000000000e+03 9.075000000000000000e+03
9.850000000000000000e+03 9.720000000000000000e+03
9.900000000000000000e+03 9.778000000000000000e+03
9.950000000000000000e+03 1.014200000000000000e+04
