0.000000000000000000e+00 1.818000000000000000e+04
1.000000000000000000e+02 1.868100000000000000e+04
2.000000000000000000e+02 1.883500000000000000e+04
3.000000000000000000e+02 1.938700000000000000e+04
4.000000000000000000e+02 1.951900000000000000e+04
5.000000000000000000e+02 1.948100000000000000e+04
6.000000000000000000e+02 1.984100000000000000e+04
7.000000000000000000e+02 2.019600000000000000e+04
8.000000000000000000e+02 2.043100000000000000e+04
9.000000000000000000e+02 2.064000000000000000e+04
1.000000000000000000e+03 2.071000000000000000e+04
1.100000000000000000e+03 2.063700000000000000e+04
1.200000000000000000e+03 2.087800000000000000e+04
1.300000000000000000e+03 2.086200000000000000e+04
1.400000000000000000e+03 2.132300000000000000e+04
1.500000000000000000e+03 2.121700000000000000e+04
1.600000000000000000e+03 2.127400000000000000e+04
1.700000000000000000e+03 2.127800000000000000e+04
1.800000000000000000e+03 2.113200000000000000e+04
1.900000000000000000e+03 2.143200000000000000e+04
2.000000000000000000e+03 2.118100000000000000e+04
2.100000000000000000e+03 2.118500000000000000e+04
2.200000000000000000e+03 2.133400000000000000e+04
2.300000000000000000e+03 2.130200000000000000e+04
2.400000000000000000e+03 2.120900000000000000e+04
2.500000000000000000e+03 2.093000000000000000e+04
2.600000000000000000e+03 2.102500000000000000e+04
2.700000000000000000e+03 2.067700000000000000e+04
2.800000000000000000e+03 2.081600000000000000e+04
2.900000000000000000e+03 2.048600000000000000e+04
3.000000000000000000e+03 2.029700000000000000e+04
3.100000000000000000e+03 2.046800000000000000e+04
3.200000000000000000e+03 2.035100000000000000e+04
3.300000000000000000e+03 2.004000000000000000e+04
3.400000000000000000e+03 1.996300000000000000e+04
3.500000000000000000e+03 1.941800000000000000e+04
3.600000000000000000e+03 1.927100000000000000e+04
3.700000000000000000e+03 1.901200000000000000e+04
3.800000000000000000e+03 1.876100000000000000e+04
3.900000000000000000e+03 1.869500000000000000e+04
4.000000000000000000e+03 1.821500000000000000e+04
4.100000000000000000e+03 1.790900000000000000e+04
4.200000000000000000e+03 1.765400000000000000e+04
4.300000000000000000e+03 1.718200000000000000e+04
4.400000000000000000e+03 1.697300000000000000e+04
4.500000000000000000e+03 1.649300000000000000e+04
4.600000000000000000e+03 1.613600000000000000e+04
4.700000000000000000e+03 1.551400000000000000e+04
4.800000000000000000e+03 1.494900000000000000e+04
4.900000000000000000e+03 1.435700000000000000e+04
5.000000000000000000e+03 1.407600000000000000e+04
5.100000000000000000e+03 1.357800000000000000e+04
5.200000000000000000e+03 1.331200000000000000e+04
5.300000000000000000e+03 1.279700000000000000e+04
5.400000000000000000e+03 1.189200000000000000e+04
5.500000000000000000e+03 1.176600000000000000e+04
5.600000000000000000e+03 1.111400000000000000e+04
5.700000000000000000e+03 1.066800000000000000e+04
5.800000000000000000e+03 1.009100000000000000e+04
5.900000000000000000e+03 9.892000000000000000e+03
6.000000000000000000e+03 9.315000000000000000e+03
6.100000000000000000e+03 9.117000000000000000e+03
6.200000000000000000e+03 8.651000000000000000e+03
6.300000000000000000e+03 8.244000000000000000e+03
6.400000000000000000e+03 8.081000000000000000e+03
6.500000000000000000e+03 7.594000000000000000e+03
6.600000000000000000e+03 7.619000000000000000e+03
6.700000000000000000e+03 7.323000000000000000e+03
6.800000000000000000e+03 7.074000000000000000e+03
6.900000000000000000e+03 6.743000000000000000e+03
7.000000000000000000e+03 6.789000000000000000e+03
7.100000000000000000e+03 6.854000000000000000e+03
7.200000000000000000e+03 6.632000000000000000e+03
7.300000000000000000e+03 6.714000000000000000e+03
7.400000000000000000e+03 6.900000000000000000e+03
7.500000000000000000e+03 6.851000000000000000e+03
7.600000000000000000e+03 7.037000000000000000e+03
7.700000000000000000e+03 7.463000000000000000e+03
7.800000000000000000e+03 7.488000000000000000e+03
7.900000000000000000e+03 7.877000000000000000e+03
8.000000000000000000e+03 8.203000000000000000e+03
8.100000000000000000e+03 8.560000000000000000e+03
8.200000000000000000e+03 8.900000000000000000e+03
8.300000000000000000e+03 9.403000000000000000e+03
8.400000000000000000e+03 1.013100000000000000e+04
8.500000000000000000e+03 1.053800000000000000e+04
8.600000000000000000e+03 1.107800000000000000e+04
8.700000000000000000e+03 1.173400000000000000e+04
8.800000000000000000e+03 1.216300000000000000e+04
8.900000000000000000e+03 1.293900000000000000e+04
9.000000000000000000e+03 1.341000000000000000e+04
9.100000000000000000e+03 1.378200000000000000e+04
9.200000000000000000e+03 1.474400000000000000e+04
9.300000000000000000e+03 1.514500000000000000e+04
9.400000000000000000e+03 1.564200000000000000e+04
9.500000000000000000e+03 1.620300000000000000e+04
9.600000000000000000e+03 1.659100000000000000e+04
9.700000000000000000e+03 1.709300000000000000e+04
9.800000000000000000e+03 1.761200000000000000e+04
9.900000000000000000e+03 1.793500000000000000e+04
1.000000000000000000e+04 1.834800000000000000e+04
1.010000000000000000e+04 1.861300000000000000e+04
1.020000000000000000e+04 1.911800000000000000e+04
1.030000000000000000e+04 1.894500000000000000e+04
1.040000000000000000e+04 1.961900000000000000e+04
1.050000000000000000e+04 1.981600000000000000e+04
1.060000000000000000e+04 2.014200000000000000e+04
1.070000000000000000e+04 2.036000000000000000e+04
1.080000000000000000e+04 2.043300000000000000e+04
1.090000000000000000e+04 2.058600000000000000e+04
1.100000000000000000e+04 2.067100000000000000e+04
1.110000000000000000e+04 2.087900000000000000e+04
1.120000000000000000e+04 2.085700000000000000e+04
1.130000000000000000e+04 2.089600000000000000e+04
1.140000000000000000e+04 2.125300000000000000e+04
1.150000000000000000e+04 2.109400000000000000e+04
1.160000000000000000e+04 2.128600000000000000e+04
1.170000000000000000e+04 2.116600000000000000e+04
1.180000000000000000e+04 2.128800000000000000e+04
1.190000000000000000e+04 2.120300000000000000e+04
1.200000000000000000e+04 2.130800000000000000e+04
1.210000000000000000e+04 2.123000000000000000e+04
1.220000000000000000e+04 2.132400000000000000e+04
1.230000000000000000e+04 2.071600000000000000e+04
1.240000000000000000e+04 2.131400000000000000e+04
1.250000000000000000e+04 2.097500000000000000e+04
1.260000000000000000e+04 2.097600000000000000e+04
1.270000000000000000e+04 2.076500000000000000e+04
1.280000000000000000e+04 2.084500000000000000e+04
1.290000000000000000e+04 2.049800000000000000e+04
1.300000000000000000e+04 2.055200000000000000e+04
1.310000000000000000e+04 2.016300000000000000e+04
1.320000000000000000e+04 2.057800000000000000e+04
1.330000000000000000e+04 2.013100000000000000e+04
1.340000000000000000e+04 1.995400000000000000e+04
1.350000000000000000e+04 1.986400000000000000e+04
1.360000000000000000e+04 1.924100000000000000e+04
1.370000000000000000e+04 1.930700000000000000e+04
1.380000000000000000e+04 1.901400000000000000e+04
1.390000000000000000e+04 1.864400000000000000e+04
1.400000000000000000e+04 1.832400000000000000e+04
1.410000000000000000e+04 1.801900000000000000e+04
1.420000000000000000e+04 1.794200000000000000e+04
1.430000000000000000e+04 1.747400000000000000e+04
1.440000000000000000e+04 1.689900000000000000e+04
1.450000000000000000e+04 1.645000000000000000e+04
1.460000000000000000e+04 1.605700000000000000e+04
1.470000000000000000e+04 1.535900000000000000e+04
1.480000000000000000e+04 1.498600000000000000e+04
1.490000000000000000e+04 1.459500000000000000e+04
1.500000000000000000e+04 1.395700000000000000e+04
1.510000000000000000e+04 1.359600000000000000e+04
1.520000000000000000e+04 1.324200000000000000e+04
1.530000000000000000e+04 1.287100000000000000e+04
1.540000000000000000e+04 1.208300000000000000e+04
1.550000000000000000e+04 1.166200000000000000e+04
1.560000000000000000e+04 1.112400000000000000e+04
1.570000000000000000e+04 1.052400000000000000e+04
1.580000000000000000e+04 1.019200000000000000e+04
1.590000000000000000e+04 9.838000000000000000e+03
1.600000000000000000e+04 9.422000000000000000e+03
1.610000000000000000e+04 9.071000000000000000e+03
1.620000000000000000e+04 8.724000000000000000e+03
1.630000000000000000e+04 8.200000000000000000e+03
1.640000000000000000e+04 7.844000000000000000e+03
1.650000000000000000e+04 7.690000000000000000e+03
1.660000000000000000e+04 7.452000000000000000e+03
1.670000000000000000e+04 7.295000000000000000e+03
1.680000000000000000e+04 6.945000000000000000e+03
1.690000000000000000e+04 6.975000000000000000e+03
1.700000000000000000e+04 6.717000000000000000e+03
1.710000000000000000e+04 6.664000000000000000e+03
1.720000000000000000e+04 6.696000000000000000e+03
1.730000000000000000e+04 6.879000000000000000e+03
1.740000000000000000e+04 6.702000000000000000e+03
1.750000000000000000e+04 6.842000000000000000e+03
1.760000000000000000e+04 7.031000000000000000e+03
1.770000000000000000e+04 7.225000000000000000e+03
1.780000000000000000e+04 7.418000000000000000e+03
1.790000000000000000e+04 7.887000000000000000e+03
1.800000000000000000e+04 8.161000000000000000e+03
1.810000000000000000e+04 8.654000000000000000e+03
1.820000000000000000e+04 9.169000000000000000e+03
1.830000000000000000e+04 9.595000000000000000e+03
1.840000000000000000e+04 9.948000000000000000e+03
1.850000000000000000e+04 1.051800000000000000e+04
1.860000000000000000e+04 1.129800000000000000e+04
1.870000000000000000e+04 1.181900000000000000e+04
1.880000000000000000e+04 1.232800000000000000e+04
1.890000000000000000e+04 1.287000000000000000e+04
1.900000000000000000e+04 1.323500000000000000e+04
1.910000000000000000e+04 1.387600000000000000e+04
1.920000000000000000e+04 1.468000000000000000e+04
1.930000000000000000e+04 1.522100000000000000e+04
1.940000000000000000e+04 1.558700000000000000e+04
1.950000000000000000e+04 1.624200000000000000e+04
1.960000000000000000e+04 1.647300000000000000e+04
1.970000000000000000e+04 1.710400000000000000e+04
1.980000000000000000e+04 1.739200000000000000e+04
1.990000000000000000e+04 1.783300000000000000e+04
