0.000000000000000000e+00 1.065700000000000000e+04
1.000000000000000000e+02 1.098800000000000000e+04
2.000000000000000000e+02 1.102000000000000000e+04
3.000000000000000000e+02 1.133000000000000000e+04
4.000000000000000000e+02 1.156000000000000000e+04
5.000000000000000000e+02 1.161100000000000000e+04
6.000000000000000000e+02 1.162300000000000000e+04
7.000000000000000000e+02 1.197200000000000000e+04
8.000000000000000000e+02 1.196300000000000000e+04
9.000000000000000000e+02 1.189400000000000000e+04
1.000000000000000000e+03 1.226200000000000000e+04
1.100000000000000000e+03 1.186600000000000000e+04
1.200000000000000000e+03 1.244900000000000000e+04
1.300000000000000000e+03 1.208300000000000000e+04
1.400000000000000000e+03 1.237100000000000000e+04
1.500000000000000000e+03 1.228300000000000000e+04
1.600000000000000000e+03 1.263900000000000000e+04
1.700000000000000000e+03 1.247000000000000000e+04
1.800000000000000000e+03 1.218800000000000000e+04
1.900000000000000000e+03 1.246100000000000000e+04
2.000000000000000000e+03 1.256300000000000000e+04
2.100000000000000000e+03 1.235000000000000000e+04
2.200000000000000000e+03 1.244800000000000000e+04
2.300000000000000000e+03 1.240100000000000000e+04
2.400000000000000000e+03 1.216200000000000000e+04
2.500000000000000000e+03 1.234700000000000000e+04
2.600000000000000000e+03 1.238600000000000000e+04
2.700000000000000000e+03 1.236900000000000000e+04
2.800000000000000000e+03 1.233200000000000000e+04
2.900000000000000000e+03 1.220600000000000000e+04
3.000000000000000000e+03 1.214700000000000000e+04
3.100000000000000000e+03 1.201900000000000000e+04
3.200000000000000000e+03 1.198900000000000000e+04
3.300000000000000000e+03 1.175900000000000000e+04
3.400000000000000000e+03 1.156100000000000000e+04
3.500000000000000000e+03 1.164200000000000000e+04
3.600000000000000000e+03 1.137800000000000000e+04
3.700000000000000000e+03 1.120700000000000000e+04
3.800000000000000000e+03 1.105800000000000000e+04
3.900000000000000000e+03 1.087700000000000000e+04
4.000000000000000000e+03 1.070900000000000000e+04
4.100000000000000000e+03 1.031400000000000000e+04
4.200000000000000000e+03 1.007200000000000000e+04
4.300000000000000000e+03 9.834000000000000000e+03
4.400000000000000000e+03 9.804000000000000000e+03
4.500000000000000000e+03 9.546000000000000000e+03
4.600000000000000000e+03 9.266000000000000000e+03
4.700000000000000000e+03 8.903000000000000000e+03
4.800000000000000000e+03 8.574000000000000000e+03
4.900000000000000000e+03 8.420000000000000000e+03
5.000000000000000000e+03 8.292000000000000000e+03
5.100000000000000000e+03 7.966000000000000000e+03
5.200000000000000000e+03 7.424000000000000000e+03
5.300000000000000000e+03 7.326000000000000000e+03
5.400000000000000000e+03 7.025000000000000000e+03
5.500000000000000000e+03 6.711000000000000000e+03
5.600000000000000000e+03 6.479000000000000000e+03
5.700000000000000000e+03 6.206000000000000000e+03
5.800000000000000000e+03 5.931000000000000000e+03
5.900000000000000000e+03 5.630000000000000000e+03
6.000000000000000000e+03 5.322000000000000000e+03
6.100000000000000000e+03 5.007000000000000000e+03
6.200000000000000000e+03 4.912000000000000000e+03
6.300000000000000000e+03 4.719000000000000000e+03
6.400000000000000000e+03 4.629000000000000000e+03
6.500000000000000000e+03 4.396000000000000000e+03
6.600000000000000000e+03 4.314000000000000000e+03
6.700000000000000000e+03 4.079000000000000000e+03
6.800000000000000000e+03 4.060000000000000000e+03
6.900000000000000000e+03 3.931000000000000000e+03
7.000000000000000000e+03 3.793000000000000000e+03
7.100000000000000000e+03 3.887000000000000000e+03
7.200000000000000000e+03 3.929000000000000000e+03
7.300000000000000000e+03 3.897000000000000000e+03
7.400000000000000000e+03 3.874000000000000000e+03
7.500000000000000000e+03 3.945000000000000000e+03
7.600000000000000000e+03 4.205000000000000000e+03
7.700000000000000000e+03 4.198000000000000000e+03
7.800000000000000000e+03 4.439000000000000000e+03
7.900000000000000000e+03 4.441000000000000000e+03
8.000000000000000000e+03 4.769000000000000000e+03
8.100000000000000000e+03 4.882000000000000000e+03
8.200000000000000000e+03 5.298000000000000000e+03
8.300000000000000000e+03 5.544000000000000000e+03
8.400000000000000000e+03 5.766000000000000000e+03
8.500000000000000000e+03 6.169000000000000000e+03
8.600000000000000000e+03 6.322000000000000000e+03
8.700000000000000000e+03 6.761000000000000000e+03
8.800000000000000000e+03 7.367000000000000000e+03
8.900000000000000000e+03 7.534000000000000000e+03
9.000000000000000000e+03 7.577000000000000000e+03
9.100000000000000000e+03 8.096000000000000000e+03
9.200000000000000000e+03 8.470000000000000000e+03
9.300000000000000000e+03 8.853000000000000000e+03
9.400000000000000000e+03 9.051000000000000000e+03
9.500000000000000000e+03 9.450000000000000000e+03
9.600000000000000000e+03 9.445000000000000000e+03
9.700000000000000000e+03 9.794000000000000000e+03
9.800000000000000000e+03 1.011800000000000000e+04
9.900000000000000000e+03 1.045300000000000000e+04
1.000000000000000000e+04 1.072700000000000000e+04
1.010000000000000000e+04 1.092300000000000000e+04
1.020000000000000000e+04 1.104100000000000000e+04
1.030000000000000000e+04 1.122100000000000000e+04
1.040000000000000000e+04 1.125500000000000000e+04
1.050000000000000000e+04 1.161600000000000000e+04
1.060000000000000000e+04 1.155100000000000000e+04
1.070000000000000000e+04 1.187100000000000000e+04
1.080000000000000000e+04 1.207500000000000000e+04
1.090000000000000000e+04 1.194100000000000000e+04
1.100000000000000000e+04 1.217700000000000000e+04
1.110000000000000000e+04 1.217300000000000000e+04
1.120000000000000000e+04 1.223600000000000000e+04
1.130000000000000000e+04 1.241300000000000000e+04
1.140000000000000000e+04 1.246000000000000000e+04
1.150000000000000000e+04 1.236900000000000000e+04
1.160000000000000000e+04 1.250600000000000000e+04
1.170000000000000000e+04 1.247400000000000000e+04
1.180000000000000000e+04 1.270700000000000000e+04
1.190000000000000000e+04 1.245400000000000000e+04
1.200000000000000000e+04 1.237800000000000000e+04
1.210000000000000000e+04 1.228000000000000000e+04
1.220000000000000000e+04 1.242100000000000000e+04
1.230000000000000000e+04 1.256000000000000000e+04
1.240000000000000000e+04 1.253700000000000000e+04
1.250000000000000000e+04 1.259700000000000000e+04
1.260000000000000000e+04 1.222900000000000000e+04
1.270000000000000000e+04 1.229500000000000000e+04
1.280000000000000000e+04 1.213200000000000000e+04
1.290000000000000000e+04 1.220600000000000000e+04
1.300000000000000000e+04 1.209800000000000000e+04
1.310000000000000000e+04 1.202900000000000000e+04
1.320000000000000000e+04 1.203000000000000000e+04
1.330000000000000000e+04 1.158000000000000000e+04
1.340000000000000000e+04 1.156500000000000000e+04
1.350000000000000000e+04 1.164200000000000000e+04
1.360000000000000000e+04 1.148000000000000000e+04
1.370000000000000000e+04 1.139600000000000000e+04
1.380000000000000000e+04 1.085900000000000000e+04
1.390000000000000000e+04 1.056400000000000000e+04
1.400000000000000000e+04 1.063600000000000000e+04
1.410000000000000000e+04 1.038200000000000000e+04
1.420000000000000000e+04 1.043200000000000000e+04
1.430000000000000000e+04 1.007400000000000000e+04
1.440000000000000000e+04 9.713000000000000000e+03
1.450000000000000000e+04 9.671000000000000000e+03
1.460000000000000000e+04 9.270000000000000000e+03
1.470000000000000000e+04 8.889000000000000000e+03
1.480000000000000000e+04 8.728000000000000000e+03
1.490000000000000000e+04 8.322000000000000000e+03
1.500000000000000000e+04 8.235000000000000000e+03
1.510000000000000000e+04 7.704000000000000000e+03
1.520000000000000000e+04 7.625000000000000000e+03
1.530000000000000000e+04 7.307000000000000000e+03
1.540000000000000000e+04 6.921000000000000000e+03
1.550000000000000000e+04 6.771000000000000000e+03
1.560000000000000000e+04 6.410000000000000000e+03
1.570000000000000000e+04 6.020000000000000000e+03
1.580000000000000000e+04 5.928000000000000000e+03
1.590000000000000000e+04 5.547000000000000000e+03
1.600000000000000000e+04 5.325000000000000000e+03
1.610000000000000000e+04 5.259000000000000000e+03
1.620000000000000000e+04 4.901000000000000000e+03
1.630000000000000000e+04 4.847000000000000000e+03
1.640000000000000000e+04 4.536000000000000000e+03
1.650000000000000000e+04 4.400000000000000000e+03
1.660000000000000000e+04 4.343000000000000000e+03
1.670000000000000000e+04 4.167000000000000000e+03
1.680000000000000000e+04 3.971000000000000000e+03
1.690000000000000000e+04 3.902000000000000000e+03
1.700000000000000000e+04 3.841000000000000000e+03
1.710000000000000000e+04 3.917000000000000000e+03
1.720000000000000000e+04 3.821000000000000000e+03
1.730000000000000000e+04 3.917000000000000000e+03
1.740000000000000000e+04 3.906000000000000000e+03
1.750000000000000000e+04 4.047000000000000000e+03
1.760000000000000000e+04 3.961000000000000000e+03
1.770000000000000000e+04 4.291000000000000000e+03
1.780000000000000000e+04 4.316000000000000000e+03
1.790000000000000000e+04 4.661000000000000000e+03
1.800000000000000000e+04 4.654000000000000000e+03
1.810000000000000000e+04 4.969000000000000000e+03
1.820000000000000000e+04 5.350000000000000000e+03
1.830000000000000000e+04 5.385000000000000000e+03
1.840000000000000000e+04 5.992000000000000000e+03
1.850000000000000000e+04 6.111000000000000000e+03
1.860000000000000000e+04 6.424000000000000000e+03
1.870000000000000000e+04 6.750000000000000000e+03
1.880000000000000000e+04 7.251000000000000000e+03
1.890000000000000000e+04 7.685000000000000000e+03
1.900000000000000000e+04 7.850000000000000000e+03
1.910000000000000000e+04 8.121000000000000000e+03
1.920000000000000000e+04 8.358000000000000000e+03
1.930000000000000000e+04 8.746000000000000000e+03
1.940000000000000000e+04 9.030000000000000000e+03
1.950000000000000000e+04 9.478000000000000000e+03
1.960000000000000000e+04 9.648000000000000000e+03
1.970000000000000000e+04 9.915000000000000000e+03
1.980000000000000000e+04 1.019900000000000000e+04
1.990000000000000000e+04 1.034900000000000000e+04
