0.000000000000000000e+00 1.877200000000000000e+04
1.000000000000000000e+03 1.880000000000000000e+04
2.000000000000000000e+03 1.925500000000000000e+04
3.000000000000000000e+03 1.947700000000000000e+04
4.000000000000000000e+03 1.995700000000000000e+04
5.000000000000000000e+03 2.025700000000000000e+04
6.000000000000000000e+03 2.016600000000000000e+04
7.000000000000000000e+03 2.023200000000000000e+04
8.000000000000000000e+03 2.070500000000000000e+04
9.000000000000000000e+03 2.109400000000000000e+04
1.000000000000000000e+04 2.053300000000000000e+04
1.100000000000000000e+04 2.111700000000000000e+04
1.200000000000000000e+04 2.109500000000000000e+04
1.300000000000000000e+04 2.095500000000000000e+04
1.400000000000000000e+04 2.130900000000000000e+04
1.500000000000000000e+04 2.124900000000000000e+04
1.600000000000000000e+04 2.122400000000000000e+04
1.700000000000000000e+04 2.135300000000000000e+04
1.800000000000000000e+04 2.154100000000000000e+04
1.900000000000000000e+04 2.126300000000000000e+04
2.000000000000000000e+04 2.128100000000000000e+04
2.100000000000000000e+04 2.157300000000000000e+04
2.200000000000000000e+04 2.130200000000000000e+04
2.300000000000000000e+04 2.122800000000000000e+04
2.400000000000000000e+04 2.134900000000000000e+04
2.500000000000000000e+04 2.152100000000000000e+04
2.600000000000000000e+04 2.098500000000000000e+04
2.700000000000000000e+04 2.120500000000000000e+04
2.800000000000000000e+04 2.088700000000000000e+04
2.900000000000000000e+04 2.085400000000000000e+04
3.000000000000000000e+04 2.078600000000000000e+04
3.100000000000000000e+04 2.035900000000000000e+04
3.200000000000000000e+04 2.020100000000000000e+04
3.300000000000000000e+04 2.007800000000000000e+04
3.400000000000000000e+04 2.004300000000000000e+04
3.500000000000000000e+04 1.948000000000000000e+04
3.600000000000000000e+04 1.906100000000000000e+04
3.700000000000000000e+04 1.899900000000000000e+04
3.800000000000000000e+04 1.854000000000000000e+04
3.900000000000000000e+04 1.840200000000000000e+04
4.000000000000000000e+04 1.805300000000000000e+04
4.100000000000000000e+04 1.764600000000000000e+04
4.200000000000000000e+04 1.737000000000000000e+04
4.300000000000000000e+04 1.659200000000000000e+04
4.400000000000000000e+04 1.655900000000000000e+04
4.500000000000000000e+04 1.575000000000000000e+04
4.600000000000000000e+04 1.554200000000000000e+04
4.700000000000000000e+04 1.512600000000000000e+04
4.800000000000000000e+04 1.458100000000000000e+04
4.900000000000000000e+04 1.416600000000000000e+04
5.000000000000000000e+04 1.360900000000000000e+04
5.100000000000000000e+04 1.310300000000000000e+04
5.200000000000000000e+04 1.244400000000000000e+04
5.300000000000000000e+04 1.199900000000000000e+04
5.400000000000000000e+04 1.131100000000000000e+04
5.500000000000000000e+04 1.093000000000000000e+04
5.600000000000000000e+04 1.047900000000000000e+04
5.700000000000000000e+04 9.960000000000000000e+03
5.800000000000000000e+04 9.362000000000000000e+03
5.900000000000000000e+04 8.971000000000000000e+03
6.000000000000000000e+04 8.739000000000000000e+03
6.100000000000000000e+04 8.274000000000000000e+03
6.200000000000000000e+04 7.940000000000000000e+03
6.300000000000000000e+04 7.523000000000000000e+03
6.400000000000000000e+04 7.252000000000000000e+03
6.500000000000000000e+04 7.087000000000000000e+03
6.600000000000000000e+04 7.070000000000000000e+03
6.700000000000000000e+04 6.662000000000000000e+03
6.800000000000000000e+04 6.728000000000000000e+03
6.900000000000000000e+04 6.621000000000000000e+03
7.000000000000000000e+04 6.546000000000000000e+03
7.100000000000000000e+04 6.655000000000000000e+03
7.200000000000000000e+04 6.814000000000000000e+03
7.300000000000000000e+04 7.097000000000000000e+03
7.400000000000000000e+04 7.041000000000000000e+03
7.500000000000000000e+04 7.530000000000000000e+03
7.600000000000000000e+04 7.557000000000000000e+03
7.700000000000000000e+04 7.992000000000000000e+03
7.800000000000000000e+04 8.424000000000000000e+03
7.900000000000000000e+04 8.798000000000000000e+03
8.000000000000000000e+04 9.222000000000000000e+03
8.100000000000000000e+04 9.626000000000000000e+03
8.200000000000000000e+04 1.006600000000000000e+04
8.300000000000000000e+04 1.081600000000000000e+04
8.400000000000000000e+04 1.127900000000000000e+04
8.500000000000000000e+04 1.169600000000000000e+04
8.600000000000000000e+04 1.231900000000000000e+04
8.700000000000000000e+04 1.301100000000000000e+04
8.800000000000000000e+04 1.337800000000000000e+04
8.900000000000000000e+04 1.377600000000000000e+04
9.000000000000000000e+04 1.437000000000000000e+04
9.100000000000000000e+04 1.498700000000000000e+04
9.200000000000000000e+04 1.525400000000000000e+04
9.300000000000000000e+04 1.605200000000000000e+04
9.400000000000000000e+04 1.619600000000000000e+04
9.500000000000000000e+04 1.679500000000000000e+04
9.600000000000000000e+04 1.699200000000000000e+04
9.700000000000000000e+04 1.763200000000000000e+04
9.800000000000000000e+04 1.787500000000000000e+04
9.900000000000000000e+04 1.845300000000000000e+04
1.000000000000000000e+05 1.839800000000000000e+04
1.010000000000000000e+05 1.923500000000000000e+04
1.020000000000000000e+05 1.909400000000000000e+04
1.030000000000000000e+05 1.950900000000000000e+04
1.040000000000000000e+05 1.987400000000000000e+04
1.050000000000000000e+05 1.999200000000000000e+04
1.060000000000000000e+05 1.983700000000000000e+04
1.070000000000000000e+05 2.057600000000000000e+04
1.080000000000000000e+05 2.065700000000000000e+04
1.090000000000000000e+05 2.058000000000000000e+04
1.100000000000000000e+05 2.081700000000000000e+04
1.110000000000000000e+05 2.090000000000000000e+04
1.120000000000000000e+05 2.126300000000000000e+04
1.130000000000000000e+05 2.116900000000000000e+04
1.140000000000000000e+05 2.119100000000000000e+04
1.150000000000000000e+05 2.143000000000000000e+04
1.160000000000000000e+05 2.136500000000000000e+04
1.170000000000000000e+05 2.132100000000000000e+04
1.180000000000000000e+05 2.154600000000000000e+04
1.190000000000000000e+05 2.158400000000000000e+04
1.200000000000000000e+05 2.136000000000000000e+04
1.210000000000000000e+05 2.153100000000000000e+04
1.220000000000000000e+05 2.141600000000000000e+04
1.230000000000000000e+05 2.117600000000000000e+04
1.240000000000000000e+05 2.142700000000000000e+04
1.250000000000000000e+05 2.142100000000000000e+04
1.260000000000000000e+05 2.104000000000000000e+04
1.270000000000000000e+05 2.092900000000000000e+04
1.280000000000000000e+05 2.117800000000000000e+04
1.290000000000000000e+05 2.075600000000000000e+04
1.300000000000000000e+05 2.083300000000000000e+04
1.310000000000000000e+05 2.053900000000000000e+04
1.320000000000000000e+05 2.050000000000000000e+04
1.330000000000000000e+05 1.983400000000000000e+04
1.340000000000000000e+05 1.977400000000000000e+04
1.350000000000000000e+05 1.993300000000000000e+04
1.360000000000000000e+05 1.934000000000000000e+04
1.370000000000000000e+05 1.904800000000000000e+04
1.380000000000000000e+05 1.849900000000000000e+04
1.390000000000000000e+05 1.820100000000000000e+04
1.400000000000000000e+05 1.791700000000000000e+04
1.410000000000000000e+05 1.784200000000000000e+04
1.420000000000000000e+05 1.732600000000000000e+04
1.430000000000000000e+05 1.675600000000000000e+04
1.440000000000000000e+05 1.618600000000000000e+04
1.450000000000000000e+05 1.604000000000000000e+04
1.460000000000000000e+05 1.569600000000000000e+04
1.470000000000000000e+05 1.509400000000000000e+04
1.480000000000000000e+05 1.453800000000000000e+04
1.490000000000000000e+05 1.400100000000000000e+04
1.500000000000000000e+05 1.341900000000000000e+04
1.510000000000000000e+05 1.295700000000000000e+04
1.520000000000000000e+05 1.246700000000000000e+04
1.530000000000000000e+05 1.201400000000000000e+04
1.540000000000000000e+05 1.137900000000000000e+04
1.550000000000000000e+05 1.120500000000000000e+04
1.560000000000000000e+05 1.056300000000000000e+04
1.570000000000000000e+05 1.000200000000000000e+04
1.580000000000000000e+05 9.539000000000000000e+03
1.590000000000000000e+05 9.089000000000000000e+03
1.600000000000000000e+05 8.757000000000000000e+03
1.610000000000000000e+05 8.091000000000000000e+03
1.620000000000000000e+05 7.982000000000000000e+03
1.630000000000000000e+05 7.575000000000000000e+03
1.640000000000000000e+05 7.221000000000000000e+03
1.650000000000000000e+05 7.054000000000000000e+03
1.660000000000000000e+05 6.901000000000000000e+03
1.670000000000000000e+05 6.790000000000000000e+03
1.680000000000000000e+05 6.736000000000000000e+03
1.690000000000000000e+05 6.687000000000000000e+03
1.700000000000000000e+05 6.667000000000000000e+03
1.710000000000000000e+05 6.625000000000000000e+03
1.720000000000000000e+05 6.922000000000000000e+03
1.730000000000000000e+05 7.078000000000000000e+03
1.740000000000000000e+05 7.151000000000000000e+03
1.750000000000000000e+05 7.420000000000000000e+03
1.760000000000000000e+05 7.564000000000000000e+03
1.770000000000000000e+05 7.915000000000000000e+03
1.780000000000000000e+05 8.340000000000000000e+03
1.790000000000000000e+05 8.645000000000000000e+03
1.800000000000000000e+05 9.322000000000000000e+03
1.810000000000000000e+05 9.671000000000000000e+03
1.820000000000000000e+05 1.017700000000000000e+04
1.830000000000000000e+05 1.049500000000000000e+04
1.840000000000000000e+05 1.110500000000000000e+04
1.850000000000000000e+05 1.154200000000000000e+04
1.860000000000000000e+05 1.212200000000000000e+04
1.870000000000000000e+05 1.308300000000000000e+04
1.880000000000000000e+05 1.333400000000000000e+04
1.890000000000000000e+05 1.400700000000000000e+04
1.900000000000000000e+05 1.433500000000000000e+04
1.910000000000000000e+05 1.484900000000000000e+04
1.920000000000000000e+05 1.514500000000000000e+04
1.930000000000000000e+05 1.558900000000000000e+04
1.940000000000000000e+05 1.620200000000000000e+04
1.950000000000000000e+05 1.675300000000000000e+04
1.960000000000000000e+05 1.743200000000000000e+04
1.970000000000000000e+05 1.752100000000000000e+04
1.980000000000000000e+05 1.801600000000000000e+04
1.990000000000000000e+05 1.847500000000000000e+04
