0.000000000000000000e+00 1.592500000000000000e+04
5.000000000000000000e+02 1.627000000000000000e+04
1.000000000000000000e+03 1.640100000000000000e+04
1.500000000000000000e+03 1.689300000000000000e+04
2.000000000000000000e+03 1.687300000000000000e+04
2.500000000000000000e+03 1.708900000000000000e+04
3.000000000000000000e+03 1.760700000000000000e+04
3.500000000000000000e+03 1.784500000000000000e+04
4.000000000000000000e+03 1.793800000000000000e+04
4.500000000000000000e+03 1.779600000000000000e+04
5.000000000000000000e+03 1.788500000000000000e+04
5.500000000000000000e+03 1.807100000000000000e+04
6.000000000000000000e+03 1.833300000000000000e+04
6.500000000000000000e+03 1.808800000000000000e+04
7.000000000000000000e+03 1.838200000000000000e+04
7.500000000000000000e+03 1.812100000000000000e+04
8.000000000000000000e+03 1.820200000000000000e+04
8.500000000000000000e+03 1.838400000000000000e+04
9.000000000000000000e+03 1.847000000000000000e+04
9.500000000000000000e+03 1.842900000000000000e+04
1.000000000000000000e+04 1.823500000000000000e+04
1.050000000000000000e+04 1.840700000000000000e+04
1.100000000000000000e+04 1.826500000000000000e+04
1.150000000000000000e+04 1.848500000000000000e+04
1.200000000000000000e+04 1.843200000000000000e+04
1.250000000000000000e+04 1.834100000000000000e+04
1.300000000000000000e+04 1.818100000000000000e+04
1.350000000000000000e+04 1.796700000000000000e+04
1.400000000000000000e+04 1.815900000000000000e+04
1.450000000000000000e+04 1.784300000000000000e+04
1.500000000000000000e+04 1.768700000000000000e+04
1.550000000000000000e+04 1.771400000000000000e+04
1.600000000000000000e+04 1.742000000000000000e+04
1.650000000000000000e+04 1.725900000000000000e+04
1.700000000000000000e+04 1.712400000000000000e+04
1.750000000000000000e+04 1.683700000000000000e+04
1.800000000000000000e+04 1.665800000000000000e+04
1.850000000000000000e+04 1.632900000000000000e+04
1.900000000000000000e+04 1.617200000000000000e+04
1.950000000000000000e+04 1.592500000000000000e+04
2.000000000000000000e+04 1.533000000000000000e+04
2.050000000000000000e+04 1.526600000000000000e+04
2.100000000000000000e+04 1.500600000000000000e+04
2.150000000000000000e+04 1.444500000000000000e+04
2.200000000000000000e+04 1.416600000000000000e+04
2.250000000000000000e+04 1.368700000000000000e+04
2.300000000000000000e+04 1.345100000000000000e+04
2.350000000000000000e+04 1.277700000000000000e+04
2.400000000000000000e+04 1.229400000000000000e+04
2.450000000000000000e+04 1.206400000000000000e+04
2.500000000000000000e+04 1.152600000000000000e+04
2.550000000000000000e+04 1.133200000000000000e+04
2.600000000000000000e+04 1.068800000000000000e+04
2.650000000000000000e+04 1.039500000000000000e+04
2.700000000000000000e+04 9.886000000000000000e+03
2.750000000000000000e+04 9.140000000000000000e+03
2.800000000000000000e+04 9.069000000000000000e+03
2.850000000000000000e+04 8.538000000000000000e+03
2.900000000000000000e+04 8.115000000000000000e+03
2.950000000000000000e+04 7.792000000000000000e+03
3.000000000000000000e+04 7.442000000000000000e+03
3.050000000000000000e+04 7.126000000000000000e+03
3.100000000000000000e+04 6.858000000000000000e+03
3.150000000000000000e+04 6.326000000000000000e+03
3.200000000000000000e+04 6.321000000000000000e+03
3.250000000000000000e+04 6.061000000000000000e+03
3.300000000000000000e+04 5.758000000000000000e+03
3.350000000000000000e+04 5.763000000000000000e+03
3.400000000000000000e+04 5.490000000000000000e+03
3.450000000000000000e+04 5.594000000000000000e+03
3.500000000000000000e+04 5.575000000000000000e+03
3.550000000000000000e+04 5.665000000000000000e+03
3.600000000000000000e+04 5.793000000000000000e+03
3.650000000000000000e+04 5.795000000000000000e+03
3.700000000000000000e+04 5.870000000000000000e+03
3.750000000000000000e+04 6.089000000000000000e+03
3.800000000000000000e+04 6.389000000000000000e+03
3.850000000000000000e+04 6.703000000000000000e+03
3.900000000000000000e+04 6.856000000000000000e+03
3.950000000000000000e+04 7.394000000000000000e+03
4.000000000000000000e+04 7.673000000000000000e+03
4.050000000000000000e+04 8.102000000000000000e+03
4.100000000000000000e+04 8.580000000000000000e+03
4.150000000000000000e+04 9.057000000000000000e+03
4.200000000000000000e+04 9.498000000000000000e+03
4.250000000000000000e+04 1.002800000000000000e+04
4.300000000000000000e+04 1.055100000000000000e+04
4.350000000000000000e+04 1.083800000000000000e+04
4.400000000000000000e+04 1.120800000000000000e+04
4.450000000000000000e+04 1.194400000000000000e+04
4.500000000000000000e+04 1.218900000000000000e+04
4.550000000000000000e+04 1.265600000000000000e+04
4.600000000000000000e+04 1.318700000000000000e+04
4.650000000000000000e+04 1.347800000000000000e+04
4.700000000000000000e+04 1.396000000000000000e+04
4.750000000000000000e+04 1.418600000000000000e+04
4.800000000000000000e+04 1.451800000000000000e+04
4.850000000000000000e+04 1.509500000000000000e+04
4.900000000000000000e+04 1.521400000000000000e+04
4.950000000000000000e+04 1.580400000000000000e+04
5.000000000000000000e+04 1.617200000000000000e+04
5.050000000000000000e+04 1.619600000000000000e+04
5.100000000000000000e+04 1.656600000000000000e+04
5.150000000000000000e+04 1.664400000000000000e+04
5.200000000000000000e+04 1.688800000000000000e+04
5.250000000000000000e+04 1.704500000000000000e+04
5.300000000000000000e+04 1.722800000000000000e+04
5.350000000000000000e+04 1.768400000000000000e+04
5.400000000000000000e+04 1.755600000000000000e+04
5.450000000000000000e+04 1.786000000000000000e+04
5.500000000000000000e+04 1.780000000000000000e+04
5.550000000000000000e+04 1.795600000000000000e+04
5.600000000000000000e+04 1.805700000000000000e+04
5.650000000000000000e+04 1.808800000000000000e+04
5.700000000000000000e+04 1.830600000000000000e+04
5.750000000000000000e+04 1.848100000000000000e+04
5.800000000000000000e+04 1.818600000000000000e+04
5.850000000000000000e+04 1.816500000000000000e+04
5.900000000000000000e+04 1.847800000000000000e+04
5.950000000000000000e+04 1.834200000000000000e+04
6.000000000000000000e+04 1.840900000000000000e+04
6.050000000000000000e+04 1.850800000000000000e+04
6.100000000000000000e+04 1.856400000000000000e+04
6.150000000000000000e+04 1.849900000000000000e+04
6.200000000000000000e+04 1.848500000000000000e+04
6.250000000000000000e+04 1.799200000000000000e+04
6.300000000000000000e+04 1.807900000000000000e+04
6.350000000000000000e+04 1.790900000000000000e+04
6.400000000000000000e+04 1.768000000000000000e+04
6.450000000000000000e+04 1.764300000000000000e+04
6.500000000000000000e+04 1.761200000000000000e+04
6.550000000000000000e+04 1.768500000000000000e+04
6.600000000000000000e+04 1.743300000000000000e+04
6.650000000000000000e+04 1.720600000000000000e+04
6.700000000000000000e+04 1.732900000000000000e+04
6.750000000000000000e+04 1.666800000000000000e+04
6.800000000000000000e+04 1.667700000000000000e+04
6.850000000000000000e+04 1.634400000000000000e+04
6.900000000000000000e+04 1.607100000000000000e+04
6.950000000000000000e+04 1.556300000000000000e+04
7.000000000000000000e+04 1.532400000000000000e+04
7.050000000000000000e+04 1.519900000000000000e+04
7.100000000000000000e+04 1.490800000000000000e+04
7.150000000000000000e+04 1.438600000000000000e+04
7.200000000000000000e+04 1.433500000000000000e+04
7.250000000000000000e+04 1.362200000000000000e+04
7.300000000000000000e+04 1.335300000000000000e+04
7.350000000000000000e+04 1.305100000000000000e+04
7.400000000000000000e+04 1.249300000000000000e+04
7.450000000000000000e+04 1.221300000000000000e+04
7.500000000000000000e+04 1.154800000000000000e+04
7.550000000000000000e+04 1.097000000000000000e+04
7.600000000000000000e+04 1.061800000000000000e+04
7.650000000000000000e+04 1.026500000000000000e+04
7.700000000000000000e+04 9.784000000000000000e+03
7.750000000000000000e+04 9.381000000000000000e+03
7.800000000000000000e+04 8.997000000000000000e+03
7.850000000000000000e+04 8.540000000000000000e+03
7.900000000000000000e+04 8.119000000000000000e+03
7.950000000000000000e+04 7.946000000000000000e+03
8.000000000000000000e+04 7.473000000000000000e+03
8.050000000000000000e+04 7.112000000000000000e+03
8.100000000000000000e+04 6.699000000000000000e+03
8.150000000000000000e+04 6.484000000000000000e+03
8.200000000000000000e+04 6.235000000000000000e+03
8.250000000000000000e+04 6.045000000000000000e+03
8.300000000000000000e+04 5.776000000000000000e+03
8.350000000000000000e+04 5.861000000000000000e+03
8.400000000000000000e+04 5.619000000000000000e+03
8.450000000000000000e+04 5.697000000000000000e+03
8.500000000000000000e+04 5.550000000000000000e+03
8.550000000000000000e+04 5.477000000000000000e+03
8.600000000000000000e+04 5.792000000000000000e+03
8.650000000000000000e+04 5.781000000000000000e+03
8.700000000000000000e+04 6.115000000000000000e+03
8.750000000000000000e+04 6.306000000000000000e+03
8.800000000000000000e+04 6.353000000000000000e+03
8.850000000000000000e+04 6.755000000000000000e+03
8.900000000000000000e+04 6.895000000000000000e+03
8.950000000000000000e+04 7.315000000000000000e+03
9.000000000000000000e+04 7.758000000000000000e+03
9.050000000000000000e+04 8.252000000000000000e+03
9.100000000000000000e+04 8.492000000000000000e+03
9.150000000000000000e+04 8.944000000000000000e+03
9.200000000000000000e+04 9.269000000000000000e+03
9.250000000000000000e+04 9.861000000000000000e+03
9.300000000000000000e+04 1.024700000000000000e+04
9.350000000000000000e+04 1.080800000000000000e+04
9.400000000000000000e+04 1.135200000000000000e+04
9.450000000000000000e+04 1.188700000000000000e+04
9.500000000000000000e+04 1.189300000000000000e+04
9.550000000000000000e+04 1.261600000000000000e+04
9.600000000000000000e+04 1.320400000000000000e+04
9.650000000000000000e+04 1.364100000000000000e+04
9.700000000000000000e+04 1.378600000000000000e+04
9.750000000000000000e+04 1.438600000000000000e+04
9.800000000000000000e+04 1.470400000000000000e+04
9.850000000000000000e+04 1.486300000000000000e+04
9.900000000000000000e+04 1.549800000000000000e+04
9.950000000000000000e+04 1.574600000000000000e+04
