0.000000000000000000e+00 1.705300000000000000e+04
3.330000000000000000e+02 1.760200000000000000e+04
6.660000000000000000e+02 1.747200000000000000e+04
9.990000000000000000e+02 1.781300000000000000e+04
1.332000000000000000e+03 1.818600000000000000e+04
1.665000000000000000e+03 1.823800000000000000e+04
1.998000000000000000e+03 1.859000000000000000e+04
2.331000000000000000e+03 1.885400000000000000e+04
2.664000000000000000e+03 1.881600000000000000e+04
2.997000000000000000e+03 1.911300000000000000e+04
3.330000000000000000e+03 1.905200000000000000e+04
3.663000000000000000e+03 1.960500000000000000e+04
3.996000000000000000e+03 1.964800000000000000e+04
4.329000000000000000e+03 1.956000000000000000e+04
4.662000000000000000e+03 1.966600000000000000e+04
4.995000000000000000e+03 1.973400000000000000e+04
5.328000000000000000e+03 1.961000000000000000e+04
5.661000000000000000e+03 1.949600000000000000e+04
5.994000000000000000e+03 1.965400000000000000e+04
6.327000000000000000e+03 1.960100000000000000e+04
6.660000000000000000e+03 1.962100000000000000e+04
6.993000000000000000e+03 1.958500000000000000e+04
7.326000000000000000e+03 1.959200000000000000e+04
7.659000000000000000e+03 1.963600000000000000e+04
7.992000000000000000e+03 1.982100000000000000e+04
8.325000000000000000e+03 1.971900000000000000e+04
8.658000000000000000e+03 1.969500000000000000e+04
8.991000000000000000e+03 1.966000000000000000e+04
9.324000000000000000e+03 1.917800000000000000e+04
9.657000000000000000e+03 1.922500000000000000e+04
9.990000000000000000e+03 1.907200000000000000e+04
1.032300000000000000e+04 1.879700000000000000e+04
1.065600000000000000e+04 1.870000000000000000e+04
1.098900000000000000e+04 1.860800000000000000e+04
1.132200000000000000e+04 1.817200000000000000e+04
1.165500000000000000e+04 1.815900000000000000e+04
1.198800000000000000e+04 1.781600000000000000e+04
1.232100000000000000e+04 1.745800000000000000e+04
1.265400000000000000e+04 1.717000000000000000e+04
1.298700000000000000e+04 1.682100000000000000e+04
1.332000000000000000e+04 1.656900000000000000e+04
1.365300000000000000e+04 1.644500000000000000e+04
1.398600000000000000e+04 1.632900000000000000e+04
1.431900000000000000e+04 1.578700000000000000e+04
1.465200000000000000e+04 1.530900000000000000e+04
1.498500000000000000e+04 1.471400000000000000e+04
1.531800000000000000e+04 1.447700000000000000e+04
1.565100000000000000e+04 1.393700000000000000e+04
1.598400000000000000e+04 1.321600000000000000e+04
1.631700000000000000e+04 1.313200000000000000e+04
1.665000000000000000e+04 1.264100000000000000e+04
1.698300000000000000e+04 1.200700000000000000e+04
1.731600000000000000e+04 1.141800000000000000e+04
1.764900000000000000e+04 1.098400000000000000e+04
1.798200000000000000e+04 1.071500000000000000e+04
1.831500000000000000e+04 1.020100000000000000e+04
1.864800000000000000e+04 9.811000000000000000e+03
1.898100000000000000e+04 9.167000000000000000e+03
1.931400000000000000e+04 8.941000000000000000e+03
1.964700000000000000e+04 8.360000000000000000e+03
1.998000000000000000e+04 8.039000000000000000e+03
2.031300000000000000e+04 7.631000000000000000e+03
2.064600000000000000e+04 7.385000000000000000e+03
2.097900000000000000e+04 7.181000000000000000e+03
2.131200000000000000e+04 6.798000000000000000e+03
2.164500000000000000e+04 6.609000000000000000e+03
2.197800000000000000e+04 6.188000000000000000e+03
2.231100000000000000e+04 6.387000000000000000e+03
2.264400000000000000e+04 6.111000000000000000e+03
2.297700000000000000e+04 5.995000000000000000e+03
2.331000000000000000e+04 5.991000000000000000e+03
2.364300000000000000e+04 6.000000000000000000e+03
2.397600000000000000e+04 6.118000000000000000e+03
2.430900000000000000e+04 6.268000000000000000e+03
2.464200000000000000e+04 6.332000000000000000e+03
2.497500000000000000e+04 6.650000000000000000e+03
2.530800000000000000e+04 6.659000000000000000e+03
2.564100000000000000e+04 7.079000000000000000e+03
2.597400000000000000e+04 7.393000000000000000e+03
2.630700000000000000e+04 7.717000000000000000e+03
2.664000000000000000e+04 8.220000000000000000e+03
2.697300000000000000e+04 8.645000000000000000e+03
2.730600000000000000e+04 9.006000000000000000e+03
2.763900000000000000e+04 9.494000000000000000e+03
2.797200000000000000e+04 9.912000000000000000e+03
2.830500000000000000e+04 1.058300000000000000e+04
2.863800000000000000e+04 1.088400000000000000e+04
2.897100000000000000e+04 1.141300000000000000e+04
2.930400000000000000e+04 1.182000000000000000e+04
2.963700000000000000e+04 1.264700000000000000e+04
2.997000000000000000e+04 1.281400000000000000e+04
3.030300000000000000e+04 1.355900000000000000e+04
3.063600000000000000e+04 1.410500000000000000e+04
3.096900000000000000e+04 1.441300000000000000e+04
3.130200000000000000e+04 1.483300000000000000e+04
3.163500000000000000e+04 1.534100000000000000e+04
3.196800000000000000e+04 1.599700000000000000e+04
3.230100000000000000e+04 1.602900000000000000e+04
3.263400000000000000e+04 1.631500000000000000e+04
3.296700000000000000e+04 1.699300000000000000e+04
3.330000000000000000e+04 1.723100000000000000e+04
3.363300000000000000e+04 1.715100000000000000e+04
3.396600000000000000e+04 1.765400000000000000e+04
3.429900000000000000e+04 1.760300000000000000e+04
3.463200000000000000e+04 1.821700000000000000e+04
3.496500000000000000e+04 1.839100000000000000e+04
3.529800000000000000e+04 1.855800000000000000e+04
3.563100000000000000e+04 1.878300000000000000e+04
3.596400000000000000e+04 1.886300000000000000e+04
3.629700000000000000e+04 1.911900000000000000e+04
3.663000000000000000e+04 1.965100000000000000e+04
3.696300000000000000e+04 1.943400000000000000e+04
3.729600000000000000e+04 1.966400000000000000e+04
3.762900000000000000e+04 1.965300000000000000e+04
3.796200000000000000e+04 1.982100000000000000e+04
3.829500000000000000e+04 1.969000000000000000e+04
3.862800000000000000e+04 1.949500000000000000e+04
3.896100000000000000e+04 1.967100000000000000e+04
3.929400000000000000e+04 1.998000000000000000e+04
3.962700000000000000e+04 1.995100000000000000e+04
3.996000000000000000e+04 1.979700000000000000e+04
4.029300000000000000e+04 1.993800000000000000e+04
4.062600000000000000e+04 1.970100000000000000e+04
4.095900000000000000e+04 1.952500000000000000e+04
4.129200000000000000e+04 1.977800000000000000e+04
4.162500000000000000e+04 1.992700000000000000e+04
4.195800000000000000e+04 1.978400000000000000e+04
4.229100000000000000e+04 1.959600000000000000e+04
4.262400000000000000e+04 1.942300000000000000e+04
4.295700000000000000e+04 1.919600000000000000e+04
4.329000000000000000e+04 1.941200000000000000e+04
4.362300000000000000e+04 1.896000000000000000e+04
4.395600000000000000e+04 1.858000000000000000e+04
4.428900000000000000e+04 1.861000000000000000e+04
4.462200000000000000e+04 1.837800000000000000e+04
4.495500000000000000e+04 1.811900000000000000e+04
4.528800000000000000e+04 1.792600000000000000e+04
4.562100000000000000e+04 1.773900000000000000e+04
4.595400000000000000e+04 1.732100000000000000e+04
4.628700000000000000e+04 1.680300000000000000e+04
4.662000000000000000e+04 1.686600000000000000e+04
4.695300000000000000e+04 1.624200000000000000e+04
4.728600000000000000e+04 1.612800000000000000e+04
4.761900000000000000e+04 1.585600000000000000e+04
4.795200000000000000e+04 1.516700000000000000e+04
4.828500000000000000e+04 1.509500000000000000e+04
4.861800000000000000e+04 1.441300000000000000e+04
4.895100000000000000e+04 1.380000000000000000e+04
4.928400000000000000e+04 1.354600000000000000e+04
4.961700000000000000e+04 1.288300000000000000e+04
4.995000000000000000e+04 1.254300000000000000e+04
5.028300000000000000e+04 1.222000000000000000e+04
5.061600000000000000e+04 1.152900000000000000e+04
5.094900000000000000e+04 1.090900000000000000e+04
5.128200000000000000e+04 1.063600000000000000e+04
5.161500000000000000e+04 1.027900000000000000e+04
5.194800000000000000e+04 9.711000000000000000e+03
5.228100000000000000e+04 9.174000000000000000e+03
5.261400000000000000e+04 8.619000000000000000e+03
5.294700000000000000e+04 8.398000000000000000e+03
5.328000000000000000e+04 8.074000000000000000e+03
5.361300000000000000e+04 7.626000000000000000e+03
5.394600000000000000e+04 7.239000000000000000e+03
5.427900000000000000e+04 6.928000000000000000e+03
5.461200000000000000e+04 6.771000000000000000e+03
5.494500000000000000e+04 6.466000000000000000e+03
5.527800000000000000e+04 6.289000000000000000e+03
5.561100000000000000e+04 6.345000000000000000e+03
5.594400000000000000e+04 6.088000000000000000e+03
5.627700000000000000e+04 6.041000000000000000e+03
5.661000000000000000e+04 5.994000000000000000e+03
5.694300000000000000e+04 6.005000000000000000e+03
5.727600000000000000e+04 6.015000000000000000e+03
5.760900000000000000e+04 6.088000000000000000e+03
5.794200000000000000e+04 6.351000000000000000e+03
5.827500000000000000e+04 6.592000000000000000e+03
5.860800000000000000e+04 6.788000000000000000e+03
5.894100000000000000e+04 7.105000000000000000e+03
5.927400000000000000e+04 7.468000000000000000e+03
5.960700000000000000e+04 7.755000000000000000e+03
5.994000000000000000e+04 8.034000000000000000e+03
6.027300000000000000e+04 8.448000000000000000e+03
6.060600000000000000e+04 9.080000000000000000e+03
6.093900000000000000e+04 9.435000000000000000e+03
6.127200000000000000e+04 9.978000000000000000e+03
6.160500000000000000e+04 1.057300000000000000e+04
6.193800000000000000e+04 1.090500000000000000e+04
6.227100000000000000e+04 1.157700000000000000e+04
6.260400000000000000e+04 1.221600000000000000e+04
6.293700000000000000e+04 1.257100000000000000e+04
6.327000000000000000e+04 1.308500000000000000e+04
6.360300000000000000e+04 1.343100000000000000e+04
6.393600000000000000e+04 1.400800000000000000e+04
6.426900000000000000e+04 1.450100000000000000e+04
6.460200000000000000e+04 1.505300000000000000e+04
6.493500000000000000e+04 1.521500000000000000e+04
6.526800000000000000e+04 1.564300000000000000e+04
6.560100000000000000e+04 1.635800000000000000e+04
6.593400000000000000e+04 1.645900000000000000e+04
6.626700000000000000e+04 1.676700000000000000e+04
