0.000000000000000000e+00 1.325900000000000000e+04
1.400000000000000000e+01 1.384400000000000000e+04
2.800000000000000000e+01 1.437100000000000000e+04
4.200000000000000000e+01 1.485100000000000000e+04
5.600000000000000000e+01 1.508200000000000000e+04
7.000000000000000000e+01 1.530200000000000000e+04
8.400000000000000000e+01 1.584400000000000000e+04
9.800000000000000000e+01 1.597000000000000000e+04
1.120000000000000000e+02 1.613200000000000000e+04
1.260000000000000000e+02 1.644000000000000000e+04
1.400000000000000000e+02 1.671600000000000000e+04
1.540000000000000000e+02 1.699700000000000000e+04
1.680000000000000000e+02 1.708200000000000000e+04
1.820000000000000000e+02 1.745100000000000000e+04
1.960000000000000000e+02 1.759600000000000000e+04
2.100000000000000000e+02 1.772600000000000000e+04
2.240000000000000000e+02 1.789300000000000000e+04
2.380000000000000000e+02 1.805300000000000000e+04
2.520000000000000000e+02 1.850400000000000000e+04
2.660000000000000000e+02 1.857400000000000000e+04
2.800000000000000000e+02 1.868000000000000000e+04
2.940000000000000000e+02 1.875800000000000000e+04
3.080000000000000000e+02 1.856200000000000000e+04
3.220000000000000000e+02 1.870100000000000000e+04
3.360000000000000000e+02 1.887400000000000000e+04
3.500000000000000000e+02 1.874400000000000000e+04
3.640000000000000000e+02 1.862100000000000000e+04
3.780000000000000000e+02 1.850800000000000000e+04
3.920000000000000000e+02 1.885000000000000000e+04
4.060000000000000000e+02 1.885000000000000000e+04
4.200000000000000000e+02 1.901000000000000000e+04
4.340000000000000000e+02 1.882500000000000000e+04
4.480000000000000000e+02 1.885800000000000000e+04
4.620000000000000000e+02 1.879500000000000000e+04
4.760000000000000000e+02 1.849900000000000000e+04
4.900000000000000000e+02 1.842900000000000000e+04
5.040000000000000000e+02 1.825900000000000000e+04
5.180000000000000000e+02 1.798800000000000000e+04
5.320000000000000000e+02 1.811400000000000000e+04
5.460000000000000000e+02 1.773300000000000000e+04
5.600000000000000000e+02 1.782200000000000000e+04
5.740000000000000000e+02 1.756800000000000000e+04
5.880000000000000000e+02 1.755400000000000000e+04
6.020000000000000000e+02 1.710900000000000000e+04
6.160000000000000000e+02 1.704500000000000000e+04
6.300000000000000000e+02 1.654100000000000000e+04
6.440000000000000000e+02 1.617800000000000000e+04
6.580000000000000000e+02 1.614800000000000000e+04
6.720000000000000000e+02 1.577400000000000000e+04
6.860000000000000000e+02 1.545800000000000000e+04
7.000000000000000000e+02 1.547000000000000000e+04
7.140000000000000000e+02 1.493700000000000000e+04
7.280000000000000000e+02 1.458800000000000000e+04
7.420000000000000000e+02 1.425200000000000000e+04
7.560000000000000000e+02 1.392100000000000000e+04
7.700000000000000000e+02 1.361500000000000000e+04
7.840000000000000000e+02 1.305800000000000000e+04
7.980000000000000000e+02 1.276600000000000000e+04
8.120000000000000000e+02 1.278600000000000000e+04
8.260000000000000000e+02 1.228100000000000000e+04
8.400000000000000000e+02 1.205700000000000000e+04
8.540000000000000000e+02 1.166400000000000000e+04
8.680000000000000000e+02 1.141800000000000000e+04
8.820000000000000000e+02 1.105800000000000000e+04
8.960000000000000000e+02 1.079200000000000000e+04
9.100000000000000000e+02 1.078100000000000000e+04
9.240000000000000000e+02 1.038300000000000000e+04
9.380000000000000000e+02 1.000600000000000000e+04
9.520000000000000000e+02 9.738000000000000000e+03
9.660000000000000000e+02 9.524000000000000000e+03
9.800000000000000000e+02 9.562000000000000000e+03
9.940000000000000000e+02 9.196000000000000000e+03
1.008000000000000000e+03 8.917000000000000000e+03
1.022000000000000000e+03 8.823000000000000000e+03
1.036000000000000000e+03 8.599000000000000000e+03
1.050000000000000000e+03 8.190000000000000000e+03
1.064000000000000000e+03 8.477000000000000000e+03
1.078000000000000000e+03 8.145000000000000000e+03
1.092000000000000000e+03 8.156000000000000000e+03
1.106000000000000000e+03 8.361000000000000000e+03
1.120000000000000000e+03 8.187000000000000000e+03
1.134000000000000000e+03 8.239000000000000000e+03
1.148000000000000000e+03 8.212000000000000000e+03
1.162000000000000000e+03 8.291000000000000000e+03
1.176000000000000000e+03 8.358000000000000000e+03
1.190000000000000000e+03 8.245000000000000000e+03
1.204000000000000000e+03 8.619000000000000000e+03
1.218000000000000000e+03 8.672000000000000000e+03
1.232000000000000000e+03 8.820000000000000000e+03
1.246000000000000000e+03 8.931000000000000000e+03
1.260000000000000000e+03 9.281000000000000000e+03
1.274000000000000000e+03 9.561000000000000000e+03
1.288000000000000000e+03 9.740000000000000000e+03
1.302000000000000000e+03 1.009200000000000000e+04
1.316000000000000000e+03 1.064100000000000000e+04
1.330000000000000000e+03 1.086600000000000000e+04
1.344000000000000000e+03 1.128300000000000000e+04
1.358000000000000000e+03 1.162700000000000000e+04
1.372000000000000000e+03 1.198000000000000000e+04
1.386000000000000000e+03 1.262200000000000000e+04
1.400000000000000000e+03 1.288900000000000000e+04
1.414000000000000000e+03 1.321200000000000000e+04
1.428000000000000000e+03 1.350300000000000000e+04
1.442000000000000000e+03 1.379200000000000000e+04
1.456000000000000000e+03 1.427200000000000000e+04
1.470000000000000000e+03 1.466600000000000000e+04
1.484000000000000000e+03 1.486200000000000000e+04
1.498000000000000000e+03 1.533500000000000000e+04
1.512000000000000000e+03 1.578400000000000000e+04
1.526000000000000000e+03 1.611000000000000000e+04
1.540000000000000000e+03 1.646700000000000000e+04
1.554000000000000000e+03 1.634300000000000000e+04
1.568000000000000000e+03 1.675100000000000000e+04
1.582000000000000000e+03 1.705500000000000000e+04
1.596000000000000000e+03 1.748800000000000000e+04
1.610000000000000000e+03 1.772700000000000000e+04
1.624000000000000000e+03 1.792300000000000000e+04
1.638000000000000000e+03 1.792000000000000000e+04
1.652000000000000000e+03 1.796700000000000000e+04
1.666000000000000000e+03 1.825100000000000000e+04
1.680000000000000000e+03 1.822600000000000000e+04
1.694000000000000000e+03 1.846300000000000000e+04
1.708000000000000000e+03 1.869800000000000000e+04
1.722000000000000000e+03 1.839400000000000000e+04
1.736000000000000000e+03 1.856900000000000000e+04
1.750000000000000000e+03 1.884300000000000000e+04
1.764000000000000000e+03 1.885200000000000000e+04
1.778000000000000000e+03 1.883200000000000000e+04
1.792000000000000000e+03 1.897300000000000000e+04
1.806000000000000000e+03 1.908400000000000000e+04
1.820000000000000000e+03 1.904200000000000000e+04
1.834000000000000000e+03 1.882000000000000000e+04
1.848000000000000000e+03 1.894600000000000000e+04
1.862000000000000000e+03 1.875400000000000000e+04
1.876000000000000000e+03 1.867100000000000000e+04
1.890000000000000000e+03 1.854400000000000000e+04
1.904000000000000000e+03 1.867700000000000000e+04
1.918000000000000000e+03 1.854000000000000000e+04
1.932000000000000000e+03 1.824500000000000000e+04
1.946000000000000000e+03 1.811600000000000000e+04
1.960000000000000000e+03 1.790300000000000000e+04
1.974000000000000000e+03 1.786900000000000000e+04
1.988000000000000000e+03 1.787600000000000000e+04
2.002000000000000000e+03 1.766700000000000000e+04
2.016000000000000000e+03 1.708400000000000000e+04
2.030000000000000000e+03 1.712300000000000000e+04
2.044000000000000000e+03 1.684100000000000000e+04
2.058000000000000000e+03 1.651900000000000000e+04
2.072000000000000000e+03 1.631200000000000000e+04
2.086000000000000000e+03 1.616300000000000000e+04
2.100000000000000000e+03 1.592100000000000000e+04
2.114000000000000000e+03 1.549100000000000000e+04
2.128000000000000000e+03 1.526300000000000000e+04
2.142000000000000000e+03 1.494500000000000000e+04
2.156000000000000000e+03 1.470500000000000000e+04
2.170000000000000000e+03 1.410100000000000000e+04
2.184000000000000000e+03 1.395400000000000000e+04
2.198000000000000000e+03 1.355000000000000000e+04
2.212000000000000000e+03 1.356100000000000000e+04
2.226000000000000000e+03 1.295600000000000000e+04
2.240000000000000000e+03 1.267700000000000000e+04
2.254000000000000000e+03 1.229900000000000000e+04
2.268000000000000000e+03 1.209200000000000000e+04
2.282000000000000000e+03 1.158900000000000000e+04
2.296000000000000000e+03 1.137100000000000000e+04
2.310000000000000000e+03 1.103400000000000000e+04
2.324000000000000000e+03 1.090400000000000000e+04
2.338000000000000000e+03 1.045300000000000000e+04
2.352000000000000000e+03 1.018900000000000000e+04
2.366000000000000000e+03 1.002000000000000000e+04
2.380000000000000000e+03 9.924000000000000000e+03
2.394000000000000000e+03 9.628000000000000000e+03
2.408000000000000000e+03 9.465000000000000000e+03
2.422000000000000000e+03 9.018000000000000000e+03
2.436000000000000000e+03 8.934000000000000000e+03
2.450000000000000000e+03 8.770000000000000000e+03
2.464000000000000000e+03 8.520000000000000000e+03
2.478000000000000000e+03 8.426000000000000000e+03
2.492000000000000000e+03 8.282000000000000000e+03
2.506000000000000000e+03 8.177000000000000000e+03
2.520000000000000000e+03 8.285000000000000000e+03
2.534000000000000000e+03 8.271000000000000000e+03
2.548000000000000000e+03 8.016000000000000000e+03
2.562000000000000000e+03 8.137000000000000000e+03
2.576000000000000000e+03 8.208000000000000000e+03
2.590000000000000000e+03 8.093000000000000000e+03
2.604000000000000000e+03 8.239000000000000000e+03
2.618000000000000000e+03 8.263000000000000000e+03
2.632000000000000000e+03 8.363000000000000000e+03
2.646000000000000000e+03 8.676000000000000000e+03
2.660000000000000000e+03 8.860000000000000000e+03
2.674000000000000000e+03 8.912000000000000000e+03
2.688000000000000000e+03 9.192000000000000000e+03
2.702000000000000000e+03 9.416000000000000000e+03
2.716000000000000000e+03 9.859000000000000000e+03
2.730000000000000000e+03 9.985000000000000000e+03
2.744000000000000000e+03 1.048200000000000000e+04
2.758000000000000000e+03 1.070800000000000000e+04
2.772000000000000000e+03 1.107200000000000000e+04
2.786000000000000000e+03 1.139400000000000000e+04
2.800000000000000000e+03 1.196200000000000000e+04
2.814000000000000000e+03 1.215100000000000000e+04
2.828000000000000000e+03 1.268400000000000000e+04
2.842000000000000000e+03 1.322300000000000000e+04
