0.000000000000000000e+00 4.253400000000000000e+04
1.000000000000000000e+04 4.421000000000000000e+04
2.000000000000000000e+04 4.482400000000000000e+04
3.000000000000000000e+04 4.516800000000000000e+04
4.000000000000000000e+04 4.603300000000000000e+04
5.000000000000000000e+04 4.627700000000000000e+04
6.000000000000000000e+04 4.663500000000000000e+04
7.000000000000000000e+04 4.691200000000000000e+04
8.000000000000000000e+04 4.746600000000000000e+04
9.000000000000000000e+04 4.757800000000000000e+04
1.000000000000000000e+05 4.817500000000000000e+04
1.100000000000000000e+05 4.843700000000000000e+04
1.200000000000000000e+05 4.819700000000000000e+04
1.300000000000000000e+05 4.913500000000000000e+04
1.400000000000000000e+05 4.906400000000000000e+04
1.500000000000000000e+05 4.902400000000000000e+04
1.600000000000000000e+05 4.942300000000000000e+04
1.700000000000000000e+05 4.916400000000000000e+04
1.800000000000000000e+05 4.956400000000000000e+04
1.900000000000000000e+05 4.928000000000000000e+04
2.000000000000000000e+05 4.928500000000000000e+04
2.100000000000000000e+05 4.904000000000000000e+04
2.200000000000000000e+05 4.924000000000000000e+04
2.300000000000000000e+05 4.949100000000000000e+04
2.400000000000000000e+05 4.900700000000000000e+04
2.500000000000000000e+05 4.879700000000000000e+04
2.600000000000000000e+05 4.850900000000000000e+04
2.700000000000000000e+05 4.878700000000000000e+04
2.800000000000000000e+05 4.816200000000000000e+04
2.900000000000000000e+05 4.748500000000000000e+04
3.000000000000000000e+05 4.711000000000000000e+04
3.100000000000000000e+05 4.703300000000000000e+04
3.200000000000000000e+05 4.620700000000000000e+04
3.300000000000000000e+05 4.600400000000000000e+04
3.400000000000000000e+05 4.507800000000000000e+04
3.500000000000000000e+05 4.514600000000000000e+04
3.600000000000000000e+05 4.431800000000000000e+04
3.700000000000000000e+05 4.351900000000000000e+04
3.800000000000000000e+05 4.298800000000000000e+04
3.900000000000000000e+05 4.208700000000000000e+04
4.000000000000000000e+05 4.098800000000000000e+04
4.100000000000000000e+05 4.054300000000000000e+04
4.200000000000000000e+05 3.935500000000000000e+04
4.300000000000000000e+05 3.821500000000000000e+04
4.400000000000000000e+05 3.714600000000000000e+04
4.500000000000000000e+05 3.656400000000000000e+04
4.600000000000000000e+05 3.501700000000000000e+04
4.700000000000000000e+05 3.406000000000000000e+04
4.800000000000000000e+05 3.306800000000000000e+04
4.900000000000000000e+05 3.156500000000000000e+04
5.000000000000000000e+05 3.065100000000000000e+04
5.100000000000000000e+05 2.883900000000000000e+04
5.200000000000000000e+05 2.809300000000000000e+04
5.300000000000000000e+05 2.687900000000000000e+04
5.400000000000000000e+05 2.498400000000000000e+04
5.500000000000000000e+05 2.414500000000000000e+04
5.600000000000000000e+05 2.297900000000000000e+04
5.700000000000000000e+05 2.199600000000000000e+04
5.800000000000000000e+05 2.059900000000000000e+04
5.900000000000000000e+05 1.948400000000000000e+04
6.000000000000000000e+05 1.853700000000000000e+04
6.100000000000000000e+05 1.779400000000000000e+04
6.200000000000000000e+05 1.714100000000000000e+04
6.300000000000000000e+05 1.641200000000000000e+04
6.400000000000000000e+05 1.534800000000000000e+04
6.500000000000000000e+05 1.516600000000000000e+04
6.600000000000000000e+05 1.454300000000000000e+04
6.700000000000000000e+05 1.459700000000000000e+04
6.800000000000000000e+05 1.411800000000000000e+04
6.900000000000000000e+05 1.403800000000000000e+04
7.000000000000000000e+05 1.401100000000000000e+04
7.100000000000000000e+05 1.434700000000000000e+04
7.200000000000000000e+05 1.450900000000000000e+04
7.300000000000000000e+05 1.491100000000000000e+04
7.400000000000000000e+05 1.538200000000000000e+04
7.500000000000000000e+05 1.588100000000000000e+04
7.600000000000000000e+05 1.675100000000000000e+04
7.700000000000000000e+05 1.727300000000000000e+04
7.800000000000000000e+05 1.812400000000000000e+04
7.900000000000000000e+05 1.932200000000000000e+04
8.000000000000000000e+05 2.019700000000000000e+04
8.100000000000000000e+05 2.098900000000000000e+04
8.200000000000000000e+05 2.249600000000000000e+04
8.300000000000000000e+05 2.364900000000000000e+04
8.400000000000000000e+05 2.479500000000000000e+04
8.500000000000000000e+05 2.581500000000000000e+04
8.600000000000000000e+05 2.721300000000000000e+04
8.700000000000000000e+05 2.874400000000000000e+04
8.800000000000000000e+05 2.960300000000000000e+04
8.900000000000000000e+05 3.085800000000000000e+04
9.000000000000000000e+05 3.227900000000000000e+04
9.100000000000000000e+05 3.376000000000000000e+04
9.200000000000000000e+05 3.463400000000000000e+04
9.300000000000000000e+05 3.600400000000000000e+04
9.400000000000000000e+05 3.724400000000000000e+04
9.500000000000000000e+05 3.813200000000000000e+04
9.600000000000000000e+05 3.862200000000000000e+04
9.700000000000000000e+05 4.030500000000000000e+04
9.800000000000000000e+05 4.102900000000000000e+04
9.900000000000000000e+05 4.205000000000000000e+04
1.000000000000000000e+06 4.221300000000000000e+04
1.010000000000000000e+06 4.348300000000000000e+04
1.020000000000000000e+06 4.380100000000000000e+04
1.030000000000000000e+06 4.486700000000000000e+04
1.040000000000000000e+06 4.479600000000000000e+04
1.050000000000000000e+06 4.622100000000000000e+04
1.060000000000000000e+06 4.617700000000000000e+04
1.070000000000000000e+06 4.692000000000000000e+04
1.080000000000000000e+06 4.709700000000000000e+04
1.090000000000000000e+06 4.786600000000000000e+04
1.100000000000000000e+06 4.778300000000000000e+04
1.110000000000000000e+06 4.813200000000000000e+04
1.120000000000000000e+06 4.862600000000000000e+04
1.130000000000000000e+06 4.852100000000000000e+04
1.140000000000000000e+06 4.856300000000000000e+04
1.150000000000000000e+06 4.914500000000000000e+04
1.160000000000000000e+06 4.869200000000000000e+04
1.170000000000000000e+06 4.885900000000000000e+04
1.180000000000000000e+06 4.883900000000000000e+04
1.190000000000000000e+06 4.859100000000000000e+04
1.200000000000000000e+06 4.887200000000000000e+04
1.210000000000000000e+06 4.858000000000000000e+04
1.220000000000000000e+06 4.946800000000000000e+04
1.230000000000000000e+06 4.875400000000000000e+04
1.240000000000000000e+06 4.888300000000000000e+04
1.250000000000000000e+06 4.899700000000000000e+04
1.260000000000000000e+06 4.818600000000000000e+04
1.270000000000000000e+06 4.841600000000000000e+04
1.280000000000000000e+06 4.771400000000000000e+04
1.290000000000000000e+06 4.795800000000000000e+04
1.300000000000000000e+06 4.701300000000000000e+04
1.310000000000000000e+06 4.698500000000000000e+04
1.320000000000000000e+06 4.627100000000000000e+04
1.330000000000000000e+06 4.578800000000000000e+04
1.340000000000000000e+06 4.513300000000000000e+04
1.350000000000000000e+06 4.483100000000000000e+04
1.360000000000000000e+06 4.405900000000000000e+04
1.370000000000000000e+06 4.373300000000000000e+04
1.380000000000000000e+06 4.231400000000000000e+04
1.390000000000000000e+06 4.221600000000000000e+04
1.400000000000000000e+06 4.107700000000000000e+04
1.410000000000000000e+06 4.040800000000000000e+04
1.420000000000000000e+06 3.932700000000000000e+04
1.430000000000000000e+06 3.824400000000000000e+04
1.440000000000000000e+06 3.739800000000000000e+04
1.450000000000000000e+06 3.644500000000000000e+04
1.460000000000000000e+06 3.515700000000000000e+04
1.470000000000000000e+06 3.402000000000000000e+04
1.480000000000000000e+06 3.253300000000000000e+04
1.490000000000000000e+06 3.141200000000000000e+04
1.500000000000000000e+06 3.019700000000000000e+04
1.510000000000000000e+06 2.901100000000000000e+04
1.520000000000000000e+06 2.820800000000000000e+04
1.530000000000000000e+06 2.673300000000000000e+04
1.540000000000000000e+06 2.532600000000000000e+04
1.550000000000000000e+06 2.411500000000000000e+04
1.560000000000000000e+06 2.291100000000000000e+04
1.570000000000000000e+06 2.184600000000000000e+04
1.580000000000000000e+06 2.056200000000000000e+04
1.590000000000000000e+06 1.952500000000000000e+04
1.600000000000000000e+06 1.867200000000000000e+04
1.610000000000000000e+06 1.772000000000000000e+04
1.620000000000000000e+06 1.687300000000000000e+04
1.630000000000000000e+06 1.611700000000000000e+04
1.640000000000000000e+06 1.550800000000000000e+04
1.650000000000000000e+06 1.487300000000000000e+04
1.660000000000000000e+06 1.455900000000000000e+04
1.670000000000000000e+06 1.452000000000000000e+04
1.680000000000000000e+06 1.440000000000000000e+04
1.690000000000000000e+06 1.398600000000000000e+04
1.700000000000000000e+06 1.419200000000000000e+04
1.710000000000000000e+06 1.414800000000000000e+04
1.720000000000000000e+06 1.459600000000000000e+04
1.730000000000000000e+06 1.487400000000000000e+04
1.740000000000000000e+06 1.532800000000000000e+04
1.750000000000000000e+06 1.592900000000000000e+04
1.760000000000000000e+06 1.646800000000000000e+04
1.770000000000000000e+06 1.735600000000000000e+04
1.780000000000000000e+06 1.807700000000000000e+04
1.790000000000000000e+06 1.881100000000000000e+04
1.800000000000000000e+06 1.983000000000000000e+04
1.810000000000000000e+06 2.106800000000000000e+04
1.820000000000000000e+06 2.221300000000000000e+04
1.830000000000000000e+06 2.337900000000000000e+04
1.840000000000000000e+06 2.456000000000000000e+04
1.850000000000000000e+06 2.583600000000000000e+04
1.860000000000000000e+06 2.739800000000000000e+04
1.870000000000000000e+06 2.848400000000000000e+04
1.880000000000000000e+06 2.996100000000000000e+04
1.890000000000000000e+06 3.115300000000000000e+04
1.900000000000000000e+06 3.234600000000000000e+04
1.910000000000000000e+06 3.337400000000000000e+04
1.920000000000000000e+06 3.449300000000000000e+04
1.930000000000000000e+06 3.590100000000000000e+04
1.940000000000000000e+06 3.676700000000000000e+04
1.950000000000000000e+06 3.798400000000000000e+04
1.960000000000000000e+06 3.898300000000000000e+04
1.970000000000000000e+06 4.005700000000000000e+04
1.980000000000000000e+06 4.053500000000000000e+04
1.990000000000000000e+06 4.161200000000000000e+04
