0.000000000000000000e+00 2.016800000000000000e+04
1.428000000000000000e+03 2.035900000000000000e+04
2.856000000000000000e+03 2.066700000000000000e+04
4.284000000000000000e+03 2.109100000000000000e+04
5.712000000000000000e+03 2.140000000000000000e+04
7.140000000000000000e+03 2.149400000000000000e+04
8.568000000000000000e+03 2.196200000000000000e+04
9.996000000000000000e+03 2.207300000000000000e+04
1.142400000000000000e+04 2.222700000000000000e+04
1.285200000000000000e+04 2.218400000000000000e+04
1.428000000000000000e+04 2.255600000000000000e+04
1.570800000000000000e+04 2.282400000000000000e+04
1.713600000000000000e+04 2.278000000000000000e+04
1.856400000000000000e+04 2.286700000000000000e+04
1.999200000000000000e+04 2.341200000000000000e+04
2.142000000000000000e+04 2.335700000000000000e+04
2.284800000000000000e+04 2.312000000000000000e+04
2.427600000000000000e+04 2.325800000000000000e+04
2.570400000000000000e+04 2.351600000000000000e+04
2.713200000000000000e+04 2.335200000000000000e+04
2.856000000000000000e+04 2.299700000000000000e+04
2.998800000000000000e+04 2.356900000000000000e+04
3.141600000000000000e+04 2.295600000000000000e+04
3.284400000000000000e+04 2.304500000000000000e+04
3.427200000000000000e+04 2.339200000000000000e+04
3.570000000000000000e+04 2.290700000000000000e+04
3.712800000000000000e+04 2.288100000000000000e+04
3.855600000000000000e+04 2.274400000000000000e+04
3.998400000000000000e+04 2.259100000000000000e+04
4.141200000000000000e+04 2.248800000000000000e+04
4.284000000000000000e+04 2.236800000000000000e+04
4.426800000000000000e+04 2.219000000000000000e+04
4.569600000000000000e+04 2.202400000000000000e+04
4.712400000000000000e+04 2.192200000000000000e+04
4.855200000000000000e+04 2.134100000000000000e+04
4.998000000000000000e+04 2.148700000000000000e+04
5.140800000000000000e+04 2.078500000000000000e+04
5.283600000000000000e+04 2.046900000000000000e+04
5.426400000000000000e+04 2.010200000000000000e+04
5.569200000000000000e+04 1.999300000000000000e+04
5.712000000000000000e+04 1.957400000000000000e+04
5.854800000000000000e+04 1.922800000000000000e+04
5.997600000000000000e+04 1.868800000000000000e+04
6.140400000000000000e+04 1.827100000000000000e+04
6.283200000000000000e+04 1.787300000000000000e+04
6.426000000000000000e+04 1.723300000000000000e+04
6.568800000000000000e+04 1.674500000000000000e+04
6.711600000000000000e+04 1.635100000000000000e+04
6.854400000000000000e+04 1.574700000000000000e+04
6.997200000000000000e+04 1.526400000000000000e+04
7.140000000000000000e+04 1.455500000000000000e+04
7.282800000000000000e+04 1.400500000000000000e+04
7.425600000000000000e+04 1.357900000000000000e+04
7.568400000000000000e+04 1.295700000000000000e+04
7.711200000000000000e+04 1.253400000000000000e+04
7.854000000000000000e+04 1.175700000000000000e+04
7.996800000000000000e+04 1.141900000000000000e+04
8.139600000000000000e+04 1.094600000000000000e+04
8.282400000000000000e+04 1.002600000000000000e+04
8.425200000000000000e+04 9.645000000000000000e+03
8.568000000000000000e+04 9.338000000000000000e+03
8.710800000000000000e+04 8.829000000000000000e+03
8.853600000000000000e+04 8.479000000000000000e+03
8.996400000000000000e+04 8.050000000000000000e+03
9.139200000000000000e+04 8.024000000000000000e+03
9.282000000000000000e+04 7.715000000000000000e+03
9.424800000000000000e+04 7.502000000000000000e+03
9.567600000000000000e+04 7.261000000000000000e+03
9.710400000000000000e+04 7.096000000000000000e+03
9.853200000000000000e+04 6.991000000000000000e+03
9.996000000000000000e+04 7.293000000000000000e+03
1.013880000000000000e+05 7.127000000000000000e+03
1.028160000000000000e+05 7.329000000000000000e+03
1.042440000000000000e+05 7.422000000000000000e+03
1.056720000000000000e+05 7.738000000000000000e+03
1.071000000000000000e+05 8.002000000000000000e+03
1.085280000000000000e+05 8.237000000000000000e+03
1.099560000000000000e+05 8.436000000000000000e+03
1.113840000000000000e+05 8.946000000000000000e+03
1.128120000000000000e+05 9.424000000000000000e+03
1.142400000000000000e+05 9.797000000000000000e+03
1.156680000000000000e+05 1.048000000000000000e+04
1.170960000000000000e+05 1.085800000000000000e+04
1.185240000000000000e+05 1.150800000000000000e+04
1.199520000000000000e+05 1.202400000000000000e+04
1.213800000000000000e+05 1.238700000000000000e+04
1.228080000000000000e+05 1.332100000000000000e+04
1.242360000000000000e+05 1.410200000000000000e+04
1.256640000000000000e+05 1.455200000000000000e+04
1.270920000000000000e+05 1.495800000000000000e+04
1.285200000000000000e+05 1.541400000000000000e+04
1.299480000000000000e+05 1.624800000000000000e+04
1.313760000000000000e+05 1.664100000000000000e+04
1.328040000000000000e+05 1.711800000000000000e+04
1.342320000000000000e+05 1.741500000000000000e+04
1.356600000000000000e+05 1.799400000000000000e+04
1.370880000000000000e+05 1.856400000000000000e+04
1.385160000000000000e+05 1.896400000000000000e+04
1.399440000000000000e+05 1.941100000000000000e+04
1.413720000000000000e+05 1.941000000000000000e+04
1.428000000000000000e+05 2.018500000000000000e+04
1.442280000000000000e+05 2.059100000000000000e+04
1.456560000000000000e+05 2.118700000000000000e+04
1.470840000000000000e+05 2.116000000000000000e+04
1.485120000000000000e+05 2.142300000000000000e+04
1.499400000000000000e+05 2.128400000000000000e+04
1.513680000000000000e+05 2.186200000000000000e+04
1.527960000000000000e+05 2.183200000000000000e+04
1.542240000000000000e+05 2.213900000000000000e+04
1.556520000000000000e+05 2.245500000000000000e+04
1.570800000000000000e+05 2.243900000000000000e+04
1.585080000000000000e+05 2.263000000000000000e+04
1.599360000000000000e+05 2.281400000000000000e+04
1.613640000000000000e+05 2.279900000000000000e+04
1.627920000000000000e+05 2.301500000000000000e+04
1.642200000000000000e+05 2.330100000000000000e+04
1.656480000000000000e+05 2.332700000000000000e+04
1.670760000000000000e+05 2.337800000000000000e+04
1.685040000000000000e+05 2.312200000000000000e+04
1.699320000000000000e+05 2.307500000000000000e+04
1.713600000000000000e+05 2.329100000000000000e+04
1.727880000000000000e+05 2.308100000000000000e+04
1.742160000000000000e+05 2.300600000000000000e+04
1.756440000000000000e+05 2.330400000000000000e+04
1.770720000000000000e+05 2.296500000000000000e+04
1.785000000000000000e+05 2.278400000000000000e+04
1.799280000000000000e+05 2.260600000000000000e+04
1.813560000000000000e+05 2.285800000000000000e+04
1.827840000000000000e+05 2.275600000000000000e+04
1.842120000000000000e+05 2.273100000000000000e+04
1.856400000000000000e+05 2.223900000000000000e+04
1.870680000000000000e+05 2.214600000000000000e+04
1.884960000000000000e+05 2.203800000000000000e+04
1.899240000000000000e+05 2.181600000000000000e+04
1.913520000000000000e+05 2.131500000000000000e+04
1.927800000000000000e+05 2.125700000000000000e+04
1.942080000000000000e+05 2.091500000000000000e+04
1.956360000000000000e+05 2.068000000000000000e+04
1.970640000000000000e+05 2.023200000000000000e+04
1.984920000000000000e+05 2.008900000000000000e+04
1.999200000000000000e+05 1.983500000000000000e+04
2.013480000000000000e+05 1.912200000000000000e+04
2.027760000000000000e+05 1.877900000000000000e+04
2.042040000000000000e+05 1.801700000000000000e+04
2.056320000000000000e+05 1.758200000000000000e+04
2.070600000000000000e+05 1.731100000000000000e+04
2.084880000000000000e+05 1.683400000000000000e+04
2.099160000000000000e+05 1.638000000000000000e+04
2.113440000000000000e+05 1.564800000000000000e+04
2.127720000000000000e+05 1.512000000000000000e+04
2.142000000000000000e+05 1.472100000000000000e+04
2.156280000000000000e+05 1.386000000000000000e+04
2.170560000000000000e+05 1.347900000000000000e+04
2.184840000000000000e+05 1.282200000000000000e+04
2.199120000000000000e+05 1.242700000000000000e+04
2.213400000000000000e+05 1.167600000000000000e+04
2.227680000000000000e+05 1.101200000000000000e+04
2.241960000000000000e+05 1.069400000000000000e+04
2.256240000000000000e+05 1.009600000000000000e+04
2.270520000000000000e+05 9.702000000000000000e+03
2.284800000000000000e+05 9.335000000000000000e+03
2.299080000000000000e+05 8.916000000000000000e+03
2.313360000000000000e+05 8.376000000000000000e+03
2.327640000000000000e+05 8.298000000000000000e+03
2.341920000000000000e+05 7.925000000000000000e+03
2.356200000000000000e+05 7.671000000000000000e+03
2.370480000000000000e+05 7.635000000000000000e+03
2.384760000000000000e+05 7.274000000000000000e+03
2.399040000000000000e+05 7.078000000000000000e+03
2.413320000000000000e+05 7.153000000000000000e+03
2.427600000000000000e+05 7.214000000000000000e+03
2.441880000000000000e+05 7.192000000000000000e+03
2.456160000000000000e+05 7.347000000000000000e+03
2.470440000000000000e+05 7.416000000000000000e+03
2.484720000000000000e+05 7.764000000000000000e+03
2.499000000000000000e+05 8.100000000000000000e+03
2.513280000000000000e+05 8.165000000000000000e+03
2.527560000000000000e+05 8.515000000000000000e+03
2.541840000000000000e+05 9.057000000000000000e+03
2.556120000000000000e+05 9.405000000000000000e+03
2.570400000000000000e+05 9.859000000000000000e+03
2.584680000000000000e+05 1.049400000000000000e+04
2.598960000000000000e+05 1.105300000000000000e+04
2.613240000000000000e+05 1.135900000000000000e+04
2.627520000000000000e+05 1.204200000000000000e+04
2.641800000000000000e+05 1.264300000000000000e+04
2.656080000000000000e+05 1.309600000000000000e+04
2.670360000000000000e+05 1.370500000000000000e+04
2.684640000000000000e+05 1.440200000000000000e+04
2.698920000000000000e+05 1.485200000000000000e+04
2.713200000000000000e+05 1.532700000000000000e+04
2.727480000000000000e+05 1.617000000000000000e+04
2.741760000000000000e+05 1.642600000000000000e+04
2.756040000000000000e+05 1.706700000000000000e+04
2.770320000000000000e+05 1.780000000000000000e+04
2.784600000000000000e+05 1.809900000000000000e+04
2.798880000000000000e+05 1.842100000000000000e+04
2.813160000000000000e+05 1.897200000000000000e+04
2.827440000000000000e+05 1.938400000000000000e+04
2.841720000000000000e+05 1.957500000000000000e+04
