0.000000000000000000e+00 1.507400000000000000e+04
3.300000000000000000e+01 1.556900000000000000e+04
6.600000000000000000e+01 1.599700000000000000e+04
9.900000000000000000e+01 1.656900000000000000e+04
1.320000000000000000e+02 1.674500000000000000e+04
1.650000000000000000e+02 1.690500000000000000e+04
1.980000000000000000e+02 1.724900000000000000e+04
2.310000000000000000e+02 1.736500000000000000e+04
2.640000000000000000e+02 1.754500000000000000e+04
2.970000000000000000e+02 1.787300000000000000e+04
3.300000000000000000e+02 1.834900000000000000e+04
3.630000000000000000e+02 1.843800000000000000e+04
3.960000000000000000e+02 1.847300000000000000e+04
4.290000000000000000e+02 1.870300000000000000e+04
4.620000000000000000e+02 1.884500000000000000e+04
4.950000000000000000e+02 1.895700000000000000e+04
5.280000000000000000e+02 1.914600000000000000e+04
5.610000000000000000e+02 1.910800000000000000e+04
5.940000000000000000e+02 1.890600000000000000e+04
6.270000000000000000e+02 1.937600000000000000e+04
6.600000000000000000e+02 1.935900000000000000e+04
6.930000000000000000e+02 1.957500000000000000e+04
7.260000000000000000e+02 1.924900000000000000e+04
7.590000000000000000e+02 1.969400000000000000e+04
7.920000000000000000e+02 1.947900000000000000e+04
8.250000000000000000e+02 1.932300000000000000e+04
8.580000000000000000e+02 1.933200000000000000e+04
8.910000000000000000e+02 1.922200000000000000e+04
9.240000000000000000e+02 1.904100000000000000e+04
9.570000000000000000e+02 1.908900000000000000e+04
9.900000000000000000e+02 1.904100000000000000e+04
1.023000000000000000e+03 1.904800000000000000e+04
1.056000000000000000e+03 1.860100000000000000e+04
1.089000000000000000e+03 1.877300000000000000e+04
1.122000000000000000e+03 1.836300000000000000e+04
1.155000000000000000e+03 1.844800000000000000e+04
1.188000000000000000e+03 1.802000000000000000e+04
1.221000000000000000e+03 1.809900000000000000e+04
1.254000000000000000e+03 1.781400000000000000e+04
1.287000000000000000e+03 1.752900000000000000e+04
1.320000000000000000e+03 1.728900000000000000e+04
1.353000000000000000e+03 1.723700000000000000e+04
1.386000000000000000e+03 1.698500000000000000e+04
1.419000000000000000e+03 1.655800000000000000e+04
1.452000000000000000e+03 1.631600000000000000e+04
1.485000000000000000e+03 1.567300000000000000e+04
1.518000000000000000e+03 1.522500000000000000e+04
1.551000000000000000e+03 1.527500000000000000e+04
1.584000000000000000e+03 1.482300000000000000e+04
1.617000000000000000e+03 1.457000000000000000e+04
1.650000000000000000e+03 1.414500000000000000e+04
1.683000000000000000e+03 1.367100000000000000e+04
1.716000000000000000e+03 1.323300000000000000e+04
1.749000000000000000e+03 1.295800000000000000e+04
1.782000000000000000e+03 1.259900000000000000e+04
1.815000000000000000e+03 1.197800000000000000e+04
1.848000000000000000e+03 1.171000000000000000e+04
1.881000000000000000e+03 1.132900000000000000e+04
1.914000000000000000e+03 1.076100000000000000e+04
1.947000000000000000e+03 1.057300000000000000e+04
1.980000000000000000e+03 1.006800000000000000e+04
2.013000000000000000e+03 9.703000000000000000e+03
2.046000000000000000e+03 9.327000000000000000e+03
2.079000000000000000e+03 9.009000000000000000e+03
2.112000000000000000e+03 8.831000000000000000e+03
2.145000000000000000e+03 8.546000000000000000e+03
2.178000000000000000e+03 8.242000000000000000e+03
2.211000000000000000e+03 7.981000000000000000e+03
2.244000000000000000e+03 7.701000000000000000e+03
2.277000000000000000e+03 7.311000000000000000e+03
2.310000000000000000e+03 7.298000000000000000e+03
2.343000000000000000e+03 7.119000000000000000e+03
2.376000000000000000e+03 7.006000000000000000e+03
2.409000000000000000e+03 6.998000000000000000e+03
2.442000000000000000e+03 6.957000000000000000e+03
2.475000000000000000e+03 6.746000000000000000e+03
2.508000000000000000e+03 6.565000000000000000e+03
2.541000000000000000e+03 6.537000000000000000e+03
2.574000000000000000e+03 6.857000000000000000e+03
2.607000000000000000e+03 6.856000000000000000e+03
2.640000000000000000e+03 6.949000000000000000e+03
2.673000000000000000e+03 7.128000000000000000e+03
2.706000000000000000e+03 7.225000000000000000e+03
2.739000000000000000e+03 7.542000000000000000e+03
2.772000000000000000e+03 7.661000000000000000e+03
2.805000000000000000e+03 8.082000000000000000e+03
2.838000000000000000e+03 8.312000000000000000e+03
2.871000000000000000e+03 8.873000000000000000e+03
2.904000000000000000e+03 9.112000000000000000e+03
2.937000000000000000e+03 9.432000000000000000e+03
2.970000000000000000e+03 1.018700000000000000e+04
3.003000000000000000e+03 1.058300000000000000e+04
3.036000000000000000e+03 1.094200000000000000e+04
3.069000000000000000e+03 1.114800000000000000e+04
3.102000000000000000e+03 1.203200000000000000e+04
3.135000000000000000e+03 1.231200000000000000e+04
3.168000000000000000e+03 1.300500000000000000e+04
3.201000000000000000e+03 1.332100000000000000e+04
3.234000000000000000e+03 1.361800000000000000e+04
3.267000000000000000e+03 1.449300000000000000e+04
3.300000000000000000e+03 1.482900000000000000e+04
3.333000000000000000e+03 1.520600000000000000e+04
3.366000000000000000e+03 1.571900000000000000e+04
3.399000000000000000e+03 1.597200000000000000e+04
3.432000000000000000e+03 1.624000000000000000e+04
3.465000000000000000e+03 1.663700000000000000e+04
3.498000000000000000e+03 1.688500000000000000e+04
3.531000000000000000e+03 1.743800000000000000e+04
3.564000000000000000e+03 1.766700000000000000e+04
3.597000000000000000e+03 1.779600000000000000e+04
3.630000000000000000e+03 1.821200000000000000e+04
3.663000000000000000e+03 1.797800000000000000e+04
3.696000000000000000e+03 1.846400000000000000e+04
3.729000000000000000e+03 1.869100000000000000e+04
3.762000000000000000e+03 1.874000000000000000e+04
3.795000000000000000e+03 1.905100000000000000e+04
3.828000000000000000e+03 1.916700000000000000e+04
3.861000000000000000e+03 1.920500000000000000e+04
3.894000000000000000e+03 1.943400000000000000e+04
3.927000000000000000e+03 1.926300000000000000e+04
3.960000000000000000e+03 1.929700000000000000e+04
3.993000000000000000e+03 1.931900000000000000e+04
4.026000000000000000e+03 1.908400000000000000e+04
4.059000000000000000e+03 1.936600000000000000e+04
4.092000000000000000e+03 1.941000000000000000e+04
4.125000000000000000e+03 1.958100000000000000e+04
4.158000000000000000e+03 1.927900000000000000e+04
4.191000000000000000e+03 1.934400000000000000e+04
4.224000000000000000e+03 1.921900000000000000e+04
4.257000000000000000e+03 1.929400000000000000e+04
4.290000000000000000e+03 1.936900000000000000e+04
4.323000000000000000e+03 1.911500000000000000e+04
4.356000000000000000e+03 1.904900000000000000e+04
4.389000000000000000e+03 1.897700000000000000e+04
4.422000000000000000e+03 1.882000000000000000e+04
4.455000000000000000e+03 1.848300000000000000e+04
4.488000000000000000e+03 1.842200000000000000e+04
4.521000000000000000e+03 1.823400000000000000e+04
4.554000000000000000e+03 1.798700000000000000e+04
4.587000000000000000e+03 1.787800000000000000e+04
4.620000000000000000e+03 1.781600000000000000e+04
4.653000000000000000e+03 1.738200000000000000e+04
4.686000000000000000e+03 1.710200000000000000e+04
4.719000000000000000e+03 1.663000000000000000e+04
4.752000000000000000e+03 1.657500000000000000e+04
4.785000000000000000e+03 1.617200000000000000e+04
4.818000000000000000e+03 1.607100000000000000e+04
4.851000000000000000e+03 1.570800000000000000e+04
4.884000000000000000e+03 1.521100000000000000e+04
4.917000000000000000e+03 1.484900000000000000e+04
4.950000000000000000e+03 1.444600000000000000e+04
4.983000000000000000e+03 1.379900000000000000e+04
5.016000000000000000e+03 1.370700000000000000e+04
5.049000000000000000e+03 1.316000000000000000e+04
5.082000000000000000e+03 1.292800000000000000e+04
5.115000000000000000e+03 1.244700000000000000e+04
5.148000000000000000e+03 1.205000000000000000e+04
5.181000000000000000e+03 1.157000000000000000e+04
5.214000000000000000e+03 1.126300000000000000e+04
5.247000000000000000e+03 1.102300000000000000e+04
5.280000000000000000e+03 1.045200000000000000e+04
5.313000000000000000e+03 9.975000000000000000e+03
5.346000000000000000e+03 9.679000000000000000e+03
5.379000000000000000e+03 9.462000000000000000e+03
5.412000000000000000e+03 9.110000000000000000e+03
5.445000000000000000e+03 8.767000000000000000e+03
5.478000000000000000e+03 8.518000000000000000e+03
5.511000000000000000e+03 8.334000000000000000e+03
5.544000000000000000e+03 7.709000000000000000e+03
5.577000000000000000e+03 7.737000000000000000e+03
5.610000000000000000e+03 7.542000000000000000e+03
5.643000000000000000e+03 7.391000000000000000e+03
5.676000000000000000e+03 7.238000000000000000e+03
5.709000000000000000e+03 6.949000000000000000e+03
5.742000000000000000e+03 6.738000000000000000e+03
5.775000000000000000e+03 6.904000000000000000e+03
5.808000000000000000e+03 6.606000000000000000e+03
5.841000000000000000e+03 6.752000000000000000e+03
5.874000000000000000e+03 6.749000000000000000e+03
5.907000000000000000e+03 6.811000000000000000e+03
5.940000000000000000e+03 6.833000000000000000e+03
5.973000000000000000e+03 6.871000000000000000e+03
6.006000000000000000e+03 7.061000000000000000e+03
6.039000000000000000e+03 7.309000000000000000e+03
6.072000000000000000e+03 7.509000000000000000e+03
6.105000000000000000e+03 7.667000000000000000e+03
6.138000000000000000e+03 8.058000000000000000e+03
6.171000000000000000e+03 8.343000000000000000e+03
6.204000000000000000e+03 8.719000000000000000e+03
6.237000000000000000e+03 9.230000000000000000e+03
6.270000000000000000e+03 9.466000000000000000e+03
6.303000000000000000e+03 1.008400000000000000e+04
6.336000000000000000e+03 1.044100000000000000e+04
6.369000000000000000e+03 1.083700000000000000e+04
6.402000000000000000e+03 1.140400000000000000e+04
6.435000000000000000e+03 1.215100000000000000e+04
6.468000000000000000e+03 1.249300000000000000e+04
6.501000000000000000e+03 1.303600000000000000e+04
6.534000000000000000e+03 1.362900000000000000e+04
6.567000000000000000e+03 1.392500000000000000e+04
6.600000000000000000e+03 1.445300000000000000e+04
6.633000000000000000e+03 1.478400000000000000e+04
