0.000000000000000000e+00 1.637200000000000000e+04
2.000000000000000000e+02 1.645000000000000000e+04
4.000000000000000000e+02 1.680500000000000000e+04
6.000000000000000000e+02 1.699600000000000000e+04
8.000000000000000000e+02 1.745400000000000000e+04
1.000000000000000000e+03 1.765400000000000000e+04
1.200000000000000000e+03 1.784700000000000000e+04
1.400000000000000000e+03 1.777100000000000000e+04
1.600000000000000000e+03 1.812600000000000000e+04
1.800000000000000000e+03 1.808200000000000000e+04
2.000000000000000000e+03 1.806300000000000000e+04
2.200000000000000000e+03 1.842300000000000000e+04
2.400000000000000000e+03 1.870600000000000000e+04
2.600000000000000000e+03 1.864500000000000000e+04
2.800000000000000000e+03 1.868200000000000000e+04
3.000000000000000000e+03 1.880100000000000000e+04
3.200000000000000000e+03 1.860100000000000000e+04
3.400000000000000000e+03 1.867900000000000000e+04
3.600000000000000000e+03 1.866800000000000000e+04
3.800000000000000000e+03 1.876700000000000000e+04
4.000000000000000000e+03 1.887000000000000000e+04
4.200000000000000000e+03 1.895800000000000000e+04
4.400000000000000000e+03 1.899900000000000000e+04
4.600000000000000000e+03 1.866100000000000000e+04
4.800000000000000000e+03 1.858500000000000000e+04
5.000000000000000000e+03 1.861700000000000000e+04
5.200000000000000000e+03 1.865500000000000000e+04
5.400000000000000000e+03 1.838200000000000000e+04
5.600000000000000000e+03 1.835300000000000000e+04
5.800000000000000000e+03 1.812100000000000000e+04
6.000000000000000000e+03 1.838400000000000000e+04
6.200000000000000000e+03 1.785000000000000000e+04
6.400000000000000000e+03 1.801500000000000000e+04
6.600000000000000000e+03 1.765100000000000000e+04
6.800000000000000000e+03 1.732900000000000000e+04
7.000000000000000000e+03 1.701300000000000000e+04
7.200000000000000000e+03 1.696000000000000000e+04
7.400000000000000000e+03 1.655400000000000000e+04
7.600000000000000000e+03 1.628900000000000000e+04
7.800000000000000000e+03 1.608700000000000000e+04
8.000000000000000000e+03 1.583000000000000000e+04
8.200000000000000000e+03 1.570100000000000000e+04
8.400000000000000000e+03 1.519800000000000000e+04
8.600000000000000000e+03 1.494100000000000000e+04
8.800000000000000000e+03 1.451300000000000000e+04
9.000000000000000000e+03 1.412400000000000000e+04
9.200000000000000000e+03 1.369000000000000000e+04
9.400000000000000000e+03 1.331600000000000000e+04
9.600000000000000000e+03 1.302900000000000000e+04
9.800000000000000000e+03 1.230000000000000000e+04
1.000000000000000000e+04 1.226500000000000000e+04
1.020000000000000000e+04 1.143000000000000000e+04
1.040000000000000000e+04 1.110100000000000000e+04
1.060000000000000000e+04 1.079500000000000000e+04
1.080000000000000000e+04 1.020900000000000000e+04
1.100000000000000000e+04 9.857000000000000000e+03
1.120000000000000000e+04 9.364000000000000000e+03
1.140000000000000000e+04 8.978000000000000000e+03
1.160000000000000000e+04 8.447000000000000000e+03
1.180000000000000000e+04 8.396000000000000000e+03
1.200000000000000000e+04 7.760000000000000000e+03
1.220000000000000000e+04 7.327000000000000000e+03
1.240000000000000000e+04 7.200000000000000000e+03
1.260000000000000000e+04 7.016000000000000000e+03
1.280000000000000000e+04 6.610000000000000000e+03
1.300000000000000000e+04 6.352000000000000000e+03
1.320000000000000000e+04 6.118000000000000000e+03
1.340000000000000000e+04 5.955000000000000000e+03
1.360000000000000000e+04 5.980000000000000000e+03
1.380000000000000000e+04 5.665000000000000000e+03
1.400000000000000000e+04 5.846000000000000000e+03
1.420000000000000000e+04 5.840000000000000000e+03
1.440000000000000000e+04 5.787000000000000000e+03
1.460000000000000000e+04 5.783000000000000000e+03
1.480000000000000000e+04 5.987000000000000000e+03
1.500000000000000000e+04 6.175000000000000000e+03
1.520000000000000000e+04 6.263000000000000000e+03
1.540000000000000000e+04 6.712000000000000000e+03
1.560000000000000000e+04 6.953000000000000000e+03
1.580000000000000000e+04 7.160000000000000000e+03
1.600000000000000000e+04 7.601000000000000000e+03
1.620000000000000000e+04 8.006000000000000000e+03
1.640000000000000000e+04 8.466000000000000000e+03
1.660000000000000000e+04 8.931000000000000000e+03
1.680000000000000000e+04 9.343000000000000000e+03
1.700000000000000000e+04 9.819000000000000000e+03
1.720000000000000000e+04 1.036600000000000000e+04
1.740000000000000000e+04 1.098700000000000000e+04
1.760000000000000000e+04 1.126600000000000000e+04
1.780000000000000000e+04 1.182300000000000000e+04
1.800000000000000000e+04 1.232200000000000000e+04
1.820000000000000000e+04 1.279100000000000000e+04
1.840000000000000000e+04 1.315900000000000000e+04
1.860000000000000000e+04 1.377000000000000000e+04
1.880000000000000000e+04 1.409200000000000000e+04
1.900000000000000000e+04 1.429700000000000000e+04
1.920000000000000000e+04 1.502100000000000000e+04
1.940000000000000000e+04 1.538300000000000000e+04
1.960000000000000000e+04 1.560500000000000000e+04
1.980000000000000000e+04 1.614600000000000000e+04
2.000000000000000000e+04 1.614800000000000000e+04
2.020000000000000000e+04 1.642400000000000000e+04
2.040000000000000000e+04 1.680600000000000000e+04
2.060000000000000000e+04 1.729000000000000000e+04
2.080000000000000000e+04 1.735700000000000000e+04
2.100000000000000000e+04 1.758000000000000000e+04
2.120000000000000000e+04 1.744800000000000000e+04
2.140000000000000000e+04 1.777200000000000000e+04
2.160000000000000000e+04 1.850000000000000000e+04
2.180000000000000000e+04 1.812600000000000000e+04
2.200000000000000000e+04 1.818700000000000000e+04
2.220000000000000000e+04 1.825700000000000000e+04
2.240000000000000000e+04 1.829900000000000000e+04
2.260000000000000000e+04 1.856200000000000000e+04
2.280000000000000000e+04 1.850500000000000000e+04
2.300000000000000000e+04 1.867900000000000000e+04
2.320000000000000000e+04 1.863200000000000000e+04
2.340000000000000000e+04 1.884300000000000000e+04
2.360000000000000000e+04 1.878700000000000000e+04
2.380000000000000000e+04 1.877200000000000000e+04
2.400000000000000000e+04 1.874000000000000000e+04
2.420000000000000000e+04 1.884000000000000000e+04
2.440000000000000000e+04 1.902400000000000000e+04
2.460000000000000000e+04 1.858900000000000000e+04
2.480000000000000000e+04 1.853700000000000000e+04
2.500000000000000000e+04 1.878100000000000000e+04
2.520000000000000000e+04 1.849600000000000000e+04
2.540000000000000000e+04 1.854500000000000000e+04
2.560000000000000000e+04 1.830100000000000000e+04
2.580000000000000000e+04 1.814600000000000000e+04
2.600000000000000000e+04 1.815700000000000000e+04
2.620000000000000000e+04 1.781700000000000000e+04
2.640000000000000000e+04 1.753200000000000000e+04
2.660000000000000000e+04 1.771300000000000000e+04
2.680000000000000000e+04 1.765000000000000000e+04
2.700000000000000000e+04 1.712200000000000000e+04
2.720000000000000000e+04 1.694900000000000000e+04
2.740000000000000000e+04 1.683700000000000000e+04
2.760000000000000000e+04 1.643900000000000000e+04
2.780000000000000000e+04 1.598500000000000000e+04
2.800000000000000000e+04 1.580800000000000000e+04
2.820000000000000000e+04 1.547300000000000000e+04
2.840000000000000000e+04 1.514100000000000000e+04
2.860000000000000000e+04 1.505400000000000000e+04
2.880000000000000000e+04 1.438300000000000000e+04
2.900000000000000000e+04 1.406500000000000000e+04
2.920000000000000000e+04 1.379200000000000000e+04
2.940000000000000000e+04 1.330900000000000000e+04
2.960000000000000000e+04 1.284500000000000000e+04
2.980000000000000000e+04 1.255300000000000000e+04
3.000000000000000000e+04 1.200100000000000000e+04
3.020000000000000000e+04 1.153900000000000000e+04
3.040000000000000000e+04 1.114100000000000000e+04
3.060000000000000000e+04 1.057400000000000000e+04
3.080000000000000000e+04 1.033600000000000000e+04
3.100000000000000000e+04 9.879000000000000000e+03
3.120000000000000000e+04 9.428000000000000000e+03
3.140000000000000000e+04 9.034000000000000000e+03
3.160000000000000000e+04 8.513000000000000000e+03
3.180000000000000000e+04 8.320000000000000000e+03
3.200000000000000000e+04 7.922000000000000000e+03
3.220000000000000000e+04 7.476000000000000000e+03
3.240000000000000000e+04 6.924000000000000000e+03
3.260000000000000000e+04 6.759000000000000000e+03
3.280000000000000000e+04 6.706000000000000000e+03
3.300000000000000000e+04 6.340000000000000000e+03
3.320000000000000000e+04 6.330000000000000000e+03
3.340000000000000000e+04 6.021000000000000000e+03
3.360000000000000000e+04 5.913000000000000000e+03
3.380000000000000000e+04 5.820000000000000000e+03
3.400000000000000000e+04 5.699000000000000000e+03
3.420000000000000000e+04 5.720000000000000000e+03
3.440000000000000000e+04 5.875000000000000000e+03
3.460000000000000000e+04 5.965000000000000000e+03
3.480000000000000000e+04 6.037000000000000000e+03
3.500000000000000000e+04 6.194000000000000000e+03
3.520000000000000000e+04 6.361000000000000000e+03
3.540000000000000000e+04 6.590000000000000000e+03
3.560000000000000000e+04 6.943000000000000000e+03
3.580000000000000000e+04 7.173000000000000000e+03
3.600000000000000000e+04 7.518000000000000000e+03
3.620000000000000000e+04 8.000000000000000000e+03
3.640000000000000000e+04 8.469000000000000000e+03
3.660000000000000000e+04 8.775000000000000000e+03
3.680000000000000000e+04 9.301000000000000000e+03
3.700000000000000000e+04 9.808000000000000000e+03
3.720000000000000000e+04 1.044100000000000000e+04
3.740000000000000000e+04 1.073200000000000000e+04
3.760000000000000000e+04 1.125400000000000000e+04
3.780000000000000000e+04 1.197800000000000000e+04
3.800000000000000000e+04 1.230500000000000000e+04
3.820000000000000000e+04 1.286600000000000000e+04
3.840000000000000000e+04 1.342400000000000000e+04
3.860000000000000000e+04 1.340000000000000000e+04
3.880000000000000000e+04 1.398800000000000000e+04
3.900000000000000000e+04 1.462600000000000000e+04
3.920000000000000000e+04 1.488000000000000000e+04
3.940000000000000000e+04 1.539400000000000000e+04
3.960000000000000000e+04 1.567300000000000000e+04
3.980000000000000000e+04 1.599400000000000000e+04
