0.000000000000000000e+00 1.350400000000000000e+04
2.000000000000000000e+01 1.436500000000000000e+04
4.000000000000000000e+01 1.473800000000000000e+04
6.000000000000000000e+01 1.513300000000000000e+04
8.000000000000000000e+01 1.509900000000000000e+04
1.000000000000000000e+02 1.549600000000000000e+04
1.200000000000000000e+02 1.575400000000000000e+04
1.400000000000000000e+02 1.591800000000000000e+04
1.600000000000000000e+02 1.639900000000000000e+04
1.800000000000000000e+02 1.641300000000000000e+04
2.000000000000000000e+02 1.694200000000000000e+04
2.200000000000000000e+02 1.733800000000000000e+04
2.400000000000000000e+02 1.750000000000000000e+04
2.600000000000000000e+02 1.792100000000000000e+04
2.800000000000000000e+02 1.760400000000000000e+04
3.000000000000000000e+02 1.782500000000000000e+04
3.200000000000000000e+02 1.814900000000000000e+04
3.400000000000000000e+02 1.834100000000000000e+04
3.600000000000000000e+02 1.836300000000000000e+04
3.800000000000000000e+02 1.827600000000000000e+04
4.000000000000000000e+02 1.855500000000000000e+04
4.200000000000000000e+02 1.843100000000000000e+04
4.400000000000000000e+02 1.873100000000000000e+04
4.600000000000000000e+02 1.863700000000000000e+04
4.800000000000000000e+02 1.846000000000000000e+04
5.000000000000000000e+02 1.851600000000000000e+04
5.200000000000000000e+02 1.848800000000000000e+04
5.400000000000000000e+02 1.860600000000000000e+04
5.600000000000000000e+02 1.853900000000000000e+04
5.800000000000000000e+02 1.825300000000000000e+04
6.000000000000000000e+02 1.871800000000000000e+04
6.200000000000000000e+02 1.846300000000000000e+04
6.400000000000000000e+02 1.821100000000000000e+04
6.600000000000000000e+02 1.836800000000000000e+04
6.800000000000000000e+02 1.828600000000000000e+04
7.000000000000000000e+02 1.804300000000000000e+04
7.200000000000000000e+02 1.784400000000000000e+04
7.400000000000000000e+02 1.778000000000000000e+04
7.600000000000000000e+02 1.774000000000000000e+04
7.800000000000000000e+02 1.732300000000000000e+04
8.000000000000000000e+02 1.716800000000000000e+04
8.200000000000000000e+02 1.711200000000000000e+04
8.400000000000000000e+02 1.691200000000000000e+04
8.600000000000000000e+02 1.612500000000000000e+04
8.800000000000000000e+02 1.621700000000000000e+04
9.000000000000000000e+02 1.612400000000000000e+04
9.200000000000000000e+02 1.567500000000000000e+04
9.400000000000000000e+02 1.505600000000000000e+04
9.600000000000000000e+02 1.474100000000000000e+04
9.800000000000000000e+02 1.467700000000000000e+04
1.000000000000000000e+03 1.404000000000000000e+04
1.020000000000000000e+03 1.382500000000000000e+04
1.040000000000000000e+03 1.347700000000000000e+04
1.060000000000000000e+03 1.301700000000000000e+04
1.080000000000000000e+03 1.255300000000000000e+04
1.100000000000000000e+03 1.237800000000000000e+04
1.120000000000000000e+03 1.201100000000000000e+04
1.140000000000000000e+03 1.169200000000000000e+04
1.160000000000000000e+03 1.116800000000000000e+04
1.180000000000000000e+03 1.092500000000000000e+04
1.200000000000000000e+03 1.069700000000000000e+04
1.220000000000000000e+03 1.023400000000000000e+04
1.240000000000000000e+03 1.002500000000000000e+04
1.260000000000000000e+03 9.751000000000000000e+03
1.280000000000000000e+03 9.320000000000000000e+03
1.300000000000000000e+03 9.047000000000000000e+03
1.320000000000000000e+03 8.801000000000000000e+03
1.340000000000000000e+03 8.597000000000000000e+03
1.360000000000000000e+03 8.494000000000000000e+03
1.380000000000000000e+03 8.208000000000000000e+03
1.400000000000000000e+03 7.982000000000000000e+03
1.420000000000000000e+03 7.915000000000000000e+03
1.440000000000000000e+03 7.690000000000000000e+03
1.460000000000000000e+03 7.502000000000000000e+03
1.480000000000000000e+03 7.398000000000000000e+03
1.500000000000000000e+03 7.496000000000000000e+03
1.520000000000000000e+03 7.396000000000000000e+03
1.540000000000000000e+03 7.400000000000000000e+03
1.560000000000000000e+03 7.328000000000000000e+03
1.580000000000000000e+03 7.392000000000000000e+03
1.600000000000000000e+03 7.592000000000000000e+03
1.620000000000000000e+03 7.684000000000000000e+03
1.640000000000000000e+03 7.637000000000000000e+03
1.660000000000000000e+03 7.669000000000000000e+03
1.680000000000000000e+03 7.869000000000000000e+03
1.700000000000000000e+03 8.186000000000000000e+03
1.720000000000000000e+03 8.423000000000000000e+03
1.740000000000000000e+03 8.529000000000000000e+03
1.760000000000000000e+03 8.935000000000000000e+03
1.780000000000000000e+03 9.138000000000000000e+03
1.800000000000000000e+03 9.636000000000000000e+03
1.820000000000000000e+03 1.014000000000000000e+04
1.840000000000000000e+03 1.050000000000000000e+04
1.860000000000000000e+03 1.085700000000000000e+04
1.880000000000000000e+03 1.141900000000000000e+04
1.900000000000000000e+03 1.191200000000000000e+04
1.920000000000000000e+03 1.207500000000000000e+04
1.940000000000000000e+03 1.254600000000000000e+04
1.960000000000000000e+03 1.298100000000000000e+04
1.980000000000000000e+03 1.334300000000000000e+04
2.000000000000000000e+03 1.377600000000000000e+04
2.020000000000000000e+03 1.409000000000000000e+04
2.040000000000000000e+03 1.478800000000000000e+04
2.060000000000000000e+03 1.505800000000000000e+04
2.080000000000000000e+03 1.525100000000000000e+04
2.100000000000000000e+03 1.549400000000000000e+04
2.120000000000000000e+03 1.605000000000000000e+04
2.140000000000000000e+03 1.610900000000000000e+04
2.160000000000000000e+03 1.665000000000000000e+04
2.180000000000000000e+03 1.681200000000000000e+04
2.200000000000000000e+03 1.690500000000000000e+04
2.220000000000000000e+03 1.700500000000000000e+04
2.240000000000000000e+03 1.733900000000000000e+04
2.260000000000000000e+03 1.752000000000000000e+04
2.280000000000000000e+03 1.774800000000000000e+04
2.300000000000000000e+03 1.808400000000000000e+04
2.320000000000000000e+03 1.799200000000000000e+04
2.340000000000000000e+03 1.791300000000000000e+04
2.360000000000000000e+03 1.811100000000000000e+04
2.380000000000000000e+03 1.829600000000000000e+04
2.400000000000000000e+03 1.850200000000000000e+04
2.420000000000000000e+03 1.868500000000000000e+04
2.440000000000000000e+03 1.853100000000000000e+04
2.460000000000000000e+03 1.859000000000000000e+04
2.480000000000000000e+03 1.850300000000000000e+04
2.500000000000000000e+03 1.864100000000000000e+04
2.520000000000000000e+03 1.877600000000000000e+04
2.540000000000000000e+03 1.845000000000000000e+04
2.560000000000000000e+03 1.858700000000000000e+04
2.580000000000000000e+03 1.867200000000000000e+04
2.600000000000000000e+03 1.837900000000000000e+04
2.620000000000000000e+03 1.838900000000000000e+04
2.640000000000000000e+03 1.831300000000000000e+04
2.660000000000000000e+03 1.822900000000000000e+04
2.680000000000000000e+03 1.801800000000000000e+04
2.700000000000000000e+03 1.796700000000000000e+04
2.720000000000000000e+03 1.799300000000000000e+04
2.740000000000000000e+03 1.769700000000000000e+04
2.760000000000000000e+03 1.749800000000000000e+04
2.780000000000000000e+03 1.730900000000000000e+04
2.800000000000000000e+03 1.712800000000000000e+04
2.820000000000000000e+03 1.695700000000000000e+04
2.840000000000000000e+03 1.648500000000000000e+04
2.860000000000000000e+03 1.636200000000000000e+04
2.880000000000000000e+03 1.603000000000000000e+04
2.900000000000000000e+03 1.599300000000000000e+04
2.920000000000000000e+03 1.544600000000000000e+04
2.940000000000000000e+03 1.504300000000000000e+04
2.960000000000000000e+03 1.476000000000000000e+04
2.980000000000000000e+03 1.458600000000000000e+04
3.000000000000000000e+03 1.415800000000000000e+04
3.020000000000000000e+03 1.386600000000000000e+04
3.040000000000000000e+03 1.366100000000000000e+04
3.060000000000000000e+03 1.306700000000000000e+04
3.080000000000000000e+03 1.282600000000000000e+04
3.100000000000000000e+03 1.239200000000000000e+04
3.120000000000000000e+03 1.215600000000000000e+04
3.140000000000000000e+03 1.147300000000000000e+04
3.160000000000000000e+03 1.140900000000000000e+04
3.180000000000000000e+03 1.123400000000000000e+04
3.200000000000000000e+03 1.078700000000000000e+04
3.220000000000000000e+03 1.032900000000000000e+04
3.240000000000000000e+03 1.012300000000000000e+04
3.260000000000000000e+03 9.737000000000000000e+03
3.280000000000000000e+03 9.445000000000000000e+03
3.300000000000000000e+03 9.188000000000000000e+03
3.320000000000000000e+03 8.754000000000000000e+03
3.340000000000000000e+03 8.566000000000000000e+03
3.360000000000000000e+03 8.366000000000000000e+03
3.380000000000000000e+03 8.192000000000000000e+03
3.400000000000000000e+03 8.134000000000000000e+03
3.420000000000000000e+03 7.771000000000000000e+03
3.440000000000000000e+03 7.616000000000000000e+03
3.460000000000000000e+03 7.732000000000000000e+03
3.480000000000000000e+03 7.385000000000000000e+03
3.500000000000000000e+03 7.337000000000000000e+03
3.520000000000000000e+03 7.298000000000000000e+03
3.540000000000000000e+03 7.163000000000000000e+03
3.560000000000000000e+03 7.332000000000000000e+03
3.580000000000000000e+03 7.388000000000000000e+03
3.600000000000000000e+03 7.317000000000000000e+03
3.620000000000000000e+03 7.460000000000000000e+03
3.640000000000000000e+03 7.510000000000000000e+03
3.660000000000000000e+03 7.896000000000000000e+03
3.680000000000000000e+03 7.874000000000000000e+03
3.700000000000000000e+03 8.175000000000000000e+03
3.720000000000000000e+03 8.374000000000000000e+03
3.740000000000000000e+03 8.693000000000000000e+03
3.760000000000000000e+03 8.827000000000000000e+03
3.780000000000000000e+03 9.145000000000000000e+03
3.800000000000000000e+03 9.634000000000000000e+03
3.820000000000000000e+03 1.012500000000000000e+04
3.840000000000000000e+03 1.053200000000000000e+04
3.860000000000000000e+03 1.077900000000000000e+04
3.880000000000000000e+03 1.106600000000000000e+04
3.900000000000000000e+03 1.152800000000000000e+04
3.920000000000000000e+03 1.211700000000000000e+04
3.940000000000000000e+03 1.253700000000000000e+04
3.960000000000000000e+03 1.288700000000000000e+04
3.980000000000000000e+03 1.339300000000000000e+04
