0.000000000000000000e+00 1.954500000000000000e+04
2.000000000000000000e+03 1.981000000000000000e+04
4.000000000000000000e+03 2.031000000000000000e+04
6.000000000000000000e+03 2.048300000000000000e+04
8.000000000000000000e+03 2.081100000000000000e+04
1.000000000000000000e+04 2.103400000000000000e+04
1.200000000000000000e+04 2.115300000000000000e+04
1.400000000000000000e+04 2.130300000000000000e+04
1.600000000000000000e+04 2.183500000000000000e+04
1.800000000000000000e+04 2.166500000000000000e+04
2.000000000000000000e+04 2.203600000000000000e+04
2.200000000000000000e+04 2.191100000000000000e+04
2.400000000000000000e+04 2.200700000000000000e+04
2.600000000000000000e+04 2.216500000000000000e+04
2.800000000000000000e+04 2.214300000000000000e+04
3.000000000000000000e+04 2.230300000000000000e+04
3.200000000000000000e+04 2.223000000000000000e+04
3.400000000000000000e+04 2.250400000000000000e+04
3.600000000000000000e+04 2.244900000000000000e+04
3.800000000000000000e+04 2.235800000000000000e+04
4.000000000000000000e+04 2.226700000000000000e+04
4.200000000000000000e+04 2.252700000000000000e+04
4.400000000000000000e+04 2.245200000000000000e+04
4.600000000000000000e+04 2.255400000000000000e+04
4.800000000000000000e+04 2.264800000000000000e+04
5.000000000000000000e+04 2.259500000000000000e+04
5.200000000000000000e+04 2.223200000000000000e+04
5.400000000000000000e+04 2.218200000000000000e+04
5.600000000000000000e+04 2.200700000000000000e+04
5.800000000000000000e+04 2.161700000000000000e+04
6.000000000000000000e+04 2.187000000000000000e+04
6.200000000000000000e+04 2.166400000000000000e+04
6.400000000000000000e+04 2.143700000000000000e+04
6.600000000000000000e+04 2.076200000000000000e+04
6.800000000000000000e+04 2.077200000000000000e+04
7.000000000000000000e+04 2.037200000000000000e+04
7.200000000000000000e+04 2.006200000000000000e+04
7.400000000000000000e+04 1.998700000000000000e+04
7.600000000000000000e+04 1.988000000000000000e+04
7.800000000000000000e+04 1.946400000000000000e+04
8.000000000000000000e+04 1.885300000000000000e+04
8.200000000000000000e+04 1.854700000000000000e+04
8.400000000000000000e+04 1.826900000000000000e+04
8.600000000000000000e+04 1.757100000000000000e+04
8.800000000000000000e+04 1.726600000000000000e+04
9.000000000000000000e+04 1.691100000000000000e+04
9.200000000000000000e+04 1.632400000000000000e+04
9.400000000000000000e+04 1.565300000000000000e+04
9.600000000000000000e+04 1.531200000000000000e+04
9.800000000000000000e+04 1.495700000000000000e+04
1.000000000000000000e+05 1.434800000000000000e+04
1.020000000000000000e+05 1.388000000000000000e+04
1.040000000000000000e+05 1.327400000000000000e+04
1.060000000000000000e+05 1.278000000000000000e+04
1.080000000000000000e+05 1.220200000000000000e+04
1.100000000000000000e+05 1.140200000000000000e+04
1.120000000000000000e+05 1.102400000000000000e+04
1.140000000000000000e+05 1.034900000000000000e+04
1.160000000000000000e+05 1.011400000000000000e+04
1.180000000000000000e+05 9.534000000000000000e+03
1.200000000000000000e+05 9.234000000000000000e+03
1.220000000000000000e+05 8.743000000000000000e+03
1.240000000000000000e+05 8.439000000000000000e+03
1.260000000000000000e+05 8.107000000000000000e+03
1.280000000000000000e+05 7.811000000000000000e+03
1.300000000000000000e+05 7.621000000000000000e+03
1.320000000000000000e+05 7.466000000000000000e+03
1.340000000000000000e+05 7.165000000000000000e+03
1.360000000000000000e+05 7.108000000000000000e+03
1.380000000000000000e+05 6.940000000000000000e+03
1.400000000000000000e+05 7.005000000000000000e+03
1.420000000000000000e+05 7.229000000000000000e+03
1.440000000000000000e+05 7.326000000000000000e+03
1.460000000000000000e+05 7.406000000000000000e+03
1.480000000000000000e+05 7.620000000000000000e+03
1.500000000000000000e+05 7.987000000000000000e+03
1.520000000000000000e+05 7.981000000000000000e+03
1.540000000000000000e+05 8.530000000000000000e+03
1.560000000000000000e+05 8.894000000000000000e+03
1.580000000000000000e+05 9.466000000000000000e+03
1.600000000000000000e+05 9.756000000000000000e+03
1.620000000000000000e+05 1.014500000000000000e+04
1.640000000000000000e+05 1.087500000000000000e+04
1.660000000000000000e+05 1.113400000000000000e+04
1.680000000000000000e+05 1.186100000000000000e+04
1.700000000000000000e+05 1.235500000000000000e+04
1.720000000000000000e+05 1.289000000000000000e+04
1.740000000000000000e+05 1.343900000000000000e+04
1.760000000000000000e+05 1.405700000000000000e+04
1.780000000000000000e+05 1.460800000000000000e+04
1.800000000000000000e+05 1.510500000000000000e+04
1.820000000000000000e+05 1.569000000000000000e+04
1.840000000000000000e+05 1.618700000000000000e+04
1.860000000000000000e+05 1.678100000000000000e+04
1.880000000000000000e+05 1.718200000000000000e+04
1.900000000000000000e+05 1.744900000000000000e+04
1.920000000000000000e+05 1.813100000000000000e+04
1.940000000000000000e+05 1.852000000000000000e+04
1.960000000000000000e+05 1.914500000000000000e+04
1.980000000000000000e+05 1.940200000000000000e+04
2.000000000000000000e+05 1.962700000000000000e+04
2.020000000000000000e+05 1.991900000000000000e+04
2.040000000000000000e+05 2.020500000000000000e+04
2.060000000000000000e+05 2.015700000000000000e+04
2.080000000000000000e+05 2.068600000000000000e+04
2.100000000000000000e+05 2.084200000000000000e+04
2.120000000000000000e+05 2.115300000000000000e+04
2.140000000000000000e+05 2.151800000000000000e+04
2.160000000000000000e+05 2.179000000000000000e+04
2.180000000000000000e+05 2.166400000000000000e+04
2.200000000000000000e+05 2.187400000000000000e+04
2.220000000000000000e+05 2.194500000000000000e+04
2.240000000000000000e+05 2.217200000000000000e+04
2.260000000000000000e+05 2.199300000000000000e+04
2.280000000000000000e+05 2.220600000000000000e+04
2.300000000000000000e+05 2.277600000000000000e+04
2.320000000000000000e+05 2.257100000000000000e+04
2.340000000000000000e+05 2.226400000000000000e+04
2.360000000000000000e+05 2.223400000000000000e+04
2.380000000000000000e+05 2.240100000000000000e+04
2.400000000000000000e+05 2.236100000000000000e+04
2.420000000000000000e+05 2.266100000000000000e+04
2.440000000000000000e+05 2.243600000000000000e+04
2.460000000000000000e+05 2.225800000000000000e+04
2.480000000000000000e+05 2.227000000000000000e+04
2.500000000000000000e+05 2.217800000000000000e+04
2.520000000000000000e+05 2.206700000000000000e+04
2.540000000000000000e+05 2.194600000000000000e+04
2.560000000000000000e+05 2.192400000000000000e+04
2.580000000000000000e+05 2.196600000000000000e+04
2.600000000000000000e+05 2.161100000000000000e+04
2.620000000000000000e+05 2.161200000000000000e+04
2.640000000000000000e+05 2.119600000000000000e+04
2.660000000000000000e+05 2.091400000000000000e+04
2.680000000000000000e+05 2.070900000000000000e+04
2.700000000000000000e+05 2.043700000000000000e+04
2.720000000000000000e+05 2.027600000000000000e+04
2.740000000000000000e+05 2.002200000000000000e+04
2.760000000000000000e+05 1.968100000000000000e+04
2.780000000000000000e+05 1.905100000000000000e+04
2.800000000000000000e+05 1.907800000000000000e+04
2.820000000000000000e+05 1.841200000000000000e+04
2.840000000000000000e+05 1.789400000000000000e+04
2.860000000000000000e+05 1.788200000000000000e+04
2.880000000000000000e+05 1.707900000000000000e+04
2.900000000000000000e+05 1.678500000000000000e+04
2.920000000000000000e+05 1.627800000000000000e+04
2.940000000000000000e+05 1.576100000000000000e+04
2.960000000000000000e+05 1.517000000000000000e+04
2.980000000000000000e+05 1.458700000000000000e+04
3.000000000000000000e+05 1.414800000000000000e+04
3.020000000000000000e+05 1.388900000000000000e+04
3.040000000000000000e+05 1.319300000000000000e+04
3.060000000000000000e+05 1.267000000000000000e+04
3.080000000000000000e+05 1.201300000000000000e+04
3.100000000000000000e+05 1.158400000000000000e+04
3.120000000000000000e+05 1.113600000000000000e+04
3.140000000000000000e+05 1.083700000000000000e+04
3.160000000000000000e+05 9.999000000000000000e+03
3.180000000000000000e+05 9.432000000000000000e+03
3.200000000000000000e+05 9.232000000000000000e+03
3.220000000000000000e+05 8.633000000000000000e+03
3.240000000000000000e+05 8.399000000000000000e+03
3.260000000000000000e+05 8.035000000000000000e+03
3.280000000000000000e+05 7.826000000000000000e+03
3.300000000000000000e+05 7.592000000000000000e+03
3.320000000000000000e+05 7.088000000000000000e+03
3.340000000000000000e+05 7.144000000000000000e+03
3.360000000000000000e+05 7.095000000000000000e+03
3.380000000000000000e+05 7.171000000000000000e+03
3.400000000000000000e+05 7.131000000000000000e+03
3.420000000000000000e+05 7.069000000000000000e+03
3.440000000000000000e+05 7.329000000000000000e+03
3.460000000000000000e+05 7.472000000000000000e+03
3.480000000000000000e+05 7.945000000000000000e+03
3.500000000000000000e+05 7.693000000000000000e+03
3.520000000000000000e+05 8.129000000000000000e+03
3.540000000000000000e+05 8.623000000000000000e+03
3.560000000000000000e+05 8.791000000000000000e+03
3.580000000000000000e+05 9.281000000000000000e+03
3.600000000000000000e+05 9.652000000000000000e+03
3.620000000000000000e+05 1.046000000000000000e+04
3.640000000000000000e+05 1.073100000000000000e+04
3.660000000000000000e+05 1.138600000000000000e+04
3.680000000000000000e+05 1.168300000000000000e+04
3.700000000000000000e+05 1.234300000000000000e+04
3.720000000000000000e+05 1.284900000000000000e+04
3.740000000000000000e+05 1.339000000000000000e+04
3.760000000000000000e+05 1.393800000000000000e+04
3.780000000000000000e+05 1.469200000000000000e+04
3.800000000000000000e+05 1.500600000000000000e+04
3.820000000000000000e+05 1.569300000000000000e+04
3.840000000000000000e+05 1.610900000000000000e+04
3.860000000000000000e+05 1.678600000000000000e+04
3.880000000000000000e+05 1.726400000000000000e+04
3.900000000000000000e+05 1.746900000000000000e+04
3.920000000000000000e+05 1.814600000000000000e+04
3.940000000000000000e+05 1.853300000000000000e+04
3.960000000000000000e+05 1.898400000000000000e+04
3.980000000000000000e+05 1.932900000000000000e+04
