0.000000000000000000e+00 1.648900000000000000e+04
1.420000000000000000e+02 1.694200000000000000e+04
2.840000000000000000e+02 1.707400000000000000e+04
4.260000000000000000e+02 1.738500000000000000e+04
5.680000000000000000e+02 1.753600000000000000e+04
7.100000000000000000e+02 1.760400000000000000e+04
8.520000000000000000e+02 1.797500000000000000e+04
9.940000000000000000e+02 1.811400000000000000e+04
1.136000000000000000e+03 1.836300000000000000e+04
1.278000000000000000e+03 1.855700000000000000e+04
1.420000000000000000e+03 1.851100000000000000e+04
1.562000000000000000e+03 1.884100000000000000e+04
1.704000000000000000e+03 1.856500000000000000e+04
1.846000000000000000e+03 1.895500000000000000e+04
1.988000000000000000e+03 1.913600000000000000e+04
2.130000000000000000e+03 1.893300000000000000e+04
2.272000000000000000e+03 1.881400000000000000e+04
2.414000000000000000e+03 1.891400000000000000e+04
2.556000000000000000e+03 1.924100000000000000e+04
2.698000000000000000e+03 1.918500000000000000e+04
2.840000000000000000e+03 1.901200000000000000e+04
2.982000000000000000e+03 1.907200000000000000e+04
3.124000000000000000e+03 1.883800000000000000e+04
3.266000000000000000e+03 1.890000000000000000e+04
3.408000000000000000e+03 1.924700000000000000e+04
3.550000000000000000e+03 1.886200000000000000e+04
3.692000000000000000e+03 1.892100000000000000e+04
3.834000000000000000e+03 1.874100000000000000e+04
3.976000000000000000e+03 1.881200000000000000e+04
4.118000000000000000e+03 1.841300000000000000e+04
4.260000000000000000e+03 1.854200000000000000e+04
4.402000000000000000e+03 1.821200000000000000e+04
4.544000000000000000e+03 1.814200000000000000e+04
4.686000000000000000e+03 1.763800000000000000e+04
4.828000000000000000e+03 1.769000000000000000e+04
4.970000000000000000e+03 1.757600000000000000e+04
5.112000000000000000e+03 1.741800000000000000e+04
5.254000000000000000e+03 1.702900000000000000e+04
5.396000000000000000e+03 1.687600000000000000e+04
5.538000000000000000e+03 1.645600000000000000e+04
5.680000000000000000e+03 1.630200000000000000e+04
5.822000000000000000e+03 1.603300000000000000e+04
5.964000000000000000e+03 1.550300000000000000e+04
6.106000000000000000e+03 1.515200000000000000e+04
6.248000000000000000e+03 1.500100000000000000e+04
6.390000000000000000e+03 1.457200000000000000e+04
6.532000000000000000e+03 1.419300000000000000e+04
6.674000000000000000e+03 1.386400000000000000e+04
6.816000000000000000e+03 1.329400000000000000e+04
6.958000000000000000e+03 1.287600000000000000e+04
7.100000000000000000e+03 1.240100000000000000e+04
7.242000000000000000e+03 1.195800000000000000e+04
7.384000000000000000e+03 1.152500000000000000e+04
7.526000000000000000e+03 1.089600000000000000e+04
7.668000000000000000e+03 1.066800000000000000e+04
7.810000000000000000e+03 1.031000000000000000e+04
7.952000000000000000e+03 9.851000000000000000e+03
8.094000000000000000e+03 9.190000000000000000e+03
8.236000000000000000e+03 8.937000000000000000e+03
8.378000000000000000e+03 8.636000000000000000e+03
8.520000000000000000e+03 8.271000000000000000e+03
8.662000000000000000e+03 7.760000000000000000e+03
8.804000000000000000e+03 7.626000000000000000e+03
8.946000000000000000e+03 7.333000000000000000e+03
9.088000000000000000e+03 6.915000000000000000e+03
9.230000000000000000e+03 6.826000000000000000e+03
9.372000000000000000e+03 6.637000000000000000e+03
9.514000000000000000e+03 6.411000000000000000e+03
9.656000000000000000e+03 6.266000000000000000e+03
9.798000000000000000e+03 6.040000000000000000e+03
9.940000000000000000e+03 6.073000000000000000e+03
1.008200000000000000e+04 6.076000000000000000e+03
1.022400000000000000e+04 5.976000000000000000e+03
1.036600000000000000e+04 6.050000000000000000e+03
1.050800000000000000e+04 6.120000000000000000e+03
1.065000000000000000e+04 6.134000000000000000e+03
1.079200000000000000e+04 6.297000000000000000e+03
1.093400000000000000e+04 6.550000000000000000e+03
1.107600000000000000e+04 6.864000000000000000e+03
1.121800000000000000e+04 7.295000000000000000e+03
1.136000000000000000e+04 7.266000000000000000e+03
1.150200000000000000e+04 7.886000000000000000e+03
1.164400000000000000e+04 8.155000000000000000e+03
1.178600000000000000e+04 8.793000000000000000e+03
1.192800000000000000e+04 8.962000000000000000e+03
1.207000000000000000e+04 9.516000000000000000e+03
1.221200000000000000e+04 1.002000000000000000e+04
1.235400000000000000e+04 1.068500000000000000e+04
1.249600000000000000e+04 1.098600000000000000e+04
1.263800000000000000e+04 1.149900000000000000e+04
1.278000000000000000e+04 1.205900000000000000e+04
1.292200000000000000e+04 1.271400000000000000e+04
1.306400000000000000e+04 1.320300000000000000e+04
1.320600000000000000e+04 1.336500000000000000e+04
1.334800000000000000e+04 1.399700000000000000e+04
1.349000000000000000e+04 1.446300000000000000e+04
1.363200000000000000e+04 1.475200000000000000e+04
1.377400000000000000e+04 1.513200000000000000e+04
1.391600000000000000e+04 1.555500000000000000e+04
1.405800000000000000e+04 1.591100000000000000e+04
1.420000000000000000e+04 1.609700000000000000e+04
1.434200000000000000e+04 1.667300000000000000e+04
1.448400000000000000e+04 1.673500000000000000e+04
1.462600000000000000e+04 1.719700000000000000e+04
1.476800000000000000e+04 1.724300000000000000e+04
1.491000000000000000e+04 1.763000000000000000e+04
1.505200000000000000e+04 1.777900000000000000e+04
1.519400000000000000e+04 1.806100000000000000e+04
1.533600000000000000e+04 1.828500000000000000e+04
1.547800000000000000e+04 1.845700000000000000e+04
1.562000000000000000e+04 1.876000000000000000e+04
1.576200000000000000e+04 1.852800000000000000e+04
1.590400000000000000e+04 1.890500000000000000e+04
1.604600000000000000e+04 1.885900000000000000e+04
1.618800000000000000e+04 1.896400000000000000e+04
1.633000000000000000e+04 1.896200000000000000e+04
1.647200000000000000e+04 1.913600000000000000e+04
1.661400000000000000e+04 1.903500000000000000e+04
1.675600000000000000e+04 1.911400000000000000e+04
1.689800000000000000e+04 1.900500000000000000e+04
1.704000000000000000e+04 1.920400000000000000e+04
1.718200000000000000e+04 1.938700000000000000e+04
1.732400000000000000e+04 1.901900000000000000e+04
1.746600000000000000e+04 1.912200000000000000e+04
1.760800000000000000e+04 1.903300000000000000e+04
1.775000000000000000e+04 1.894700000000000000e+04
1.789200000000000000e+04 1.897900000000000000e+04
1.803400000000000000e+04 1.863000000000000000e+04
1.817600000000000000e+04 1.905200000000000000e+04
1.831800000000000000e+04 1.873600000000000000e+04
1.846000000000000000e+04 1.838700000000000000e+04
1.860200000000000000e+04 1.829400000000000000e+04
1.874400000000000000e+04 1.820000000000000000e+04
1.888600000000000000e+04 1.809300000000000000e+04
1.902800000000000000e+04 1.775100000000000000e+04
1.917000000000000000e+04 1.766400000000000000e+04
1.931200000000000000e+04 1.740900000000000000e+04
1.945400000000000000e+04 1.713500000000000000e+04
1.959600000000000000e+04 1.726600000000000000e+04
1.973800000000000000e+04 1.663500000000000000e+04
1.988000000000000000e+04 1.649900000000000000e+04
2.002200000000000000e+04 1.628900000000000000e+04
2.016400000000000000e+04 1.566500000000000000e+04
2.030600000000000000e+04 1.546800000000000000e+04
2.044800000000000000e+04 1.492000000000000000e+04
2.059000000000000000e+04 1.468600000000000000e+04
2.073200000000000000e+04 1.434300000000000000e+04
2.087400000000000000e+04 1.391900000000000000e+04
2.101600000000000000e+04 1.362600000000000000e+04
2.115800000000000000e+04 1.327000000000000000e+04
2.130000000000000000e+04 1.280400000000000000e+04
2.144200000000000000e+04 1.204900000000000000e+04
2.158400000000000000e+04 1.170600000000000000e+04
2.172600000000000000e+04 1.127400000000000000e+04
2.186800000000000000e+04 1.102000000000000000e+04
2.201000000000000000e+04 1.043200000000000000e+04
2.215200000000000000e+04 1.016400000000000000e+04
2.229400000000000000e+04 9.711000000000000000e+03
2.243600000000000000e+04 9.248000000000000000e+03
2.257800000000000000e+04 8.829000000000000000e+03
2.272000000000000000e+04 8.538000000000000000e+03
2.286200000000000000e+04 8.174000000000000000e+03
2.300400000000000000e+04 7.772000000000000000e+03
2.314600000000000000e+04 7.419000000000000000e+03
2.328800000000000000e+04 6.983000000000000000e+03
2.343000000000000000e+04 6.880000000000000000e+03
2.357200000000000000e+04 6.516000000000000000e+03
2.371400000000000000e+04 6.433000000000000000e+03
2.385600000000000000e+04 6.318000000000000000e+03
2.399800000000000000e+04 6.230000000000000000e+03
2.414000000000000000e+04 5.902000000000000000e+03
2.428200000000000000e+04 5.914000000000000000e+03
2.442400000000000000e+04 6.048000000000000000e+03
2.456600000000000000e+04 6.005000000000000000e+03
2.470800000000000000e+04 5.971000000000000000e+03
2.485000000000000000e+04 6.133000000000000000e+03
2.499200000000000000e+04 6.274000000000000000e+03
2.513400000000000000e+04 6.343000000000000000e+03
2.527600000000000000e+04 6.536000000000000000e+03
2.541800000000000000e+04 6.845000000000000000e+03
2.556000000000000000e+04 7.292000000000000000e+03
2.570200000000000000e+04 7.477000000000000000e+03
2.584400000000000000e+04 8.192000000000000000e+03
2.598600000000000000e+04 8.422000000000000000e+03
2.612800000000000000e+04 8.793000000000000000e+03
2.627000000000000000e+04 9.135000000000000000e+03
2.641200000000000000e+04 9.882000000000000000e+03
2.655400000000000000e+04 1.020600000000000000e+04
2.669600000000000000e+04 1.097300000000000000e+04
2.683800000000000000e+04 1.141600000000000000e+04
2.698000000000000000e+04 1.179100000000000000e+04
2.712200000000000000e+04 1.227900000000000000e+04
2.726400000000000000e+04 1.284600000000000000e+04
2.740600000000000000e+04 1.332500000000000000e+04
2.754800000000000000e+04 1.367900000000000000e+04
2.769000000000000000e+04 1.406300000000000000e+04
2.783200000000000000e+04 1.460700000000000000e+04
2.797400000000000000e+04 1.508400000000000000e+04
2.811600000000000000e+04 1.540100000000000000e+04
2.825800000000000000e+04 1.538300000000000000e+04
2.840000000000000000e+04 1.608900000000000000e+04
