0.000000000000000000e+00 3.564900000000000000e+04
3.333000000000000000e+03 3.644600000000000000e+04
6.666000000000000000e+03 3.685300000000000000e+04
9.999000000000000000e+03 3.740700000000000000e+04
1.333200000000000000e+04 3.797700000000000000e+04
1.666500000000000000e+04 3.810800000000000000e+04
1.999800000000000000e+04 3.904600000000000000e+04
2.333100000000000000e+04 3.922600000000000000e+04
2.666400000000000000e+04 3.926700000000000000e+04
2.999700000000000000e+04 3.973200000000000000e+04
3.333000000000000000e+04 3.974300000000000000e+04
3.666300000000000000e+04 3.971300000000000000e+04
3.999600000000000000e+04 4.041500000000000000e+04
4.332900000000000000e+04 4.080400000000000000e+04
4.666200000000000000e+04 4.028900000000000000e+04
4.999500000000000000e+04 4.064900000000000000e+04
5.332800000000000000e+04 4.097100000000000000e+04
5.666100000000000000e+04 4.111400000000000000e+04
5.999400000000000000e+04 4.090200000000000000e+04
6.332700000000000000e+04 4.116700000000000000e+04
6.666000000000000000e+04 4.054500000000000000e+04
6.999300000000000000e+04 4.065500000000000000e+04
7.332600000000000000e+04 4.058800000000000000e+04
7.665900000000000000e+04 4.096800000000000000e+04
7.999200000000000000e+04 4.076500000000000000e+04
8.332500000000000000e+04 4.034500000000000000e+04
8.665800000000000000e+04 4.011700000000000000e+04
8.999100000000000000e+04 3.993000000000000000e+04
9.332400000000000000e+04 4.014200000000000000e+04
9.665700000000000000e+04 3.987200000000000000e+04
9.999000000000000000e+04 3.930200000000000000e+04
1.033230000000000000e+05 3.915700000000000000e+04
1.066560000000000000e+05 3.887800000000000000e+04
1.099890000000000000e+05 3.833600000000000000e+04
1.133220000000000000e+05 3.776500000000000000e+04
1.166550000000000000e+05 3.718300000000000000e+04
1.199880000000000000e+05 3.705400000000000000e+04
1.233210000000000000e+05 3.657800000000000000e+04
1.266540000000000000e+05 3.546800000000000000e+04
1.299870000000000000e+05 3.494500000000000000e+04
1.333200000000000000e+05 3.441900000000000000e+04
1.366530000000000000e+05 3.365600000000000000e+04
1.399860000000000000e+05 3.342800000000000000e+04
1.433190000000000000e+05 3.230100000000000000e+04
1.466520000000000000e+05 3.132800000000000000e+04
1.499850000000000000e+05 3.042400000000000000e+04
1.533180000000000000e+05 2.958300000000000000e+04
1.566510000000000000e+05 2.864100000000000000e+04
1.599840000000000000e+05 2.749600000000000000e+04
1.633170000000000000e+05 2.654600000000000000e+04
1.666500000000000000e+05 2.580200000000000000e+04
1.699830000000000000e+05 2.487500000000000000e+04
1.733160000000000000e+05 2.411100000000000000e+04
1.766490000000000000e+05 2.295500000000000000e+04
1.799820000000000000e+05 2.193900000000000000e+04
1.833150000000000000e+05 2.065000000000000000e+04
1.866480000000000000e+05 2.026800000000000000e+04
1.899810000000000000e+05 1.885500000000000000e+04
1.933140000000000000e+05 1.812900000000000000e+04
1.966470000000000000e+05 1.730200000000000000e+04
1.999800000000000000e+05 1.652100000000000000e+04
2.033130000000000000e+05 1.587700000000000000e+04
2.066460000000000000e+05 1.511200000000000000e+04
2.099790000000000000e+05 1.462500000000000000e+04
2.133120000000000000e+05 1.399500000000000000e+04
2.166450000000000000e+05 1.348200000000000000e+04
2.199780000000000000e+05 1.339300000000000000e+04
2.233110000000000000e+05 1.302500000000000000e+04
2.266440000000000000e+05 1.291500000000000000e+04
2.299770000000000000e+05 1.248400000000000000e+04
2.333100000000000000e+05 1.292700000000000000e+04
2.366430000000000000e+05 1.296300000000000000e+04
2.399760000000000000e+05 1.293800000000000000e+04
2.433090000000000000e+05 1.353800000000000000e+04
2.466420000000000000e+05 1.381000000000000000e+04
2.499750000000000000e+05 1.433700000000000000e+04
2.533080000000000000e+05 1.468300000000000000e+04
2.566410000000000000e+05 1.537900000000000000e+04
2.599740000000000000e+05 1.622200000000000000e+04
2.633070000000000000e+05 1.673400000000000000e+04
2.666400000000000000e+05 1.765800000000000000e+04
2.699730000000000000e+05 1.867400000000000000e+04
2.733060000000000000e+05 1.938300000000000000e+04
2.766390000000000000e+05 2.059600000000000000e+04
2.799720000000000000e+05 2.142500000000000000e+04
2.833050000000000000e+05 2.240000000000000000e+04
2.866380000000000000e+05 2.330400000000000000e+04
2.899710000000000000e+05 2.449500000000000000e+04
2.933040000000000000e+05 2.564100000000000000e+04
2.966370000000000000e+05 2.677400000000000000e+04
2.999700000000000000e+05 2.724100000000000000e+04
3.033030000000000000e+05 2.849500000000000000e+04
3.066360000000000000e+05 2.955900000000000000e+04
3.099690000000000000e+05 3.009600000000000000e+04
3.133020000000000000e+05 3.110200000000000000e+04
3.166350000000000000e+05 3.184800000000000000e+04
3.199680000000000000e+05 3.284600000000000000e+04
3.233010000000000000e+05 3.364800000000000000e+04
3.266340000000000000e+05 3.439900000000000000e+04
3.299670000000000000e+05 3.483800000000000000e+04
3.333000000000000000e+05 3.514200000000000000e+04
3.366330000000000000e+05 3.656600000000000000e+04
3.399660000000000000e+05 3.681000000000000000e+04
3.432990000000000000e+05 3.703100000000000000e+04
3.466320000000000000e+05 3.762400000000000000e+04
3.499650000000000000e+05 3.819600000000000000e+04
3.532980000000000000e+05 3.856500000000000000e+04
3.566310000000000000e+05 3.908300000000000000e+04
3.599640000000000000e+05 3.912600000000000000e+04
3.632970000000000000e+05 3.973300000000000000e+04
3.666300000000000000e+05 3.998700000000000000e+04
3.699630000000000000e+05 4.037500000000000000e+04
3.732960000000000000e+05 3.986000000000000000e+04
3.766290000000000000e+05 4.043000000000000000e+04
3.799620000000000000e+05 4.037500000000000000e+04
3.832950000000000000e+05 4.096100000000000000e+04
3.866280000000000000e+05 4.067600000000000000e+04
3.899610000000000000e+05 4.076000000000000000e+04
3.932940000000000000e+05 4.086300000000000000e+04
3.966270000000000000e+05 4.080300000000000000e+04
3.999600000000000000e+05 4.086300000000000000e+04
4.032930000000000000e+05 4.088500000000000000e+04
4.066260000000000000e+05 4.085500000000000000e+04
4.099590000000000000e+05 4.091300000000000000e+04
4.132920000000000000e+05 4.058600000000000000e+04
4.166250000000000000e+05 4.057800000000000000e+04
4.199580000000000000e+05 4.073100000000000000e+04
4.232910000000000000e+05 4.013400000000000000e+04
4.266240000000000000e+05 3.967200000000000000e+04
4.299570000000000000e+05 3.951900000000000000e+04
4.332900000000000000e+05 3.903100000000000000e+04
4.366230000000000000e+05 3.937300000000000000e+04
4.399560000000000000e+05 3.865800000000000000e+04
4.432890000000000000e+05 3.837300000000000000e+04
4.466220000000000000e+05 3.791100000000000000e+04
4.499550000000000000e+05 3.720900000000000000e+04
4.532880000000000000e+05 3.714200000000000000e+04
4.566210000000000000e+05 3.599400000000000000e+04
4.599540000000000000e+05 3.580800000000000000e+04
4.632870000000000000e+05 3.510000000000000000e+04
4.666200000000000000e+05 3.443400000000000000e+04
4.699530000000000000e+05 3.410400000000000000e+04
4.732860000000000000e+05 3.295900000000000000e+04
4.766190000000000000e+05 3.211600000000000000e+04
4.799520000000000000e+05 3.117300000000000000e+04
4.832850000000000000e+05 3.010700000000000000e+04
4.866180000000000000e+05 3.023400000000000000e+04
4.899510000000000000e+05 2.837800000000000000e+04
4.932840000000000000e+05 2.784500000000000000e+04
4.966170000000000000e+05 2.702100000000000000e+04
4.999500000000000000e+05 2.571100000000000000e+04
5.032830000000000000e+05 2.488000000000000000e+04
5.066160000000000000e+05 2.378400000000000000e+04
5.099490000000000000e+05 2.310500000000000000e+04
5.132820000000000000e+05 2.179800000000000000e+04
5.166150000000000000e+05 2.095100000000000000e+04
5.199480000000000000e+05 1.990700000000000000e+04
5.232810000000000000e+05 1.911900000000000000e+04
5.266140000000000000e+05 1.813600000000000000e+04
5.299470000000000000e+05 1.718800000000000000e+04
5.332800000000000000e+05 1.630300000000000000e+04
5.366130000000000000e+05 1.586000000000000000e+04
5.399460000000000000e+05 1.483700000000000000e+04
5.432790000000000000e+05 1.433800000000000000e+04
5.466120000000000000e+05 1.391400000000000000e+04
5.499450000000000000e+05 1.356200000000000000e+04
5.532780000000000000e+05 1.299600000000000000e+04
5.566110000000000000e+05 1.286000000000000000e+04
5.599440000000000000e+05 1.306900000000000000e+04
5.632770000000000000e+05 1.255300000000000000e+04
5.666100000000000000e+05 1.262400000000000000e+04
5.699430000000000000e+05 1.281600000000000000e+04
5.732760000000000000e+05 1.312400000000000000e+04
5.766090000000000000e+05 1.346100000000000000e+04
5.799420000000000000e+05 1.363100000000000000e+04
5.832750000000000000e+05 1.428600000000000000e+04
5.866080000000000000e+05 1.494400000000000000e+04
5.899410000000000000e+05 1.539300000000000000e+04
5.932740000000000000e+05 1.590800000000000000e+04
5.966070000000000000e+05 1.699100000000000000e+04
5.999400000000000000e+05 1.781200000000000000e+04
6.032730000000000000e+05 1.863900000000000000e+04
6.066060000000000000e+05 1.927400000000000000e+04
6.099390000000000000e+05 2.033400000000000000e+04
6.132720000000000000e+05 2.150600000000000000e+04
6.166050000000000000e+05 2.252600000000000000e+04
6.199380000000000000e+05 2.335700000000000000e+04
6.232710000000000000e+05 2.434400000000000000e+04
6.266040000000000000e+05 2.538600000000000000e+04
6.299370000000000000e+05 2.647600000000000000e+04
6.332700000000000000e+05 2.707000000000000000e+04
6.366030000000000000e+05 2.865500000000000000e+04
6.399360000000000000e+05 2.937100000000000000e+04
6.432690000000000000e+05 3.007400000000000000e+04
6.466020000000000000e+05 3.091200000000000000e+04
6.499350000000000000e+05 3.186400000000000000e+04
6.532680000000000000e+05 3.284200000000000000e+04
6.566010000000000000e+05 3.335200000000000000e+04
6.599340000000000000e+05 3.422200000000000000e+04
6.632670000000000000e+05 3.493300000000000000e+04
