0.000000000000000000e+00 2.387200000000000000e+04
5.000000000000000000e+03 2.450000000000000000e+04
1.000000000000000000e+04 2.490900000000000000e+04
1.500000000000000000e+04 2.532800000000000000e+04
2.000000000000000000e+04 2.522500000000000000e+04
2.500000000000000000e+04 2.563800000000000000e+04
3.000000000000000000e+04 2.598600000000000000e+04
3.500000000000000000e+04 2.598100000000000000e+04
4.000000000000000000e+04 2.662700000000000000e+04
4.500000000000000000e+04 2.668800000000000000e+04
5.000000000000000000e+04 2.662500000000000000e+04
5.500000000000000000e+04 2.713500000000000000e+04
6.000000000000000000e+04 2.728800000000000000e+04
6.500000000000000000e+04 2.746800000000000000e+04
7.000000000000000000e+04 2.760000000000000000e+04
7.500000000000000000e+04 2.723000000000000000e+04
8.000000000000000000e+04 2.759500000000000000e+04
8.500000000000000000e+04 2.745400000000000000e+04
9.000000000000000000e+04 2.766100000000000000e+04
9.500000000000000000e+04 2.751000000000000000e+04
1.000000000000000000e+05 2.765800000000000000e+04
1.050000000000000000e+05 2.737600000000000000e+04
1.100000000000000000e+05 2.722900000000000000e+04
1.150000000000000000e+05 2.734800000000000000e+04
1.200000000000000000e+05 2.722700000000000000e+04
1.250000000000000000e+05 2.728000000000000000e+04
1.300000000000000000e+05 2.730700000000000000e+04
1.350000000000000000e+05 2.690200000000000000e+04
1.400000000000000000e+05 2.685700000000000000e+04
1.450000000000000000e+05 2.668800000000000000e+04
1.500000000000000000e+05 2.628800000000000000e+04
1.550000000000000000e+05 2.618300000000000000e+04
1.600000000000000000e+05 2.599600000000000000e+04
1.650000000000000000e+05 2.572600000000000000e+04
1.700000000000000000e+05 2.550500000000000000e+04
1.750000000000000000e+05 2.501200000000000000e+04
1.800000000000000000e+05 2.473000000000000000e+04
1.850000000000000000e+05 2.434200000000000000e+04
1.900000000000000000e+05 2.371600000000000000e+04
1.950000000000000000e+05 2.363100000000000000e+04
2.000000000000000000e+05 2.325500000000000000e+04
2.050000000000000000e+05 2.286000000000000000e+04
2.100000000000000000e+05 2.211900000000000000e+04
2.150000000000000000e+05 2.161400000000000000e+04
2.200000000000000000e+05 2.105200000000000000e+04
2.250000000000000000e+05 2.021000000000000000e+04
2.300000000000000000e+05 1.985600000000000000e+04
2.350000000000000000e+05 1.927800000000000000e+04
2.400000000000000000e+05 1.837700000000000000e+04
2.450000000000000000e+05 1.801000000000000000e+04
2.500000000000000000e+05 1.741700000000000000e+04
2.550000000000000000e+05 1.643000000000000000e+04
2.600000000000000000e+05 1.596900000000000000e+04
2.650000000000000000e+05 1.534300000000000000e+04
2.700000000000000000e+05 1.442500000000000000e+04
2.750000000000000000e+05 1.376800000000000000e+04
2.800000000000000000e+05 1.344900000000000000e+04
2.850000000000000000e+05 1.259400000000000000e+04
2.900000000000000000e+05 1.196700000000000000e+04
2.950000000000000000e+05 1.136400000000000000e+04
3.000000000000000000e+05 1.098800000000000000e+04
3.050000000000000000e+05 1.034500000000000000e+04
3.100000000000000000e+05 9.942000000000000000e+03
3.150000000000000000e+05 9.563000000000000000e+03
3.200000000000000000e+05 9.297000000000000000e+03
3.250000000000000000e+05 8.841000000000000000e+03
3.300000000000000000e+05 8.656000000000000000e+03
3.350000000000000000e+05 8.463000000000000000e+03
3.400000000000000000e+05 8.537000000000000000e+03
3.450000000000000000e+05 8.355000000000000000e+03
3.500000000000000000e+05 8.464000000000000000e+03
3.550000000000000000e+05 8.380000000000000000e+03
3.600000000000000000e+05 8.656000000000000000e+03
3.650000000000000000e+05 8.777000000000000000e+03
3.700000000000000000e+05 9.069000000000000000e+03
3.750000000000000000e+05 9.274000000000000000e+03
3.800000000000000000e+05 9.761000000000000000e+03
3.850000000000000000e+05 1.008900000000000000e+04
3.900000000000000000e+05 1.073400000000000000e+04
3.950000000000000000e+05 1.110900000000000000e+04
4.000000000000000000e+05 1.195900000000000000e+04
4.050000000000000000e+05 1.220100000000000000e+04
4.100000000000000000e+05 1.277400000000000000e+04
4.150000000000000000e+05 1.372600000000000000e+04
4.200000000000000000e+05 1.441000000000000000e+04
4.250000000000000000e+05 1.510600000000000000e+04
4.300000000000000000e+05 1.553400000000000000e+04
4.350000000000000000e+05 1.630600000000000000e+04
4.400000000000000000e+05 1.709400000000000000e+04
4.450000000000000000e+05 1.780000000000000000e+04
4.500000000000000000e+05 1.836800000000000000e+04
4.550000000000000000e+05 1.909300000000000000e+04
4.600000000000000000e+05 1.969000000000000000e+04
4.650000000000000000e+05 2.047000000000000000e+04
4.700000000000000000e+05 2.096300000000000000e+04
4.750000000000000000e+05 2.143700000000000000e+04
4.800000000000000000e+05 2.207200000000000000e+04
4.850000000000000000e+05 2.269700000000000000e+04
4.900000000000000000e+05 2.318200000000000000e+04
4.950000000000000000e+05 2.342100000000000000e+04
5.000000000000000000e+05 2.373500000000000000e+04
5.050000000000000000e+05 2.432700000000000000e+04
5.100000000000000000e+05 2.487300000000000000e+04
5.150000000000000000e+05 2.488900000000000000e+04
5.200000000000000000e+05 2.526600000000000000e+04
5.250000000000000000e+05 2.543700000000000000e+04
5.300000000000000000e+05 2.590600000000000000e+04
5.350000000000000000e+05 2.626500000000000000e+04
5.400000000000000000e+05 2.648000000000000000e+04
5.450000000000000000e+05 2.662500000000000000e+04
5.500000000000000000e+05 2.687000000000000000e+04
5.550000000000000000e+05 2.688100000000000000e+04
5.600000000000000000e+05 2.739500000000000000e+04
5.650000000000000000e+05 2.749000000000000000e+04
5.700000000000000000e+05 2.694200000000000000e+04
5.750000000000000000e+05 2.770700000000000000e+04
5.800000000000000000e+05 2.756800000000000000e+04
5.850000000000000000e+05 2.732200000000000000e+04
5.900000000000000000e+05 2.749300000000000000e+04
5.950000000000000000e+05 2.754600000000000000e+04
6.000000000000000000e+05 2.765600000000000000e+04
6.050000000000000000e+05 2.706900000000000000e+04
6.100000000000000000e+05 2.738300000000000000e+04
6.150000000000000000e+05 2.754500000000000000e+04
6.200000000000000000e+05 2.744700000000000000e+04
6.250000000000000000e+05 2.735500000000000000e+04
6.300000000000000000e+05 2.694100000000000000e+04
6.350000000000000000e+05 2.708600000000000000e+04
6.400000000000000000e+05 2.685700000000000000e+04
6.450000000000000000e+05 2.657000000000000000e+04
6.500000000000000000e+05 2.627300000000000000e+04
6.550000000000000000e+05 2.631600000000000000e+04
6.600000000000000000e+05 2.591600000000000000e+04
6.650000000000000000e+05 2.601200000000000000e+04
6.700000000000000000e+05 2.548900000000000000e+04
6.750000000000000000e+05 2.558400000000000000e+04
6.800000000000000000e+05 2.473300000000000000e+04
6.850000000000000000e+05 2.412900000000000000e+04
6.900000000000000000e+05 2.401500000000000000e+04
6.950000000000000000e+05 2.368200000000000000e+04
7.000000000000000000e+05 2.295700000000000000e+04
7.050000000000000000e+05 2.277500000000000000e+04
7.100000000000000000e+05 2.241300000000000000e+04
7.150000000000000000e+05 2.145800000000000000e+04
7.200000000000000000e+05 2.096100000000000000e+04
7.250000000000000000e+05 2.047400000000000000e+04
7.300000000000000000e+05 1.973100000000000000e+04
7.350000000000000000e+05 1.909800000000000000e+04
7.400000000000000000e+05 1.864600000000000000e+04
7.450000000000000000e+05 1.796600000000000000e+04
7.500000000000000000e+05 1.722000000000000000e+04
7.550000000000000000e+05 1.684700000000000000e+04
7.600000000000000000e+05 1.576700000000000000e+04
7.650000000000000000e+05 1.523800000000000000e+04
7.700000000000000000e+05 1.467700000000000000e+04
7.750000000000000000e+05 1.383100000000000000e+04
7.800000000000000000e+05 1.304500000000000000e+04
7.850000000000000000e+05 1.240500000000000000e+04
7.900000000000000000e+05 1.191300000000000000e+04
7.950000000000000000e+05 1.131000000000000000e+04
8.000000000000000000e+05 1.075100000000000000e+04
8.050000000000000000e+05 1.038000000000000000e+04
8.100000000000000000e+05 9.962000000000000000e+03
8.150000000000000000e+05 9.490000000000000000e+03
8.200000000000000000e+05 9.319000000000000000e+03
8.250000000000000000e+05 8.810000000000000000e+03
8.300000000000000000e+05 8.703000000000000000e+03
8.350000000000000000e+05 8.629000000000000000e+03
8.400000000000000000e+05 8.173000000000000000e+03
8.450000000000000000e+05 8.445000000000000000e+03
8.500000000000000000e+05 8.443000000000000000e+03
8.550000000000000000e+05 8.558000000000000000e+03
8.600000000000000000e+05 8.605000000000000000e+03
8.650000000000000000e+05 8.689000000000000000e+03
8.700000000000000000e+05 8.920000000000000000e+03
8.750000000000000000e+05 9.158000000000000000e+03
8.800000000000000000e+05 9.855000000000000000e+03
8.850000000000000000e+05 1.012200000000000000e+04
8.900000000000000000e+05 1.042200000000000000e+04
8.950000000000000000e+05 1.117200000000000000e+04
9.000000000000000000e+05 1.172000000000000000e+04
9.050000000000000000e+05 1.214200000000000000e+04
9.100000000000000000e+05 1.307700000000000000e+04
9.150000000000000000e+05 1.357200000000000000e+04
9.200000000000000000e+05 1.461800000000000000e+04
9.250000000000000000e+05 1.492500000000000000e+04
9.300000000000000000e+05 1.587300000000000000e+04
9.350000000000000000e+05 1.632700000000000000e+04
9.400000000000000000e+05 1.690400000000000000e+04
9.450000000000000000e+05 1.785800000000000000e+04
9.500000000000000000e+05 1.837400000000000000e+04
9.550000000000000000e+05 1.925600000000000000e+04
9.600000000000000000e+05 1.975300000000000000e+04
9.650000000000000000e+05 2.047200000000000000e+04
9.700000000000000000e+05 2.122300000000000000e+04
9.750000000000000000e+05 2.163000000000000000e+04
9.800000000000000000e+05 2.209500000000000000e+04
9.850000000000000000e+05 2.273000000000000000e+04
9.900000000000000000e+05 2.292300000000000000e+04
9.950000000000000000e+05 2.349500000000000000e+04
