0.000000000000000000e+00 9.915000000000000000e+03
1.000000000000000000e+02 1.024300000000000000e+04
2.000000000000000000e+02 1.064200000000000000e+04
3.000000000000000000e+02 1.055000000000000000e+04
4.000000000000000000e+02 1.096200000000000000e+04
5.000000000000000000e+02 1.104900000000000000e+04
6.000000000000000000e+02 1.136300000000000000e+04
7.000000000000000000e+02 1.131300000000000000e+04
8.000000000000000000e+02 1.155200000000000000e+04
9.000000000000000000e+02 1.148300000000000000e+04
1.000000000000000000e+03 1.145600000000000000e+04
1.100000000000000000e+03 1.164500000000000000e+04
1.200000000000000000e+03 1.144400000000000000e+04
1.300000000000000000e+03 1.164600000000000000e+04
1.400000000000000000e+03 1.177600000000000000e+04
1.500000000000000000e+03 1.203000000000000000e+04
1.600000000000000000e+03 1.179900000000000000e+04
1.700000000000000000e+03 1.165000000000000000e+04
1.800000000000000000e+03 1.222100000000000000e+04
1.900000000000000000e+03 1.192600000000000000e+04
2.000000000000000000e+03 1.192100000000000000e+04
2.100000000000000000e+03 1.187300000000000000e+04
2.200000000000000000e+03 1.186700000000000000e+04
2.300000000000000000e+03 1.196800000000000000e+04
2.400000000000000000e+03 1.167400000000000000e+04
2.500000000000000000e+03 1.178900000000000000e+04
2.600000000000000000e+03 1.182500000000000000e+04
2.700000000000000000e+03 1.157600000000000000e+04
2.800000000000000000e+03 1.160900000000000000e+04
2.900000000000000000e+03 1.151000000000000000e+04
3.000000000000000000e+03 1.154300000000000000e+04
3.100000000000000000e+03 1.133200000000000000e+04
3.200000000000000000e+03 1.129700000000000000e+04
3.300000000000000000e+03 1.127500000000000000e+04
3.400000000000000000e+03 1.090000000000000000e+04
3.500000000000000000e+03 1.091600000000000000e+04
3.600000000000000000e+03 1.069100000000000000e+04
3.700000000000000000e+03 1.070400000000000000e+04
3.800000000000000000e+03 1.023900000000000000e+04
3.900000000000000000e+03 1.024100000000000000e+04
4.000000000000000000e+03 9.864000000000000000e+03
4.100000000000000000e+03 9.879000000000000000e+03
4.200000000000000000e+03 9.634000000000000000e+03
4.300000000000000000e+03 9.471000000000000000e+03
4.400000000000000000e+03 9.274000000000000000e+03
4.500000000000000000e+03 8.906000000000000000e+03
4.600000000000000000e+03 8.683000000000000000e+03
4.700000000000000000e+03 8.477000000000000000e+03
4.800000000000000000e+03 8.118000000000000000e+03
4.900000000000000000e+03 8.017000000000000000e+03
5.000000000000000000e+03 7.672000000000000000e+03
5.100000000000000000e+03 7.439000000000000000e+03
5.200000000000000000e+03 6.955000000000000000e+03
5.300000000000000000e+03 6.811000000000000000e+03
5.400000000000000000e+03 6.582000000000000000e+03
5.500000000000000000e+03 6.462000000000000000e+03
5.600000000000000000e+03 6.066000000000000000e+03
5.700000000000000000e+03 5.759000000000000000e+03
5.800000000000000000e+03 5.573000000000000000e+03
5.900000000000000000e+03 5.288000000000000000e+03
6.000000000000000000e+03 4.956000000000000000e+03
6.100000000000000000e+03 4.782000000000000000e+03
6.200000000000000000e+03 4.687000000000000000e+03
6.300000000000000000e+03 4.564000000000000000e+03
6.400000000000000000e+03 4.359000000000000000e+03
6.500000000000000000e+03 4.150000000000000000e+03
6.600000000000000000e+03 4.071000000000000000e+03
6.700000000000000000e+03 3.935000000000000000e+03
6.800000000000000000e+03 3.878000000000000000e+03
6.900000000000000000e+03 3.897000000000000000e+03
7.000000000000000000e+03 3.785000000000000000e+03
7.100000000000000000e+03 3.768000000000000000e+03
7.200000000000000000e+03 3.808000000000000000e+03
7.300000000000000000e+03 3.806000000000000000e+03
7.400000000000000000e+03 3.744000000000000000e+03
7.500000000000000000e+03 3.960000000000000000e+03
7.600000000000000000e+03 3.932000000000000000e+03
7.700000000000000000e+03 4.126000000000000000e+03
7.800000000000000000e+03 4.291000000000000000e+03
7.900000000000000000e+03 4.295000000000000000e+03
8.000000000000000000e+03 4.583000000000000000e+03
8.100000000000000000e+03 4.813000000000000000e+03
8.200000000000000000e+03 5.046000000000000000e+03
8.300000000000000000e+03 5.174000000000000000e+03
8.400000000000000000e+03 5.580000000000000000e+03
8.500000000000000000e+03 5.929000000000000000e+03
8.600000000000000000e+03 6.086000000000000000e+03
8.700000000000000000e+03 6.482000000000000000e+03
8.800000000000000000e+03 6.628000000000000000e+03
8.900000000000000000e+03 7.118000000000000000e+03
9.000000000000000000e+03 7.397000000000000000e+03
9.100000000000000000e+03 7.727000000000000000e+03
9.200000000000000000e+03 8.045000000000000000e+03
9.300000000000000000e+03 8.112000000000000000e+03
9.400000000000000000e+03 8.607000000000000000e+03
9.500000000000000000e+03 8.834000000000000000e+03
9.600000000000000000e+03 9.202000000000000000e+03
9.700000000000000000e+03 9.255000000000000000e+03
9.800000000000000000e+03 9.633000000000000000e+03
9.900000000000000000e+03 9.745000000000000000e+03
1.000000000000000000e+04 9.921000000000000000e+03
1.010000000000000000e+04 1.035600000000000000e+04
1.020000000000000000e+04 1.047300000000000000e+04
1.030000000000000000e+04 1.075200000000000000e+04
1.040000000000000000e+04 1.100100000000000000e+04
1.050000000000000000e+04 1.120300000000000000e+04
1.060000000000000000e+04 1.126200000000000000e+04
1.070000000000000000e+04 1.126800000000000000e+04
1.080000000000000000e+04 1.135000000000000000e+04
1.090000000000000000e+04 1.141300000000000000e+04
1.100000000000000000e+04 1.153600000000000000e+04
1.110000000000000000e+04 1.156200000000000000e+04
1.120000000000000000e+04 1.182500000000000000e+04
1.130000000000000000e+04 1.182700000000000000e+04
1.140000000000000000e+04 1.180000000000000000e+04
1.150000000000000000e+04 1.189300000000000000e+04
1.160000000000000000e+04 1.192300000000000000e+04
1.170000000000000000e+04 1.185100000000000000e+04
1.180000000000000000e+04 1.179100000000000000e+04
1.190000000000000000e+04 1.181900000000000000e+04
1.200000000000000000e+04 1.194700000000000000e+04
1.210000000000000000e+04 1.190000000000000000e+04
1.220000000000000000e+04 1.203300000000000000e+04
1.230000000000000000e+04 1.172800000000000000e+04
1.240000000000000000e+04 1.184400000000000000e+04
1.250000000000000000e+04 1.157900000000000000e+04
1.260000000000000000e+04 1.185700000000000000e+04
1.270000000000000000e+04 1.159200000000000000e+04
1.280000000000000000e+04 1.180800000000000000e+04
1.290000000000000000e+04 1.162600000000000000e+04
1.300000000000000000e+04 1.145000000000000000e+04
1.310000000000000000e+04 1.121700000000000000e+04
1.320000000000000000e+04 1.116900000000000000e+04
1.330000000000000000e+04 1.116200000000000000e+04
1.340000000000000000e+04 1.096700000000000000e+04
1.350000000000000000e+04 1.090100000000000000e+04
1.360000000000000000e+04 1.058300000000000000e+04
1.370000000000000000e+04 1.072800000000000000e+04
1.380000000000000000e+04 1.051100000000000000e+04
1.390000000000000000e+04 1.025100000000000000e+04
1.400000000000000000e+04 9.914000000000000000e+03
1.410000000000000000e+04 9.943000000000000000e+03
1.420000000000000000e+04 9.586000000000000000e+03
1.430000000000000000e+04 9.510000000000000000e+03
1.440000000000000000e+04 9.213000000000000000e+03
1.450000000000000000e+04 9.122000000000000000e+03
1.460000000000000000e+04 8.883000000000000000e+03
1.470000000000000000e+04 8.507000000000000000e+03
1.480000000000000000e+04 8.235000000000000000e+03
1.490000000000000000e+04 8.006000000000000000e+03
1.500000000000000000e+04 7.662000000000000000e+03
1.510000000000000000e+04 7.370000000000000000e+03
1.520000000000000000e+04 7.101000000000000000e+03
1.530000000000000000e+04 6.703000000000000000e+03
1.540000000000000000e+04 6.303000000000000000e+03
1.550000000000000000e+04 6.367000000000000000e+03
1.560000000000000000e+04 6.101000000000000000e+03
1.570000000000000000e+04 5.706000000000000000e+03
1.580000000000000000e+04 5.526000000000000000e+03
1.590000000000000000e+04 5.304000000000000000e+03
1.600000000000000000e+04 5.033000000000000000e+03
1.610000000000000000e+04 4.861000000000000000e+03
1.620000000000000000e+04 4.755000000000000000e+03
1.630000000000000000e+04 4.477000000000000000e+03
1.640000000000000000e+04 4.282000000000000000e+03
1.650000000000000000e+04 4.276000000000000000e+03
1.660000000000000000e+04 4.131000000000000000e+03
1.670000000000000000e+04 3.858000000000000000e+03
1.680000000000000000e+04 3.756000000000000000e+03
1.690000000000000000e+04 3.743000000000000000e+03
1.700000000000000000e+04 3.773000000000000000e+03
1.710000000000000000e+04 3.832000000000000000e+03
1.720000000000000000e+04 3.767000000000000000e+03
1.730000000000000000e+04 3.786000000000000000e+03
1.740000000000000000e+04 3.926000000000000000e+03
1.750000000000000000e+04 3.940000000000000000e+03
1.760000000000000000e+04 3.832000000000000000e+03
1.770000000000000000e+04 4.034000000000000000e+03
1.780000000000000000e+04 4.255000000000000000e+03
1.790000000000000000e+04 4.408000000000000000e+03
1.800000000000000000e+04 4.533000000000000000e+03
1.810000000000000000e+04 4.711000000000000000e+03
1.820000000000000000e+04 5.075000000000000000e+03
1.830000000000000000e+04 5.367000000000000000e+03
1.840000000000000000e+04 5.574000000000000000e+03
1.850000000000000000e+04 5.895000000000000000e+03
1.860000000000000000e+04 6.076000000000000000e+03
1.870000000000000000e+04 6.520000000000000000e+03
1.880000000000000000e+04 6.450000000000000000e+03
1.890000000000000000e+04 7.060000000000000000e+03
1.900000000000000000e+04 7.171000000000000000e+03
1.910000000000000000e+04 7.864000000000000000e+03
1.920000000000000000e+04 7.869000000000000000e+03
1.930000000000000000e+04 8.239000000000000000e+03
1.940000000000000000e+04 8.619000000000000000e+03
1.950000000000000000e+04 8.865000000000000000e+03
1.960000000000000000e+04 9.164000000000000000e+03
1.970000000000000000e+04 9.510000000000000000e+03
1.980000000000000000e+04 9.533000000000000000e+03
1.990000000000000000e+04 9.810000000000000000e+03
