0.000000000000000000e+00 1.095700000000000000e+04
5.000000000000000000e+01 1.119200000000000000e+04
1.000000000000000000e+02 1.137900000000000000e+04
1.500000000000000000e+02 1.161200000000000000e+04
2.000000000000000000e+02 1.181400000000000000e+04
2.500000000000000000e+02 1.209400000000000000e+04
3.000000000000000000e+02 1.251600000000000000e+04
3.500000000000000000e+02 1.263500000000000000e+04
4.000000000000000000e+02 1.256400000000000000e+04
4.500000000000000000e+02 1.269000000000000000e+04
5.000000000000000000e+02 1.289300000000000000e+04
5.500000000000000000e+02 1.317500000000000000e+04
6.000000000000000000e+02 1.326700000000000000e+04
6.500000000000000000e+02 1.331000000000000000e+04
7.000000000000000000e+02 1.330000000000000000e+04
7.500000000000000000e+02 1.355100000000000000e+04
8.000000000000000000e+02 1.344000000000000000e+04
8.500000000000000000e+02 1.340200000000000000e+04
9.000000000000000000e+02 1.356100000000000000e+04
9.500000000000000000e+02 1.353400000000000000e+04
1.000000000000000000e+03 1.370600000000000000e+04
1.050000000000000000e+03 1.391300000000000000e+04
1.100000000000000000e+03 1.365700000000000000e+04
1.150000000000000000e+03 1.359700000000000000e+04
1.200000000000000000e+03 1.372000000000000000e+04
1.250000000000000000e+03 1.377700000000000000e+04
1.300000000000000000e+03 1.349800000000000000e+04
1.350000000000000000e+03 1.334200000000000000e+04
1.400000000000000000e+03 1.326700000000000000e+04
1.450000000000000000e+03 1.336100000000000000e+04
1.500000000000000000e+03 1.320000000000000000e+04
1.550000000000000000e+03 1.320200000000000000e+04
1.600000000000000000e+03 1.290900000000000000e+04
1.650000000000000000e+03 1.296600000000000000e+04
1.700000000000000000e+03 1.282800000000000000e+04
1.750000000000000000e+03 1.276000000000000000e+04
1.800000000000000000e+03 1.251400000000000000e+04
1.850000000000000000e+03 1.224800000000000000e+04
1.900000000000000000e+03 1.196600000000000000e+04
1.950000000000000000e+03 1.192700000000000000e+04
2.000000000000000000e+03 1.166800000000000000e+04
2.050000000000000000e+03 1.164400000000000000e+04
2.100000000000000000e+03 1.100800000000000000e+04
2.150000000000000000e+03 1.107000000000000000e+04
2.200000000000000000e+03 1.114200000000000000e+04
2.250000000000000000e+03 1.050300000000000000e+04
2.300000000000000000e+03 1.041500000000000000e+04
2.350000000000000000e+03 9.720000000000000000e+03
2.400000000000000000e+03 9.520000000000000000e+03
2.450000000000000000e+03 9.357000000000000000e+03
2.500000000000000000e+03 9.118000000000000000e+03
2.550000000000000000e+03 8.727000000000000000e+03
2.600000000000000000e+03 8.347000000000000000e+03
2.650000000000000000e+03 8.136000000000000000e+03
2.700000000000000000e+03 7.829000000000000000e+03
2.750000000000000000e+03 7.586000000000000000e+03
2.800000000000000000e+03 7.224000000000000000e+03
2.850000000000000000e+03 7.113000000000000000e+03
2.900000000000000000e+03 6.784000000000000000e+03
2.950000000000000000e+03 6.573000000000000000e+03
3.000000000000000000e+03 6.135000000000000000e+03
3.050000000000000000e+03 6.028000000000000000e+03
3.100000000000000000e+03 5.663000000000000000e+03
3.150000000000000000e+03 5.579000000000000000e+03
3.200000000000000000e+03 5.518000000000000000e+03
3.250000000000000000e+03 5.342000000000000000e+03
3.300000000000000000e+03 5.016000000000000000e+03
3.350000000000000000e+03 4.996000000000000000e+03
3.400000000000000000e+03 4.789000000000000000e+03
3.450000000000000000e+03 4.654000000000000000e+03
3.500000000000000000e+03 4.522000000000000000e+03
3.550000000000000000e+03 4.481000000000000000e+03
3.600000000000000000e+03 4.411000000000000000e+03
3.650000000000000000e+03 4.359000000000000000e+03
3.700000000000000000e+03 4.467000000000000000e+03
3.750000000000000000e+03 4.406000000000000000e+03
3.800000000000000000e+03 4.527000000000000000e+03
3.850000000000000000e+03 4.652000000000000000e+03
3.900000000000000000e+03 4.644000000000000000e+03
3.950000000000000000e+03 4.805000000000000000e+03
4.000000000000000000e+03 4.990000000000000000e+03
4.050000000000000000e+03 5.072000000000000000e+03
4.100000000000000000e+03 5.340000000000000000e+03
4.150000000000000000e+03 5.610000000000000000e+03
4.200000000000000000e+03 5.921000000000000000e+03
4.250000000000000000e+03 6.126000000000000000e+03
4.300000000000000000e+03 6.175000000000000000e+03
4.350000000000000000e+03 6.721000000000000000e+03
4.400000000000000000e+03 6.933000000000000000e+03
4.450000000000000000e+03 7.495000000000000000e+03
4.500000000000000000e+03 7.643000000000000000e+03
4.550000000000000000e+03 7.993000000000000000e+03
4.600000000000000000e+03 8.206000000000000000e+03
4.650000000000000000e+03 8.563000000000000000e+03
4.700000000000000000e+03 9.026000000000000000e+03
4.750000000000000000e+03 9.497000000000000000e+03
4.800000000000000000e+03 9.624000000000000000e+03
4.850000000000000000e+03 9.952000000000000000e+03
4.900000000000000000e+03 1.053800000000000000e+04
4.950000000000000000e+03 1.063500000000000000e+04
5.000000000000000000e+03 1.083000000000000000e+04
5.050000000000000000e+03 1.121300000000000000e+04
5.100000000000000000e+03 1.137500000000000000e+04
5.150000000000000000e+03 1.180200000000000000e+04
5.200000000000000000e+03 1.200500000000000000e+04
5.250000000000000000e+03 1.210700000000000000e+04
5.300000000000000000e+03 1.222200000000000000e+04
5.350000000000000000e+03 1.246200000000000000e+04
5.400000000000000000e+03 1.256100000000000000e+04
5.450000000000000000e+03 1.295200000000000000e+04
5.500000000000000000e+03 1.305100000000000000e+04
5.550000000000000000e+03 1.308200000000000000e+04
5.600000000000000000e+03 1.316600000000000000e+04
5.650000000000000000e+03 1.342600000000000000e+04
5.700000000000000000e+03 1.340300000000000000e+04
5.750000000000000000e+03 1.336100000000000000e+04
5.800000000000000000e+03 1.357300000000000000e+04
5.850000000000000000e+03 1.370900000000000000e+04
5.900000000000000000e+03 1.351600000000000000e+04
5.950000000000000000e+03 1.373200000000000000e+04
6.000000000000000000e+03 1.348300000000000000e+04
6.050000000000000000e+03 1.366100000000000000e+04
6.100000000000000000e+03 1.352000000000000000e+04
6.150000000000000000e+03 1.365900000000000000e+04
6.200000000000000000e+03 1.341900000000000000e+04
6.250000000000000000e+03 1.351100000000000000e+04
6.300000000000000000e+03 1.364000000000000000e+04
6.350000000000000000e+03 1.378600000000000000e+04
6.400000000000000000e+03 1.326100000000000000e+04
6.450000000000000000e+03 1.334400000000000000e+04
6.500000000000000000e+03 1.341400000000000000e+04
6.550000000000000000e+03 1.323700000000000000e+04
6.600000000000000000e+03 1.294200000000000000e+04
6.650000000000000000e+03 1.299500000000000000e+04
6.700000000000000000e+03 1.285900000000000000e+04
6.750000000000000000e+03 1.275800000000000000e+04
6.800000000000000000e+03 1.249400000000000000e+04
6.850000000000000000e+03 1.227400000000000000e+04
6.900000000000000000e+03 1.196000000000000000e+04
6.950000000000000000e+03 1.174400000000000000e+04
7.000000000000000000e+03 1.160200000000000000e+04
7.050000000000000000e+03 1.152200000000000000e+04
7.100000000000000000e+03 1.117800000000000000e+04
7.150000000000000000e+03 1.106800000000000000e+04
7.200000000000000000e+03 1.070000000000000000e+04
7.250000000000000000e+03 1.028700000000000000e+04
7.300000000000000000e+03 1.019900000000000000e+04
7.350000000000000000e+03 9.987000000000000000e+03
7.400000000000000000e+03 9.777000000000000000e+03
7.450000000000000000e+03 9.402000000000000000e+03
7.500000000000000000e+03 9.218000000000000000e+03
7.550000000000000000e+03 8.717000000000000000e+03
7.600000000000000000e+03 8.515000000000000000e+03
7.650000000000000000e+03 8.196000000000000000e+03
7.700000000000000000e+03 7.943000000000000000e+03
7.750000000000000000e+03 7.580000000000000000e+03
7.800000000000000000e+03 7.345000000000000000e+03
7.850000000000000000e+03 7.139000000000000000e+03
7.900000000000000000e+03 6.728000000000000000e+03
7.950000000000000000e+03 6.455000000000000000e+03
8.000000000000000000e+03 6.455000000000000000e+03
8.050000000000000000e+03 6.028000000000000000e+03
8.100000000000000000e+03 5.767000000000000000e+03
8.150000000000000000e+03 5.493000000000000000e+03
8.200000000000000000e+03 5.286000000000000000e+03
8.250000000000000000e+03 5.117000000000000000e+03
8.300000000000000000e+03 4.861000000000000000e+03
8.350000000000000000e+03 4.941000000000000000e+03
8.400000000000000000e+03 4.726000000000000000e+03
8.450000000000000000e+03 4.696000000000000000e+03
8.500000000000000000e+03 4.633000000000000000e+03
8.550000000000000000e+03 4.522000000000000000e+03
8.600000000000000000e+03 4.391000000000000000e+03
8.650000000000000000e+03 4.438000000000000000e+03
8.700000000000000000e+03 4.400000000000000000e+03
8.750000000000000000e+03 4.446000000000000000e+03
8.800000000000000000e+03 4.521000000000000000e+03
8.850000000000000000e+03 4.613000000000000000e+03
8.900000000000000000e+03 4.711000000000000000e+03
8.950000000000000000e+03 4.767000000000000000e+03
9.000000000000000000e+03 4.789000000000000000e+03
9.050000000000000000e+03 5.089000000000000000e+03
9.100000000000000000e+03 5.363000000000000000e+03
9.150000000000000000e+03 5.440000000000000000e+03
9.200000000000000000e+03 5.828000000000000000e+03
9.250000000000000000e+03 6.034000000000000000e+03
9.300000000000000000e+03 6.341000000000000000e+03
9.350000000000000000e+03 6.523000000000000000e+03
9.400000000000000000e+03 6.904000000000000000e+03
9.450000000000000000e+03 7.316000000000000000e+03
9.500000000000000000e+03 7.814000000000000000e+03
9.550000000000000000e+03 8.075000000000000000e+03
9.600000000000000000e+03 8.373000000000000000e+03
9.650000000000000000e+03 8.732000000000000000e+03
9.700000000000000000e+03 8.915000000000000000e+03
9.750000000000000000e+03 9.531000000000000000e+03
9.800000000000000000e+03 9.692000000000000000e+03
9.850000000000000000e+03 1.019000000000000000e+04
9.900000000000000000e+03 1.033800000000000000e+04
9.950000000000000000e+03 1.077500000000000000e+04
