0.000000000000000000e+00 3.634500000000000000e+04
1.000000000000000000e+04 3.793500000000000000e+04
2.000000000000000000e+04 3.853100000000000000e+04
3.000000000000000000e+04 3.897000000000000000e+04
4.000000000000000000e+04 3.911400000000000000e+04
5.000000000000000000e+04 3.964100000000000000e+04
6.000000000000000000e+04 4.006000000000000000e+04
7.000000000000000000e+04 4.089600000000000000e+04
8.000000000000000000e+04 4.098400000000000000e+04
9.000000000000000000e+04 4.133000000000000000e+04
1.000000000000000000e+05 4.132400000000000000e+04
1.100000000000000000e+05 4.163500000000000000e+04
1.200000000000000000e+05 4.229400000000000000e+04
1.300000000000000000e+05 4.236600000000000000e+04
1.400000000000000000e+05 4.245100000000000000e+04
1.500000000000000000e+05 4.250500000000000000e+04
1.600000000000000000e+05 4.260900000000000000e+04
1.700000000000000000e+05 4.289600000000000000e+04
1.800000000000000000e+05 4.331900000000000000e+04
1.900000000000000000e+05 4.283800000000000000e+04
2.000000000000000000e+05 4.303300000000000000e+04
2.100000000000000000e+05 4.253500000000000000e+04
2.200000000000000000e+05 4.258900000000000000e+04
2.300000000000000000e+05 4.303500000000000000e+04
2.400000000000000000e+05 4.268100000000000000e+04
2.500000000000000000e+05 4.222500000000000000e+04
2.600000000000000000e+05 4.215600000000000000e+04
2.700000000000000000e+05 4.196400000000000000e+04
2.800000000000000000e+05 4.157300000000000000e+04
2.900000000000000000e+05 4.167200000000000000e+04
3.000000000000000000e+05 4.097300000000000000e+04
3.100000000000000000e+05 4.073400000000000000e+04
3.200000000000000000e+05 4.051800000000000000e+04
3.300000000000000000e+05 4.030000000000000000e+04
3.400000000000000000e+05 3.946900000000000000e+04
3.500000000000000000e+05 3.880700000000000000e+04
3.600000000000000000e+05 3.851900000000000000e+04
3.700000000000000000e+05 3.770300000000000000e+04
3.800000000000000000e+05 3.711200000000000000e+04
3.900000000000000000e+05 3.669800000000000000e+04
4.000000000000000000e+05 3.597000000000000000e+04
4.100000000000000000e+05 3.506400000000000000e+04
4.200000000000000000e+05 3.405400000000000000e+04
4.300000000000000000e+05 3.324800000000000000e+04
4.400000000000000000e+05 3.250300000000000000e+04
4.500000000000000000e+05 3.149800000000000000e+04
4.600000000000000000e+05 3.066500000000000000e+04
4.700000000000000000e+05 2.937100000000000000e+04
4.800000000000000000e+05 2.848000000000000000e+04
4.900000000000000000e+05 2.734100000000000000e+04
5.000000000000000000e+05 2.643000000000000000e+04
5.100000000000000000e+05 2.525600000000000000e+04
5.200000000000000000e+05 2.430600000000000000e+04
5.300000000000000000e+05 2.357600000000000000e+04
5.400000000000000000e+05 2.230500000000000000e+04
5.500000000000000000e+05 2.128800000000000000e+04
5.600000000000000000e+05 2.040100000000000000e+04
5.700000000000000000e+05 1.915100000000000000e+04
5.800000000000000000e+05 1.859600000000000000e+04
5.900000000000000000e+05 1.777300000000000000e+04
6.000000000000000000e+05 1.675800000000000000e+04
6.100000000000000000e+05 1.611400000000000000e+04
6.200000000000000000e+05 1.507000000000000000e+04
6.300000000000000000e+05 1.465800000000000000e+04
6.400000000000000000e+05 1.425900000000000000e+04
6.500000000000000000e+05 1.360200000000000000e+04
6.600000000000000000e+05 1.351000000000000000e+04
6.700000000000000000e+05 1.335900000000000000e+04
6.800000000000000000e+05 1.303300000000000000e+04
6.900000000000000000e+05 1.284700000000000000e+04
7.000000000000000000e+05 1.289100000000000000e+04
7.100000000000000000e+05 1.262500000000000000e+04
7.200000000000000000e+05 1.326500000000000000e+04
7.300000000000000000e+05 1.347900000000000000e+04
7.400000000000000000e+05 1.390000000000000000e+04
7.500000000000000000e+05 1.445600000000000000e+04
7.600000000000000000e+05 1.496100000000000000e+04
7.700000000000000000e+05 1.562800000000000000e+04
7.800000000000000000e+05 1.654400000000000000e+04
7.900000000000000000e+05 1.724100000000000000e+04
8.000000000000000000e+05 1.807000000000000000e+04
8.100000000000000000e+05 1.878600000000000000e+04
8.200000000000000000e+05 1.970500000000000000e+04
8.300000000000000000e+05 2.044100000000000000e+04
8.400000000000000000e+05 2.174600000000000000e+04
8.500000000000000000e+05 2.302400000000000000e+04
8.600000000000000000e+05 2.402700000000000000e+04
8.700000000000000000e+05 2.464500000000000000e+04
8.800000000000000000e+05 2.567300000000000000e+04
8.900000000000000000e+05 2.713800000000000000e+04
9.000000000000000000e+05 2.791800000000000000e+04
9.100000000000000000e+05 2.959300000000000000e+04
9.200000000000000000e+05 2.999500000000000000e+04
9.300000000000000000e+05 3.093000000000000000e+04
9.400000000000000000e+05 3.225400000000000000e+04
9.500000000000000000e+05 3.284000000000000000e+04
9.600000000000000000e+05 3.364600000000000000e+04
9.700000000000000000e+05 3.458400000000000000e+04
9.800000000000000000e+05 3.562900000000000000e+04
9.900000000000000000e+05 3.617600000000000000e+04
1.000000000000000000e+06 3.668500000000000000e+04
1.010000000000000000e+06 3.770300000000000000e+04
1.020000000000000000e+06 3.814700000000000000e+04
1.030000000000000000e+06 3.859000000000000000e+04
1.040000000000000000e+06 3.920400000000000000e+04
1.050000000000000000e+06 3.953500000000000000e+04
1.060000000000000000e+06 4.039900000000000000e+04
1.070000000000000000e+06 4.061000000000000000e+04
1.080000000000000000e+06 4.104600000000000000e+04
1.090000000000000000e+06 4.144100000000000000e+04
1.100000000000000000e+06 4.149600000000000000e+04
1.110000000000000000e+06 4.187400000000000000e+04
1.120000000000000000e+06 4.218500000000000000e+04
1.130000000000000000e+06 4.196400000000000000e+04
1.140000000000000000e+06 4.254000000000000000e+04
1.150000000000000000e+06 4.223500000000000000e+04
1.160000000000000000e+06 4.281700000000000000e+04
1.170000000000000000e+06 4.242400000000000000e+04
1.180000000000000000e+06 4.251800000000000000e+04
1.190000000000000000e+06 4.306800000000000000e+04
1.200000000000000000e+06 4.270100000000000000e+04
1.210000000000000000e+06 4.303600000000000000e+04
1.220000000000000000e+06 4.256600000000000000e+04
1.230000000000000000e+06 4.231900000000000000e+04
1.240000000000000000e+06 4.214800000000000000e+04
1.250000000000000000e+06 4.233200000000000000e+04
1.260000000000000000e+06 4.204100000000000000e+04
1.270000000000000000e+06 4.178000000000000000e+04
1.280000000000000000e+06 4.145800000000000000e+04
1.290000000000000000e+06 4.109600000000000000e+04
1.300000000000000000e+06 4.115200000000000000e+04
1.310000000000000000e+06 4.021600000000000000e+04
1.320000000000000000e+06 4.031300000000000000e+04
1.330000000000000000e+06 3.991900000000000000e+04
1.340000000000000000e+06 3.934100000000000000e+04
1.350000000000000000e+06 3.830500000000000000e+04
1.360000000000000000e+06 3.805000000000000000e+04
1.370000000000000000e+06 3.746900000000000000e+04
1.380000000000000000e+06 3.717400000000000000e+04
1.390000000000000000e+06 3.606800000000000000e+04
1.400000000000000000e+06 3.528100000000000000e+04
1.410000000000000000e+06 3.477400000000000000e+04
1.420000000000000000e+06 3.386000000000000000e+04
1.430000000000000000e+06 3.290400000000000000e+04
1.440000000000000000e+06 3.220200000000000000e+04
1.450000000000000000e+06 3.110800000000000000e+04
1.460000000000000000e+06 3.048600000000000000e+04
1.470000000000000000e+06 2.913500000000000000e+04
1.480000000000000000e+06 2.855600000000000000e+04
1.490000000000000000e+06 2.731600000000000000e+04
1.500000000000000000e+06 2.646400000000000000e+04
1.510000000000000000e+06 2.528800000000000000e+04
1.520000000000000000e+06 2.394900000000000000e+04
1.530000000000000000e+06 2.295500000000000000e+04
1.540000000000000000e+06 2.203300000000000000e+04
1.550000000000000000e+06 2.117000000000000000e+04
1.560000000000000000e+06 2.000600000000000000e+04
1.570000000000000000e+06 1.896400000000000000e+04
1.580000000000000000e+06 1.835200000000000000e+04
1.590000000000000000e+06 1.756700000000000000e+04
1.600000000000000000e+06 1.649300000000000000e+04
1.610000000000000000e+06 1.593100000000000000e+04
1.620000000000000000e+06 1.518800000000000000e+04
1.630000000000000000e+06 1.452600000000000000e+04
1.640000000000000000e+06 1.381400000000000000e+04
1.650000000000000000e+06 1.374200000000000000e+04
1.660000000000000000e+06 1.344100000000000000e+04
1.670000000000000000e+06 1.326300000000000000e+04
1.680000000000000000e+06 1.298400000000000000e+04
1.690000000000000000e+06 1.284200000000000000e+04
1.700000000000000000e+06 1.281200000000000000e+04
1.710000000000000000e+06 1.315900000000000000e+04
1.720000000000000000e+06 1.325500000000000000e+04
1.730000000000000000e+06 1.336500000000000000e+04
1.740000000000000000e+06 1.391700000000000000e+04
1.750000000000000000e+06 1.420400000000000000e+04
1.760000000000000000e+06 1.489300000000000000e+04
1.770000000000000000e+06 1.540000000000000000e+04
1.780000000000000000e+06 1.614000000000000000e+04
1.790000000000000000e+06 1.714400000000000000e+04
1.800000000000000000e+06 1.753700000000000000e+04
1.810000000000000000e+06 1.836100000000000000e+04
1.820000000000000000e+06 1.957700000000000000e+04
1.830000000000000000e+06 2.073900000000000000e+04
1.840000000000000000e+06 2.157500000000000000e+04
1.850000000000000000e+06 2.242600000000000000e+04
1.860000000000000000e+06 2.389200000000000000e+04
1.870000000000000000e+06 2.467400000000000000e+04
1.880000000000000000e+06 2.601100000000000000e+04
1.890000000000000000e+06 2.688600000000000000e+04
1.900000000000000000e+06 2.784200000000000000e+04
1.910000000000000000e+06 2.915100000000000000e+04
1.920000000000000000e+06 2.954600000000000000e+04
1.930000000000000000e+06 3.055900000000000000e+04
1.940000000000000000e+06 3.180400000000000000e+04
1.950000000000000000e+06 3.229800000000000000e+04
1.960000000000000000e+06 3.345600000000000000e+04
1.970000000000000000e+06 3.433600000000000000e+04
1.980000000000000000e+06 3.513800000000000000e+04
1.990000000000000000e+06 3.574000000000000000e+04
