0.000000000000000000e+00 8.114000000000000000e+03
2.000000000000000000e+01 8.417000000000000000e+03
4.000000000000000000e+01 8.745000000000000000e+03
6.000000000000000000e+01 8.763000000000000000e+03
8.000000000000000000e+01 8.974000000000000000e+03
1.000000000000000000e+02 9.198000000000000000e+03
1.200000000000000000e+02 9.378000000000000000e+03
1.400000000000000000e+02 9.518000000000000000e+03
1.600000000000000000e+02 9.916000000000000000e+03
1.800000000000000000e+02 9.861000000000000000e+03
2.000000000000000000e+02 1.006900000000000000e+04
2.200000000000000000e+02 1.037900000000000000e+04
2.400000000000000000e+02 1.047100000000000000e+04
2.600000000000000000e+02 1.059200000000000000e+04
2.800000000000000000e+02 1.075000000000000000e+04
3.000000000000000000e+02 1.077900000000000000e+04
3.200000000000000000e+02 1.070900000000000000e+04
3.400000000000000000e+02 1.109000000000000000e+04
3.600000000000000000e+02 1.105000000000000000e+04
3.800000000000000000e+02 1.115500000000000000e+04
4.000000000000000000e+02 1.096100000000000000e+04
4.200000000000000000e+02 1.128500000000000000e+04
4.400000000000000000e+02 1.121400000000000000e+04
4.600000000000000000e+02 1.119500000000000000e+04
4.800000000000000000e+02 1.130200000000000000e+04
5.000000000000000000e+02 1.133100000000000000e+04
5.200000000000000000e+02 1.119300000000000000e+04
5.400000000000000000e+02 1.133900000000000000e+04
5.600000000000000000e+02 1.133500000000000000e+04
5.800000000000000000e+02 1.140600000000000000e+04
6.000000000000000000e+02 1.137500000000000000e+04
6.200000000000000000e+02 1.127300000000000000e+04
6.400000000000000000e+02 1.135700000000000000e+04
6.600000000000000000e+02 1.120200000000000000e+04
6.800000000000000000e+02 1.107200000000000000e+04
7.000000000000000000e+02 1.090700000000000000e+04
7.200000000000000000e+02 1.073600000000000000e+04
7.400000000000000000e+02 1.086400000000000000e+04
7.600000000000000000e+02 1.073000000000000000e+04
7.800000000000000000e+02 1.059600000000000000e+04
8.000000000000000000e+02 1.054200000000000000e+04
8.200000000000000000e+02 1.037500000000000000e+04
8.400000000000000000e+02 1.004200000000000000e+04
8.600000000000000000e+02 9.929000000000000000e+03
8.800000000000000000e+02 9.805000000000000000e+03
9.000000000000000000e+02 9.614000000000000000e+03
9.200000000000000000e+02 9.645000000000000000e+03
9.400000000000000000e+02 9.332000000000000000e+03
9.600000000000000000e+02 8.984000000000000000e+03
9.800000000000000000e+02 8.855000000000000000e+03
1.000000000000000000e+03 8.660000000000000000e+03
1.020000000000000000e+03 8.425000000000000000e+03
1.040000000000000000e+03 8.287000000000000000e+03
1.060000000000000000e+03 7.970000000000000000e+03
1.080000000000000000e+03 7.778000000000000000e+03
1.100000000000000000e+03 7.483000000000000000e+03
1.120000000000000000e+03 7.440000000000000000e+03
1.140000000000000000e+03 7.070000000000000000e+03
1.160000000000000000e+03 6.806000000000000000e+03
1.180000000000000000e+03 6.514000000000000000e+03
1.200000000000000000e+03 6.424000000000000000e+03
1.220000000000000000e+03 6.191000000000000000e+03
1.240000000000000000e+03 5.975000000000000000e+03
1.260000000000000000e+03 5.826000000000000000e+03
1.280000000000000000e+03 5.637000000000000000e+03
1.300000000000000000e+03 5.765000000000000000e+03
1.320000000000000000e+03 5.456000000000000000e+03
1.340000000000000000e+03 5.338000000000000000e+03
1.360000000000000000e+03 5.147000000000000000e+03
1.380000000000000000e+03 4.833000000000000000e+03
1.400000000000000000e+03 4.918000000000000000e+03
1.420000000000000000e+03 4.728000000000000000e+03
1.440000000000000000e+03 4.655000000000000000e+03
1.460000000000000000e+03 4.698000000000000000e+03
1.480000000000000000e+03 4.537000000000000000e+03
1.500000000000000000e+03 4.367000000000000000e+03
1.520000000000000000e+03 4.311000000000000000e+03
1.540000000000000000e+03 4.406000000000000000e+03
1.560000000000000000e+03 4.356000000000000000e+03
1.580000000000000000e+03 4.347000000000000000e+03
1.600000000000000000e+03 4.600000000000000000e+03
1.620000000000000000e+03 4.514000000000000000e+03
1.640000000000000000e+03 4.563000000000000000e+03
1.660000000000000000e+03 4.747000000000000000e+03
1.680000000000000000e+03 4.696000000000000000e+03
1.700000000000000000e+03 4.966000000000000000e+03
1.720000000000000000e+03 5.023000000000000000e+03
1.740000000000000000e+03 5.141000000000000000e+03
1.760000000000000000e+03 5.309000000000000000e+03
1.780000000000000000e+03 5.522000000000000000e+03
1.800000000000000000e+03 5.711000000000000000e+03
1.820000000000000000e+03 5.920000000000000000e+03
1.840000000000000000e+03 6.188000000000000000e+03
1.860000000000000000e+03 6.341000000000000000e+03
1.880000000000000000e+03 6.692000000000000000e+03
1.900000000000000000e+03 6.931000000000000000e+03
1.920000000000000000e+03 7.133000000000000000e+03
1.940000000000000000e+03 7.522000000000000000e+03
1.960000000000000000e+03 7.759000000000000000e+03
1.980000000000000000e+03 7.988000000000000000e+03
2.000000000000000000e+03 8.216000000000000000e+03
2.020000000000000000e+03 8.317000000000000000e+03
2.040000000000000000e+03 8.484000000000000000e+03
2.060000000000000000e+03 8.794000000000000000e+03
2.080000000000000000e+03 8.967000000000000000e+03
2.100000000000000000e+03 9.219000000000000000e+03
2.120000000000000000e+03 9.479000000000000000e+03
2.140000000000000000e+03 9.703000000000000000e+03
2.160000000000000000e+03 9.745000000000000000e+03
2.180000000000000000e+03 9.785000000000000000e+03
2.200000000000000000e+03 1.008600000000000000e+04
2.220000000000000000e+03 1.050200000000000000e+04
2.240000000000000000e+03 1.039900000000000000e+04
2.260000000000000000e+03 1.040700000000000000e+04
2.280000000000000000e+03 1.055700000000000000e+04
2.300000000000000000e+03 1.083600000000000000e+04
2.320000000000000000e+03 1.078800000000000000e+04
2.340000000000000000e+03 1.091100000000000000e+04
2.360000000000000000e+03 1.114400000000000000e+04
2.380000000000000000e+03 1.099900000000000000e+04
2.400000000000000000e+03 1.103400000000000000e+04
2.420000000000000000e+03 1.105400000000000000e+04
2.440000000000000000e+03 1.136800000000000000e+04
2.460000000000000000e+03 1.127900000000000000e+04
2.480000000000000000e+03 1.114900000000000000e+04
2.500000000000000000e+03 1.124500000000000000e+04
2.520000000000000000e+03 1.113900000000000000e+04
2.540000000000000000e+03 1.124300000000000000e+04
2.560000000000000000e+03 1.107600000000000000e+04
2.580000000000000000e+03 1.131700000000000000e+04
2.600000000000000000e+03 1.121800000000000000e+04
2.620000000000000000e+03 1.114200000000000000e+04
2.640000000000000000e+03 1.102300000000000000e+04
2.660000000000000000e+03 1.121300000000000000e+04
2.680000000000000000e+03 1.106300000000000000e+04
2.700000000000000000e+03 1.104500000000000000e+04
2.720000000000000000e+03 1.074100000000000000e+04
2.740000000000000000e+03 1.078300000000000000e+04
2.760000000000000000e+03 1.070100000000000000e+04
2.780000000000000000e+03 1.062200000000000000e+04
2.800000000000000000e+03 1.047600000000000000e+04
2.820000000000000000e+03 1.034700000000000000e+04
2.840000000000000000e+03 1.010200000000000000e+04
2.860000000000000000e+03 1.010100000000000000e+04
2.880000000000000000e+03 9.828000000000000000e+03
2.900000000000000000e+03 9.766000000000000000e+03
2.920000000000000000e+03 9.321000000000000000e+03
2.940000000000000000e+03 9.391000000000000000e+03
2.960000000000000000e+03 8.960000000000000000e+03
2.980000000000000000e+03 8.935000000000000000e+03
3.000000000000000000e+03 8.623000000000000000e+03
3.020000000000000000e+03 8.307000000000000000e+03
3.040000000000000000e+03 8.297000000000000000e+03
3.060000000000000000e+03 7.905000000000000000e+03
3.080000000000000000e+03 7.735000000000000000e+03
3.100000000000000000e+03 7.417000000000000000e+03
3.120000000000000000e+03 7.266000000000000000e+03
3.140000000000000000e+03 7.122000000000000000e+03
3.160000000000000000e+03 6.936000000000000000e+03
3.180000000000000000e+03 6.527000000000000000e+03
3.200000000000000000e+03 6.384000000000000000e+03
3.220000000000000000e+03 6.155000000000000000e+03
3.240000000000000000e+03 6.069000000000000000e+03
3.260000000000000000e+03 5.760000000000000000e+03
3.280000000000000000e+03 5.762000000000000000e+03
3.300000000000000000e+03 5.350000000000000000e+03
3.320000000000000000e+03 5.378000000000000000e+03
3.340000000000000000e+03 5.367000000000000000e+03
3.360000000000000000e+03 5.163000000000000000e+03
3.380000000000000000e+03 4.978000000000000000e+03
3.400000000000000000e+03 4.843000000000000000e+03
3.420000000000000000e+03 4.639000000000000000e+03
3.440000000000000000e+03 4.679000000000000000e+03
3.460000000000000000e+03 4.527000000000000000e+03
3.480000000000000000e+03 4.487000000000000000e+03
3.500000000000000000e+03 4.429000000000000000e+03
3.520000000000000000e+03 4.543000000000000000e+03
3.540000000000000000e+03 4.441000000000000000e+03
3.560000000000000000e+03 4.411000000000000000e+03
3.580000000000000000e+03 4.391000000000000000e+03
3.600000000000000000e+03 4.451000000000000000e+03
3.620000000000000000e+03 4.501000000000000000e+03
3.640000000000000000e+03 4.573000000000000000e+03
3.660000000000000000e+03 4.660000000000000000e+03
3.680000000000000000e+03 4.733000000000000000e+03
3.700000000000000000e+03 5.026000000000000000e+03
3.720000000000000000e+03 4.972000000000000000e+03
3.740000000000000000e+03 5.113000000000000000e+03
3.760000000000000000e+03 5.341000000000000000e+03
3.780000000000000000e+03 5.471000000000000000e+03
3.800000000000000000e+03 5.796000000000000000e+03
3.820000000000000000e+03 6.078000000000000000e+03
3.840000000000000000e+03 6.153000000000000000e+03
3.860000000000000000e+03 6.468000000000000000e+03
3.880000000000000000e+03 6.687000000000000000e+03
3.900000000000000000e+03 6.952000000000000000e+03
3.920000000000000000e+03 7.274000000000000000e+03
3.940000000000000000e+03 7.394000000000000000e+03
3.960000000000000000e+03 7.803000000000000000e+03
3.980000000000000000e+03 7.960000000000000000e+03
