0.000000000000000000e+00 1.241800000000000000e+04
3.330000000000000000e+02 1.273600000000000000e+04
6.660000000000000000e+02 1.300200000000000000e+04
9.990000000000000000e+02 1.306800000000000000e+04
1.332000000000000000e+03 1.353100000000000000e+04
1.665000000000000000e+03 1.353600000000000000e+04
1.998000000000000000e+03 1.366100000000000000e+04
2.331000000000000000e+03 1.363100000000000000e+04
2.664000000000000000e+03 1.385700000000000000e+04
2.997000000000000000e+03 1.398900000000000000e+04
3.330000000000000000e+03 1.415700000000000000e+04
3.663000000000000000e+03 1.406700000000000000e+04
3.996000000000000000e+03 1.412200000000000000e+04
4.329000000000000000e+03 1.443700000000000000e+04
4.662000000000000000e+03 1.426800000000000000e+04
4.995000000000000000e+03 1.447300000000000000e+04
5.328000000000000000e+03 1.433200000000000000e+04
5.661000000000000000e+03 1.455800000000000000e+04
5.994000000000000000e+03 1.449600000000000000e+04
6.327000000000000000e+03 1.443800000000000000e+04
6.660000000000000000e+03 1.475000000000000000e+04
6.993000000000000000e+03 1.435900000000000000e+04
7.326000000000000000e+03 1.444500000000000000e+04
7.659000000000000000e+03 1.406700000000000000e+04
7.992000000000000000e+03 1.449100000000000000e+04
8.325000000000000000e+03 1.460700000000000000e+04
8.658000000000000000e+03 1.441600000000000000e+04
8.991000000000000000e+03 1.436300000000000000e+04
9.324000000000000000e+03 1.413900000000000000e+04
9.657000000000000000e+03 1.404100000000000000e+04
9.990000000000000000e+03 1.389700000000000000e+04
1.032300000000000000e+04 1.364400000000000000e+04
1.065600000000000000e+04 1.348100000000000000e+04
1.098900000000000000e+04 1.324100000000000000e+04
1.132200000000000000e+04 1.328300000000000000e+04
1.165500000000000000e+04 1.340200000000000000e+04
1.198800000000000000e+04 1.331300000000000000e+04
1.232100000000000000e+04 1.299700000000000000e+04
1.265400000000000000e+04 1.259000000000000000e+04
1.298700000000000000e+04 1.235000000000000000e+04
1.332000000000000000e+04 1.211200000000000000e+04
1.365300000000000000e+04 1.177400000000000000e+04
1.398600000000000000e+04 1.166400000000000000e+04
1.431900000000000000e+04 1.139900000000000000e+04
1.465200000000000000e+04 1.089700000000000000e+04
1.498500000000000000e+04 1.059700000000000000e+04
1.531800000000000000e+04 1.040400000000000000e+04
1.565100000000000000e+04 1.023000000000000000e+04
1.598400000000000000e+04 9.753000000000000000e+03
1.631700000000000000e+04 9.193000000000000000e+03
1.665000000000000000e+04 8.930000000000000000e+03
1.698300000000000000e+04 8.705000000000000000e+03
1.731600000000000000e+04 8.258000000000000000e+03
1.764900000000000000e+04 7.983000000000000000e+03
1.798200000000000000e+04 7.601000000000000000e+03
1.831500000000000000e+04 7.339000000000000000e+03
1.864800000000000000e+04 6.986000000000000000e+03
1.898100000000000000e+04 6.629000000000000000e+03
1.931400000000000000e+04 6.302000000000000000e+03
1.964700000000000000e+04 6.131000000000000000e+03
1.998000000000000000e+04 5.747000000000000000e+03
2.031300000000000000e+04 5.412000000000000000e+03
2.064600000000000000e+04 5.265000000000000000e+03
2.097900000000000000e+04 5.118000000000000000e+03
2.131200000000000000e+04 4.980000000000000000e+03
2.164500000000000000e+04 4.868000000000000000e+03
2.197800000000000000e+04 4.656000000000000000e+03
2.231100000000000000e+04 4.710000000000000000e+03
2.264400000000000000e+04 4.636000000000000000e+03
2.297700000000000000e+04 4.482000000000000000e+03
2.331000000000000000e+04 4.463000000000000000e+03
2.364300000000000000e+04 4.528000000000000000e+03
2.397600000000000000e+04 4.505000000000000000e+03
2.430900000000000000e+04 4.448000000000000000e+03
2.464200000000000000e+04 4.700000000000000000e+03
2.497500000000000000e+04 4.742000000000000000e+03
2.530800000000000000e+04 4.933000000000000000e+03
2.564100000000000000e+04 5.175000000000000000e+03
2.597400000000000000e+04 5.384000000000000000e+03
2.630700000000000000e+04 5.673000000000000000e+03
2.664000000000000000e+04 5.904000000000000000e+03
2.697300000000000000e+04 6.326000000000000000e+03
2.730600000000000000e+04 6.476000000000000000e+03
2.763900000000000000e+04 6.898000000000000000e+03
2.797200000000000000e+04 7.218000000000000000e+03
2.830500000000000000e+04 7.679000000000000000e+03
2.863800000000000000e+04 8.004000000000000000e+03
2.897100000000000000e+04 8.428000000000000000e+03
2.930400000000000000e+04 8.692000000000000000e+03
2.963700000000000000e+04 9.179000000000000000e+03
2.997000000000000000e+04 9.441000000000000000e+03
3.030300000000000000e+04 9.736000000000000000e+03
3.063600000000000000e+04 1.023200000000000000e+04
3.096900000000000000e+04 1.045400000000000000e+04
3.130200000000000000e+04 1.079800000000000000e+04
3.163500000000000000e+04 1.106500000000000000e+04
3.196800000000000000e+04 1.123100000000000000e+04
3.230100000000000000e+04 1.187200000000000000e+04
3.263400000000000000e+04 1.208100000000000000e+04
3.296700000000000000e+04 1.241000000000000000e+04
3.330000000000000000e+04 1.235400000000000000e+04
3.363300000000000000e+04 1.247600000000000000e+04
3.396600000000000000e+04 1.294500000000000000e+04
3.429900000000000000e+04 1.321600000000000000e+04
3.463200000000000000e+04 1.351100000000000000e+04
3.496500000000000000e+04 1.359300000000000000e+04
3.529800000000000000e+04 1.383900000000000000e+04
3.563100000000000000e+04 1.391700000000000000e+04
3.596400000000000000e+04 1.388700000000000000e+04
3.629700000000000000e+04 1.409300000000000000e+04
3.663000000000000000e+04 1.401500000000000000e+04
3.696300000000000000e+04 1.437200000000000000e+04
3.729600000000000000e+04 1.420900000000000000e+04
3.762900000000000000e+04 1.437500000000000000e+04
3.796200000000000000e+04 1.448800000000000000e+04
3.829500000000000000e+04 1.450100000000000000e+04
3.862800000000000000e+04 1.437800000000000000e+04
3.896100000000000000e+04 1.456900000000000000e+04
3.929400000000000000e+04 1.477900000000000000e+04
3.962700000000000000e+04 1.487600000000000000e+04
3.996000000000000000e+04 1.464800000000000000e+04
4.029300000000000000e+04 1.444300000000000000e+04
4.062600000000000000e+04 1.441900000000000000e+04
4.095900000000000000e+04 1.453500000000000000e+04
4.129200000000000000e+04 1.434100000000000000e+04
4.162500000000000000e+04 1.465600000000000000e+04
4.195800000000000000e+04 1.416700000000000000e+04
4.229100000000000000e+04 1.435300000000000000e+04
4.262400000000000000e+04 1.431900000000000000e+04
4.295700000000000000e+04 1.415800000000000000e+04
4.329000000000000000e+04 1.390800000000000000e+04
4.362300000000000000e+04 1.383900000000000000e+04
4.395600000000000000e+04 1.362200000000000000e+04
4.428900000000000000e+04 1.351500000000000000e+04
4.462200000000000000e+04 1.343700000000000000e+04
4.495500000000000000e+04 1.318400000000000000e+04
4.528800000000000000e+04 1.296300000000000000e+04
4.562100000000000000e+04 1.327500000000000000e+04
4.595400000000000000e+04 1.281700000000000000e+04
4.628700000000000000e+04 1.221600000000000000e+04
4.662000000000000000e+04 1.206800000000000000e+04
4.695300000000000000e+04 1.190000000000000000e+04
4.728600000000000000e+04 1.147000000000000000e+04
4.761900000000000000e+04 1.122300000000000000e+04
4.795200000000000000e+04 1.106800000000000000e+04
4.828500000000000000e+04 1.081500000000000000e+04
4.861800000000000000e+04 1.022300000000000000e+04
4.895100000000000000e+04 1.026700000000000000e+04
4.928400000000000000e+04 9.844000000000000000e+03
4.961700000000000000e+04 9.447000000000000000e+03
4.995000000000000000e+04 9.171000000000000000e+03
5.028300000000000000e+04 8.538000000000000000e+03
5.061600000000000000e+04 8.374000000000000000e+03
5.094900000000000000e+04 8.105000000000000000e+03
5.128200000000000000e+04 7.690000000000000000e+03
5.161500000000000000e+04 7.264000000000000000e+03
5.194800000000000000e+04 7.144000000000000000e+03
5.228100000000000000e+04 6.572000000000000000e+03
5.261400000000000000e+04 6.556000000000000000e+03
5.294700000000000000e+04 6.038000000000000000e+03
5.328000000000000000e+04 6.039000000000000000e+03
5.361300000000000000e+04 5.434000000000000000e+03
5.394600000000000000e+04 5.343000000000000000e+03
5.427900000000000000e+04 5.123000000000000000e+03
5.461200000000000000e+04 5.125000000000000000e+03
5.494500000000000000e+04 4.705000000000000000e+03
5.527800000000000000e+04 4.729000000000000000e+03
5.561100000000000000e+04 4.780000000000000000e+03
5.594400000000000000e+04 4.512000000000000000e+03
5.627700000000000000e+04 4.578000000000000000e+03
5.661000000000000000e+04 4.491000000000000000e+03
5.694300000000000000e+04 4.439000000000000000e+03
5.727600000000000000e+04 4.509000000000000000e+03
5.760900000000000000e+04 4.650000000000000000e+03
5.794200000000000000e+04 4.718000000000000000e+03
5.827500000000000000e+04 4.768000000000000000e+03
5.860800000000000000e+04 4.908000000000000000e+03
5.894100000000000000e+04 5.136000000000000000e+03
5.927400000000000000e+04 5.312000000000000000e+03
5.960700000000000000e+04 5.714000000000000000e+03
5.994000000000000000e+04 5.850000000000000000e+03
6.027300000000000000e+04 6.413000000000000000e+03
6.060600000000000000e+04 6.562000000000000000e+03
6.093900000000000000e+04 6.832000000000000000e+03
6.127200000000000000e+04 7.392000000000000000e+03
6.160500000000000000e+04 7.601000000000000000e+03
6.193800000000000000e+04 7.827000000000000000e+03
6.227100000000000000e+04 8.075000000000000000e+03
6.260400000000000000e+04 8.667000000000000000e+03
6.293700000000000000e+04 9.034000000000000000e+03
6.327000000000000000e+04 9.550000000000000000e+03
6.360300000000000000e+04 9.838000000000000000e+03
6.393600000000000000e+04 1.003800000000000000e+04
6.426900000000000000e+04 1.035200000000000000e+04
6.460200000000000000e+04 1.059500000000000000e+04
6.493500000000000000e+04 1.107300000000000000e+04
6.526800000000000000e+04 1.156500000000000000e+04
6.560100000000000000e+04 1.163800000000000000e+04
6.593400000000000000e+04 1.187700000000000000e+04
6.626700000000000000e+04 1.216300000000000000e+04
