0.000000000000000000e+00 1.093800000000000000e+04
1.420000000000000000e+02 1.115600000000000000e+04
2.840000000000000000e+02 1.156900000000000000e+04
4.260000000000000000e+02 1.172700000000000000e+04
5.680000000000000000e+02 1.182500000000000000e+04
7.100000000000000000e+02 1.208000000000000000e+04
8.520000000000000000e+02 1.215600000000000000e+04
9.940000000000000000e+02 1.212300000000000000e+04
1.136000000000000000e+03 1.218900000000000000e+04
1.278000000000000000e+03 1.232900000000000000e+04
1.420000000000000000e+03 1.228800000000000000e+04
1.562000000000000000e+03 1.266500000000000000e+04
1.704000000000000000e+03 1.263900000000000000e+04
1.846000000000000000e+03 1.277600000000000000e+04
1.988000000000000000e+03 1.277500000000000000e+04
2.130000000000000000e+03 1.282100000000000000e+04
2.272000000000000000e+03 1.268500000000000000e+04
2.414000000000000000e+03 1.290300000000000000e+04
2.556000000000000000e+03 1.270700000000000000e+04
2.698000000000000000e+03 1.280600000000000000e+04
2.840000000000000000e+03 1.275000000000000000e+04
2.982000000000000000e+03 1.283500000000000000e+04
3.124000000000000000e+03 1.293100000000000000e+04
3.266000000000000000e+03 1.288000000000000000e+04
3.408000000000000000e+03 1.278400000000000000e+04
3.550000000000000000e+03 1.276400000000000000e+04
3.692000000000000000e+03 1.301800000000000000e+04
3.834000000000000000e+03 1.268600000000000000e+04
3.976000000000000000e+03 1.261900000000000000e+04
4.118000000000000000e+03 1.266500000000000000e+04
4.260000000000000000e+03 1.237600000000000000e+04
4.402000000000000000e+03 1.227100000000000000e+04
4.544000000000000000e+03 1.227000000000000000e+04
4.686000000000000000e+03 1.239900000000000000e+04
4.828000000000000000e+03 1.201900000000000000e+04
4.970000000000000000e+03 1.184500000000000000e+04
5.112000000000000000e+03 1.183100000000000000e+04
5.254000000000000000e+03 1.159500000000000000e+04
5.396000000000000000e+03 1.132800000000000000e+04
5.538000000000000000e+03 1.105700000000000000e+04
5.680000000000000000e+03 1.082400000000000000e+04
5.822000000000000000e+03 1.059600000000000000e+04
5.964000000000000000e+03 1.056800000000000000e+04
6.106000000000000000e+03 1.014000000000000000e+04
6.248000000000000000e+03 1.002900000000000000e+04
6.390000000000000000e+03 9.671000000000000000e+03
6.532000000000000000e+03 9.524000000000000000e+03
6.674000000000000000e+03 9.276000000000000000e+03
6.816000000000000000e+03 8.860000000000000000e+03
6.958000000000000000e+03 8.617000000000000000e+03
7.100000000000000000e+03 8.170000000000000000e+03
7.242000000000000000e+03 7.866000000000000000e+03
7.384000000000000000e+03 7.639000000000000000e+03
7.526000000000000000e+03 7.377000000000000000e+03
7.668000000000000000e+03 7.136000000000000000e+03
7.810000000000000000e+03 7.019000000000000000e+03
7.952000000000000000e+03 6.395000000000000000e+03
8.094000000000000000e+03 6.349000000000000000e+03
8.236000000000000000e+03 5.949000000000000000e+03
8.378000000000000000e+03 5.669000000000000000e+03
8.520000000000000000e+03 5.455000000000000000e+03
8.662000000000000000e+03 5.244000000000000000e+03
8.804000000000000000e+03 5.114000000000000000e+03
8.946000000000000000e+03 4.905000000000000000e+03
9.088000000000000000e+03 4.703000000000000000e+03
9.230000000000000000e+03 4.560000000000000000e+03
9.372000000000000000e+03 4.386000000000000000e+03
9.514000000000000000e+03 4.283000000000000000e+03
9.656000000000000000e+03 4.301000000000000000e+03
9.798000000000000000e+03 4.086000000000000000e+03
9.940000000000000000e+03 4.062000000000000000e+03
1.008200000000000000e+04 4.095000000000000000e+03
1.022400000000000000e+04 4.017000000000000000e+03
1.036600000000000000e+04 4.000000000000000000e+03
1.050800000000000000e+04 4.183000000000000000e+03
1.065000000000000000e+04 4.220000000000000000e+03
1.079200000000000000e+04 4.370000000000000000e+03
1.093400000000000000e+04 4.355000000000000000e+03
1.107600000000000000e+04 4.591000000000000000e+03
1.121800000000000000e+04 4.799000000000000000e+03
1.136000000000000000e+04 5.154000000000000000e+03
1.150200000000000000e+04 5.275000000000000000e+03
1.164400000000000000e+04 5.478000000000000000e+03
1.178600000000000000e+04 5.852000000000000000e+03
1.192800000000000000e+04 6.101000000000000000e+03
1.207000000000000000e+04 6.485000000000000000e+03
1.221200000000000000e+04 6.790000000000000000e+03
1.235400000000000000e+04 7.184000000000000000e+03
1.249600000000000000e+04 7.464000000000000000e+03
1.263800000000000000e+04 7.678000000000000000e+03
1.278000000000000000e+04 8.187000000000000000e+03
1.292200000000000000e+04 8.276000000000000000e+03
1.306400000000000000e+04 8.613000000000000000e+03
1.320600000000000000e+04 8.958000000000000000e+03
1.334800000000000000e+04 9.506000000000000000e+03
1.349000000000000000e+04 9.685000000000000000e+03
1.363200000000000000e+04 9.927000000000000000e+03
1.377400000000000000e+04 1.016500000000000000e+04
1.391600000000000000e+04 1.054600000000000000e+04
1.405800000000000000e+04 1.074600000000000000e+04
1.420000000000000000e+04 1.086500000000000000e+04
1.434200000000000000e+04 1.096000000000000000e+04
1.448400000000000000e+04 1.143600000000000000e+04
1.462600000000000000e+04 1.149000000000000000e+04
1.476800000000000000e+04 1.150800000000000000e+04
1.491000000000000000e+04 1.189200000000000000e+04
1.505200000000000000e+04 1.205400000000000000e+04
1.519400000000000000e+04 1.225200000000000000e+04
1.533600000000000000e+04 1.233000000000000000e+04
1.547800000000000000e+04 1.249200000000000000e+04
1.562000000000000000e+04 1.252300000000000000e+04
1.576200000000000000e+04 1.247800000000000000e+04
1.590400000000000000e+04 1.277800000000000000e+04
1.604600000000000000e+04 1.257200000000000000e+04
1.618800000000000000e+04 1.268600000000000000e+04
1.633000000000000000e+04 1.286100000000000000e+04
1.647200000000000000e+04 1.292800000000000000e+04
1.661400000000000000e+04 1.289400000000000000e+04
1.675600000000000000e+04 1.303200000000000000e+04
1.689800000000000000e+04 1.288800000000000000e+04
1.704000000000000000e+04 1.299900000000000000e+04
1.718200000000000000e+04 1.293500000000000000e+04
1.732400000000000000e+04 1.288400000000000000e+04
1.746600000000000000e+04 1.292800000000000000e+04
1.760800000000000000e+04 1.296300000000000000e+04
1.775000000000000000e+04 1.271900000000000000e+04
1.789200000000000000e+04 1.249300000000000000e+04
1.803400000000000000e+04 1.273500000000000000e+04
1.817600000000000000e+04 1.266100000000000000e+04
1.831800000000000000e+04 1.250800000000000000e+04
1.846000000000000000e+04 1.251100000000000000e+04
1.860200000000000000e+04 1.223400000000000000e+04
1.874400000000000000e+04 1.230000000000000000e+04
1.888600000000000000e+04 1.230100000000000000e+04
1.902800000000000000e+04 1.202900000000000000e+04
1.917000000000000000e+04 1.185600000000000000e+04
1.931200000000000000e+04 1.172200000000000000e+04
1.945400000000000000e+04 1.156400000000000000e+04
1.959600000000000000e+04 1.154400000000000000e+04
1.973800000000000000e+04 1.137600000000000000e+04
1.988000000000000000e+04 1.095700000000000000e+04
2.002200000000000000e+04 1.082000000000000000e+04
2.016400000000000000e+04 1.061400000000000000e+04
2.030600000000000000e+04 1.039900000000000000e+04
2.044800000000000000e+04 1.012000000000000000e+04
2.059000000000000000e+04 9.829000000000000000e+03
2.073200000000000000e+04 9.616000000000000000e+03
2.087400000000000000e+04 9.305000000000000000e+03
2.101600000000000000e+04 9.152000000000000000e+03
2.115800000000000000e+04 8.766000000000000000e+03
2.130000000000000000e+04 8.549000000000000000e+03
2.144200000000000000e+04 8.145000000000000000e+03
2.158400000000000000e+04 7.794000000000000000e+03
2.172600000000000000e+04 7.648000000000000000e+03
2.186800000000000000e+04 7.263000000000000000e+03
2.201000000000000000e+04 6.927000000000000000e+03
2.215200000000000000e+04 6.760000000000000000e+03
2.229400000000000000e+04 6.422000000000000000e+03
2.243600000000000000e+04 6.198000000000000000e+03
2.257800000000000000e+04 5.885000000000000000e+03
2.272000000000000000e+04 5.780000000000000000e+03
2.286200000000000000e+04 5.458000000000000000e+03
2.300400000000000000e+04 5.224000000000000000e+03
2.314600000000000000e+04 4.965000000000000000e+03
2.328800000000000000e+04 4.829000000000000000e+03
2.343000000000000000e+04 4.697000000000000000e+03
2.357200000000000000e+04 4.430000000000000000e+03
2.371400000000000000e+04 4.416000000000000000e+03
2.385600000000000000e+04 4.279000000000000000e+03
2.399800000000000000e+04 4.180000000000000000e+03
2.414000000000000000e+04 4.109000000000000000e+03
2.428200000000000000e+04 4.086000000000000000e+03
2.442400000000000000e+04 3.955000000000000000e+03
2.456600000000000000e+04 4.136000000000000000e+03
2.470800000000000000e+04 4.112000000000000000e+03
2.485000000000000000e+04 4.255000000000000000e+03
2.499200000000000000e+04 4.200000000000000000e+03
2.513400000000000000e+04 4.506000000000000000e+03
2.527600000000000000e+04 4.497000000000000000e+03
2.541800000000000000e+04 4.712000000000000000e+03
2.556000000000000000e+04 4.826000000000000000e+03
2.570200000000000000e+04 5.167000000000000000e+03
2.584400000000000000e+04 5.415000000000000000e+03
2.598600000000000000e+04 5.523000000000000000e+03
2.612800000000000000e+04 6.058000000000000000e+03
2.627000000000000000e+04 6.191000000000000000e+03
2.641200000000000000e+04 6.397000000000000000e+03
2.655400000000000000e+04 6.693000000000000000e+03
2.669600000000000000e+04 7.197000000000000000e+03
2.683800000000000000e+04 7.332000000000000000e+03
2.698000000000000000e+04 7.913000000000000000e+03
2.712200000000000000e+04 8.025000000000000000e+03
2.726400000000000000e+04 8.318000000000000000e+03
2.740600000000000000e+04 8.906000000000000000e+03
2.754800000000000000e+04 9.201000000000000000e+03
2.769000000000000000e+04 9.423000000000000000e+03
2.783200000000000000e+04 9.829000000000000000e+03
2.797400000000000000e+04 1.008900000000000000e+04
2.811600000000000000e+04 1.036700000000000000e+04
2.825800000000000000e+04 1.053700000000000000e+04
2.840000000000000000e+04 1.095400000000000000e+04
