0.000000000000000000e+00 1.400700000000000000e+04
1.000000000000000000e+03 1.420600000000000000e+04
2.000000000000000000e+03 1.423700000000000000e+04
3.000000000000000000e+03 1.477600000000000000e+04
4.000000000000000000e+03 1.503300000000000000e+04
5.000000000000000000e+03 1.500800000000000000e+04
6.000000000000000000e+03 1.525300000000000000e+04
7.000000000000000000e+03 1.538100000000000000e+04
8.000000000000000000e+03 1.538800000000000000e+04
9.000000000000000000e+03 1.563800000000000000e+04
1.000000000000000000e+04 1.576300000000000000e+04
1.100000000000000000e+04 1.582600000000000000e+04
1.200000000000000000e+04 1.586300000000000000e+04
1.300000000000000000e+04 1.600200000000000000e+04
1.400000000000000000e+04 1.602000000000000000e+04
1.500000000000000000e+04 1.606100000000000000e+04
1.600000000000000000e+04 1.627900000000000000e+04
1.700000000000000000e+04 1.626100000000000000e+04
1.800000000000000000e+04 1.604200000000000000e+04
1.900000000000000000e+04 1.619000000000000000e+04
2.000000000000000000e+04 1.603300000000000000e+04
2.100000000000000000e+04 1.649400000000000000e+04
2.200000000000000000e+04 1.636700000000000000e+04
2.300000000000000000e+04 1.616600000000000000e+04
2.400000000000000000e+04 1.602400000000000000e+04
2.500000000000000000e+04 1.580400000000000000e+04
2.600000000000000000e+04 1.623800000000000000e+04
2.700000000000000000e+04 1.597500000000000000e+04
2.800000000000000000e+04 1.559100000000000000e+04
2.900000000000000000e+04 1.556500000000000000e+04
3.000000000000000000e+04 1.565700000000000000e+04
3.100000000000000000e+04 1.548200000000000000e+04
3.200000000000000000e+04 1.519600000000000000e+04
3.300000000000000000e+04 1.502800000000000000e+04
3.400000000000000000e+04 1.504600000000000000e+04
3.500000000000000000e+04 1.480600000000000000e+04
3.600000000000000000e+04 1.454900000000000000e+04
3.700000000000000000e+04 1.444400000000000000e+04
3.800000000000000000e+04 1.396600000000000000e+04
3.900000000000000000e+04 1.394800000000000000e+04
4.000000000000000000e+04 1.321600000000000000e+04
4.100000000000000000e+04 1.316500000000000000e+04
4.200000000000000000e+04 1.298700000000000000e+04
4.300000000000000000e+04 1.243400000000000000e+04
4.400000000000000000e+04 1.226800000000000000e+04
4.500000000000000000e+04 1.149900000000000000e+04
4.600000000000000000e+04 1.134600000000000000e+04
4.700000000000000000e+04 1.095000000000000000e+04
4.800000000000000000e+04 1.061900000000000000e+04
4.900000000000000000e+04 1.034700000000000000e+04
5.000000000000000000e+04 9.904000000000000000e+03
5.100000000000000000e+04 9.530000000000000000e+03
5.200000000000000000e+04 9.061000000000000000e+03
5.300000000000000000e+04 8.658000000000000000e+03
5.400000000000000000e+04 8.496000000000000000e+03
5.500000000000000000e+04 7.901000000000000000e+03
5.600000000000000000e+04 7.746000000000000000e+03
5.700000000000000000e+04 7.370000000000000000e+03
5.800000000000000000e+04 6.780000000000000000e+03
5.900000000000000000e+04 6.700000000000000000e+03
6.000000000000000000e+04 6.411000000000000000e+03
6.100000000000000000e+04 6.044000000000000000e+03
6.200000000000000000e+04 5.746000000000000000e+03
6.300000000000000000e+04 5.586000000000000000e+03
6.400000000000000000e+04 5.280000000000000000e+03
6.500000000000000000e+04 5.398000000000000000e+03
6.600000000000000000e+04 4.987000000000000000e+03
6.700000000000000000e+04 4.952000000000000000e+03
6.800000000000000000e+04 5.005000000000000000e+03
6.900000000000000000e+04 4.864000000000000000e+03
7.000000000000000000e+04 4.785000000000000000e+03
7.100000000000000000e+04 5.005000000000000000e+03
7.200000000000000000e+04 4.953000000000000000e+03
7.300000000000000000e+04 5.177000000000000000e+03
7.400000000000000000e+04 5.264000000000000000e+03
7.500000000000000000e+04 5.490000000000000000e+03
7.600000000000000000e+04 5.541000000000000000e+03
7.700000000000000000e+04 5.901000000000000000e+03
7.800000000000000000e+04 6.101000000000000000e+03
7.900000000000000000e+04 6.432000000000000000e+03
8.000000000000000000e+04 6.704000000000000000e+03
8.100000000000000000e+04 6.951000000000000000e+03
8.200000000000000000e+04 7.599000000000000000e+03
8.300000000000000000e+04 7.810000000000000000e+03
8.400000000000000000e+04 8.174000000000000000e+03
8.500000000000000000e+04 8.627000000000000000e+03
8.600000000000000000e+04 8.938000000000000000e+03
8.700000000000000000e+04 9.531000000000000000e+03
8.800000000000000000e+04 9.806000000000000000e+03
8.900000000000000000e+04 1.016800000000000000e+04
9.000000000000000000e+04 1.062600000000000000e+04
9.100000000000000000e+04 1.086500000000000000e+04
9.200000000000000000e+04 1.132500000000000000e+04
9.300000000000000000e+04 1.166000000000000000e+04
9.400000000000000000e+04 1.202800000000000000e+04
9.500000000000000000e+04 1.243100000000000000e+04
9.600000000000000000e+04 1.276700000000000000e+04
9.700000000000000000e+04 1.307600000000000000e+04
9.800000000000000000e+04 1.355300000000000000e+04
9.900000000000000000e+04 1.386600000000000000e+04
1.000000000000000000e+05 1.390600000000000000e+04
1.010000000000000000e+05 1.413500000000000000e+04
1.020000000000000000e+05 1.440000000000000000e+04
1.030000000000000000e+05 1.474600000000000000e+04
1.040000000000000000e+05 1.486500000000000000e+04
1.050000000000000000e+05 1.496700000000000000e+04
1.060000000000000000e+05 1.528800000000000000e+04
1.070000000000000000e+05 1.563000000000000000e+04
1.080000000000000000e+05 1.552200000000000000e+04
1.090000000000000000e+05 1.535300000000000000e+04
1.100000000000000000e+05 1.566000000000000000e+04
1.110000000000000000e+05 1.579700000000000000e+04
1.120000000000000000e+05 1.593500000000000000e+04
1.130000000000000000e+05 1.595800000000000000e+04
1.140000000000000000e+05 1.606500000000000000e+04
1.150000000000000000e+05 1.593300000000000000e+04
1.160000000000000000e+05 1.625300000000000000e+04
1.170000000000000000e+05 1.631900000000000000e+04
1.180000000000000000e+05 1.633600000000000000e+04
1.190000000000000000e+05 1.609800000000000000e+04
1.200000000000000000e+05 1.619600000000000000e+04
1.210000000000000000e+05 1.610800000000000000e+04
1.220000000000000000e+05 1.620500000000000000e+04
1.230000000000000000e+05 1.610400000000000000e+04
1.240000000000000000e+05 1.586300000000000000e+04
1.250000000000000000e+05 1.598600000000000000e+04
1.260000000000000000e+05 1.606300000000000000e+04
1.270000000000000000e+05 1.580100000000000000e+04
1.280000000000000000e+05 1.560400000000000000e+04
1.290000000000000000e+05 1.549300000000000000e+04
1.300000000000000000e+05 1.563600000000000000e+04
1.310000000000000000e+05 1.526800000000000000e+04
1.320000000000000000e+05 1.514900000000000000e+04
1.330000000000000000e+05 1.529100000000000000e+04
1.340000000000000000e+05 1.505600000000000000e+04
1.350000000000000000e+05 1.462200000000000000e+04
1.360000000000000000e+05 1.424800000000000000e+04
1.370000000000000000e+05 1.427600000000000000e+04
1.380000000000000000e+05 1.393200000000000000e+04
1.390000000000000000e+05 1.385400000000000000e+04
1.400000000000000000e+05 1.360200000000000000e+04
1.410000000000000000e+05 1.298900000000000000e+04
1.420000000000000000e+05 1.287800000000000000e+04
1.430000000000000000e+05 1.243800000000000000e+04
1.440000000000000000e+05 1.199500000000000000e+04
1.450000000000000000e+05 1.175200000000000000e+04
1.460000000000000000e+05 1.126700000000000000e+04
1.470000000000000000e+05 1.105300000000000000e+04
1.480000000000000000e+05 1.083500000000000000e+04
1.490000000000000000e+05 1.036900000000000000e+04
1.500000000000000000e+05 1.011000000000000000e+04
1.510000000000000000e+05 9.601000000000000000e+03
1.520000000000000000e+05 9.197000000000000000e+03
1.530000000000000000e+05 8.611000000000000000e+03
1.540000000000000000e+05 8.580000000000000000e+03
1.550000000000000000e+05 8.090000000000000000e+03
1.560000000000000000e+05 7.879000000000000000e+03
1.570000000000000000e+05 7.344000000000000000e+03
1.580000000000000000e+05 6.929000000000000000e+03
1.590000000000000000e+05 6.479000000000000000e+03
1.600000000000000000e+05 6.340000000000000000e+03
1.610000000000000000e+05 6.064000000000000000e+03
1.620000000000000000e+05 5.815000000000000000e+03
1.630000000000000000e+05 5.508000000000000000e+03
1.640000000000000000e+05 5.409000000000000000e+03
1.650000000000000000e+05 5.189000000000000000e+03
1.660000000000000000e+05 5.109000000000000000e+03
1.670000000000000000e+05 4.844000000000000000e+03
1.680000000000000000e+05 4.943000000000000000e+03
1.690000000000000000e+05 4.760000000000000000e+03
1.700000000000000000e+05 4.799000000000000000e+03
1.710000000000000000e+05 5.015000000000000000e+03
1.720000000000000000e+05 4.891000000000000000e+03
1.730000000000000000e+05 5.073000000000000000e+03
1.740000000000000000e+05 5.313000000000000000e+03
1.750000000000000000e+05 5.442000000000000000e+03
1.760000000000000000e+05 5.606000000000000000e+03
1.770000000000000000e+05 5.852000000000000000e+03
1.780000000000000000e+05 5.968000000000000000e+03
1.790000000000000000e+05 6.259000000000000000e+03
1.800000000000000000e+05 6.698000000000000000e+03
1.810000000000000000e+05 7.148000000000000000e+03
1.820000000000000000e+05 7.361000000000000000e+03
1.830000000000000000e+05 7.885000000000000000e+03
1.840000000000000000e+05 8.230000000000000000e+03
1.850000000000000000e+05 8.628000000000000000e+03
1.860000000000000000e+05 8.985000000000000000e+03
1.870000000000000000e+05 9.663000000000000000e+03
1.880000000000000000e+05 9.755000000000000000e+03
1.890000000000000000e+05 1.027300000000000000e+04
1.900000000000000000e+05 1.032100000000000000e+04
1.910000000000000000e+05 1.104100000000000000e+04
1.920000000000000000e+05 1.144000000000000000e+04
1.930000000000000000e+05 1.171900000000000000e+04
1.940000000000000000e+05 1.200900000000000000e+04
1.950000000000000000e+05 1.236200000000000000e+04
1.960000000000000000e+05 1.277800000000000000e+04
1.970000000000000000e+05 1.285100000000000000e+04
1.980000000000000000e+05 1.322700000000000000e+04
1.990000000000000000e+05 1.360500000000000000e+04
