0.000000000000000000e+00 1.427100000000000000e+04
1.428000000000000000e+03 1.426400000000000000e+04
2.856000000000000000e+03 1.467200000000000000e+04
4.284000000000000000e+03 1.532300000000000000e+04
5.712000000000000000e+03 1.517700000000000000e+04
7.140000000000000000e+03 1.510300000000000000e+04
8.568000000000000000e+03 1.573800000000000000e+04
9.996000000000000000e+03 1.539900000000000000e+04
1.142400000000000000e+04 1.571100000000000000e+04
1.285200000000000000e+04 1.581800000000000000e+04
1.428000000000000000e+04 1.603100000000000000e+04
1.570800000000000000e+04 1.625500000000000000e+04
1.713600000000000000e+04 1.641400000000000000e+04
1.856400000000000000e+04 1.643700000000000000e+04
1.999200000000000000e+04 1.623700000000000000e+04
2.142000000000000000e+04 1.650100000000000000e+04
2.284800000000000000e+04 1.650800000000000000e+04
2.427600000000000000e+04 1.674500000000000000e+04
2.570400000000000000e+04 1.663400000000000000e+04
2.713200000000000000e+04 1.658600000000000000e+04
2.856000000000000000e+04 1.658700000000000000e+04
2.998800000000000000e+04 1.666300000000000000e+04
3.141600000000000000e+04 1.658500000000000000e+04
3.284400000000000000e+04 1.641300000000000000e+04
3.427200000000000000e+04 1.646700000000000000e+04
3.570000000000000000e+04 1.670300000000000000e+04
3.712800000000000000e+04 1.630300000000000000e+04
3.855600000000000000e+04 1.609300000000000000e+04
3.998400000000000000e+04 1.632600000000000000e+04
4.141200000000000000e+04 1.599800000000000000e+04
4.284000000000000000e+04 1.589300000000000000e+04
4.426800000000000000e+04 1.568400000000000000e+04
4.569600000000000000e+04 1.548200000000000000e+04
4.712400000000000000e+04 1.537600000000000000e+04
4.855200000000000000e+04 1.528800000000000000e+04
4.998000000000000000e+04 1.504000000000000000e+04
5.140800000000000000e+04 1.482500000000000000e+04
5.283600000000000000e+04 1.451100000000000000e+04
5.426400000000000000e+04 1.436900000000000000e+04
5.569200000000000000e+04 1.402000000000000000e+04
5.712000000000000000e+04 1.373900000000000000e+04
5.854800000000000000e+04 1.342000000000000000e+04
5.997600000000000000e+04 1.308100000000000000e+04
6.140400000000000000e+04 1.271200000000000000e+04
6.283200000000000000e+04 1.233700000000000000e+04
6.426000000000000000e+04 1.204300000000000000e+04
6.568800000000000000e+04 1.151800000000000000e+04
6.711600000000000000e+04 1.143300000000000000e+04
6.854400000000000000e+04 1.097900000000000000e+04
6.997200000000000000e+04 1.032200000000000000e+04
7.140000000000000000e+04 1.016100000000000000e+04
7.282800000000000000e+04 9.880000000000000000e+03
7.425600000000000000e+04 9.325000000000000000e+03
7.568400000000000000e+04 9.060000000000000000e+03
7.711200000000000000e+04 8.449000000000000000e+03
7.854000000000000000e+04 8.134000000000000000e+03
7.996800000000000000e+04 7.790000000000000000e+03
8.139600000000000000e+04 7.644000000000000000e+03
8.282400000000000000e+04 7.045000000000000000e+03
8.425200000000000000e+04 6.710000000000000000e+03
8.568000000000000000e+04 6.466000000000000000e+03
8.710800000000000000e+04 6.099000000000000000e+03
8.853600000000000000e+04 5.816000000000000000e+03
8.996400000000000000e+04 5.713000000000000000e+03
9.139200000000000000e+04 5.364000000000000000e+03
9.282000000000000000e+04 5.329000000000000000e+03
9.424800000000000000e+04 5.160000000000000000e+03
9.567600000000000000e+04 5.010000000000000000e+03
9.710400000000000000e+04 4.952000000000000000e+03
9.853200000000000000e+04 4.999000000000000000e+03
9.996000000000000000e+04 5.018000000000000000e+03
1.013880000000000000e+05 5.100000000000000000e+03
1.028160000000000000e+05 5.165000000000000000e+03
1.042440000000000000e+05 5.186000000000000000e+03
1.056720000000000000e+05 5.390000000000000000e+03
1.071000000000000000e+05 5.498000000000000000e+03
1.085280000000000000e+05 5.602000000000000000e+03
1.099560000000000000e+05 5.980000000000000000e+03
1.113840000000000000e+05 6.049000000000000000e+03
1.128120000000000000e+05 6.663000000000000000e+03
1.142400000000000000e+05 6.814000000000000000e+03
1.156680000000000000e+05 7.253000000000000000e+03
1.170960000000000000e+05 7.572000000000000000e+03
1.185240000000000000e+05 7.981000000000000000e+03
1.199520000000000000e+05 8.392000000000000000e+03
1.213800000000000000e+05 8.784000000000000000e+03
1.228080000000000000e+05 9.088000000000000000e+03
1.242360000000000000e+05 9.503000000000000000e+03
1.256640000000000000e+05 9.919000000000000000e+03
1.270920000000000000e+05 1.035800000000000000e+04
1.285200000000000000e+05 1.084100000000000000e+04
1.299480000000000000e+05 1.120700000000000000e+04
1.313760000000000000e+05 1.160200000000000000e+04
1.328040000000000000e+05 1.197300000000000000e+04
1.342320000000000000e+05 1.236800000000000000e+04
1.356600000000000000e+05 1.302200000000000000e+04
1.370880000000000000e+05 1.296100000000000000e+04
1.385160000000000000e+05 1.323400000000000000e+04
1.399440000000000000e+05 1.370800000000000000e+04
1.413720000000000000e+05 1.398200000000000000e+04
1.428000000000000000e+05 1.439600000000000000e+04
1.442280000000000000e+05 1.448800000000000000e+04
1.456560000000000000e+05 1.489200000000000000e+04
1.470840000000000000e+05 1.503000000000000000e+04
1.485120000000000000e+05 1.522300000000000000e+04
1.499400000000000000e+05 1.557800000000000000e+04
1.513680000000000000e+05 1.543900000000000000e+04
1.527960000000000000e+05 1.562300000000000000e+04
1.542240000000000000e+05 1.581500000000000000e+04
1.556520000000000000e+05 1.574300000000000000e+04
1.570800000000000000e+05 1.601800000000000000e+04
1.585080000000000000e+05 1.619100000000000000e+04
1.599360000000000000e+05 1.612500000000000000e+04
1.613640000000000000e+05 1.616800000000000000e+04
1.627920000000000000e+05 1.632000000000000000e+04
1.642200000000000000e+05 1.646100000000000000e+04
1.656480000000000000e+05 1.645600000000000000e+04
1.670760000000000000e+05 1.649300000000000000e+04
1.685040000000000000e+05 1.665300000000000000e+04
1.699320000000000000e+05 1.637200000000000000e+04
1.713600000000000000e+05 1.668400000000000000e+04
1.727880000000000000e+05 1.661200000000000000e+04
1.742160000000000000e+05 1.655600000000000000e+04
1.756440000000000000e+05 1.646900000000000000e+04
1.770720000000000000e+05 1.638800000000000000e+04
1.785000000000000000e+05 1.641500000000000000e+04
1.799280000000000000e+05 1.606800000000000000e+04
1.813560000000000000e+05 1.614700000000000000e+04
1.827840000000000000e+05 1.624300000000000000e+04
1.842120000000000000e+05 1.591300000000000000e+04
1.856400000000000000e+05 1.575400000000000000e+04
1.870680000000000000e+05 1.551200000000000000e+04
1.884960000000000000e+05 1.580300000000000000e+04
1.899240000000000000e+05 1.547500000000000000e+04
1.913520000000000000e+05 1.539500000000000000e+04
1.927800000000000000e+05 1.498000000000000000e+04
1.942080000000000000e+05 1.489400000000000000e+04
1.956360000000000000e+05 1.443200000000000000e+04
1.970640000000000000e+05 1.430700000000000000e+04
1.984920000000000000e+05 1.410300000000000000e+04
1.999200000000000000e+05 1.371700000000000000e+04
2.013480000000000000e+05 1.349100000000000000e+04
2.027760000000000000e+05 1.293300000000000000e+04
2.042040000000000000e+05 1.296200000000000000e+04
2.056320000000000000e+05 1.234000000000000000e+04
2.070600000000000000e+05 1.196600000000000000e+04
2.084880000000000000e+05 1.174700000000000000e+04
2.099160000000000000e+05 1.126700000000000000e+04
2.113440000000000000e+05 1.105400000000000000e+04
2.127720000000000000e+05 1.060400000000000000e+04
2.142000000000000000e+05 1.011400000000000000e+04
2.156280000000000000e+05 9.683000000000000000e+03
2.170560000000000000e+05 9.319000000000000000e+03
2.184840000000000000e+05 9.083000000000000000e+03
2.199120000000000000e+05 8.664000000000000000e+03
2.213400000000000000e+05 8.214000000000000000e+03
2.227680000000000000e+05 7.882000000000000000e+03
2.241960000000000000e+05 7.566000000000000000e+03
2.256240000000000000e+05 7.059000000000000000e+03
2.270520000000000000e+05 6.837000000000000000e+03
2.284800000000000000e+05 6.428000000000000000e+03
2.299080000000000000e+05 6.100000000000000000e+03
2.313360000000000000e+05 5.924000000000000000e+03
2.327640000000000000e+05 5.811000000000000000e+03
2.341920000000000000e+05 5.552000000000000000e+03
2.356200000000000000e+05 5.256000000000000000e+03
2.370480000000000000e+05 5.037000000000000000e+03
2.384760000000000000e+05 4.979000000000000000e+03
2.399040000000000000e+05 5.099000000000000000e+03
2.413320000000000000e+05 4.959000000000000000e+03
2.427600000000000000e+05 5.071000000000000000e+03
2.441880000000000000e+05 4.942000000000000000e+03
2.456160000000000000e+05 4.940000000000000000e+03
2.470440000000000000e+05 5.251000000000000000e+03
2.484720000000000000e+05 5.293000000000000000e+03
2.499000000000000000e+05 5.669000000000000000e+03
2.513280000000000000e+05 5.734000000000000000e+03
2.527560000000000000e+05 6.033000000000000000e+03
2.541840000000000000e+05 6.389000000000000000e+03
2.556120000000000000e+05 6.620000000000000000e+03
2.570400000000000000e+05 6.938000000000000000e+03
2.584680000000000000e+05 7.246000000000000000e+03
2.598960000000000000e+05 7.651000000000000000e+03
2.613240000000000000e+05 7.881000000000000000e+03
2.627520000000000000e+05 8.331000000000000000e+03
2.641800000000000000e+05 8.758000000000000000e+03
2.656080000000000000e+05 9.171000000000000000e+03
2.670360000000000000e+05 9.676000000000000000e+03
2.684640000000000000e+05 9.883000000000000000e+03
2.698920000000000000e+05 1.046900000000000000e+04
2.713200000000000000e+05 1.083700000000000000e+04
2.727480000000000000e+05 1.106700000000000000e+04
2.741760000000000000e+05 1.163600000000000000e+04
2.756040000000000000e+05 1.195400000000000000e+04
2.770320000000000000e+05 1.236000000000000000e+04
2.784600000000000000e+05 1.288400000000000000e+04
2.798880000000000000e+05 1.312900000000000000e+04
2.813160000000000000e+05 1.343800000000000000e+04
2.827440000000000000e+05 1.384800000000000000e+04
2.841720000000000000e+05 1.392100000000000000e+04
