0.000000000000000000e+00 1.956700000000000000e+04
3.333000000000000000e+03 1.982400000000000000e+04
6.666000000000000000e+03 2.048000000000000000e+04
9.999000000000000000e+03 2.034000000000000000e+04
1.333200000000000000e+04 2.070300000000000000e+04
1.666500000000000000e+04 2.140400000000000000e+04
1.999800000000000000e+04 2.120900000000000000e+04
2.333100000000000000e+04 2.176500000000000000e+04
2.666400000000000000e+04 2.182300000000000000e+04
2.999700000000000000e+04 2.213800000000000000e+04
3.333000000000000000e+04 2.211500000000000000e+04
3.666300000000000000e+04 2.215900000000000000e+04
3.999600000000000000e+04 2.222100000000000000e+04
4.332900000000000000e+04 2.241900000000000000e+04
4.666200000000000000e+04 2.247800000000000000e+04
4.999500000000000000e+04 2.255000000000000000e+04
5.332800000000000000e+04 2.265800000000000000e+04
5.666100000000000000e+04 2.243900000000000000e+04
5.999400000000000000e+04 2.239300000000000000e+04
6.332700000000000000e+04 2.263300000000000000e+04
6.666000000000000000e+04 2.264000000000000000e+04
6.999300000000000000e+04 2.263000000000000000e+04
7.332600000000000000e+04 2.294000000000000000e+04
7.665900000000000000e+04 2.271400000000000000e+04
7.999200000000000000e+04 2.247900000000000000e+04
8.332500000000000000e+04 2.241200000000000000e+04
8.665800000000000000e+04 2.250900000000000000e+04
8.999100000000000000e+04 2.223900000000000000e+04
9.332400000000000000e+04 2.227400000000000000e+04
9.665700000000000000e+04 2.195500000000000000e+04
9.999000000000000000e+04 2.199000000000000000e+04
1.033230000000000000e+05 2.163100000000000000e+04
1.066560000000000000e+05 2.139300000000000000e+04
1.099890000000000000e+05 2.089900000000000000e+04
1.133220000000000000e+05 2.089800000000000000e+04
1.166550000000000000e+05 2.064300000000000000e+04
1.199880000000000000e+05 2.041800000000000000e+04
1.233210000000000000e+05 2.008000000000000000e+04
1.266540000000000000e+05 1.993500000000000000e+04
1.299870000000000000e+05 1.930100000000000000e+04
1.333200000000000000e+05 1.862800000000000000e+04
1.366530000000000000e+05 1.846300000000000000e+04
1.399860000000000000e+05 1.804900000000000000e+04
1.433190000000000000e+05 1.740300000000000000e+04
1.466520000000000000e+05 1.706200000000000000e+04
1.499850000000000000e+05 1.666600000000000000e+04
1.533180000000000000e+05 1.626800000000000000e+04
1.566510000000000000e+05 1.555800000000000000e+04
1.599840000000000000e+05 1.487000000000000000e+04
1.633170000000000000e+05 1.422800000000000000e+04
1.666500000000000000e+05 1.405200000000000000e+04
1.699830000000000000e+05 1.325000000000000000e+04
1.733160000000000000e+05 1.274400000000000000e+04
1.766490000000000000e+05 1.222400000000000000e+04
1.799820000000000000e+05 1.168500000000000000e+04
1.833150000000000000e+05 1.101000000000000000e+04
1.866480000000000000e+05 1.075000000000000000e+04
1.899810000000000000e+05 1.013400000000000000e+04
1.933140000000000000e+05 9.464000000000000000e+03
1.966470000000000000e+05 9.334000000000000000e+03
1.999800000000000000e+05 8.735000000000000000e+03
2.033130000000000000e+05 8.548000000000000000e+03
2.066460000000000000e+05 8.172000000000000000e+03
2.099790000000000000e+05 7.935000000000000000e+03
2.133120000000000000e+05 7.534000000000000000e+03
2.166450000000000000e+05 7.190000000000000000e+03
2.199780000000000000e+05 6.939000000000000000e+03
2.233110000000000000e+05 6.936000000000000000e+03
2.266440000000000000e+05 6.906000000000000000e+03
2.299770000000000000e+05 6.754000000000000000e+03
2.333100000000000000e+05 7.020000000000000000e+03
2.366430000000000000e+05 6.757000000000000000e+03
2.399760000000000000e+05 6.896000000000000000e+03
2.433090000000000000e+05 7.172000000000000000e+03
2.466420000000000000e+05 7.292000000000000000e+03
2.499750000000000000e+05 7.570000000000000000e+03
2.533080000000000000e+05 7.716000000000000000e+03
2.566410000000000000e+05 8.323000000000000000e+03
2.599740000000000000e+05 8.678000000000000000e+03
2.633070000000000000e+05 8.992000000000000000e+03
2.666400000000000000e+05 9.398000000000000000e+03
2.699730000000000000e+05 1.012200000000000000e+04
2.733060000000000000e+05 1.051300000000000000e+04
2.766390000000000000e+05 1.092300000000000000e+04
2.799720000000000000e+05 1.167500000000000000e+04
2.833050000000000000e+05 1.208400000000000000e+04
2.866380000000000000e+05 1.254400000000000000e+04
2.899710000000000000e+05 1.299500000000000000e+04
2.933040000000000000e+05 1.359700000000000000e+04
2.966370000000000000e+05 1.421300000000000000e+04
2.999700000000000000e+05 1.499700000000000000e+04
3.033030000000000000e+05 1.541900000000000000e+04
3.066360000000000000e+05 1.602600000000000000e+04
3.099690000000000000e+05 1.652000000000000000e+04
3.133020000000000000e+05 1.691100000000000000e+04
3.166350000000000000e+05 1.750000000000000000e+04
3.199680000000000000e+05 1.791500000000000000e+04
3.233010000000000000e+05 1.838900000000000000e+04
3.266340000000000000e+05 1.849100000000000000e+04
3.299670000000000000e+05 1.930400000000000000e+04
3.333000000000000000e+05 1.965200000000000000e+04
3.366330000000000000e+05 2.003400000000000000e+04
3.399660000000000000e+05 1.998300000000000000e+04
3.432990000000000000e+05 2.031700000000000000e+04
3.466320000000000000e+05 2.099900000000000000e+04
3.499650000000000000e+05 2.121800000000000000e+04
3.532980000000000000e+05 2.133800000000000000e+04
3.566310000000000000e+05 2.130400000000000000e+04
3.599640000000000000e+05 2.198500000000000000e+04
3.632970000000000000e+05 2.196100000000000000e+04
3.666300000000000000e+05 2.200900000000000000e+04
3.699630000000000000e+05 2.213500000000000000e+04
3.732960000000000000e+05 2.231200000000000000e+04
3.766290000000000000e+05 2.221000000000000000e+04
3.799620000000000000e+05 2.253200000000000000e+04
3.832950000000000000e+05 2.265900000000000000e+04
3.866280000000000000e+05 2.254900000000000000e+04
3.899610000000000000e+05 2.284100000000000000e+04
3.932940000000000000e+05 2.255200000000000000e+04
3.966270000000000000e+05 2.254000000000000000e+04
3.999600000000000000e+05 2.266900000000000000e+04
4.032930000000000000e+05 2.290600000000000000e+04
4.066260000000000000e+05 2.298900000000000000e+04
4.099590000000000000e+05 2.266200000000000000e+04
4.132920000000000000e+05 2.269200000000000000e+04
4.166250000000000000e+05 2.280800000000000000e+04
4.199580000000000000e+05 2.259700000000000000e+04
4.232910000000000000e+05 2.244800000000000000e+04
4.266240000000000000e+05 2.213700000000000000e+04
4.299570000000000000e+05 2.206700000000000000e+04
4.332900000000000000e+05 2.193500000000000000e+04
4.366230000000000000e+05 2.158200000000000000e+04
4.399560000000000000e+05 2.141700000000000000e+04
4.432890000000000000e+05 2.116800000000000000e+04
4.466220000000000000e+05 2.063000000000000000e+04
4.499550000000000000e+05 2.062100000000000000e+04
4.532880000000000000e+05 2.049000000000000000e+04
4.566210000000000000e+05 1.983400000000000000e+04
4.599540000000000000e+05 1.949100000000000000e+04
4.632870000000000000e+05 1.941600000000000000e+04
4.666200000000000000e+05 1.863300000000000000e+04
4.699530000000000000e+05 1.852100000000000000e+04
4.732860000000000000e+05 1.796200000000000000e+04
4.766190000000000000e+05 1.759500000000000000e+04
4.799520000000000000e+05 1.747200000000000000e+04
4.832850000000000000e+05 1.639100000000000000e+04
4.866180000000000000e+05 1.588600000000000000e+04
4.899510000000000000e+05 1.567400000000000000e+04
4.932840000000000000e+05 1.504000000000000000e+04
4.966170000000000000e+05 1.478600000000000000e+04
4.999500000000000000e+05 1.400300000000000000e+04
5.032830000000000000e+05 1.345800000000000000e+04
5.066160000000000000e+05 1.271600000000000000e+04
5.099490000000000000e+05 1.231700000000000000e+04
5.132820000000000000e+05 1.172100000000000000e+04
5.166150000000000000e+05 1.150000000000000000e+04
5.199480000000000000e+05 1.047100000000000000e+04
5.232810000000000000e+05 1.015800000000000000e+04
5.266140000000000000e+05 9.610000000000000000e+03
5.299470000000000000e+05 9.246000000000000000e+03
5.332800000000000000e+05 8.735000000000000000e+03
5.366130000000000000e+05 8.447000000000000000e+03
5.399460000000000000e+05 8.034000000000000000e+03
5.432790000000000000e+05 7.736000000000000000e+03
5.466120000000000000e+05 7.477000000000000000e+03
5.499450000000000000e+05 7.391000000000000000e+03
5.532780000000000000e+05 6.964000000000000000e+03
5.566110000000000000e+05 6.875000000000000000e+03
5.599440000000000000e+05 6.947000000000000000e+03
5.632770000000000000e+05 6.606000000000000000e+03
5.666100000000000000e+05 6.804000000000000000e+03
5.699430000000000000e+05 6.897000000000000000e+03
5.732760000000000000e+05 6.949000000000000000e+03
5.766090000000000000e+05 7.165000000000000000e+03
5.799420000000000000e+05 7.361000000000000000e+03
5.832750000000000000e+05 7.714000000000000000e+03
5.866080000000000000e+05 7.825000000000000000e+03
5.899410000000000000e+05 8.253000000000000000e+03
5.932740000000000000e+05 8.639000000000000000e+03
5.966070000000000000e+05 9.074000000000000000e+03
5.999400000000000000e+05 9.432000000000000000e+03
6.032730000000000000e+05 9.838000000000000000e+03
6.066060000000000000e+05 1.053700000000000000e+04
6.099390000000000000e+05 1.081600000000000000e+04
6.132720000000000000e+05 1.156600000000000000e+04
6.166050000000000000e+05 1.194100000000000000e+04
6.199380000000000000e+05 1.270900000000000000e+04
6.232710000000000000e+05 1.320700000000000000e+04
6.266040000000000000e+05 1.371700000000000000e+04
6.299370000000000000e+05 1.450600000000000000e+04
6.332700000000000000e+05 1.490100000000000000e+04
6.366030000000000000e+05 1.525300000000000000e+04
6.399360000000000000e+05 1.590800000000000000e+04
6.432690000000000000e+05 1.655600000000000000e+04
6.466020000000000000e+05 1.701800000000000000e+04
6.499350000000000000e+05 1.745500000000000000e+04
6.532680000000000000e+05 1.804900000000000000e+04
6.566010000000000000e+05 1.835600000000000000e+04
6.599340000000000000e+05 1.880100000000000000e+04
6.632670000000000000e+05 1.903600000000000000e+04
