0.000000000000000000e+00 7.898000000000000000e+03
1.400000000000000000e+01 8.097000000000000000e+03
2.800000000000000000e+01 8.433000000000000000e+03
4.200000000000000000e+01 8.458000000000000000e+03
5.600000000000000000e+01 8.748000000000000000e+03
7.000000000000000000e+01 8.970000000000000000e+03
8.400000000000000000e+01 9.257000000000000000e+03
9.800000000000000000e+01 9.374000000000000000e+03
1.120000000000000000e+02 9.570000000000000000e+03
1.260000000000000000e+02 9.660000000000000000e+03
1.400000000000000000e+02 9.714000000000000000e+03
1.540000000000000000e+02 1.013500000000000000e+04
1.680000000000000000e+02 1.008000000000000000e+04
1.820000000000000000e+02 1.040300000000000000e+04
1.960000000000000000e+02 1.031800000000000000e+04
2.100000000000000000e+02 1.056700000000000000e+04
2.240000000000000000e+02 1.047400000000000000e+04
2.380000000000000000e+02 1.060700000000000000e+04
2.520000000000000000e+02 1.062600000000000000e+04
2.660000000000000000e+02 1.094500000000000000e+04
2.800000000000000000e+02 1.094600000000000000e+04
2.940000000000000000e+02 1.084900000000000000e+04
3.080000000000000000e+02 1.086800000000000000e+04
3.220000000000000000e+02 1.104600000000000000e+04
3.360000000000000000e+02 1.106500000000000000e+04
3.500000000000000000e+02 1.120600000000000000e+04
3.640000000000000000e+02 1.121200000000000000e+04
3.780000000000000000e+02 1.105100000000000000e+04
3.920000000000000000e+02 1.102200000000000000e+04
4.060000000000000000e+02 1.111800000000000000e+04
4.200000000000000000e+02 1.096100000000000000e+04
4.340000000000000000e+02 1.083200000000000000e+04
4.480000000000000000e+02 1.115300000000000000e+04
4.620000000000000000e+02 1.111300000000000000e+04
4.760000000000000000e+02 1.106800000000000000e+04
4.900000000000000000e+02 1.086500000000000000e+04
5.040000000000000000e+02 1.078500000000000000e+04
5.180000000000000000e+02 1.069500000000000000e+04
5.320000000000000000e+02 1.057400000000000000e+04
5.460000000000000000e+02 1.060600000000000000e+04
5.600000000000000000e+02 1.036400000000000000e+04
5.740000000000000000e+02 1.022200000000000000e+04
5.880000000000000000e+02 1.032300000000000000e+04
6.020000000000000000e+02 1.017600000000000000e+04
6.160000000000000000e+02 9.790000000000000000e+03
6.300000000000000000e+02 9.763000000000000000e+03
6.440000000000000000e+02 9.649000000000000000e+03
6.580000000000000000e+02 9.524000000000000000e+03
6.720000000000000000e+02 9.275000000000000000e+03
6.860000000000000000e+02 9.222000000000000000e+03
7.000000000000000000e+02 9.041000000000000000e+03
7.140000000000000000e+02 8.787000000000000000e+03
7.280000000000000000e+02 8.525000000000000000e+03
7.420000000000000000e+02 8.460000000000000000e+03
7.560000000000000000e+02 8.294000000000000000e+03
7.700000000000000000e+02 7.909000000000000000e+03
7.840000000000000000e+02 7.839000000000000000e+03
7.980000000000000000e+02 7.585000000000000000e+03
8.120000000000000000e+02 7.262000000000000000e+03
8.260000000000000000e+02 7.184000000000000000e+03
8.400000000000000000e+02 7.021000000000000000e+03
8.540000000000000000e+02 6.687000000000000000e+03
8.680000000000000000e+02 6.727000000000000000e+03
8.820000000000000000e+02 6.355000000000000000e+03
8.960000000000000000e+02 6.337000000000000000e+03
9.100000000000000000e+02 6.168000000000000000e+03
9.240000000000000000e+02 5.847000000000000000e+03
9.380000000000000000e+02 5.841000000000000000e+03
9.520000000000000000e+02 5.706000000000000000e+03
9.660000000000000000e+02 5.581000000000000000e+03
9.800000000000000000e+02 5.445000000000000000e+03
9.940000000000000000e+02 5.364000000000000000e+03
1.008000000000000000e+03 5.167000000000000000e+03
1.022000000000000000e+03 5.171000000000000000e+03
1.036000000000000000e+03 5.071000000000000000e+03
1.050000000000000000e+03 4.997000000000000000e+03
1.064000000000000000e+03 4.925000000000000000e+03
1.078000000000000000e+03 4.771000000000000000e+03
1.092000000000000000e+03 4.820000000000000000e+03
1.106000000000000000e+03 4.874000000000000000e+03
1.120000000000000000e+03 4.736000000000000000e+03
1.134000000000000000e+03 4.665000000000000000e+03
1.148000000000000000e+03 4.798000000000000000e+03
1.162000000000000000e+03 4.809000000000000000e+03
1.176000000000000000e+03 4.968000000000000000e+03
1.190000000000000000e+03 4.929000000000000000e+03
1.204000000000000000e+03 5.054000000000000000e+03
1.218000000000000000e+03 5.230000000000000000e+03
1.232000000000000000e+03 5.195000000000000000e+03
1.246000000000000000e+03 5.246000000000000000e+03
1.260000000000000000e+03 5.422000000000000000e+03
1.274000000000000000e+03 5.725000000000000000e+03
1.288000000000000000e+03 5.951000000000000000e+03
1.302000000000000000e+03 5.914000000000000000e+03
1.316000000000000000e+03 6.119000000000000000e+03
1.330000000000000000e+03 6.413000000000000000e+03
1.344000000000000000e+03 6.744000000000000000e+03
1.358000000000000000e+03 6.909000000000000000e+03
1.372000000000000000e+03 7.025000000000000000e+03
1.386000000000000000e+03 7.240000000000000000e+03
1.400000000000000000e+03 7.569000000000000000e+03
1.414000000000000000e+03 7.875000000000000000e+03
1.428000000000000000e+03 8.098000000000000000e+03
1.442000000000000000e+03 8.188000000000000000e+03
1.456000000000000000e+03 8.531000000000000000e+03
1.470000000000000000e+03 8.531000000000000000e+03
1.484000000000000000e+03 8.737000000000000000e+03
1.498000000000000000e+03 9.030000000000000000e+03
1.512000000000000000e+03 9.232000000000000000e+03
1.526000000000000000e+03 9.431000000000000000e+03
1.540000000000000000e+03 9.613000000000000000e+03
1.554000000000000000e+03 9.876000000000000000e+03
1.568000000000000000e+03 9.957000000000000000e+03
1.582000000000000000e+03 1.015900000000000000e+04
1.596000000000000000e+03 1.033900000000000000e+04
1.610000000000000000e+03 1.014700000000000000e+04
1.624000000000000000e+03 1.043800000000000000e+04
1.638000000000000000e+03 1.049400000000000000e+04
1.652000000000000000e+03 1.076900000000000000e+04
1.666000000000000000e+03 1.067700000000000000e+04
1.680000000000000000e+03 1.087300000000000000e+04
1.694000000000000000e+03 1.078300000000000000e+04
1.708000000000000000e+03 1.098300000000000000e+04
1.722000000000000000e+03 1.111500000000000000e+04
1.736000000000000000e+03 1.115100000000000000e+04
1.750000000000000000e+03 1.085800000000000000e+04
1.764000000000000000e+03 1.113600000000000000e+04
1.778000000000000000e+03 1.111600000000000000e+04
1.792000000000000000e+03 1.124000000000000000e+04
1.806000000000000000e+03 1.117300000000000000e+04
1.820000000000000000e+03 1.116000000000000000e+04
1.834000000000000000e+03 1.107000000000000000e+04
1.848000000000000000e+03 1.129500000000000000e+04
1.862000000000000000e+03 1.107200000000000000e+04
1.876000000000000000e+03 1.113200000000000000e+04
1.890000000000000000e+03 1.104200000000000000e+04
1.904000000000000000e+03 1.080600000000000000e+04
1.918000000000000000e+03 1.104300000000000000e+04
1.932000000000000000e+03 1.077600000000000000e+04
1.946000000000000000e+03 1.074300000000000000e+04
1.960000000000000000e+03 1.048500000000000000e+04
1.974000000000000000e+03 1.051500000000000000e+04
1.988000000000000000e+03 1.030300000000000000e+04
2.002000000000000000e+03 1.027100000000000000e+04
2.016000000000000000e+03 1.029600000000000000e+04
2.030000000000000000e+03 1.012400000000000000e+04
2.044000000000000000e+03 9.973000000000000000e+03
2.058000000000000000e+03 9.828000000000000000e+03
2.072000000000000000e+03 9.483000000000000000e+03
2.086000000000000000e+03 9.311000000000000000e+03
2.100000000000000000e+03 9.273000000000000000e+03
2.114000000000000000e+03 9.051000000000000000e+03
2.128000000000000000e+03 8.859000000000000000e+03
2.142000000000000000e+03 8.775000000000000000e+03
2.156000000000000000e+03 8.500000000000000000e+03
2.170000000000000000e+03 8.262000000000000000e+03
2.184000000000000000e+03 8.077000000000000000e+03
2.198000000000000000e+03 7.777000000000000000e+03
2.212000000000000000e+03 7.693000000000000000e+03
2.226000000000000000e+03 7.535000000000000000e+03
2.240000000000000000e+03 7.325000000000000000e+03
2.254000000000000000e+03 7.289000000000000000e+03
2.268000000000000000e+03 7.071000000000000000e+03
2.282000000000000000e+03 6.721000000000000000e+03
2.296000000000000000e+03 6.508000000000000000e+03
2.310000000000000000e+03 6.266000000000000000e+03
2.324000000000000000e+03 6.410000000000000000e+03
2.338000000000000000e+03 6.169000000000000000e+03
2.352000000000000000e+03 5.889000000000000000e+03
2.366000000000000000e+03 5.687000000000000000e+03
2.380000000000000000e+03 5.808000000000000000e+03
2.394000000000000000e+03 5.534000000000000000e+03
2.408000000000000000e+03 5.365000000000000000e+03
2.422000000000000000e+03 5.463000000000000000e+03
2.436000000000000000e+03 5.106000000000000000e+03
2.450000000000000000e+03 4.990000000000000000e+03
2.464000000000000000e+03 4.845000000000000000e+03
2.478000000000000000e+03 4.921000000000000000e+03
2.492000000000000000e+03 4.879000000000000000e+03
2.506000000000000000e+03 4.851000000000000000e+03
2.520000000000000000e+03 4.907000000000000000e+03
2.534000000000000000e+03 4.690000000000000000e+03
2.548000000000000000e+03 4.605000000000000000e+03
2.562000000000000000e+03 4.680000000000000000e+03
2.576000000000000000e+03 4.683000000000000000e+03
2.590000000000000000e+03 4.600000000000000000e+03
2.604000000000000000e+03 4.796000000000000000e+03
2.618000000000000000e+03 4.880000000000000000e+03
2.632000000000000000e+03 4.882000000000000000e+03
2.646000000000000000e+03 5.023000000000000000e+03
2.660000000000000000e+03 5.121000000000000000e+03
2.674000000000000000e+03 5.384000000000000000e+03
2.688000000000000000e+03 5.286000000000000000e+03
2.702000000000000000e+03 5.620000000000000000e+03
2.716000000000000000e+03 5.642000000000000000e+03
2.730000000000000000e+03 5.858000000000000000e+03
2.744000000000000000e+03 6.051000000000000000e+03
2.758000000000000000e+03 6.456000000000000000e+03
2.772000000000000000e+03 6.515000000000000000e+03
2.786000000000000000e+03 6.717000000000000000e+03
2.800000000000000000e+03 6.912000000000000000e+03
2.814000000000000000e+03 7.226000000000000000e+03
2.828000000000000000e+03 7.323000000000000000e+03
2.842000000000000000e+03 7.673000000000000000e+03
