0.000000000000000000e+00 8.697000000000000000e+03
2.000000000000000000e+03 8.884000000000000000e+03
4.000000000000000000e+03 8.788000000000000000e+03
6.000000000000000000e+03 9.056000000000000000e+03
8.000000000000000000e+03 9.137000000000000000e+03
1.000000000000000000e+04 9.407000000000000000e+03
1.200000000000000000e+04 9.386000000000000000e+03
1.400000000000000000e+04 9.484000000000000000e+03
1.600000000000000000e+04 9.482000000000000000e+03
1.800000000000000000e+04 9.596000000000000000e+03
2.000000000000000000e+04 9.761000000000000000e+03
2.200000000000000000e+04 9.696000000000000000e+03
2.400000000000000000e+04 9.875000000000000000e+03
2.600000000000000000e+04 9.948000000000000000e+03
2.800000000000000000e+04 1.000900000000000000e+04
3.000000000000000000e+04 9.923000000000000000e+03
3.200000000000000000e+04 9.850000000000000000e+03
3.400000000000000000e+04 1.002800000000000000e+04
3.600000000000000000e+04 1.011700000000000000e+04
3.800000000000000000e+04 1.019300000000000000e+04
4.000000000000000000e+04 1.008800000000000000e+04
4.200000000000000000e+04 1.010200000000000000e+04
4.400000000000000000e+04 9.977000000000000000e+03
4.600000000000000000e+04 1.001600000000000000e+04
4.800000000000000000e+04 9.993000000000000000e+03
5.000000000000000000e+04 9.720000000000000000e+03
5.200000000000000000e+04 9.667000000000000000e+03
5.400000000000000000e+04 9.734000000000000000e+03
5.600000000000000000e+04 9.571000000000000000e+03
5.800000000000000000e+04 9.788000000000000000e+03
6.000000000000000000e+04 9.592000000000000000e+03
6.200000000000000000e+04 9.600000000000000000e+03
6.400000000000000000e+04 9.299000000000000000e+03
6.600000000000000000e+04 9.064000000000000000e+03
6.800000000000000000e+04 9.171000000000000000e+03
7.000000000000000000e+04 9.021000000000000000e+03
7.200000000000000000e+04 8.885000000000000000e+03
7.400000000000000000e+04 8.928000000000000000e+03
7.600000000000000000e+04 8.677000000000000000e+03
7.800000000000000000e+04 8.417000000000000000e+03
8.000000000000000000e+04 8.277000000000000000e+03
8.200000000000000000e+04 8.062000000000000000e+03
8.400000000000000000e+04 8.073000000000000000e+03
8.600000000000000000e+04 7.718000000000000000e+03
8.800000000000000000e+04 7.579000000000000000e+03
9.000000000000000000e+04 7.384000000000000000e+03
9.200000000000000000e+04 6.971000000000000000e+03
9.400000000000000000e+04 6.975000000000000000e+03
9.600000000000000000e+04 6.640000000000000000e+03
9.800000000000000000e+04 6.395000000000000000e+03
1.000000000000000000e+05 6.116000000000000000e+03
1.020000000000000000e+05 5.873000000000000000e+03
1.040000000000000000e+05 5.662000000000000000e+03
1.060000000000000000e+05 5.382000000000000000e+03
1.080000000000000000e+05 5.168000000000000000e+03
1.100000000000000000e+05 4.979000000000000000e+03
1.120000000000000000e+05 4.784000000000000000e+03
1.140000000000000000e+05 4.411000000000000000e+03
1.160000000000000000e+05 4.234000000000000000e+03
1.180000000000000000e+05 4.155000000000000000e+03
1.200000000000000000e+05 4.022000000000000000e+03
1.220000000000000000e+05 3.845000000000000000e+03
1.240000000000000000e+05 3.622000000000000000e+03
1.260000000000000000e+05 3.481000000000000000e+03
1.280000000000000000e+05 3.393000000000000000e+03
1.300000000000000000e+05 3.214000000000000000e+03
1.320000000000000000e+05 3.061000000000000000e+03
1.340000000000000000e+05 3.129000000000000000e+03
1.360000000000000000e+05 2.982000000000000000e+03
1.380000000000000000e+05 3.039000000000000000e+03
1.400000000000000000e+05 3.058000000000000000e+03
1.420000000000000000e+05 3.031000000000000000e+03
1.440000000000000000e+05 3.017000000000000000e+03
1.460000000000000000e+05 3.195000000000000000e+03
1.480000000000000000e+05 3.246000000000000000e+03
1.500000000000000000e+05 3.357000000000000000e+03
1.520000000000000000e+05 3.394000000000000000e+03
1.540000000000000000e+05 3.600000000000000000e+03
1.560000000000000000e+05 3.855000000000000000e+03
1.580000000000000000e+05 3.950000000000000000e+03
1.600000000000000000e+05 4.190000000000000000e+03
1.620000000000000000e+05 4.289000000000000000e+03
1.640000000000000000e+05 4.530000000000000000e+03
1.660000000000000000e+05 4.842000000000000000e+03
1.680000000000000000e+05 5.053000000000000000e+03
1.700000000000000000e+05 5.449000000000000000e+03
1.720000000000000000e+05 5.676000000000000000e+03
1.740000000000000000e+05 5.773000000000000000e+03
1.760000000000000000e+05 6.002000000000000000e+03
1.780000000000000000e+05 6.329000000000000000e+03
1.800000000000000000e+05 6.534000000000000000e+03
1.820000000000000000e+05 6.746000000000000000e+03
1.840000000000000000e+05 6.913000000000000000e+03
1.860000000000000000e+05 7.199000000000000000e+03
1.880000000000000000e+05 7.432000000000000000e+03
1.900000000000000000e+05 7.695000000000000000e+03
1.920000000000000000e+05 7.843000000000000000e+03
1.940000000000000000e+05 8.185000000000000000e+03
1.960000000000000000e+05 8.319000000000000000e+03
1.980000000000000000e+05 8.457000000000000000e+03
2.000000000000000000e+05 8.672000000000000000e+03
2.020000000000000000e+05 8.708000000000000000e+03
2.040000000000000000e+05 9.010000000000000000e+03
2.060000000000000000e+05 9.136000000000000000e+03
2.080000000000000000e+05 9.029000000000000000e+03
2.100000000000000000e+05 9.090000000000000000e+03
2.120000000000000000e+05 9.363000000000000000e+03
2.140000000000000000e+05 9.491000000000000000e+03
2.160000000000000000e+05 9.703000000000000000e+03
2.180000000000000000e+05 9.498000000000000000e+03
2.200000000000000000e+05 9.633000000000000000e+03
2.220000000000000000e+05 9.709000000000000000e+03
2.240000000000000000e+05 1.015300000000000000e+04
2.260000000000000000e+05 9.819000000000000000e+03
2.280000000000000000e+05 1.002500000000000000e+04
2.300000000000000000e+05 9.922000000000000000e+03
2.320000000000000000e+05 9.897000000000000000e+03
2.340000000000000000e+05 9.960000000000000000e+03
2.360000000000000000e+05 9.891000000000000000e+03
2.380000000000000000e+05 9.869000000000000000e+03
2.400000000000000000e+05 9.993000000000000000e+03
2.420000000000000000e+05 9.873000000000000000e+03
2.440000000000000000e+05 1.001100000000000000e+04
2.460000000000000000e+05 9.884000000000000000e+03
2.480000000000000000e+05 1.001500000000000000e+04
2.500000000000000000e+05 1.001700000000000000e+04
2.520000000000000000e+05 1.000500000000000000e+04
2.540000000000000000e+05 9.943000000000000000e+03
2.560000000000000000e+05 9.874000000000000000e+03
2.580000000000000000e+05 9.684000000000000000e+03
2.600000000000000000e+05 9.575000000000000000e+03
2.620000000000000000e+05 9.540000000000000000e+03
2.640000000000000000e+05 9.487000000000000000e+03
2.660000000000000000e+05 9.454000000000000000e+03
2.680000000000000000e+05 9.284000000000000000e+03
2.700000000000000000e+05 9.037000000000000000e+03
2.720000000000000000e+05 8.914000000000000000e+03
2.740000000000000000e+05 8.735000000000000000e+03
2.760000000000000000e+05 8.660000000000000000e+03
2.780000000000000000e+05 8.469000000000000000e+03
2.800000000000000000e+05 8.433000000000000000e+03
2.820000000000000000e+05 8.054000000000000000e+03
2.840000000000000000e+05 7.777000000000000000e+03
2.860000000000000000e+05 7.710000000000000000e+03
2.880000000000000000e+05 7.516000000000000000e+03
2.900000000000000000e+05 7.446000000000000000e+03
2.920000000000000000e+05 7.187000000000000000e+03
2.940000000000000000e+05 6.784000000000000000e+03
2.960000000000000000e+05 6.490000000000000000e+03
2.980000000000000000e+05 6.407000000000000000e+03
3.000000000000000000e+05 6.203000000000000000e+03
3.020000000000000000e+05 5.962000000000000000e+03
3.040000000000000000e+05 5.663000000000000000e+03
3.060000000000000000e+05 5.438000000000000000e+03
3.080000000000000000e+05 5.149000000000000000e+03
3.100000000000000000e+05 4.941000000000000000e+03
3.120000000000000000e+05 4.655000000000000000e+03
3.140000000000000000e+05 4.551000000000000000e+03
3.160000000000000000e+05 4.393000000000000000e+03
3.180000000000000000e+05 4.101000000000000000e+03
3.200000000000000000e+05 3.864000000000000000e+03
3.220000000000000000e+05 3.702000000000000000e+03
3.240000000000000000e+05 3.566000000000000000e+03
3.260000000000000000e+05 3.439000000000000000e+03
3.280000000000000000e+05 3.291000000000000000e+03
3.300000000000000000e+05 3.258000000000000000e+03
3.320000000000000000e+05 3.154000000000000000e+03
3.340000000000000000e+05 2.997000000000000000e+03
3.360000000000000000e+05 2.978000000000000000e+03
3.380000000000000000e+05 2.962000000000000000e+03
3.400000000000000000e+05 2.990000000000000000e+03
3.420000000000000000e+05 3.008000000000000000e+03
3.440000000000000000e+05 3.165000000000000000e+03
3.460000000000000000e+05 3.168000000000000000e+03
3.480000000000000000e+05 3.333000000000000000e+03
3.500000000000000000e+05 3.283000000000000000e+03
3.520000000000000000e+05 3.480000000000000000e+03
3.540000000000000000e+05 3.686000000000000000e+03
3.560000000000000000e+05 3.818000000000000000e+03
3.580000000000000000e+05 4.046000000000000000e+03
3.600000000000000000e+05 4.181000000000000000e+03
3.620000000000000000e+05 4.475000000000000000e+03
3.640000000000000000e+05 4.573000000000000000e+03
3.660000000000000000e+05 4.900000000000000000e+03
3.680000000000000000e+05 5.120000000000000000e+03
3.700000000000000000e+05 5.321000000000000000e+03
3.720000000000000000e+05 5.549000000000000000e+03
3.740000000000000000e+05 5.763000000000000000e+03
3.760000000000000000e+05 6.119000000000000000e+03
3.780000000000000000e+05 6.196000000000000000e+03
3.800000000000000000e+05 6.469000000000000000e+03
3.820000000000000000e+05 6.713000000000000000e+03
3.840000000000000000e+05 7.097000000000000000e+03
3.860000000000000000e+05 7.323000000000000000e+03
3.880000000000000000e+05 7.436000000000000000e+03
3.900000000000000000e+05 7.582000000000000000e+03
3.920000000000000000e+05 7.917000000000000000e+03
3.940000000000000000e+05 8.278000000000000000e+03
3.960000000000000000e+05 8.377000000000000000e+03
3.980000000000000000e+05 8.530000000000000000e+03
