0.000000000000000000e+00 1.384400000000000000e+04
5.000000000000000000e+03 1.412900000000000000e+04
1.000000000000000000e+04 1.441300000000000000e+04
1.500000000000000000e+04 1.475800000000000000e+04
2.000000000000000000e+04 1.475100000000000000e+04
2.500000000000000000e+04 1.490200000000000000e+04
3.000000000000000000e+04 1.546600000000000000e+04
3.500000000000000000e+04 1.560300000000000000e+04
4.000000000000000000e+04 1.568400000000000000e+04
4.500000000000000000e+04 1.551800000000000000e+04
5.000000000000000000e+04 1.579200000000000000e+04
5.500000000000000000e+04 1.586000000000000000e+04
6.000000000000000000e+04 1.589500000000000000e+04
6.500000000000000000e+04 1.608000000000000000e+04
7.000000000000000000e+04 1.627100000000000000e+04
7.500000000000000000e+04 1.629500000000000000e+04
8.000000000000000000e+04 1.602500000000000000e+04
8.500000000000000000e+04 1.613800000000000000e+04
9.000000000000000000e+04 1.628600000000000000e+04
9.500000000000000000e+04 1.603200000000000000e+04
1.000000000000000000e+05 1.620400000000000000e+04
1.050000000000000000e+05 1.608800000000000000e+04
1.100000000000000000e+05 1.604500000000000000e+04
1.150000000000000000e+05 1.613300000000000000e+04
1.200000000000000000e+05 1.606600000000000000e+04
1.250000000000000000e+05 1.593400000000000000e+04
1.300000000000000000e+05 1.574700000000000000e+04
1.350000000000000000e+05 1.590700000000000000e+04
1.400000000000000000e+05 1.568700000000000000e+04
1.450000000000000000e+05 1.571200000000000000e+04
1.500000000000000000e+05 1.557200000000000000e+04
1.550000000000000000e+05 1.543500000000000000e+04
1.600000000000000000e+05 1.513700000000000000e+04
1.650000000000000000e+05 1.523900000000000000e+04
1.700000000000000000e+05 1.512600000000000000e+04
1.750000000000000000e+05 1.466700000000000000e+04
1.800000000000000000e+05 1.433800000000000000e+04
1.850000000000000000e+05 1.434700000000000000e+04
1.900000000000000000e+05 1.399700000000000000e+04
1.950000000000000000e+05 1.376300000000000000e+04
2.000000000000000000e+05 1.353200000000000000e+04
2.050000000000000000e+05 1.298200000000000000e+04
2.100000000000000000e+05 1.282200000000000000e+04
2.150000000000000000e+05 1.238900000000000000e+04
2.200000000000000000e+05 1.220000000000000000e+04
2.250000000000000000e+05 1.182400000000000000e+04
2.300000000000000000e+05 1.141300000000000000e+04
2.350000000000000000e+05 1.132800000000000000e+04
2.400000000000000000e+05 1.085000000000000000e+04
2.450000000000000000e+05 1.011500000000000000e+04
2.500000000000000000e+05 9.742000000000000000e+03
2.550000000000000000e+05 9.804000000000000000e+03
2.600000000000000000e+05 9.143000000000000000e+03
2.650000000000000000e+05 8.653000000000000000e+03
2.700000000000000000e+05 8.287000000000000000e+03
2.750000000000000000e+05 7.770000000000000000e+03
2.800000000000000000e+05 7.386000000000000000e+03
2.850000000000000000e+05 7.306000000000000000e+03
2.900000000000000000e+05 6.995000000000000000e+03
2.950000000000000000e+05 6.437000000000000000e+03
3.000000000000000000e+05 6.513000000000000000e+03
3.050000000000000000e+05 6.038000000000000000e+03
3.100000000000000000e+05 5.657000000000000000e+03
3.150000000000000000e+05 5.622000000000000000e+03
3.200000000000000000e+05 5.365000000000000000e+03
3.250000000000000000e+05 5.128000000000000000e+03
3.300000000000000000e+05 5.040000000000000000e+03
3.350000000000000000e+05 5.047000000000000000e+03
3.400000000000000000e+05 4.867000000000000000e+03
3.450000000000000000e+05 4.959000000000000000e+03
3.500000000000000000e+05 4.776000000000000000e+03
3.550000000000000000e+05 4.975000000000000000e+03
3.600000000000000000e+05 5.085000000000000000e+03
3.650000000000000000e+05 5.231000000000000000e+03
3.700000000000000000e+05 5.362000000000000000e+03
3.750000000000000000e+05 5.512000000000000000e+03
3.800000000000000000e+05 5.661000000000000000e+03
3.850000000000000000e+05 5.945000000000000000e+03
3.900000000000000000e+05 6.248000000000000000e+03
3.950000000000000000e+05 6.450000000000000000e+03
4.000000000000000000e+05 6.800000000000000000e+03
4.050000000000000000e+05 7.207000000000000000e+03
4.100000000000000000e+05 7.418000000000000000e+03
4.150000000000000000e+05 7.927000000000000000e+03
4.200000000000000000e+05 8.213000000000000000e+03
4.250000000000000000e+05 8.764000000000000000e+03
4.300000000000000000e+05 8.862000000000000000e+03
4.350000000000000000e+05 9.617000000000000000e+03
4.400000000000000000e+05 9.838000000000000000e+03
4.450000000000000000e+05 1.023800000000000000e+04
4.500000000000000000e+05 1.059700000000000000e+04
4.550000000000000000e+05 1.121600000000000000e+04
4.600000000000000000e+05 1.127400000000000000e+04
4.650000000000000000e+05 1.179900000000000000e+04
4.700000000000000000e+05 1.227700000000000000e+04
4.750000000000000000e+05 1.239700000000000000e+04
4.800000000000000000e+05 1.276200000000000000e+04
4.850000000000000000e+05 1.301400000000000000e+04
4.900000000000000000e+05 1.338000000000000000e+04
4.950000000000000000e+05 1.359600000000000000e+04
5.000000000000000000e+05 1.389800000000000000e+04
5.050000000000000000e+05 1.403200000000000000e+04
5.100000000000000000e+05 1.435500000000000000e+04
5.150000000000000000e+05 1.442400000000000000e+04
5.200000000000000000e+05 1.484500000000000000e+04
5.250000000000000000e+05 1.498300000000000000e+04
5.300000000000000000e+05 1.519100000000000000e+04
5.350000000000000000e+05 1.526900000000000000e+04
5.400000000000000000e+05 1.544100000000000000e+04
5.450000000000000000e+05 1.544100000000000000e+04
5.500000000000000000e+05 1.578200000000000000e+04
5.550000000000000000e+05 1.590600000000000000e+04
5.600000000000000000e+05 1.589300000000000000e+04
5.650000000000000000e+05 1.590400000000000000e+04
5.700000000000000000e+05 1.610900000000000000e+04
5.750000000000000000e+05 1.602600000000000000e+04
5.800000000000000000e+05 1.598500000000000000e+04
5.850000000000000000e+05 1.614400000000000000e+04
5.900000000000000000e+05 1.628000000000000000e+04
5.950000000000000000e+05 1.594600000000000000e+04
6.000000000000000000e+05 1.617000000000000000e+04
6.050000000000000000e+05 1.636500000000000000e+04
6.100000000000000000e+05 1.602900000000000000e+04
6.150000000000000000e+05 1.619200000000000000e+04
6.200000000000000000e+05 1.618500000000000000e+04
6.250000000000000000e+05 1.585400000000000000e+04
6.300000000000000000e+05 1.591800000000000000e+04
6.350000000000000000e+05 1.594100000000000000e+04
6.400000000000000000e+05 1.575400000000000000e+04
6.450000000000000000e+05 1.554100000000000000e+04
6.500000000000000000e+05 1.558200000000000000e+04
6.550000000000000000e+05 1.542000000000000000e+04
6.600000000000000000e+05 1.530500000000000000e+04
6.650000000000000000e+05 1.543600000000000000e+04
6.700000000000000000e+05 1.482900000000000000e+04
6.750000000000000000e+05 1.438400000000000000e+04
6.800000000000000000e+05 1.455500000000000000e+04
6.850000000000000000e+05 1.432600000000000000e+04
6.900000000000000000e+05 1.412700000000000000e+04
6.950000000000000000e+05 1.362100000000000000e+04
7.000000000000000000e+05 1.363800000000000000e+04
7.050000000000000000e+05 1.325000000000000000e+04
7.100000000000000000e+05 1.276500000000000000e+04
7.150000000000000000e+05 1.242500000000000000e+04
7.200000000000000000e+05 1.232700000000000000e+04
7.250000000000000000e+05 1.183100000000000000e+04
7.300000000000000000e+05 1.151900000000000000e+04
7.350000000000000000e+05 1.107800000000000000e+04
7.400000000000000000e+05 1.061800000000000000e+04
7.450000000000000000e+05 1.042100000000000000e+04
7.500000000000000000e+05 1.003700000000000000e+04
7.550000000000000000e+05 9.505000000000000000e+03
7.600000000000000000e+05 9.190000000000000000e+03
7.650000000000000000e+05 8.673000000000000000e+03
7.700000000000000000e+05 8.517000000000000000e+03
7.750000000000000000e+05 8.187000000000000000e+03
7.800000000000000000e+05 7.716000000000000000e+03
7.850000000000000000e+05 7.270000000000000000e+03
7.900000000000000000e+05 6.957000000000000000e+03
7.950000000000000000e+05 6.421000000000000000e+03
8.000000000000000000e+05 6.283000000000000000e+03
8.050000000000000000e+05 5.959000000000000000e+03
8.100000000000000000e+05 5.645000000000000000e+03
8.150000000000000000e+05 5.458000000000000000e+03
8.200000000000000000e+05 5.467000000000000000e+03
8.250000000000000000e+05 5.171000000000000000e+03
8.300000000000000000e+05 5.123000000000000000e+03
8.350000000000000000e+05 4.973000000000000000e+03
8.400000000000000000e+05 4.824000000000000000e+03
8.450000000000000000e+05 4.862000000000000000e+03
8.500000000000000000e+05 5.017000000000000000e+03
8.550000000000000000e+05 4.847000000000000000e+03
8.600000000000000000e+05 4.951000000000000000e+03
8.650000000000000000e+05 5.055000000000000000e+03
8.700000000000000000e+05 5.224000000000000000e+03
8.750000000000000000e+05 5.423000000000000000e+03
8.800000000000000000e+05 5.763000000000000000e+03
8.850000000000000000e+05 6.004000000000000000e+03
8.900000000000000000e+05 6.177000000000000000e+03
8.950000000000000000e+05 6.393000000000000000e+03
9.000000000000000000e+05 6.704000000000000000e+03
9.050000000000000000e+05 7.141000000000000000e+03
9.100000000000000000e+05 7.499000000000000000e+03
9.150000000000000000e+05 7.895000000000000000e+03
9.200000000000000000e+05 8.096000000000000000e+03
9.250000000000000000e+05 8.873000000000000000e+03
9.300000000000000000e+05 9.082000000000000000e+03
9.350000000000000000e+05 9.411000000000000000e+03
9.400000000000000000e+05 9.802000000000000000e+03
9.450000000000000000e+05 1.020300000000000000e+04
9.500000000000000000e+05 1.067000000000000000e+04
9.550000000000000000e+05 1.101300000000000000e+04
9.600000000000000000e+05 1.124700000000000000e+04
9.650000000000000000e+05 1.168700000000000000e+04
9.700000000000000000e+05 1.215300000000000000e+04
9.750000000000000000e+05 1.270700000000000000e+04
9.800000000000000000e+05 1.283800000000000000e+04
9.850000000000000000e+05 1.314300000000000000e+04
9.900000000000000000e+05 1.357800000000000000e+04
9.950000000000000000e+05 1.367000000000000000e+04
