0.000000000000000000e+00 1.011900000000000000e+04
3.330000000000000000e+02 1.040800000000000000e+04
6.660000000000000000e+02 1.059200000000000000e+04
9.990000000000000000e+02 1.083000000000000000e+04
1.332000000000000000e+03 1.068000000000000000e+04
1.665000000000000000e+03 1.084600000000000000e+04
1.998000000000000000e+03 1.093300000000000000e+04
2.331000000000000000e+03 1.101200000000000000e+04
2.664000000000000000e+03 1.110900000000000000e+04
2.997000000000000000e+03 1.132200000000000000e+04
3.330000000000000000e+03 1.126500000000000000e+04
3.663000000000000000e+03 1.129700000000000000e+04
3.996000000000000000e+03 1.162200000000000000e+04
4.329000000000000000e+03 1.157200000000000000e+04
4.662000000000000000e+03 1.178100000000000000e+04
4.995000000000000000e+03 1.163600000000000000e+04
5.328000000000000000e+03 1.152100000000000000e+04
5.661000000000000000e+03 1.163400000000000000e+04
5.994000000000000000e+03 1.179100000000000000e+04
6.327000000000000000e+03 1.175900000000000000e+04
6.660000000000000000e+03 1.161400000000000000e+04
6.993000000000000000e+03 1.157500000000000000e+04
7.326000000000000000e+03 1.157500000000000000e+04
7.659000000000000000e+03 1.167300000000000000e+04
7.992000000000000000e+03 1.151200000000000000e+04
8.325000000000000000e+03 1.138100000000000000e+04
8.658000000000000000e+03 1.153400000000000000e+04
8.991000000000000000e+03 1.153500000000000000e+04
9.324000000000000000e+03 1.138600000000000000e+04
9.657000000000000000e+03 1.144500000000000000e+04
9.990000000000000000e+03 1.131100000000000000e+04
1.032300000000000000e+04 1.128900000000000000e+04
1.065600000000000000e+04 1.100000000000000000e+04
1.098900000000000000e+04 1.096200000000000000e+04
1.132200000000000000e+04 1.077900000000000000e+04
1.165500000000000000e+04 1.079900000000000000e+04
1.198800000000000000e+04 1.068500000000000000e+04
1.232100000000000000e+04 1.041900000000000000e+04
1.265400000000000000e+04 1.040900000000000000e+04
1.298700000000000000e+04 1.011200000000000000e+04
1.332000000000000000e+04 1.003500000000000000e+04
1.365300000000000000e+04 9.797000000000000000e+03
1.398600000000000000e+04 9.543000000000000000e+03
1.431900000000000000e+04 9.498000000000000000e+03
1.465200000000000000e+04 9.170000000000000000e+03
1.498500000000000000e+04 9.054000000000000000e+03
1.531800000000000000e+04 8.675000000000000000e+03
1.565100000000000000e+04 8.393000000000000000e+03
1.598400000000000000e+04 8.261000000000000000e+03
1.631700000000000000e+04 8.049000000000000000e+03
1.665000000000000000e+04 7.757000000000000000e+03
1.698300000000000000e+04 7.441000000000000000e+03
1.731600000000000000e+04 7.227000000000000000e+03
1.764900000000000000e+04 6.900000000000000000e+03
1.798200000000000000e+04 6.609000000000000000e+03
1.831500000000000000e+04 6.293000000000000000e+03
1.864800000000000000e+04 6.133000000000000000e+03
1.898100000000000000e+04 5.754000000000000000e+03
1.931400000000000000e+04 5.583000000000000000e+03
1.964700000000000000e+04 5.306000000000000000e+03
1.998000000000000000e+04 5.191000000000000000e+03
2.031300000000000000e+04 4.905000000000000000e+03
2.064600000000000000e+04 4.800000000000000000e+03
2.097900000000000000e+04 4.464000000000000000e+03
2.131200000000000000e+04 4.394000000000000000e+03
2.164500000000000000e+04 4.433000000000000000e+03
2.197800000000000000e+04 4.267000000000000000e+03
2.231100000000000000e+04 4.150000000000000000e+03
2.264400000000000000e+04 4.104000000000000000e+03
2.297700000000000000e+04 3.984000000000000000e+03
2.331000000000000000e+04 4.037000000000000000e+03
2.364300000000000000e+04 4.196000000000000000e+03
2.397600000000000000e+04 4.032000000000000000e+03
2.430900000000000000e+04 4.175000000000000000e+03
2.464200000000000000e+04 4.205000000000000000e+03
2.497500000000000000e+04 4.198000000000000000e+03
2.530800000000000000e+04 4.513000000000000000e+03
2.564100000000000000e+04 4.691000000000000000e+03
2.597400000000000000e+04 4.816000000000000000e+03
2.630700000000000000e+04 5.094000000000000000e+03
2.664000000000000000e+04 5.121000000000000000e+03
2.697300000000000000e+04 5.530000000000000000e+03
2.730600000000000000e+04 5.895000000000000000e+03
2.763900000000000000e+04 5.988000000000000000e+03
2.797200000000000000e+04 6.257000000000000000e+03
2.830500000000000000e+04 6.655000000000000000e+03
2.863800000000000000e+04 6.742000000000000000e+03
2.897100000000000000e+04 7.068000000000000000e+03
2.930400000000000000e+04 7.346000000000000000e+03
2.963700000000000000e+04 7.603000000000000000e+03
2.997000000000000000e+04 8.068000000000000000e+03
3.030300000000000000e+04 8.240000000000000000e+03
3.063600000000000000e+04 8.529000000000000000e+03
3.096900000000000000e+04 8.792000000000000000e+03
3.130200000000000000e+04 9.136000000000000000e+03
3.163500000000000000e+04 9.399000000000000000e+03
3.196800000000000000e+04 9.515000000000000000e+03
3.230100000000000000e+04 9.555000000000000000e+03
3.263400000000000000e+04 9.900000000000000000e+03
3.296700000000000000e+04 9.907000000000000000e+03
3.330000000000000000e+04 1.035700000000000000e+04
3.363300000000000000e+04 1.034100000000000000e+04
3.396600000000000000e+04 1.080200000000000000e+04
3.429900000000000000e+04 1.070700000000000000e+04
3.463200000000000000e+04 1.069700000000000000e+04
3.496500000000000000e+04 1.088900000000000000e+04
3.529800000000000000e+04 1.104700000000000000e+04
3.563100000000000000e+04 1.114200000000000000e+04
3.596400000000000000e+04 1.121600000000000000e+04
3.629700000000000000e+04 1.127900000000000000e+04
3.663000000000000000e+04 1.157000000000000000e+04
3.696300000000000000e+04 1.128800000000000000e+04
3.729600000000000000e+04 1.150800000000000000e+04
3.762900000000000000e+04 1.146700000000000000e+04
3.796200000000000000e+04 1.135600000000000000e+04
3.829500000000000000e+04 1.125500000000000000e+04
3.862800000000000000e+04 1.146300000000000000e+04
3.896100000000000000e+04 1.164800000000000000e+04
3.929400000000000000e+04 1.152500000000000000e+04
3.962700000000000000e+04 1.142800000000000000e+04
3.996000000000000000e+04 1.161800000000000000e+04
4.029300000000000000e+04 1.159500000000000000e+04
4.062600000000000000e+04 1.158500000000000000e+04
4.095900000000000000e+04 1.164700000000000000e+04
4.129200000000000000e+04 1.141100000000000000e+04
4.162500000000000000e+04 1.118200000000000000e+04
4.195800000000000000e+04 1.170600000000000000e+04
4.229100000000000000e+04 1.157600000000000000e+04
4.262400000000000000e+04 1.133500000000000000e+04
4.295700000000000000e+04 1.147900000000000000e+04
4.329000000000000000e+04 1.122700000000000000e+04
4.362300000000000000e+04 1.112800000000000000e+04
4.395600000000000000e+04 1.120000000000000000e+04
4.428900000000000000e+04 1.107100000000000000e+04
4.462200000000000000e+04 1.064800000000000000e+04
4.495500000000000000e+04 1.082400000000000000e+04
4.528800000000000000e+04 1.085200000000000000e+04
4.562100000000000000e+04 1.062000000000000000e+04
4.595400000000000000e+04 1.024900000000000000e+04
4.628700000000000000e+04 1.034300000000000000e+04
4.662000000000000000e+04 1.004200000000000000e+04
4.695300000000000000e+04 9.867000000000000000e+03
4.728600000000000000e+04 9.623000000000000000e+03
4.761900000000000000e+04 9.310000000000000000e+03
4.795200000000000000e+04 9.427000000000000000e+03
4.828500000000000000e+04 9.004000000000000000e+03
4.861800000000000000e+04 8.850000000000000000e+03
4.895100000000000000e+04 8.615000000000000000e+03
4.928400000000000000e+04 8.294000000000000000e+03
4.961700000000000000e+04 7.975000000000000000e+03
4.995000000000000000e+04 7.833000000000000000e+03
5.028300000000000000e+04 7.557000000000000000e+03
5.061600000000000000e+04 7.330000000000000000e+03
5.094900000000000000e+04 6.994000000000000000e+03
5.128200000000000000e+04 6.761000000000000000e+03
5.161500000000000000e+04 6.590000000000000000e+03
5.194800000000000000e+04 6.161000000000000000e+03
5.228100000000000000e+04 5.964000000000000000e+03
5.261400000000000000e+04 5.756000000000000000e+03
5.294700000000000000e+04 5.427000000000000000e+03
5.328000000000000000e+04 5.220000000000000000e+03
5.361300000000000000e+04 4.883000000000000000e+03
5.394600000000000000e+04 4.817000000000000000e+03
5.427900000000000000e+04 4.637000000000000000e+03
5.461200000000000000e+04 4.536000000000000000e+03
5.494500000000000000e+04 4.335000000000000000e+03
5.527800000000000000e+04 4.185000000000000000e+03
5.561100000000000000e+04 4.069000000000000000e+03
5.594400000000000000e+04 3.990000000000000000e+03
5.627700000000000000e+04 4.045000000000000000e+03
5.661000000000000000e+04 3.863000000000000000e+03
5.694300000000000000e+04 4.041000000000000000e+03
5.727600000000000000e+04 3.987000000000000000e+03
5.760900000000000000e+04 4.130000000000000000e+03
5.794200000000000000e+04 4.148000000000000000e+03
5.827500000000000000e+04 4.216000000000000000e+03
5.860800000000000000e+04 4.702000000000000000e+03
5.894100000000000000e+04 4.556000000000000000e+03
5.927400000000000000e+04 4.697000000000000000e+03
5.960700000000000000e+04 5.037000000000000000e+03
5.994000000000000000e+04 5.175000000000000000e+03
6.027300000000000000e+04 5.540000000000000000e+03
6.060600000000000000e+04 5.769000000000000000e+03
6.093900000000000000e+04 5.935000000000000000e+03
6.127200000000000000e+04 6.350000000000000000e+03
6.160500000000000000e+04 6.701000000000000000e+03
6.193800000000000000e+04 6.867000000000000000e+03
6.227100000000000000e+04 6.994000000000000000e+03
6.260400000000000000e+04 7.492000000000000000e+03
6.293700000000000000e+04 7.674000000000000000e+03
6.327000000000000000e+04 7.778000000000000000e+03
6.360300000000000000e+04 8.403000000000000000e+03
6.393600000000000000e+04 8.414000000000000000e+03
6.426900000000000000e+04 8.796000000000000000e+03
6.460200000000000000e+04 9.060000000000000000e+03
6.493500000000000000e+04 9.252000000000000000e+03
6.526800000000000000e+04 9.436000000000000000e+03
6.560100000000000000e+04 9.706000000000000000e+03
6.593400000000000000e+04 1.007000000000000000e+04
6.626700000000000000e+04 9.951000000000000000e+03
