0.000000000000000000e+00 9.148000000000000000e+03
1.000000000000000000e+03 9.547000000000000000e+03
2.000000000000000000e+03 9.556000000000000000e+03
3.000000000000000000e+03 9.721000000000000000e+03
4.000000000000000000e+03 9.832000000000000000e+03
5.000000000000000000e+03 9.797000000000000000e+03
6.000000000000000000e+03 1.001100000000000000e+04
7.000000000000000000e+03 1.002400000000000000e+04
8.000000000000000000e+03 1.037800000000000000e+04
9.000000000000000000e+03 1.027500000000000000e+04
1.000000000000000000e+04 1.031200000000000000e+04
1.100000000000000000e+04 1.059700000000000000e+04
1.200000000000000000e+04 1.046000000000000000e+04
1.300000000000000000e+04 1.070300000000000000e+04
1.400000000000000000e+04 1.092200000000000000e+04
1.500000000000000000e+04 1.052100000000000000e+04
1.600000000000000000e+04 1.064500000000000000e+04
1.700000000000000000e+04 1.046900000000000000e+04
1.800000000000000000e+04 1.071900000000000000e+04
1.900000000000000000e+04 1.063500000000000000e+04
2.000000000000000000e+04 1.074600000000000000e+04
2.100000000000000000e+04 1.062200000000000000e+04
2.200000000000000000e+04 1.069700000000000000e+04
2.300000000000000000e+04 1.069400000000000000e+04
2.400000000000000000e+04 1.062300000000000000e+04
2.500000000000000000e+04 1.046200000000000000e+04
2.600000000000000000e+04 1.038000000000000000e+04
2.700000000000000000e+04 1.053800000000000000e+04
2.800000000000000000e+04 1.033800000000000000e+04
2.900000000000000000e+04 1.034400000000000000e+04
3.000000000000000000e+04 1.021900000000000000e+04
3.100000000000000000e+04 1.020700000000000000e+04
3.200000000000000000e+04 9.970000000000000000e+03
3.300000000000000000e+04 1.001300000000000000e+04
3.400000000000000000e+04 1.006200000000000000e+04
3.500000000000000000e+04 1.006800000000000000e+04
3.600000000000000000e+04 9.639000000000000000e+03
3.700000000000000000e+04 9.755000000000000000e+03
3.800000000000000000e+04 9.543000000000000000e+03
3.900000000000000000e+04 9.010000000000000000e+03
4.000000000000000000e+04 9.124000000000000000e+03
4.100000000000000000e+04 9.175000000000000000e+03
4.200000000000000000e+04 8.812000000000000000e+03
4.300000000000000000e+04 8.468000000000000000e+03
4.400000000000000000e+04 7.988000000000000000e+03
4.500000000000000000e+04 8.076000000000000000e+03
4.600000000000000000e+04 7.862000000000000000e+03
4.700000000000000000e+04 7.573000000000000000e+03
4.800000000000000000e+04 7.387000000000000000e+03
4.900000000000000000e+04 7.129000000000000000e+03
5.000000000000000000e+04 6.682000000000000000e+03
5.100000000000000000e+04 6.649000000000000000e+03
5.200000000000000000e+04 6.359000000000000000e+03
5.300000000000000000e+04 6.074000000000000000e+03
5.400000000000000000e+04 5.756000000000000000e+03
5.500000000000000000e+04 5.519000000000000000e+03
5.600000000000000000e+04 5.368000000000000000e+03
5.700000000000000000e+04 5.127000000000000000e+03
5.800000000000000000e+04 4.962000000000000000e+03
5.900000000000000000e+04 4.541000000000000000e+03
6.000000000000000000e+04 4.435000000000000000e+03
6.100000000000000000e+04 4.102000000000000000e+03
6.200000000000000000e+04 4.012000000000000000e+03
6.300000000000000000e+04 3.890000000000000000e+03
6.400000000000000000e+04 3.742000000000000000e+03
6.500000000000000000e+04 3.717000000000000000e+03
6.600000000000000000e+04 3.513000000000000000e+03
6.700000000000000000e+04 3.475000000000000000e+03
6.800000000000000000e+04 3.553000000000000000e+03
6.900000000000000000e+04 3.427000000000000000e+03
7.000000000000000000e+04 3.353000000000000000e+03
7.100000000000000000e+04 3.459000000000000000e+03
7.200000000000000000e+04 3.536000000000000000e+03
7.300000000000000000e+04 3.581000000000000000e+03
7.400000000000000000e+04 3.645000000000000000e+03
7.500000000000000000e+04 3.829000000000000000e+03
7.600000000000000000e+04 3.847000000000000000e+03
7.700000000000000000e+04 3.959000000000000000e+03
7.800000000000000000e+04 4.239000000000000000e+03
7.900000000000000000e+04 4.503000000000000000e+03
8.000000000000000000e+04 4.767000000000000000e+03
8.100000000000000000e+04 4.817000000000000000e+03
8.200000000000000000e+04 5.057000000000000000e+03
8.300000000000000000e+04 5.273000000000000000e+03
8.400000000000000000e+04 5.715000000000000000e+03
8.500000000000000000e+04 6.000000000000000000e+03
8.600000000000000000e+04 6.165000000000000000e+03
8.700000000000000000e+04 6.553000000000000000e+03
8.800000000000000000e+04 6.780000000000000000e+03
8.900000000000000000e+04 6.977000000000000000e+03
9.000000000000000000e+04 7.392000000000000000e+03
9.100000000000000000e+04 7.727000000000000000e+03
9.200000000000000000e+04 7.831000000000000000e+03
9.300000000000000000e+04 7.977000000000000000e+03
9.400000000000000000e+04 8.251000000000000000e+03
9.500000000000000000e+04 8.426000000000000000e+03
9.600000000000000000e+04 8.652000000000000000e+03
9.700000000000000000e+04 8.671000000000000000e+03
9.800000000000000000e+04 8.939000000000000000e+03
9.900000000000000000e+04 9.194000000000000000e+03
1.000000000000000000e+05 9.324000000000000000e+03
1.010000000000000000e+05 9.718000000000000000e+03
1.020000000000000000e+05 9.608000000000000000e+03
1.030000000000000000e+05 9.672000000000000000e+03
1.040000000000000000e+05 9.870000000000000000e+03
1.050000000000000000e+05 9.941000000000000000e+03
1.060000000000000000e+05 9.885000000000000000e+03
1.070000000000000000e+05 1.009300000000000000e+04
1.080000000000000000e+05 1.025200000000000000e+04
1.090000000000000000e+05 1.014100000000000000e+04
1.100000000000000000e+05 1.029000000000000000e+04
1.110000000000000000e+05 1.059100000000000000e+04
1.120000000000000000e+05 1.070800000000000000e+04
1.130000000000000000e+05 1.066900000000000000e+04
1.140000000000000000e+05 1.061600000000000000e+04
1.150000000000000000e+05 1.059100000000000000e+04
1.160000000000000000e+05 1.059900000000000000e+04
1.170000000000000000e+05 1.070600000000000000e+04
1.180000000000000000e+05 1.052300000000000000e+04
1.190000000000000000e+05 1.054800000000000000e+04
1.200000000000000000e+05 1.068800000000000000e+04
1.210000000000000000e+05 1.056900000000000000e+04
1.220000000000000000e+05 1.053700000000000000e+04
1.230000000000000000e+05 1.066300000000000000e+04
1.240000000000000000e+05 1.065700000000000000e+04
1.250000000000000000e+05 1.064800000000000000e+04
1.260000000000000000e+05 1.024800000000000000e+04
1.270000000000000000e+05 1.048600000000000000e+04
1.280000000000000000e+05 1.032100000000000000e+04
1.290000000000000000e+05 1.019000000000000000e+04
1.300000000000000000e+05 1.031500000000000000e+04
1.310000000000000000e+05 1.006300000000000000e+04
1.320000000000000000e+05 1.019200000000000000e+04
1.330000000000000000e+05 9.968000000000000000e+03
1.340000000000000000e+05 9.931000000000000000e+03
1.350000000000000000e+05 9.869000000000000000e+03
1.360000000000000000e+05 9.755000000000000000e+03
1.370000000000000000e+05 9.634000000000000000e+03
1.380000000000000000e+05 9.539000000000000000e+03
1.390000000000000000e+05 9.278000000000000000e+03
1.400000000000000000e+05 9.011000000000000000e+03
1.410000000000000000e+05 8.942000000000000000e+03
1.420000000000000000e+05 8.755000000000000000e+03
1.430000000000000000e+05 8.366000000000000000e+03
1.440000000000000000e+05 8.177000000000000000e+03
1.450000000000000000e+05 8.100000000000000000e+03
1.460000000000000000e+05 7.882000000000000000e+03
1.470000000000000000e+05 7.620000000000000000e+03
1.480000000000000000e+05 7.248000000000000000e+03
1.490000000000000000e+05 6.999000000000000000e+03
1.500000000000000000e+05 6.979000000000000000e+03
1.510000000000000000e+05 6.733000000000000000e+03
1.520000000000000000e+05 6.382000000000000000e+03
1.530000000000000000e+05 6.184000000000000000e+03
1.540000000000000000e+05 5.740000000000000000e+03
1.550000000000000000e+05 5.652000000000000000e+03
1.560000000000000000e+05 5.410000000000000000e+03
1.570000000000000000e+05 5.162000000000000000e+03
1.580000000000000000e+05 4.978000000000000000e+03
1.590000000000000000e+05 4.631000000000000000e+03
1.600000000000000000e+05 4.421000000000000000e+03
1.610000000000000000e+05 4.211000000000000000e+03
1.620000000000000000e+05 4.069000000000000000e+03
1.630000000000000000e+05 3.920000000000000000e+03
1.640000000000000000e+05 3.766000000000000000e+03
1.650000000000000000e+05 3.715000000000000000e+03
1.660000000000000000e+05 3.579000000000000000e+03
1.670000000000000000e+05 3.505000000000000000e+03
1.680000000000000000e+05 3.519000000000000000e+03
1.690000000000000000e+05 3.403000000000000000e+03
1.700000000000000000e+05 3.487000000000000000e+03
1.710000000000000000e+05 3.466000000000000000e+03
1.720000000000000000e+05 3.456000000000000000e+03
1.730000000000000000e+05 3.504000000000000000e+03
1.740000000000000000e+05 3.704000000000000000e+03
1.750000000000000000e+05 3.806000000000000000e+03
1.760000000000000000e+05 3.904000000000000000e+03
1.770000000000000000e+05 4.001000000000000000e+03
1.780000000000000000e+05 4.206000000000000000e+03
1.790000000000000000e+05 4.402000000000000000e+03
1.800000000000000000e+05 4.750000000000000000e+03
1.810000000000000000e+05 4.980000000000000000e+03
1.820000000000000000e+05 5.027000000000000000e+03
1.830000000000000000e+05 5.256000000000000000e+03
1.840000000000000000e+05 5.614000000000000000e+03
1.850000000000000000e+05 5.859000000000000000e+03
1.860000000000000000e+05 6.068000000000000000e+03
1.870000000000000000e+05 6.662000000000000000e+03
1.880000000000000000e+05 6.609000000000000000e+03
1.890000000000000000e+05 6.931000000000000000e+03
1.900000000000000000e+05 7.218000000000000000e+03
1.910000000000000000e+05 7.680000000000000000e+03
1.920000000000000000e+05 7.864000000000000000e+03
1.930000000000000000e+05 7.684000000000000000e+03
1.940000000000000000e+05 8.218000000000000000e+03
1.950000000000000000e+05 8.317000000000000000e+03
1.960000000000000000e+05 8.675000000000000000e+03
1.970000000000000000e+05 8.854000000000000000e+03
1.980000000000000000e+05 9.083000000000000000e+03
1.990000000000000000e+05 9.220000000000000000e+03
