0.000000000000000000e+00 1.535600000000000000e+04
1.400000000000000000e+01 1.580700000000000000e+04
2.800000000000000000e+01 1.626000000000000000e+04
4.200000000000000000e+01 1.676700000000000000e+04
5.600000000000000000e+01 1.725700000000000000e+04
7.000000000000000000e+01 1.760000000000000000e+04
8.400000000000000000e+01 1.776600000000000000e+04
9.800000000000000000e+01 1.793400000000000000e+04
1.120000000000000000e+02 1.834500000000000000e+04
1.260000000000000000e+02 1.877100000000000000e+04
1.400000000000000000e+02 1.910200000000000000e+04
1.540000000000000000e+02 1.938400000000000000e+04
1.680000000000000000e+02 1.961700000000000000e+04
1.820000000000000000e+02 1.974700000000000000e+04
1.960000000000000000e+02 1.998100000000000000e+04
2.100000000000000000e+02 1.991500000000000000e+04
2.240000000000000000e+02 2.030300000000000000e+04
2.380000000000000000e+02 2.038000000000000000e+04
2.520000000000000000e+02 2.048900000000000000e+04
2.660000000000000000e+02 2.062900000000000000e+04
2.800000000000000000e+02 2.103200000000000000e+04
2.940000000000000000e+02 2.107700000000000000e+04
3.080000000000000000e+02 2.074700000000000000e+04
3.220000000000000000e+02 2.082500000000000000e+04
3.360000000000000000e+02 2.071300000000000000e+04
3.500000000000000000e+02 2.078100000000000000e+04
3.640000000000000000e+02 2.065200000000000000e+04
3.780000000000000000e+02 2.082700000000000000e+04
3.920000000000000000e+02 2.108900000000000000e+04
4.060000000000000000e+02 2.112600000000000000e+04
4.200000000000000000e+02 2.089100000000000000e+04
4.340000000000000000e+02 2.062000000000000000e+04
4.480000000000000000e+02 2.059800000000000000e+04
4.620000000000000000e+02 2.067300000000000000e+04
4.760000000000000000e+02 2.033400000000000000e+04
4.900000000000000000e+02 2.041700000000000000e+04
5.040000000000000000e+02 2.028400000000000000e+04
5.180000000000000000e+02 2.002400000000000000e+04
5.320000000000000000e+02 2.001600000000000000e+04
5.460000000000000000e+02 1.988500000000000000e+04
5.600000000000000000e+02 1.940200000000000000e+04
5.740000000000000000e+02 1.936500000000000000e+04
5.880000000000000000e+02 1.907500000000000000e+04
6.020000000000000000e+02 1.905500000000000000e+04
6.160000000000000000e+02 1.847300000000000000e+04
6.300000000000000000e+02 1.850700000000000000e+04
6.440000000000000000e+02 1.816800000000000000e+04
6.580000000000000000e+02 1.800500000000000000e+04
6.720000000000000000e+02 1.766500000000000000e+04
6.860000000000000000e+02 1.737000000000000000e+04
7.000000000000000000e+02 1.677000000000000000e+04
7.140000000000000000e+02 1.680800000000000000e+04
7.280000000000000000e+02 1.625300000000000000e+04
7.420000000000000000e+02 1.598400000000000000e+04
7.560000000000000000e+02 1.576100000000000000e+04
7.700000000000000000e+02 1.526900000000000000e+04
7.840000000000000000e+02 1.486100000000000000e+04
7.980000000000000000e+02 1.453500000000000000e+04
8.120000000000000000e+02 1.410300000000000000e+04
8.260000000000000000e+02 1.387700000000000000e+04
8.400000000000000000e+02 1.341100000000000000e+04
8.540000000000000000e+02 1.308200000000000000e+04
8.680000000000000000e+02 1.298600000000000000e+04
8.820000000000000000e+02 1.243900000000000000e+04
8.960000000000000000e+02 1.232600000000000000e+04
9.100000000000000000e+02 1.203300000000000000e+04
9.240000000000000000e+02 1.187900000000000000e+04
9.380000000000000000e+02 1.146000000000000000e+04
9.520000000000000000e+02 1.130000000000000000e+04
9.660000000000000000e+02 1.084700000000000000e+04
9.800000000000000000e+02 1.085200000000000000e+04
9.940000000000000000e+02 1.047700000000000000e+04
1.008000000000000000e+03 1.046200000000000000e+04
1.022000000000000000e+03 1.015700000000000000e+04
1.036000000000000000e+03 1.011500000000000000e+04
1.050000000000000000e+03 9.866000000000000000e+03
1.064000000000000000e+03 9.746000000000000000e+03
1.078000000000000000e+03 9.597000000000000000e+03
1.092000000000000000e+03 9.666000000000000000e+03
1.106000000000000000e+03 9.510000000000000000e+03
1.120000000000000000e+03 9.490000000000000000e+03
1.134000000000000000e+03 9.500000000000000000e+03
1.148000000000000000e+03 9.536000000000000000e+03
1.162000000000000000e+03 9.702000000000000000e+03
1.176000000000000000e+03 9.810000000000000000e+03
1.190000000000000000e+03 9.866000000000000000e+03
1.204000000000000000e+03 1.003400000000000000e+04
1.218000000000000000e+03 1.005200000000000000e+04
1.232000000000000000e+03 1.038000000000000000e+04
1.246000000000000000e+03 1.059500000000000000e+04
1.260000000000000000e+03 1.088700000000000000e+04
1.274000000000000000e+03 1.134800000000000000e+04
1.288000000000000000e+03 1.158400000000000000e+04
1.302000000000000000e+03 1.197200000000000000e+04
1.316000000000000000e+03 1.232900000000000000e+04
1.330000000000000000e+03 1.276600000000000000e+04
1.344000000000000000e+03 1.297500000000000000e+04
1.358000000000000000e+03 1.367700000000000000e+04
1.372000000000000000e+03 1.422900000000000000e+04
1.386000000000000000e+03 1.455800000000000000e+04
1.400000000000000000e+03 1.467300000000000000e+04
1.414000000000000000e+03 1.538500000000000000e+04
1.428000000000000000e+03 1.579400000000000000e+04
1.442000000000000000e+03 1.611200000000000000e+04
1.456000000000000000e+03 1.672300000000000000e+04
1.470000000000000000e+03 1.689500000000000000e+04
1.484000000000000000e+03 1.717500000000000000e+04
1.498000000000000000e+03 1.774400000000000000e+04
1.512000000000000000e+03 1.780800000000000000e+04
1.526000000000000000e+03 1.849900000000000000e+04
1.540000000000000000e+03 1.861600000000000000e+04
1.554000000000000000e+03 1.899600000000000000e+04
1.568000000000000000e+03 1.938000000000000000e+04
1.582000000000000000e+03 1.948600000000000000e+04
1.596000000000000000e+03 1.955100000000000000e+04
1.610000000000000000e+03 2.016900000000000000e+04
1.624000000000000000e+03 1.998600000000000000e+04
1.638000000000000000e+03 2.029200000000000000e+04
1.652000000000000000e+03 2.036600000000000000e+04
1.666000000000000000e+03 2.047400000000000000e+04
1.680000000000000000e+03 2.066800000000000000e+04
1.694000000000000000e+03 2.104600000000000000e+04
1.708000000000000000e+03 2.053100000000000000e+04
1.722000000000000000e+03 2.096300000000000000e+04
1.736000000000000000e+03 2.100800000000000000e+04
1.750000000000000000e+03 2.092700000000000000e+04
1.764000000000000000e+03 2.110800000000000000e+04
1.778000000000000000e+03 2.108100000000000000e+04
1.792000000000000000e+03 2.139800000000000000e+04
1.806000000000000000e+03 2.100200000000000000e+04
1.820000000000000000e+03 2.095200000000000000e+04
1.834000000000000000e+03 2.106100000000000000e+04
1.848000000000000000e+03 2.094700000000000000e+04
1.862000000000000000e+03 2.077600000000000000e+04
1.876000000000000000e+03 2.078300000000000000e+04
1.890000000000000000e+03 2.030500000000000000e+04
1.904000000000000000e+03 2.066300000000000000e+04
1.918000000000000000e+03 2.044900000000000000e+04
1.932000000000000000e+03 1.999000000000000000e+04
1.946000000000000000e+03 2.031500000000000000e+04
1.960000000000000000e+03 2.025900000000000000e+04
1.974000000000000000e+03 1.974200000000000000e+04
1.988000000000000000e+03 1.957800000000000000e+04
2.002000000000000000e+03 1.961200000000000000e+04
2.016000000000000000e+03 1.909200000000000000e+04
2.030000000000000000e+03 1.889100000000000000e+04
2.044000000000000000e+03 1.839900000000000000e+04
2.058000000000000000e+03 1.831600000000000000e+04
2.072000000000000000e+03 1.795600000000000000e+04
2.086000000000000000e+03 1.799500000000000000e+04
2.100000000000000000e+03 1.747300000000000000e+04
2.114000000000000000e+03 1.713200000000000000e+04
2.128000000000000000e+03 1.701900000000000000e+04
2.142000000000000000e+03 1.646400000000000000e+04
2.156000000000000000e+03 1.607700000000000000e+04
2.170000000000000000e+03 1.578400000000000000e+04
2.184000000000000000e+03 1.545600000000000000e+04
2.198000000000000000e+03 1.517400000000000000e+04
2.212000000000000000e+03 1.485800000000000000e+04
2.226000000000000000e+03 1.447800000000000000e+04
2.240000000000000000e+03 1.415800000000000000e+04
2.254000000000000000e+03 1.375300000000000000e+04
2.268000000000000000e+03 1.342700000000000000e+04
2.282000000000000000e+03 1.315500000000000000e+04
2.296000000000000000e+03 1.271700000000000000e+04
2.310000000000000000e+03 1.245400000000000000e+04
2.324000000000000000e+03 1.218400000000000000e+04
2.338000000000000000e+03 1.162000000000000000e+04
2.352000000000000000e+03 1.155500000000000000e+04
2.366000000000000000e+03 1.125000000000000000e+04
2.380000000000000000e+03 1.109400000000000000e+04
2.394000000000000000e+03 1.082100000000000000e+04
2.408000000000000000e+03 1.050700000000000000e+04
2.422000000000000000e+03 1.020900000000000000e+04
2.436000000000000000e+03 1.013400000000000000e+04
2.450000000000000000e+03 9.979000000000000000e+03
2.464000000000000000e+03 9.804000000000000000e+03
2.478000000000000000e+03 9.659000000000000000e+03
2.492000000000000000e+03 9.688000000000000000e+03
2.506000000000000000e+03 9.417000000000000000e+03
2.520000000000000000e+03 9.469000000000000000e+03
2.534000000000000000e+03 9.244000000000000000e+03
2.548000000000000000e+03 9.583000000000000000e+03
2.562000000000000000e+03 9.447000000000000000e+03
2.576000000000000000e+03 9.317000000000000000e+03
2.590000000000000000e+03 9.347000000000000000e+03
2.604000000000000000e+03 9.426000000000000000e+03
2.618000000000000000e+03 9.669000000000000000e+03
2.632000000000000000e+03 9.814000000000000000e+03
2.646000000000000000e+03 1.004800000000000000e+04
2.660000000000000000e+03 1.033400000000000000e+04
2.674000000000000000e+03 1.035200000000000000e+04
2.688000000000000000e+03 1.076000000000000000e+04
2.702000000000000000e+03 1.077600000000000000e+04
2.716000000000000000e+03 1.141600000000000000e+04
2.730000000000000000e+03 1.167900000000000000e+04
2.744000000000000000e+03 1.207500000000000000e+04
2.758000000000000000e+03 1.233100000000000000e+04
2.772000000000000000e+03 1.261100000000000000e+04
2.786000000000000000e+03 1.317500000000000000e+04
2.800000000000000000e+03 1.364200000000000000e+04
2.814000000000000000e+03 1.403400000000000000e+04
2.828000000000000000e+03 1.460900000000000000e+04
2.842000000000000000e+03 1.481500000000000000e+04
