0.000000000000000000e+00 2.054500000000000000e+04
1.000000000000000000e+02 2.099100000000000000e+04
2.000000000000000000e+02 2.131600000000000000e+04
3.000000000000000000e+02 2.170200000000000000e+04
4.000000000000000000e+02 2.211500000000000000e+04
5.000000000000000000e+02 2.249200000000000000e+04
6.000000000000000000e+02 2.203000000000000000e+04
7.000000000000000000e+02 2.246400000000000000e+04
8.000000000000000000e+02 2.272600000000000000e+04
9.000000000000000000e+02 2.288300000000000000e+04
1.000000000000000000e+03 2.274300000000000000e+04
1.100000000000000000e+03 2.326300000000000000e+04
1.200000000000000000e+03 2.333900000000000000e+04
1.300000000000000000e+03 2.335200000000000000e+04
1.400000000000000000e+03 2.360000000000000000e+04
1.500000000000000000e+03 2.360700000000000000e+04
1.600000000000000000e+03 2.376700000000000000e+04
1.700000000000000000e+03 2.373100000000000000e+04
1.800000000000000000e+03 2.388100000000000000e+04
1.900000000000000000e+03 2.351400000000000000e+04
2.000000000000000000e+03 2.378800000000000000e+04
2.100000000000000000e+03 2.377500000000000000e+04
2.200000000000000000e+03 2.343700000000000000e+04
2.300000000000000000e+03 2.357800000000000000e+04
2.400000000000000000e+03 2.347700000000000000e+04
2.500000000000000000e+03 2.337600000000000000e+04
2.600000000000000000e+03 2.351000000000000000e+04
2.700000000000000000e+03 2.335500000000000000e+04
2.800000000000000000e+03 2.303200000000000000e+04
2.900000000000000000e+03 2.322700000000000000e+04
3.000000000000000000e+03 2.294500000000000000e+04
3.100000000000000000e+03 2.282800000000000000e+04
3.200000000000000000e+03 2.234700000000000000e+04
3.300000000000000000e+03 2.209600000000000000e+04
3.400000000000000000e+03 2.236900000000000000e+04
3.500000000000000000e+03 2.205700000000000000e+04
3.600000000000000000e+03 2.176600000000000000e+04
3.700000000000000000e+03 2.151900000000000000e+04
3.800000000000000000e+03 2.131800000000000000e+04
3.900000000000000000e+03 2.071500000000000000e+04
4.000000000000000000e+03 2.038900000000000000e+04
4.100000000000000000e+03 1.997100000000000000e+04
4.200000000000000000e+03 1.976900000000000000e+04
4.300000000000000000e+03 1.929700000000000000e+04
4.400000000000000000e+03 1.901400000000000000e+04
4.500000000000000000e+03 1.895800000000000000e+04
4.600000000000000000e+03 1.804800000000000000e+04
4.700000000000000000e+03 1.774900000000000000e+04
4.800000000000000000e+03 1.691500000000000000e+04
4.900000000000000000e+03 1.666200000000000000e+04
5.000000000000000000e+03 1.587500000000000000e+04
5.100000000000000000e+03 1.540000000000000000e+04
5.200000000000000000e+03 1.492300000000000000e+04
5.300000000000000000e+03 1.447500000000000000e+04
5.400000000000000000e+03 1.401600000000000000e+04
5.500000000000000000e+03 1.340400000000000000e+04
5.600000000000000000e+03 1.275400000000000000e+04
5.700000000000000000e+03 1.251000000000000000e+04
5.800000000000000000e+03 1.208300000000000000e+04
5.900000000000000000e+03 1.119000000000000000e+04
6.000000000000000000e+03 1.113200000000000000e+04
6.100000000000000000e+03 1.056400000000000000e+04
6.200000000000000000e+03 1.024900000000000000e+04
6.300000000000000000e+03 9.695000000000000000e+03
6.400000000000000000e+03 9.564000000000000000e+03
6.500000000000000000e+03 9.134000000000000000e+03
6.600000000000000000e+03 9.029000000000000000e+03
6.700000000000000000e+03 8.561000000000000000e+03
6.800000000000000000e+03 8.504000000000000000e+03
6.900000000000000000e+03 8.352000000000000000e+03
7.000000000000000000e+03 8.195000000000000000e+03
7.100000000000000000e+03 8.137000000000000000e+03
7.200000000000000000e+03 8.219000000000000000e+03
7.300000000000000000e+03 8.145000000000000000e+03
7.400000000000000000e+03 8.292000000000000000e+03
7.500000000000000000e+03 8.561000000000000000e+03
7.600000000000000000e+03 8.689000000000000000e+03
7.700000000000000000e+03 8.739000000000000000e+03
7.800000000000000000e+03 9.076000000000000000e+03
7.900000000000000000e+03 9.557000000000000000e+03
8.000000000000000000e+03 1.008100000000000000e+04
8.100000000000000000e+03 1.027900000000000000e+04
8.200000000000000000e+03 1.085400000000000000e+04
8.300000000000000000e+03 1.129900000000000000e+04
8.400000000000000000e+03 1.194000000000000000e+04
8.500000000000000000e+03 1.262000000000000000e+04
8.600000000000000000e+03 1.303600000000000000e+04
8.700000000000000000e+03 1.386800000000000000e+04
8.800000000000000000e+03 1.457000000000000000e+04
8.900000000000000000e+03 1.498500000000000000e+04
9.000000000000000000e+03 1.567600000000000000e+04
9.100000000000000000e+03 1.627500000000000000e+04
9.200000000000000000e+03 1.680900000000000000e+04
9.300000000000000000e+03 1.722000000000000000e+04
9.400000000000000000e+03 1.785900000000000000e+04
9.500000000000000000e+03 1.832900000000000000e+04
9.600000000000000000e+03 1.893700000000000000e+04
9.700000000000000000e+03 1.940800000000000000e+04
9.800000000000000000e+03 1.989500000000000000e+04
9.900000000000000000e+03 2.018000000000000000e+04
1.000000000000000000e+04 2.051100000000000000e+04
1.010000000000000000e+04 2.072200000000000000e+04
1.020000000000000000e+04 2.124100000000000000e+04
1.030000000000000000e+04 2.169100000000000000e+04
1.040000000000000000e+04 2.171300000000000000e+04
1.050000000000000000e+04 2.250000000000000000e+04
1.060000000000000000e+04 2.227100000000000000e+04
1.070000000000000000e+04 2.271900000000000000e+04
1.080000000000000000e+04 2.299000000000000000e+04
1.090000000000000000e+04 2.303300000000000000e+04
1.100000000000000000e+04 2.316400000000000000e+04
1.110000000000000000e+04 2.310500000000000000e+04
1.120000000000000000e+04 2.344300000000000000e+04
1.130000000000000000e+04 2.313400000000000000e+04
1.140000000000000000e+04 2.325400000000000000e+04
1.150000000000000000e+04 2.379200000000000000e+04
1.160000000000000000e+04 2.316100000000000000e+04
1.170000000000000000e+04 2.377400000000000000e+04
1.180000000000000000e+04 2.356600000000000000e+04
1.190000000000000000e+04 2.332800000000000000e+04
1.200000000000000000e+04 2.356600000000000000e+04
1.210000000000000000e+04 2.386300000000000000e+04
1.220000000000000000e+04 2.375700000000000000e+04
1.230000000000000000e+04 2.381100000000000000e+04
1.240000000000000000e+04 2.329800000000000000e+04
1.250000000000000000e+04 2.346600000000000000e+04
1.260000000000000000e+04 2.342700000000000000e+04
1.270000000000000000e+04 2.364700000000000000e+04
1.280000000000000000e+04 2.323900000000000000e+04
1.290000000000000000e+04 2.307200000000000000e+04
1.300000000000000000e+04 2.305300000000000000e+04
1.310000000000000000e+04 2.296700000000000000e+04
1.320000000000000000e+04 2.239800000000000000e+04
1.330000000000000000e+04 2.253700000000000000e+04
1.340000000000000000e+04 2.245700000000000000e+04
1.350000000000000000e+04 2.192900000000000000e+04
1.360000000000000000e+04 2.191100000000000000e+04
1.370000000000000000e+04 2.157500000000000000e+04
1.380000000000000000e+04 2.110500000000000000e+04
1.390000000000000000e+04 2.084100000000000000e+04
1.400000000000000000e+04 2.035400000000000000e+04
1.410000000000000000e+04 1.991900000000000000e+04
1.420000000000000000e+04 1.950600000000000000e+04
1.430000000000000000e+04 1.934900000000000000e+04
1.440000000000000000e+04 1.901400000000000000e+04
1.450000000000000000e+04 1.824700000000000000e+04
1.460000000000000000e+04 1.792200000000000000e+04
1.470000000000000000e+04 1.760300000000000000e+04
1.480000000000000000e+04 1.713500000000000000e+04
1.490000000000000000e+04 1.672000000000000000e+04
1.500000000000000000e+04 1.588900000000000000e+04
1.510000000000000000e+04 1.545600000000000000e+04
1.520000000000000000e+04 1.512000000000000000e+04
1.530000000000000000e+04 1.430500000000000000e+04
1.540000000000000000e+04 1.390000000000000000e+04
1.550000000000000000e+04 1.338300000000000000e+04
1.560000000000000000e+04 1.301700000000000000e+04
1.570000000000000000e+04 1.228800000000000000e+04
1.580000000000000000e+04 1.182900000000000000e+04
1.590000000000000000e+04 1.141800000000000000e+04
1.600000000000000000e+04 1.095400000000000000e+04
1.610000000000000000e+04 1.038600000000000000e+04
1.620000000000000000e+04 1.005300000000000000e+04
1.630000000000000000e+04 9.736000000000000000e+03
1.640000000000000000e+04 9.586000000000000000e+03
1.650000000000000000e+04 9.092000000000000000e+03
1.660000000000000000e+04 9.154000000000000000e+03
1.670000000000000000e+04 8.616000000000000000e+03
1.680000000000000000e+04 8.418000000000000000e+03
1.690000000000000000e+04 8.324000000000000000e+03
1.700000000000000000e+04 8.046000000000000000e+03
1.710000000000000000e+04 8.193000000000000000e+03
1.720000000000000000e+04 8.017000000000000000e+03
1.730000000000000000e+04 7.975000000000000000e+03
1.740000000000000000e+04 8.203000000000000000e+03
1.750000000000000000e+04 8.476000000000000000e+03
1.760000000000000000e+04 8.691000000000000000e+03
1.770000000000000000e+04 8.903000000000000000e+03
1.780000000000000000e+04 9.397000000000000000e+03
1.790000000000000000e+04 9.629000000000000000e+03
1.800000000000000000e+04 9.965000000000000000e+03
1.810000000000000000e+04 1.025900000000000000e+04
1.820000000000000000e+04 1.074700000000000000e+04
1.830000000000000000e+04 1.155600000000000000e+04
1.840000000000000000e+04 1.185700000000000000e+04
1.850000000000000000e+04 1.248200000000000000e+04
1.860000000000000000e+04 1.303700000000000000e+04
1.870000000000000000e+04 1.355600000000000000e+04
1.880000000000000000e+04 1.443600000000000000e+04
1.890000000000000000e+04 1.501700000000000000e+04
1.900000000000000000e+04 1.549500000000000000e+04
1.910000000000000000e+04 1.612400000000000000e+04
1.920000000000000000e+04 1.664100000000000000e+04
1.930000000000000000e+04 1.711700000000000000e+04
1.940000000000000000e+04 1.793200000000000000e+04
1.950000000000000000e+04 1.844800000000000000e+04
1.960000000000000000e+04 1.894200000000000000e+04
1.970000000000000000e+04 1.958600000000000000e+04
1.980000000000000000e+04 2.008900000000000000e+04
1.990000000000000000e+04 2.004000000000000000e+04
