0.000000000000000000e+00 2.357800000000000000e+04
1.428000000000000000e+03 2.402300000000000000e+04
2.856000000000000000e+03 2.414300000000000000e+04
4.284000000000000000e+03 2.449000000000000000e+04
5.712000000000000000e+03 2.487500000000000000e+04
7.140000000000000000e+03 2.532100000000000000e+04
8.568000000000000000e+03 2.535100000000000000e+04
9.996000000000000000e+03 2.560900000000000000e+04
1.142400000000000000e+04 2.584200000000000000e+04
1.285200000000000000e+04 2.604500000000000000e+04
1.428000000000000000e+04 2.616600000000000000e+04
1.570800000000000000e+04 2.632200000000000000e+04
1.713600000000000000e+04 2.662100000000000000e+04
1.856400000000000000e+04 2.689500000000000000e+04
1.999200000000000000e+04 2.643600000000000000e+04
2.142000000000000000e+04 2.698500000000000000e+04
2.284800000000000000e+04 2.670000000000000000e+04
2.427600000000000000e+04 2.692300000000000000e+04
2.570400000000000000e+04 2.663300000000000000e+04
2.713200000000000000e+04 2.671700000000000000e+04
2.856000000000000000e+04 2.670500000000000000e+04
2.998800000000000000e+04 2.702000000000000000e+04
3.141600000000000000e+04 2.699900000000000000e+04
3.284400000000000000e+04 2.670300000000000000e+04
3.427200000000000000e+04 2.672600000000000000e+04
3.570000000000000000e+04 2.658100000000000000e+04
3.712800000000000000e+04 2.638800000000000000e+04
3.855600000000000000e+04 2.638600000000000000e+04
3.998400000000000000e+04 2.616200000000000000e+04
4.141200000000000000e+04 2.632400000000000000e+04
4.284000000000000000e+04 2.593500000000000000e+04
4.426800000000000000e+04 2.579300000000000000e+04
4.569600000000000000e+04 2.525700000000000000e+04
4.712400000000000000e+04 2.545500000000000000e+04
4.855200000000000000e+04 2.493100000000000000e+04
4.998000000000000000e+04 2.524700000000000000e+04
5.140800000000000000e+04 2.416400000000000000e+04
5.283600000000000000e+04 2.433100000000000000e+04
5.426400000000000000e+04 2.370300000000000000e+04
5.569200000000000000e+04 2.345000000000000000e+04
5.712000000000000000e+04 2.278800000000000000e+04
5.854800000000000000e+04 2.244400000000000000e+04
5.997600000000000000e+04 2.202700000000000000e+04
6.140400000000000000e+04 2.168500000000000000e+04
6.283200000000000000e+04 2.115000000000000000e+04
6.426000000000000000e+04 2.069200000000000000e+04
6.568800000000000000e+04 1.972800000000000000e+04
6.711600000000000000e+04 1.950300000000000000e+04
6.854400000000000000e+04 1.858300000000000000e+04
6.997200000000000000e+04 1.809800000000000000e+04
7.140000000000000000e+04 1.746800000000000000e+04
7.282800000000000000e+04 1.696300000000000000e+04
7.425600000000000000e+04 1.639500000000000000e+04
7.568400000000000000e+04 1.574800000000000000e+04
7.711200000000000000e+04 1.518800000000000000e+04
7.854000000000000000e+04 1.421200000000000000e+04
7.996800000000000000e+04 1.362000000000000000e+04
8.139600000000000000e+04 1.315400000000000000e+04
8.282400000000000000e+04 1.248600000000000000e+04
8.425200000000000000e+04 1.227400000000000000e+04
8.568000000000000000e+04 1.143700000000000000e+04
8.710800000000000000e+04 1.093500000000000000e+04
8.853600000000000000e+04 1.061300000000000000e+04
8.996400000000000000e+04 1.022000000000000000e+04
9.139200000000000000e+04 9.832000000000000000e+03
9.282000000000000000e+04 9.728000000000000000e+03
9.424800000000000000e+04 9.591000000000000000e+03
9.567600000000000000e+04 9.385000000000000000e+03
9.710400000000000000e+04 9.163000000000000000e+03
9.853200000000000000e+04 9.046000000000000000e+03
9.996000000000000000e+04 9.001000000000000000e+03
1.013880000000000000e+05 9.080000000000000000e+03
1.028160000000000000e+05 9.291000000000000000e+03
1.042440000000000000e+05 9.414000000000000000e+03
1.056720000000000000e+05 9.703000000000000000e+03
1.071000000000000000e+05 9.924000000000000000e+03
1.085280000000000000e+05 1.044600000000000000e+04
1.099560000000000000e+05 1.083800000000000000e+04
1.113840000000000000e+05 1.137800000000000000e+04
1.128120000000000000e+05 1.174500000000000000e+04
1.142400000000000000e+05 1.219400000000000000e+04
1.156680000000000000e+05 1.292500000000000000e+04
1.170960000000000000e+05 1.347100000000000000e+04
1.185240000000000000e+05 1.404100000000000000e+04
1.199520000000000000e+05 1.464300000000000000e+04
1.213800000000000000e+05 1.530300000000000000e+04
1.228080000000000000e+05 1.600500000000000000e+04
1.242360000000000000e+05 1.659300000000000000e+04
1.256640000000000000e+05 1.732900000000000000e+04
1.270920000000000000e+05 1.767300000000000000e+04
1.285200000000000000e+05 1.826500000000000000e+04
1.299480000000000000e+05 1.910800000000000000e+04
1.313760000000000000e+05 1.957800000000000000e+04
1.328040000000000000e+05 2.023500000000000000e+04
1.342320000000000000e+05 2.081400000000000000e+04
1.356600000000000000e+05 2.120000000000000000e+04
1.370880000000000000e+05 2.176600000000000000e+04
1.385160000000000000e+05 2.256100000000000000e+04
1.399440000000000000e+05 2.265700000000000000e+04
1.413720000000000000e+05 2.319000000000000000e+04
1.428000000000000000e+05 2.347500000000000000e+04
1.442280000000000000e+05 2.398700000000000000e+04
1.456560000000000000e+05 2.455200000000000000e+04
1.470840000000000000e+05 2.498500000000000000e+04
1.485120000000000000e+05 2.508100000000000000e+04
1.499400000000000000e+05 2.564100000000000000e+04
1.513680000000000000e+05 2.530200000000000000e+04
1.527960000000000000e+05 2.565000000000000000e+04
1.542240000000000000e+05 2.611900000000000000e+04
1.556520000000000000e+05 2.575500000000000000e+04
1.570800000000000000e+05 2.610300000000000000e+04
1.585080000000000000e+05 2.625700000000000000e+04
1.599360000000000000e+05 2.642300000000000000e+04
1.613640000000000000e+05 2.652100000000000000e+04
1.627920000000000000e+05 2.672500000000000000e+04
1.642200000000000000e+05 2.666600000000000000e+04
1.656480000000000000e+05 2.685700000000000000e+04
1.670760000000000000e+05 2.693700000000000000e+04
1.685040000000000000e+05 2.666700000000000000e+04
1.699320000000000000e+05 2.673800000000000000e+04
1.713600000000000000e+05 2.690400000000000000e+04
1.727880000000000000e+05 2.688300000000000000e+04
1.742160000000000000e+05 2.667900000000000000e+04
1.756440000000000000e+05 2.682000000000000000e+04
1.770720000000000000e+05 2.691900000000000000e+04
1.785000000000000000e+05 2.663700000000000000e+04
1.799280000000000000e+05 2.675200000000000000e+04
1.813560000000000000e+05 2.647000000000000000e+04
1.827840000000000000e+05 2.613500000000000000e+04
1.842120000000000000e+05 2.613300000000000000e+04
1.856400000000000000e+05 2.601500000000000000e+04
1.870680000000000000e+05 2.552400000000000000e+04
1.884960000000000000e+05 2.540400000000000000e+04
1.899240000000000000e+05 2.530200000000000000e+04
1.913520000000000000e+05 2.493000000000000000e+04
1.927800000000000000e+05 2.472300000000000000e+04
1.942080000000000000e+05 2.463400000000000000e+04
1.956360000000000000e+05 2.407000000000000000e+04
1.970640000000000000e+05 2.387700000000000000e+04
1.984920000000000000e+05 2.346400000000000000e+04
1.999200000000000000e+05 2.317100000000000000e+04
2.013480000000000000e+05 2.243900000000000000e+04
2.027760000000000000e+05 2.196400000000000000e+04
2.042040000000000000e+05 2.154200000000000000e+04
2.056320000000000000e+05 2.095400000000000000e+04
2.070600000000000000e+05 2.056900000000000000e+04
2.084880000000000000e+05 1.999500000000000000e+04
2.099160000000000000e+05 1.942900000000000000e+04
2.113440000000000000e+05 1.892400000000000000e+04
2.127720000000000000e+05 1.832900000000000000e+04
2.142000000000000000e+05 1.753500000000000000e+04
2.156280000000000000e+05 1.693900000000000000e+04
2.170560000000000000e+05 1.612000000000000000e+04
2.184840000000000000e+05 1.563600000000000000e+04
2.199120000000000000e+05 1.478500000000000000e+04
2.213400000000000000e+05 1.447400000000000000e+04
2.227680000000000000e+05 1.382500000000000000e+04
2.241960000000000000e+05 1.315000000000000000e+04
2.256240000000000000e+05 1.263400000000000000e+04
2.270520000000000000e+05 1.201800000000000000e+04
2.284800000000000000e+05 1.172100000000000000e+04
2.299080000000000000e+05 1.122100000000000000e+04
2.313360000000000000e+05 1.049500000000000000e+04
2.327640000000000000e+05 1.048500000000000000e+04
2.341920000000000000e+05 1.015800000000000000e+04
2.356200000000000000e+05 9.593000000000000000e+03
2.370480000000000000e+05 9.458000000000000000e+03
2.384760000000000000e+05 9.161000000000000000e+03
2.399040000000000000e+05 9.120000000000000000e+03
2.413320000000000000e+05 9.172000000000000000e+03
2.427600000000000000e+05 9.005000000000000000e+03
2.441880000000000000e+05 9.065000000000000000e+03
2.456160000000000000e+05 9.444000000000000000e+03
2.470440000000000000e+05 9.621000000000000000e+03
2.484720000000000000e+05 9.773000000000000000e+03
2.499000000000000000e+05 9.987000000000000000e+03
2.513280000000000000e+05 1.019200000000000000e+04
2.527560000000000000e+05 1.074100000000000000e+04
2.541840000000000000e+05 1.107100000000000000e+04
2.556120000000000000e+05 1.190700000000000000e+04
2.570400000000000000e+05 1.234900000000000000e+04
2.584680000000000000e+05 1.282300000000000000e+04
2.598960000000000000e+05 1.340500000000000000e+04
2.613240000000000000e+05 1.412800000000000000e+04
2.627520000000000000e+05 1.462600000000000000e+04
2.641800000000000000e+05 1.532000000000000000e+04
2.656080000000000000e+05 1.612200000000000000e+04
2.670360000000000000e+05 1.672500000000000000e+04
2.684640000000000000e+05 1.718900000000000000e+04
2.698920000000000000e+05 1.774500000000000000e+04
2.713200000000000000e+05 1.840800000000000000e+04
2.727480000000000000e+05 1.904300000000000000e+04
2.741760000000000000e+05 1.972800000000000000e+04
2.756040000000000000e+05 2.041500000000000000e+04
2.770320000000000000e+05 2.058600000000000000e+04
2.784600000000000000e+05 2.103800000000000000e+04
2.798880000000000000e+05 2.181500000000000000e+04
2.813160000000000000e+05 2.235400000000000000e+04
2.827440000000000000e+05 2.285200000000000000e+04
2.841720000000000000e+05 2.316400000000000000e+04
