0.000000000000000000e+00 3.153000000000000000e+03
3.330000000000000000e+02 3.206000000000000000e+03
6.660000000000000000e+02 3.381000000000000000e+03
9.990000000000000000e+02 3.284000000000000000e+03
1.332000000000000000e+03 3.336000000000000000e+03
1.665000000000000000e+03 3.326000000000000000e+03
1.998000000000000000e+03 3.329000000000000000e+03
2.331000000000000000e+03 3.395000000000000000e+03
2.664000000000000000e+03 3.431000000000000000e+03
2.997000000000000000e+03 3.398000000000000000e+03
3.330000000000000000e+03 3.624000000000000000e+03
3.663000000000000000e+03 3.562000000000000000e+03
3.996000000000000000e+03 3.515000000000000000e+03
4.329000000000000000e+03 3.574000000000000000e+03
4.662000000000000000e+03 3.585000000000000000e+03
4.995000000000000000e+03 3.596000000000000000e+03
5.328000000000000000e+03 3.588000000000000000e+03
5.661000000000000000e+03 3.617000000000000000e+03
5.994000000000000000e+03 3.616000000000000000e+03
6.327000000000000000e+03 3.582000000000000000e+03
6.660000000000000000e+03 3.570000000000000000e+03
6.993000000000000000e+03 3.532000000000000000e+03
7.326000000000000000e+03 3.545000000000000000e+03
7.659000000000000000e+03 3.568000000000000000e+03
7.992000000000000000e+03 3.564000000000000000e+03
8.325000000000000000e+03 3.655000000000000000e+03
8.658000000000000000e+03 3.456000000000000000e+03
8.991000000000000000e+03 3.472000000000000000e+03
9.324000000000000000e+03 3.551000000000000000e+03
9.657000000000000000e+03 3.527000000000000000e+03
9.990000000000000000e+03 3.520000000000000000e+03
1.032300000000000000e+04 3.501000000000000000e+03
1.065600000000000000e+04 3.310000000000000000e+03
1.098900000000000000e+04 3.365000000000000000e+03
1.132200000000000000e+04 3.322000000000000000e+03
1.165500000000000000e+04 3.316000000000000000e+03
1.198800000000000000e+04 3.187000000000000000e+03
1.232100000000000000e+04 3.238000000000000000e+03
1.265400000000000000e+04 3.108000000000000000e+03
1.298700000000000000e+04 3.027000000000000000e+03
1.332000000000000000e+04 3.012000000000000000e+03
1.365300000000000000e+04 3.049000000000000000e+03
1.398600000000000000e+04 2.921000000000000000e+03
1.431900000000000000e+04 2.826000000000000000e+03
1.465200000000000000e+04 2.876000000000000000e+03
1.498500000000000000e+04 2.739000000000000000e+03
1.531800000000000000e+04 2.656000000000000000e+03
1.565100000000000000e+04 2.500000000000000000e+03
1.598400000000000000e+04 2.396000000000000000e+03
1.631700000000000000e+04 2.469000000000000000e+03
1.665000000000000000e+04 2.308000000000000000e+03
1.698300000000000000e+04 2.220000000000000000e+03
1.731600000000000000e+04 2.172000000000000000e+03
1.764900000000000000e+04 2.075000000000000000e+03
1.798200000000000000e+04 1.960000000000000000e+03
1.831500000000000000e+04 1.941000000000000000e+03
1.864800000000000000e+04 1.895000000000000000e+03
1.898100000000000000e+04 1.630000000000000000e+03
1.931400000000000000e+04 1.650000000000000000e+03
1.964700000000000000e+04 1.650000000000000000e+03
1.998000000000000000e+04 1.530000000000000000e+03
2.031300000000000000e+04 1.441000000000000000e+03
2.064600000000000000e+04 1.377000000000000000e+03
2.097900000000000000e+04 1.361000000000000000e+03
2.131200000000000000e+04 1.293000000000000000e+03
2.164500000000000000e+04 1.230000000000000000e+03
2.197800000000000000e+04 1.243000000000000000e+03
2.231100000000000000e+04 1.132000000000000000e+03
2.264400000000000000e+04 1.178000000000000000e+03
2.297700000000000000e+04 1.123000000000000000e+03
2.331000000000000000e+04 1.156000000000000000e+03
2.364300000000000000e+04 1.186000000000000000e+03
2.397600000000000000e+04 1.121000000000000000e+03
2.430900000000000000e+04 1.162000000000000000e+03
2.464200000000000000e+04 1.224000000000000000e+03
2.497500000000000000e+04 1.205000000000000000e+03
2.530800000000000000e+04 1.301000000000000000e+03
2.564100000000000000e+04 1.299000000000000000e+03
2.597400000000000000e+04 1.393000000000000000e+03
2.630700000000000000e+04 1.412000000000000000e+03
2.664000000000000000e+04 1.519000000000000000e+03
2.697300000000000000e+04 1.631000000000000000e+03
2.730600000000000000e+04 1.715000000000000000e+03
2.763900000000000000e+04 1.753000000000000000e+03
2.797200000000000000e+04 1.852000000000000000e+03
2.830500000000000000e+04 1.957000000000000000e+03
2.863800000000000000e+04 2.052000000000000000e+03
2.897100000000000000e+04 2.175000000000000000e+03
2.930400000000000000e+04 2.203000000000000000e+03
2.963700000000000000e+04 2.339000000000000000e+03
2.997000000000000000e+04 2.333000000000000000e+03
3.030300000000000000e+04 2.445000000000000000e+03
3.063600000000000000e+04 2.531000000000000000e+03
3.096900000000000000e+04 2.690000000000000000e+03
3.130200000000000000e+04 2.805000000000000000e+03
3.163500000000000000e+04 2.857000000000000000e+03
3.196800000000000000e+04 2.775000000000000000e+03
3.230100000000000000e+04 2.906000000000000000e+03
3.263400000000000000e+04 2.905000000000000000e+03
3.296700000000000000e+04 3.018000000000000000e+03
3.330000000000000000e+04 3.131000000000000000e+03
3.363300000000000000e+04 3.125000000000000000e+03
3.396600000000000000e+04 3.186000000000000000e+03
3.429900000000000000e+04 3.311000000000000000e+03
3.463200000000000000e+04 3.357000000000000000e+03
3.496500000000000000e+04 3.378000000000000000e+03
3.529800000000000000e+04 3.432000000000000000e+03
3.563100000000000000e+04 3.430000000000000000e+03
3.596400000000000000e+04 3.509000000000000000e+03
3.629700000000000000e+04 3.443000000000000000e+03
3.663000000000000000e+04 3.427000000000000000e+03
3.696300000000000000e+04 3.451000000000000000e+03
3.729600000000000000e+04 3.558000000000000000e+03
3.762900000000000000e+04 3.518000000000000000e+03
3.796200000000000000e+04 3.522000000000000000e+03
3.829500000000000000e+04 3.537000000000000000e+03
3.862800000000000000e+04 3.768000000000000000e+03
3.896100000000000000e+04 3.539000000000000000e+03
3.929400000000000000e+04 3.599000000000000000e+03
3.962700000000000000e+04 3.786000000000000000e+03
3.996000000000000000e+04 3.650000000000000000e+03
4.029300000000000000e+04 3.699000000000000000e+03
4.062600000000000000e+04 3.464000000000000000e+03
4.095900000000000000e+04 3.645000000000000000e+03
4.129200000000000000e+04 3.597000000000000000e+03
4.162500000000000000e+04 3.629000000000000000e+03
4.195800000000000000e+04 3.555000000000000000e+03
4.229100000000000000e+04 3.611000000000000000e+03
4.262400000000000000e+04 3.501000000000000000e+03
4.295700000000000000e+04 3.572000000000000000e+03
4.329000000000000000e+04 3.422000000000000000e+03
4.362300000000000000e+04 3.545000000000000000e+03
4.395600000000000000e+04 3.410000000000000000e+03
4.428900000000000000e+04 3.415000000000000000e+03
4.462200000000000000e+04 3.411000000000000000e+03
4.495500000000000000e+04 3.398000000000000000e+03
4.528800000000000000e+04 3.166000000000000000e+03
4.562100000000000000e+04 3.380000000000000000e+03
4.595400000000000000e+04 3.229000000000000000e+03
4.628700000000000000e+04 3.080000000000000000e+03
4.662000000000000000e+04 3.103000000000000000e+03
4.695300000000000000e+04 2.965000000000000000e+03
4.728600000000000000e+04 2.870000000000000000e+03
4.761900000000000000e+04 2.961000000000000000e+03
4.795200000000000000e+04 2.696000000000000000e+03
4.828500000000000000e+04 2.709000000000000000e+03
4.861800000000000000e+04 2.609000000000000000e+03
4.895100000000000000e+04 2.636000000000000000e+03
4.928400000000000000e+04 2.443000000000000000e+03
4.961700000000000000e+04 2.394000000000000000e+03
4.995000000000000000e+04 2.305000000000000000e+03
5.028300000000000000e+04 2.211000000000000000e+03
5.061600000000000000e+04 2.130000000000000000e+03
5.094900000000000000e+04 1.984000000000000000e+03
5.128200000000000000e+04 2.033000000000000000e+03
5.161500000000000000e+04 1.942000000000000000e+03
5.194800000000000000e+04 1.874000000000000000e+03
5.228100000000000000e+04 1.722000000000000000e+03
5.261400000000000000e+04 1.625000000000000000e+03
5.294700000000000000e+04 1.573000000000000000e+03
5.328000000000000000e+04 1.494000000000000000e+03
5.361300000000000000e+04 1.469000000000000000e+03
5.394600000000000000e+04 1.405000000000000000e+03
5.427900000000000000e+04 1.368000000000000000e+03
5.461200000000000000e+04 1.331000000000000000e+03
5.494500000000000000e+04 1.211000000000000000e+03
5.527800000000000000e+04 1.239000000000000000e+03
5.561100000000000000e+04 1.193000000000000000e+03
5.594400000000000000e+04 1.150000000000000000e+03
5.627700000000000000e+04 1.142000000000000000e+03
5.661000000000000000e+04 1.125000000000000000e+03
5.694300000000000000e+04 1.086000000000000000e+03
5.727600000000000000e+04 1.068000000000000000e+03
5.760900000000000000e+04 1.155000000000000000e+03
5.794200000000000000e+04 1.146000000000000000e+03
5.827500000000000000e+04 1.259000000000000000e+03
5.860800000000000000e+04 1.261000000000000000e+03
5.894100000000000000e+04 1.293000000000000000e+03
5.927400000000000000e+04 1.353000000000000000e+03
5.960700000000000000e+04 1.386000000000000000e+03
5.994000000000000000e+04 1.491000000000000000e+03
6.027300000000000000e+04 1.548000000000000000e+03
6.060600000000000000e+04 1.674000000000000000e+03
6.093900000000000000e+04 1.737000000000000000e+03
6.127200000000000000e+04 1.770000000000000000e+03
6.160500000000000000e+04 1.957000000000000000e+03
6.193800000000000000e+04 2.035000000000000000e+03
6.227100000000000000e+04 2.113000000000000000e+03
6.260400000000000000e+04 2.220000000000000000e+03
6.293700000000000000e+04 2.302000000000000000e+03
6.327000000000000000e+04 2.375000000000000000e+03
6.360300000000000000e+04 2.413000000000000000e+03
6.393600000000000000e+04 2.543000000000000000e+03
6.426900000000000000e+04 2.609000000000000000e+03
6.460200000000000000e+04 2.721000000000000000e+03
6.493500000000000000e+04 2.857000000000000000e+03
6.526800000000000000e+04 2.927000000000000000e+03
6.560100000000000000e+04 2.974000000000000000e+03
6.593400000000000000e+04 2.990000000000000000e+03
6.626700000000000000e+04 3.146000000000000000e+03
