0.000000000000000000e+00 3.517000000000000000e+03
1.420000000000000000e+02 3.649000000000000000e+03
2.840000000000000000e+02 3.552000000000000000e+03
4.260000000000000000e+02 3.619000000000000000e+03
5.680000000000000000e+02 3.668000000000000000e+03
7.100000000000000000e+02 3.742000000000000000e+03
8.520000000000000000e+02 3.777000000000000000e+03
9.940000000000000000e+02 3.934000000000000000e+03
1.136000000000000000e+03 3.813000000000000000e+03
1.278000000000000000e+03 3.957000000000000000e+03
1.420000000000000000e+03 4.042000000000000000e+03
1.562000000000000000e+03 3.947000000000000000e+03
1.704000000000000000e+03 4.124000000000000000e+03
1.846000000000000000e+03 3.982000000000000000e+03
1.988000000000000000e+03 4.160000000000000000e+03
2.130000000000000000e+03 3.867000000000000000e+03
2.272000000000000000e+03 4.082000000000000000e+03
2.414000000000000000e+03 4.077000000000000000e+03
2.556000000000000000e+03 4.126000000000000000e+03
2.698000000000000000e+03 4.075000000000000000e+03
2.840000000000000000e+03 4.143000000000000000e+03
2.982000000000000000e+03 4.059000000000000000e+03
3.124000000000000000e+03 4.052000000000000000e+03
3.266000000000000000e+03 3.956000000000000000e+03
3.408000000000000000e+03 4.172000000000000000e+03
3.550000000000000000e+03 4.074000000000000000e+03
3.692000000000000000e+03 4.071000000000000000e+03
3.834000000000000000e+03 4.018000000000000000e+03
3.976000000000000000e+03 3.956000000000000000e+03
4.118000000000000000e+03 3.972000000000000000e+03
4.260000000000000000e+03 3.820000000000000000e+03
4.402000000000000000e+03 3.839000000000000000e+03
4.544000000000000000e+03 3.823000000000000000e+03
4.686000000000000000e+03 3.832000000000000000e+03
4.828000000000000000e+03 3.788000000000000000e+03
4.970000000000000000e+03 3.702000000000000000e+03
5.112000000000000000e+03 3.709000000000000000e+03
5.254000000000000000e+03 3.635000000000000000e+03
5.396000000000000000e+03 3.596000000000000000e+03
5.538000000000000000e+03 3.598000000000000000e+03
5.680000000000000000e+03 3.578000000000000000e+03
5.822000000000000000e+03 3.465000000000000000e+03
5.964000000000000000e+03 3.339000000000000000e+03
6.106000000000000000e+03 3.273000000000000000e+03
6.248000000000000000e+03 3.210000000000000000e+03
6.390000000000000000e+03 3.155000000000000000e+03
6.532000000000000000e+03 3.127000000000000000e+03
6.674000000000000000e+03 3.045000000000000000e+03
6.816000000000000000e+03 2.838000000000000000e+03
6.958000000000000000e+03 2.875000000000000000e+03
7.100000000000000000e+03 2.769000000000000000e+03
7.242000000000000000e+03 2.555000000000000000e+03
7.384000000000000000e+03 2.510000000000000000e+03
7.526000000000000000e+03 2.469000000000000000e+03
7.668000000000000000e+03 2.326000000000000000e+03
7.810000000000000000e+03 2.136000000000000000e+03
7.952000000000000000e+03 2.093000000000000000e+03
8.094000000000000000e+03 2.079000000000000000e+03
8.236000000000000000e+03 2.004000000000000000e+03
8.378000000000000000e+03 1.949000000000000000e+03
8.520000000000000000e+03 1.814000000000000000e+03
8.662000000000000000e+03 1.758000000000000000e+03
8.804000000000000000e+03 1.731000000000000000e+03
8.946000000000000000e+03 1.614000000000000000e+03
9.088000000000000000e+03 1.498000000000000000e+03
9.230000000000000000e+03 1.559000000000000000e+03
9.372000000000000000e+03 1.454000000000000000e+03
9.514000000000000000e+03 1.465000000000000000e+03
9.656000000000000000e+03 1.373000000000000000e+03
9.798000000000000000e+03 1.407000000000000000e+03
9.940000000000000000e+03 1.322000000000000000e+03
1.008200000000000000e+04 1.397000000000000000e+03
1.022400000000000000e+04 1.432000000000000000e+03
1.036600000000000000e+04 1.388000000000000000e+03
1.050800000000000000e+04 1.310000000000000000e+03
1.065000000000000000e+04 1.400000000000000000e+03
1.079200000000000000e+04 1.419000000000000000e+03
1.093400000000000000e+04 1.568000000000000000e+03
1.107600000000000000e+04 1.568000000000000000e+03
1.121800000000000000e+04 1.614000000000000000e+03
1.136000000000000000e+04 1.710000000000000000e+03
1.150200000000000000e+04 1.772000000000000000e+03
1.164400000000000000e+04 1.797000000000000000e+03
1.178600000000000000e+04 1.917000000000000000e+03
1.192800000000000000e+04 1.974000000000000000e+03
1.207000000000000000e+04 2.001000000000000000e+03
1.221200000000000000e+04 2.191000000000000000e+03
1.235400000000000000e+04 2.290000000000000000e+03
1.249600000000000000e+04 2.439000000000000000e+03
1.263800000000000000e+04 2.525000000000000000e+03
1.278000000000000000e+04 2.591000000000000000e+03
1.292200000000000000e+04 2.594000000000000000e+03
1.306400000000000000e+04 2.769000000000000000e+03
1.320600000000000000e+04 2.953000000000000000e+03
1.334800000000000000e+04 3.033000000000000000e+03
1.349000000000000000e+04 3.065000000000000000e+03
1.363200000000000000e+04 3.177000000000000000e+03
1.377400000000000000e+04 3.278000000000000000e+03
1.391600000000000000e+04 3.302000000000000000e+03
1.405800000000000000e+04 3.374000000000000000e+03
1.420000000000000000e+04 3.460000000000000000e+03
1.434200000000000000e+04 3.580000000000000000e+03
1.448400000000000000e+04 3.503000000000000000e+03
1.462600000000000000e+04 3.619000000000000000e+03
1.476800000000000000e+04 3.703000000000000000e+03
1.491000000000000000e+04 3.724000000000000000e+03
1.505200000000000000e+04 3.768000000000000000e+03
1.519400000000000000e+04 3.917000000000000000e+03
1.533600000000000000e+04 3.860000000000000000e+03
1.547800000000000000e+04 3.877000000000000000e+03
1.562000000000000000e+04 3.903000000000000000e+03
1.576200000000000000e+04 4.018000000000000000e+03
1.590400000000000000e+04 3.959000000000000000e+03
1.604600000000000000e+04 3.922000000000000000e+03
1.618800000000000000e+04 3.966000000000000000e+03
1.633000000000000000e+04 3.934000000000000000e+03
1.647200000000000000e+04 4.117000000000000000e+03
1.661400000000000000e+04 4.062000000000000000e+03
1.675600000000000000e+04 4.015000000000000000e+03
1.689800000000000000e+04 4.031000000000000000e+03
1.704000000000000000e+04 4.068000000000000000e+03
1.718200000000000000e+04 4.006000000000000000e+03
1.732400000000000000e+04 3.993000000000000000e+03
1.746600000000000000e+04 4.043000000000000000e+03
1.760800000000000000e+04 4.065000000000000000e+03
1.775000000000000000e+04 4.117000000000000000e+03
1.789200000000000000e+04 3.972000000000000000e+03
1.803400000000000000e+04 4.058000000000000000e+03
1.817600000000000000e+04 3.958000000000000000e+03
1.831800000000000000e+04 3.904000000000000000e+03
1.846000000000000000e+04 3.978000000000000000e+03
1.860200000000000000e+04 3.839000000000000000e+03
1.874400000000000000e+04 3.843000000000000000e+03
1.888600000000000000e+04 3.853000000000000000e+03
1.902800000000000000e+04 3.743000000000000000e+03
1.917000000000000000e+04 3.826000000000000000e+03
1.931200000000000000e+04 3.759000000000000000e+03
1.945400000000000000e+04 3.543000000000000000e+03
1.959600000000000000e+04 3.567000000000000000e+03
1.973800000000000000e+04 3.533000000000000000e+03
1.988000000000000000e+04 3.525000000000000000e+03
2.002200000000000000e+04 3.473000000000000000e+03
2.016400000000000000e+04 3.357000000000000000e+03
2.030600000000000000e+04 3.284000000000000000e+03
2.044800000000000000e+04 3.255000000000000000e+03
2.059000000000000000e+04 3.151000000000000000e+03
2.073200000000000000e+04 2.955000000000000000e+03
2.087400000000000000e+04 3.146000000000000000e+03
2.101600000000000000e+04 2.975000000000000000e+03
2.115800000000000000e+04 2.809000000000000000e+03
2.130000000000000000e+04 2.741000000000000000e+03
2.144200000000000000e+04 2.615000000000000000e+03
2.158400000000000000e+04 2.538000000000000000e+03
2.172600000000000000e+04 2.532000000000000000e+03
2.186800000000000000e+04 2.433000000000000000e+03
2.201000000000000000e+04 2.312000000000000000e+03
2.215200000000000000e+04 2.211000000000000000e+03
2.229400000000000000e+04 2.118000000000000000e+03
2.243600000000000000e+04 1.964000000000000000e+03
2.257800000000000000e+04 1.956000000000000000e+03
2.272000000000000000e+04 1.877000000000000000e+03
2.286200000000000000e+04 1.834000000000000000e+03
2.300400000000000000e+04 1.672000000000000000e+03
2.314600000000000000e+04 1.544000000000000000e+03
2.328800000000000000e+04 1.651000000000000000e+03
2.343000000000000000e+04 1.570000000000000000e+03
2.357200000000000000e+04 1.563000000000000000e+03
2.371400000000000000e+04 1.418000000000000000e+03
2.385600000000000000e+04 1.385000000000000000e+03
2.399800000000000000e+04 1.417000000000000000e+03
2.414000000000000000e+04 1.284000000000000000e+03
2.428200000000000000e+04 1.333000000000000000e+03
2.442400000000000000e+04 1.295000000000000000e+03
2.456600000000000000e+04 1.359000000000000000e+03
2.470800000000000000e+04 1.382000000000000000e+03
2.485000000000000000e+04 1.337000000000000000e+03
2.499200000000000000e+04 1.428000000000000000e+03
2.513400000000000000e+04 1.486000000000000000e+03
2.527600000000000000e+04 1.531000000000000000e+03
2.541800000000000000e+04 1.528000000000000000e+03
2.556000000000000000e+04 1.538000000000000000e+03
2.570200000000000000e+04 1.720000000000000000e+03
2.584400000000000000e+04 1.726000000000000000e+03
2.598600000000000000e+04 1.860000000000000000e+03
2.612800000000000000e+04 1.937000000000000000e+03
2.627000000000000000e+04 2.054000000000000000e+03
2.641200000000000000e+04 2.043000000000000000e+03
2.655400000000000000e+04 2.247000000000000000e+03
2.669600000000000000e+04 2.323000000000000000e+03
2.683800000000000000e+04 2.425000000000000000e+03
2.698000000000000000e+04 2.579000000000000000e+03
2.712200000000000000e+04 2.706000000000000000e+03
2.726400000000000000e+04 2.698000000000000000e+03
2.740600000000000000e+04 2.838000000000000000e+03
2.754800000000000000e+04 2.975000000000000000e+03
2.769000000000000000e+04 3.071000000000000000e+03
2.783200000000000000e+04 3.212000000000000000e+03
2.797400000000000000e+04 3.286000000000000000e+03
2.811600000000000000e+04 3.277000000000000000e+03
2.825800000000000000e+04 3.370000000000000000e+03
2.840000000000000000e+04 3.423000000000000000e+03
