0.000000000000000000e+00 4.904000000000000000e+03
5.000000000000000000e+03 4.896000000000000000e+03
1.000000000000000000e+04 4.985000000000000000e+03
1.500000000000000000e+04 5.009000000000000000e+03
2.000000000000000000e+04 5.102000000000000000e+03
2.500000000000000000e+04 5.212000000000000000e+03
3.000000000000000000e+04 5.143000000000000000e+03
3.500000000000000000e+04 5.317000000000000000e+03
4.000000000000000000e+04 5.280000000000000000e+03
4.500000000000000000e+04 5.326000000000000000e+03
5.000000000000000000e+04 5.418000000000000000e+03
5.500000000000000000e+04 5.460000000000000000e+03
6.000000000000000000e+04 5.492000000000000000e+03
6.500000000000000000e+04 5.466000000000000000e+03
7.000000000000000000e+04 5.636000000000000000e+03
7.500000000000000000e+04 5.427000000000000000e+03
8.000000000000000000e+04 5.571000000000000000e+03
8.500000000000000000e+04 5.604000000000000000e+03
9.000000000000000000e+04 5.613000000000000000e+03
9.500000000000000000e+04 5.696000000000000000e+03
1.000000000000000000e+05 5.453000000000000000e+03
1.050000000000000000e+05 5.528000000000000000e+03
1.100000000000000000e+05 5.544000000000000000e+03
1.150000000000000000e+05 5.425000000000000000e+03
1.200000000000000000e+05 5.554000000000000000e+03
1.250000000000000000e+05 5.540000000000000000e+03
1.300000000000000000e+05 5.367000000000000000e+03
1.350000000000000000e+05 5.423000000000000000e+03
1.400000000000000000e+05 5.531000000000000000e+03
1.450000000000000000e+05 5.377000000000000000e+03
1.500000000000000000e+05 5.454000000000000000e+03
1.550000000000000000e+05 5.325000000000000000e+03
1.600000000000000000e+05 5.323000000000000000e+03
1.650000000000000000e+05 5.199000000000000000e+03
1.700000000000000000e+05 5.066000000000000000e+03
1.750000000000000000e+05 5.074000000000000000e+03
1.800000000000000000e+05 5.008000000000000000e+03
1.850000000000000000e+05 4.906000000000000000e+03
1.900000000000000000e+05 4.932000000000000000e+03
1.950000000000000000e+05 4.821000000000000000e+03
2.000000000000000000e+05 4.837000000000000000e+03
2.050000000000000000e+05 4.697000000000000000e+03
2.100000000000000000e+05 4.457000000000000000e+03
2.150000000000000000e+05 4.395000000000000000e+03
2.200000000000000000e+05 4.292000000000000000e+03
2.250000000000000000e+05 4.142000000000000000e+03
2.300000000000000000e+05 4.151000000000000000e+03
2.350000000000000000e+05 3.937000000000000000e+03
2.400000000000000000e+05 3.733000000000000000e+03
2.450000000000000000e+05 3.645000000000000000e+03
2.500000000000000000e+05 3.530000000000000000e+03
2.550000000000000000e+05 3.414000000000000000e+03
2.600000000000000000e+05 3.279000000000000000e+03
2.650000000000000000e+05 3.102000000000000000e+03
2.700000000000000000e+05 3.120000000000000000e+03
2.750000000000000000e+05 3.034000000000000000e+03
2.800000000000000000e+05 2.819000000000000000e+03
2.850000000000000000e+05 2.678000000000000000e+03
2.900000000000000000e+05 2.517000000000000000e+03
2.950000000000000000e+05 2.491000000000000000e+03
3.000000000000000000e+05 2.463000000000000000e+03
3.050000000000000000e+05 2.318000000000000000e+03
3.100000000000000000e+05 2.102000000000000000e+03
3.150000000000000000e+05 2.072000000000000000e+03
3.200000000000000000e+05 2.019000000000000000e+03
3.250000000000000000e+05 1.944000000000000000e+03
3.300000000000000000e+05 1.918000000000000000e+03
3.350000000000000000e+05 1.845000000000000000e+03
3.400000000000000000e+05 1.844000000000000000e+03
3.450000000000000000e+05 1.901000000000000000e+03
3.500000000000000000e+05 1.791000000000000000e+03
3.550000000000000000e+05 1.843000000000000000e+03
3.600000000000000000e+05 1.926000000000000000e+03
3.650000000000000000e+05 1.843000000000000000e+03
3.700000000000000000e+05 2.014000000000000000e+03
3.750000000000000000e+05 2.041000000000000000e+03
3.800000000000000000e+05 2.164000000000000000e+03
3.850000000000000000e+05 2.168000000000000000e+03
3.900000000000000000e+05 2.311000000000000000e+03
3.950000000000000000e+05 2.460000000000000000e+03
4.000000000000000000e+05 2.403000000000000000e+03
4.050000000000000000e+05 2.600000000000000000e+03
4.100000000000000000e+05 2.684000000000000000e+03
4.150000000000000000e+05 2.842000000000000000e+03
4.200000000000000000e+05 2.955000000000000000e+03
4.250000000000000000e+05 3.105000000000000000e+03
4.300000000000000000e+05 3.267000000000000000e+03
4.350000000000000000e+05 3.493000000000000000e+03
4.400000000000000000e+05 3.567000000000000000e+03
4.450000000000000000e+05 3.618000000000000000e+03
4.500000000000000000e+05 3.756000000000000000e+03
4.550000000000000000e+05 3.900000000000000000e+03
4.600000000000000000e+05 4.116000000000000000e+03
4.650000000000000000e+05 4.152000000000000000e+03
4.700000000000000000e+05 4.328000000000000000e+03
4.750000000000000000e+05 4.447000000000000000e+03
4.800000000000000000e+05 4.486000000000000000e+03
4.850000000000000000e+05 4.566000000000000000e+03
4.900000000000000000e+05 4.605000000000000000e+03
4.950000000000000000e+05 4.868000000000000000e+03
5.000000000000000000e+05 4.971000000000000000e+03
5.050000000000000000e+05 4.955000000000000000e+03
5.100000000000000000e+05 4.881000000000000000e+03
5.150000000000000000e+05 5.140000000000000000e+03
5.200000000000000000e+05 5.221000000000000000e+03
5.250000000000000000e+05 5.202000000000000000e+03
5.300000000000000000e+05 5.276000000000000000e+03
5.350000000000000000e+05 5.389000000000000000e+03
5.400000000000000000e+05 5.128000000000000000e+03
5.450000000000000000e+05 5.334000000000000000e+03
5.500000000000000000e+05 5.416000000000000000e+03
5.550000000000000000e+05 5.451000000000000000e+03
5.600000000000000000e+05 5.465000000000000000e+03
5.650000000000000000e+05 5.546000000000000000e+03
5.700000000000000000e+05 5.540000000000000000e+03
5.750000000000000000e+05 5.529000000000000000e+03
5.800000000000000000e+05 5.596000000000000000e+03
5.850000000000000000e+05 5.506000000000000000e+03
5.900000000000000000e+05 5.424000000000000000e+03
5.950000000000000000e+05 5.636000000000000000e+03
6.000000000000000000e+05 5.555000000000000000e+03
6.050000000000000000e+05 5.573000000000000000e+03
6.100000000000000000e+05 5.611000000000000000e+03
6.150000000000000000e+05 5.513000000000000000e+03
6.200000000000000000e+05 5.396000000000000000e+03
6.250000000000000000e+05 5.451000000000000000e+03
6.300000000000000000e+05 5.548000000000000000e+03
6.350000000000000000e+05 5.424000000000000000e+03
6.400000000000000000e+05 5.396000000000000000e+03
6.450000000000000000e+05 5.487000000000000000e+03
6.500000000000000000e+05 5.333000000000000000e+03
6.550000000000000000e+05 5.295000000000000000e+03
6.600000000000000000e+05 5.339000000000000000e+03
6.650000000000000000e+05 5.201000000000000000e+03
6.700000000000000000e+05 5.047000000000000000e+03
6.750000000000000000e+05 5.182000000000000000e+03
6.800000000000000000e+05 4.968000000000000000e+03
6.850000000000000000e+05 5.056000000000000000e+03
6.900000000000000000e+05 4.793000000000000000e+03
6.950000000000000000e+05 4.770000000000000000e+03
7.000000000000000000e+05 4.661000000000000000e+03
7.050000000000000000e+05 4.680000000000000000e+03
7.100000000000000000e+05 4.428000000000000000e+03
7.150000000000000000e+05 4.309000000000000000e+03
7.200000000000000000e+05 4.341000000000000000e+03
7.250000000000000000e+05 4.199000000000000000e+03
7.300000000000000000e+05 4.059000000000000000e+03
7.350000000000000000e+05 3.833000000000000000e+03
7.400000000000000000e+05 3.814000000000000000e+03
7.450000000000000000e+05 3.713000000000000000e+03
7.500000000000000000e+05 3.526000000000000000e+03
7.550000000000000000e+05 3.527000000000000000e+03
7.600000000000000000e+05 3.397000000000000000e+03
7.650000000000000000e+05 3.195000000000000000e+03
7.700000000000000000e+05 3.016000000000000000e+03
7.750000000000000000e+05 2.905000000000000000e+03
7.800000000000000000e+05 2.764000000000000000e+03
7.850000000000000000e+05 2.643000000000000000e+03
7.900000000000000000e+05 2.549000000000000000e+03
7.950000000000000000e+05 2.488000000000000000e+03
8.000000000000000000e+05 2.330000000000000000e+03
8.050000000000000000e+05 2.233000000000000000e+03
8.100000000000000000e+05 2.188000000000000000e+03
8.150000000000000000e+05 2.086000000000000000e+03
8.200000000000000000e+05 2.026000000000000000e+03
8.250000000000000000e+05 1.931000000000000000e+03
8.300000000000000000e+05 1.878000000000000000e+03
8.350000000000000000e+05 1.918000000000000000e+03
8.400000000000000000e+05 1.855000000000000000e+03
8.450000000000000000e+05 1.937000000000000000e+03
8.500000000000000000e+05 1.872000000000000000e+03
8.550000000000000000e+05 1.907000000000000000e+03
8.600000000000000000e+05 1.884000000000000000e+03
8.650000000000000000e+05 1.874000000000000000e+03
8.700000000000000000e+05 1.916000000000000000e+03
8.750000000000000000e+05 2.048000000000000000e+03
8.800000000000000000e+05 2.148000000000000000e+03
8.850000000000000000e+05 2.221000000000000000e+03
8.900000000000000000e+05 2.283000000000000000e+03
8.950000000000000000e+05 2.390000000000000000e+03
9.000000000000000000e+05 2.501000000000000000e+03
9.050000000000000000e+05 2.612000000000000000e+03
9.100000000000000000e+05 2.764000000000000000e+03
9.150000000000000000e+05 2.796000000000000000e+03
9.200000000000000000e+05 2.942000000000000000e+03
9.250000000000000000e+05 3.003000000000000000e+03
9.300000000000000000e+05 3.259000000000000000e+03
9.350000000000000000e+05 3.475000000000000000e+03
9.400000000000000000e+05 3.650000000000000000e+03
9.450000000000000000e+05 3.581000000000000000e+03
9.500000000000000000e+05 3.840000000000000000e+03
9.550000000000000000e+05 3.978000000000000000e+03
9.600000000000000000e+05 3.990000000000000000e+03
9.650000000000000000e+05 4.156000000000000000e+03
9.700000000000000000e+05 4.308000000000000000e+03
9.750000000000000000e+05 4.420000000000000000e+03
9.800000000000000000e+05 4.522000000000000000e+03
9.850000000000000000e+05 4.713000000000000000e+03
9.900000000000000000e+05 4.645000000000000000e+03
9.950000000000000000e+05 4.766000000000000000e+03
