0.000000000000000000e+00 3.146000000000000000e+03
1.000000000000000000e+02 3.232000000000000000e+03
2.000000000000000000e+02 3.312000000000000000e+03
3.000000000000000000e+02 3.463000000000000000e+03
4.000000000000000000e+02 3.364000000000000000e+03
5.000000000000000000e+02 3.491000000000000000e+03
6.000000000000000000e+02 3.592000000000000000e+03
7.000000000000000000e+02 3.392000000000000000e+03
8.000000000000000000e+02 3.517000000000000000e+03
9.000000000000000000e+02 3.528000000000000000e+03
1.000000000000000000e+03 3.613000000000000000e+03
1.100000000000000000e+03 3.588000000000000000e+03
1.200000000000000000e+03 3.548000000000000000e+03
1.300000000000000000e+03 3.664000000000000000e+03
1.400000000000000000e+03 3.762000000000000000e+03
1.500000000000000000e+03 3.681000000000000000e+03
1.600000000000000000e+03 3.691000000000000000e+03
1.700000000000000000e+03 3.735000000000000000e+03
1.800000000000000000e+03 3.727000000000000000e+03
1.900000000000000000e+03 3.785000000000000000e+03
2.000000000000000000e+03 3.588000000000000000e+03
2.100000000000000000e+03 3.835000000000000000e+03
2.200000000000000000e+03 3.701000000000000000e+03
2.300000000000000000e+03 3.686000000000000000e+03
2.400000000000000000e+03 3.699000000000000000e+03
2.500000000000000000e+03 3.751000000000000000e+03
2.600000000000000000e+03 3.648000000000000000e+03
2.700000000000000000e+03 3.578000000000000000e+03
2.800000000000000000e+03 3.575000000000000000e+03
2.900000000000000000e+03 3.636000000000000000e+03
3.000000000000000000e+03 3.551000000000000000e+03
3.100000000000000000e+03 3.526000000000000000e+03
3.200000000000000000e+03 3.514000000000000000e+03
3.300000000000000000e+03 3.600000000000000000e+03
3.400000000000000000e+03 3.505000000000000000e+03
3.500000000000000000e+03 3.488000000000000000e+03
3.600000000000000000e+03 3.399000000000000000e+03
3.700000000000000000e+03 3.422000000000000000e+03
3.800000000000000000e+03 3.233000000000000000e+03
3.900000000000000000e+03 3.191000000000000000e+03
4.000000000000000000e+03 3.181000000000000000e+03
4.100000000000000000e+03 3.167000000000000000e+03
4.200000000000000000e+03 3.068000000000000000e+03
4.300000000000000000e+03 3.013000000000000000e+03
4.400000000000000000e+03 2.884000000000000000e+03
4.500000000000000000e+03 2.822000000000000000e+03
4.600000000000000000e+03 2.752000000000000000e+03
4.700000000000000000e+03 2.684000000000000000e+03
4.800000000000000000e+03 2.618000000000000000e+03
4.900000000000000000e+03 2.561000000000000000e+03
5.000000000000000000e+03 2.504000000000000000e+03
5.100000000000000000e+03 2.391000000000000000e+03
5.200000000000000000e+03 2.251000000000000000e+03
5.300000000000000000e+03 2.107000000000000000e+03
5.400000000000000000e+03 2.134000000000000000e+03
5.500000000000000000e+03 2.100000000000000000e+03
5.600000000000000000e+03 2.006000000000000000e+03
5.700000000000000000e+03 1.849000000000000000e+03
5.800000000000000000e+03 1.777000000000000000e+03
5.900000000000000000e+03 1.788000000000000000e+03
6.000000000000000000e+03 1.701000000000000000e+03
6.100000000000000000e+03 1.568000000000000000e+03
6.200000000000000000e+03 1.516000000000000000e+03
6.300000000000000000e+03 1.477000000000000000e+03
6.400000000000000000e+03 1.483000000000000000e+03
6.500000000000000000e+03 1.398000000000000000e+03
6.600000000000000000e+03 1.280000000000000000e+03
6.700000000000000000e+03 1.328000000000000000e+03
6.800000000000000000e+03 1.252000000000000000e+03
6.900000000000000000e+03 1.253000000000000000e+03
7.000000000000000000e+03 1.214000000000000000e+03
7.100000000000000000e+03 1.175000000000000000e+03
7.200000000000000000e+03 1.251000000000000000e+03
7.300000000000000000e+03 1.187000000000000000e+03
7.400000000000000000e+03 1.225000000000000000e+03
7.500000000000000000e+03 1.229000000000000000e+03
7.600000000000000000e+03 1.295000000000000000e+03
7.700000000000000000e+03 1.303000000000000000e+03
7.800000000000000000e+03 1.411000000000000000e+03
7.900000000000000000e+03 1.390000000000000000e+03
8.000000000000000000e+03 1.504000000000000000e+03
8.100000000000000000e+03 1.539000000000000000e+03
8.200000000000000000e+03 1.651000000000000000e+03
8.300000000000000000e+03 1.777000000000000000e+03
8.400000000000000000e+03 1.755000000000000000e+03
8.500000000000000000e+03 1.915000000000000000e+03
8.600000000000000000e+03 1.935000000000000000e+03
8.700000000000000000e+03 2.117000000000000000e+03
8.800000000000000000e+03 2.218000000000000000e+03
8.900000000000000000e+03 2.329000000000000000e+03
9.000000000000000000e+03 2.311000000000000000e+03
9.100000000000000000e+03 2.436000000000000000e+03
9.200000000000000000e+03 2.607000000000000000e+03
9.300000000000000000e+03 2.611000000000000000e+03
9.400000000000000000e+03 2.656000000000000000e+03
9.500000000000000000e+03 2.762000000000000000e+03
9.600000000000000000e+03 2.984000000000000000e+03
9.700000000000000000e+03 2.934000000000000000e+03
9.800000000000000000e+03 2.976000000000000000e+03
9.900000000000000000e+03 3.146000000000000000e+03
1.000000000000000000e+04 3.251000000000000000e+03
1.010000000000000000e+04 3.252000000000000000e+03
1.020000000000000000e+04 3.252000000000000000e+03
1.030000000000000000e+04 3.338000000000000000e+03
1.040000000000000000e+04 3.447000000000000000e+03
1.050000000000000000e+04 3.464000000000000000e+03
1.060000000000000000e+04 3.424000000000000000e+03
1.070000000000000000e+04 3.661000000000000000e+03
1.080000000000000000e+04 3.629000000000000000e+03
1.090000000000000000e+04 3.619000000000000000e+03
1.100000000000000000e+04 3.648000000000000000e+03
1.110000000000000000e+04 3.637000000000000000e+03
1.120000000000000000e+04 3.595000000000000000e+03
1.130000000000000000e+04 3.720000000000000000e+03
1.140000000000000000e+04 3.640000000000000000e+03
1.150000000000000000e+04 3.871000000000000000e+03
1.160000000000000000e+04 3.704000000000000000e+03
1.170000000000000000e+04 3.716000000000000000e+03
1.180000000000000000e+04 3.716000000000000000e+03
1.190000000000000000e+04 3.746000000000000000e+03
1.200000000000000000e+04 3.717000000000000000e+03
1.210000000000000000e+04 3.842000000000000000e+03
1.220000000000000000e+04 3.637000000000000000e+03
1.230000000000000000e+04 3.762000000000000000e+03
1.240000000000000000e+04 3.703000000000000000e+03
1.250000000000000000e+04 3.747000000000000000e+03
1.260000000000000000e+04 3.665000000000000000e+03
1.270000000000000000e+04 3.732000000000000000e+03
1.280000000000000000e+04 3.615000000000000000e+03
1.290000000000000000e+04 3.572000000000000000e+03
1.300000000000000000e+04 3.617000000000000000e+03
1.310000000000000000e+04 3.637000000000000000e+03
1.320000000000000000e+04 3.504000000000000000e+03
1.330000000000000000e+04 3.417000000000000000e+03
1.340000000000000000e+04 3.513000000000000000e+03
1.350000000000000000e+04 3.379000000000000000e+03
1.360000000000000000e+04 3.482000000000000000e+03
1.370000000000000000e+04 3.335000000000000000e+03
1.380000000000000000e+04 3.256000000000000000e+03
1.390000000000000000e+04 3.251000000000000000e+03
1.400000000000000000e+04 3.170000000000000000e+03
1.410000000000000000e+04 3.176000000000000000e+03
1.420000000000000000e+04 3.083000000000000000e+03
1.430000000000000000e+04 2.929000000000000000e+03
1.440000000000000000e+04 2.959000000000000000e+03
1.450000000000000000e+04 2.815000000000000000e+03
1.460000000000000000e+04 2.829000000000000000e+03
1.470000000000000000e+04 2.772000000000000000e+03
1.480000000000000000e+04 2.655000000000000000e+03
1.490000000000000000e+04 2.565000000000000000e+03
1.500000000000000000e+04 2.533000000000000000e+03
1.510000000000000000e+04 2.414000000000000000e+03
1.520000000000000000e+04 2.255000000000000000e+03
1.530000000000000000e+04 2.165000000000000000e+03
1.540000000000000000e+04 2.148000000000000000e+03
1.550000000000000000e+04 2.071000000000000000e+03
1.560000000000000000e+04 1.909000000000000000e+03
1.570000000000000000e+04 1.959000000000000000e+03
1.580000000000000000e+04 1.851000000000000000e+03
1.590000000000000000e+04 1.693000000000000000e+03
1.600000000000000000e+04 1.581000000000000000e+03
1.610000000000000000e+04 1.634000000000000000e+03
1.620000000000000000e+04 1.520000000000000000e+03
1.630000000000000000e+04 1.530000000000000000e+03
1.640000000000000000e+04 1.478000000000000000e+03
1.650000000000000000e+04 1.413000000000000000e+03
1.660000000000000000e+04 1.332000000000000000e+03
1.670000000000000000e+04 1.250000000000000000e+03
1.680000000000000000e+04 1.275000000000000000e+03
1.690000000000000000e+04 1.212000000000000000e+03
1.700000000000000000e+04 1.196000000000000000e+03
1.710000000000000000e+04 1.296000000000000000e+03
1.720000000000000000e+04 1.206000000000000000e+03
1.730000000000000000e+04 1.268000000000000000e+03
1.740000000000000000e+04 1.278000000000000000e+03
1.750000000000000000e+04 1.350000000000000000e+03
1.760000000000000000e+04 1.298000000000000000e+03
1.770000000000000000e+04 1.324000000000000000e+03
1.780000000000000000e+04 1.332000000000000000e+03
1.790000000000000000e+04 1.424000000000000000e+03
1.800000000000000000e+04 1.488000000000000000e+03
1.810000000000000000e+04 1.640000000000000000e+03
1.820000000000000000e+04 1.649000000000000000e+03
1.830000000000000000e+04 1.747000000000000000e+03
1.840000000000000000e+04 1.773000000000000000e+03
1.850000000000000000e+04 1.924000000000000000e+03
1.860000000000000000e+04 2.024000000000000000e+03
1.870000000000000000e+04 2.046000000000000000e+03
1.880000000000000000e+04 2.170000000000000000e+03
1.890000000000000000e+04 2.240000000000000000e+03
1.900000000000000000e+04 2.347000000000000000e+03
1.910000000000000000e+04 2.450000000000000000e+03
1.920000000000000000e+04 2.558000000000000000e+03
1.930000000000000000e+04 2.678000000000000000e+03
1.940000000000000000e+04 2.704000000000000000e+03
1.950000000000000000e+04 2.857000000000000000e+03
1.960000000000000000e+04 2.869000000000000000e+03
1.970000000000000000e+04 2.943000000000000000e+03
1.980000000000000000e+04 3.101000000000000000e+03
1.990000000000000000e+04 3.118000000000000000e+03
