0.000000000000000000e+00 3.153000000000000000e+03
2.000000000000000000e+03 2.972000000000000000e+03
4.000000000000000000e+03 3.349000000000000000e+03
6.000000000000000000e+03 3.294000000000000000e+03
8.000000000000000000e+03 3.223000000000000000e+03
1.000000000000000000e+04 3.295000000000000000e+03
1.200000000000000000e+04 3.266000000000000000e+03
1.400000000000000000e+04 3.268000000000000000e+03
1.600000000000000000e+04 3.400000000000000000e+03
1.800000000000000000e+04 3.516000000000000000e+03
2.000000000000000000e+04 3.438000000000000000e+03
2.200000000000000000e+04 3.537000000000000000e+03
2.400000000000000000e+04 3.433000000000000000e+03
2.600000000000000000e+04 3.383000000000000000e+03
2.800000000000000000e+04 3.430000000000000000e+03
3.000000000000000000e+04 3.466000000000000000e+03
3.200000000000000000e+04 3.648000000000000000e+03
3.400000000000000000e+04 3.636000000000000000e+03
3.600000000000000000e+04 3.520000000000000000e+03
3.800000000000000000e+04 3.522000000000000000e+03
4.000000000000000000e+04 3.643000000000000000e+03
4.200000000000000000e+04 3.542000000000000000e+03
4.400000000000000000e+04 3.656000000000000000e+03
4.600000000000000000e+04 3.489000000000000000e+03
4.800000000000000000e+04 3.373000000000000000e+03
5.000000000000000000e+04 3.555000000000000000e+03
5.200000000000000000e+04 3.564000000000000000e+03
5.400000000000000000e+04 3.412000000000000000e+03
5.600000000000000000e+04 3.534000000000000000e+03
5.800000000000000000e+04 3.447000000000000000e+03
6.000000000000000000e+04 3.452000000000000000e+03
6.200000000000000000e+04 3.443000000000000000e+03
6.400000000000000000e+04 3.283000000000000000e+03
6.600000000000000000e+04 3.319000000000000000e+03
6.800000000000000000e+04 3.298000000000000000e+03
7.000000000000000000e+04 3.305000000000000000e+03
7.200000000000000000e+04 3.242000000000000000e+03
7.400000000000000000e+04 3.179000000000000000e+03
7.600000000000000000e+04 3.052000000000000000e+03
7.800000000000000000e+04 3.072000000000000000e+03
8.000000000000000000e+04 3.034000000000000000e+03
8.200000000000000000e+04 2.881000000000000000e+03
8.400000000000000000e+04 2.992000000000000000e+03
8.600000000000000000e+04 2.796000000000000000e+03
8.800000000000000000e+04 2.762000000000000000e+03
9.000000000000000000e+04 2.740000000000000000e+03
9.200000000000000000e+04 2.663000000000000000e+03
9.400000000000000000e+04 2.568000000000000000e+03
9.600000000000000000e+04 2.361000000000000000e+03
9.800000000000000000e+04 2.383000000000000000e+03
1.000000000000000000e+05 2.324000000000000000e+03
1.020000000000000000e+05 2.099000000000000000e+03
1.040000000000000000e+05 2.040000000000000000e+03
1.060000000000000000e+05 2.038000000000000000e+03
1.080000000000000000e+05 1.942000000000000000e+03
1.100000000000000000e+05 1.835000000000000000e+03
1.120000000000000000e+05 1.766000000000000000e+03
1.140000000000000000e+05 1.626000000000000000e+03
1.160000000000000000e+05 1.646000000000000000e+03
1.180000000000000000e+05 1.537000000000000000e+03
1.200000000000000000e+05 1.437000000000000000e+03
1.220000000000000000e+05 1.395000000000000000e+03
1.240000000000000000e+05 1.331000000000000000e+03
1.260000000000000000e+05 1.306000000000000000e+03
1.280000000000000000e+05 1.240000000000000000e+03
1.300000000000000000e+05 1.160000000000000000e+03
1.320000000000000000e+05 1.146000000000000000e+03
1.340000000000000000e+05 1.129000000000000000e+03
1.360000000000000000e+05 1.174000000000000000e+03
1.380000000000000000e+05 1.181000000000000000e+03
1.400000000000000000e+05 1.127000000000000000e+03
1.420000000000000000e+05 1.137000000000000000e+03
1.440000000000000000e+05 1.209000000000000000e+03
1.460000000000000000e+05 1.199000000000000000e+03
1.480000000000000000e+05 1.239000000000000000e+03
1.500000000000000000e+05 1.259000000000000000e+03
1.520000000000000000e+05 1.320000000000000000e+03
1.540000000000000000e+05 1.362000000000000000e+03
1.560000000000000000e+05 1.420000000000000000e+03
1.580000000000000000e+05 1.495000000000000000e+03
1.600000000000000000e+05 1.509000000000000000e+03
1.620000000000000000e+05 1.631000000000000000e+03
1.640000000000000000e+05 1.792000000000000000e+03
1.660000000000000000e+05 1.873000000000000000e+03
1.680000000000000000e+05 1.920000000000000000e+03
1.700000000000000000e+05 1.997000000000000000e+03
1.720000000000000000e+05 2.062000000000000000e+03
1.740000000000000000e+05 2.173000000000000000e+03
1.760000000000000000e+05 2.248000000000000000e+03
1.780000000000000000e+05 2.329000000000000000e+03
1.800000000000000000e+05 2.364000000000000000e+03
1.820000000000000000e+05 2.446000000000000000e+03
1.840000000000000000e+05 2.450000000000000000e+03
1.860000000000000000e+05 2.712000000000000000e+03
1.880000000000000000e+05 2.704000000000000000e+03
1.900000000000000000e+05 2.892000000000000000e+03
1.920000000000000000e+05 2.871000000000000000e+03
1.940000000000000000e+05 2.948000000000000000e+03
1.960000000000000000e+05 2.983000000000000000e+03
1.980000000000000000e+05 3.066000000000000000e+03
2.000000000000000000e+05 3.164000000000000000e+03
2.020000000000000000e+05 3.148000000000000000e+03
2.040000000000000000e+05 3.224000000000000000e+03
2.060000000000000000e+05 3.224000000000000000e+03
2.080000000000000000e+05 3.225000000000000000e+03
2.100000000000000000e+05 3.384000000000000000e+03
2.120000000000000000e+05 3.386000000000000000e+03
2.140000000000000000e+05 3.357000000000000000e+03
2.160000000000000000e+05 3.430000000000000000e+03
2.180000000000000000e+05 3.452000000000000000e+03
2.200000000000000000e+05 3.463000000000000000e+03
2.220000000000000000e+05 3.371000000000000000e+03
2.240000000000000000e+05 3.429000000000000000e+03
2.260000000000000000e+05 3.528000000000000000e+03
2.280000000000000000e+05 3.496000000000000000e+03
2.300000000000000000e+05 3.597000000000000000e+03
2.320000000000000000e+05 3.575000000000000000e+03
2.340000000000000000e+05 3.441000000000000000e+03
2.360000000000000000e+05 3.576000000000000000e+03
2.380000000000000000e+05 3.566000000000000000e+03
2.400000000000000000e+05 3.531000000000000000e+03
2.420000000000000000e+05 3.532000000000000000e+03
2.440000000000000000e+05 3.632000000000000000e+03
2.460000000000000000e+05 3.556000000000000000e+03
2.480000000000000000e+05 3.492000000000000000e+03
2.500000000000000000e+05 3.585000000000000000e+03
2.520000000000000000e+05 3.551000000000000000e+03
2.540000000000000000e+05 3.507000000000000000e+03
2.560000000000000000e+05 3.452000000000000000e+03
2.580000000000000000e+05 3.449000000000000000e+03
2.600000000000000000e+05 3.404000000000000000e+03
2.620000000000000000e+05 3.272000000000000000e+03
2.640000000000000000e+05 3.409000000000000000e+03
2.660000000000000000e+05 3.378000000000000000e+03
2.680000000000000000e+05 3.277000000000000000e+03
2.700000000000000000e+05 3.295000000000000000e+03
2.720000000000000000e+05 3.314000000000000000e+03
2.740000000000000000e+05 3.227000000000000000e+03
2.760000000000000000e+05 3.081000000000000000e+03
2.780000000000000000e+05 2.996000000000000000e+03
2.800000000000000000e+05 2.952000000000000000e+03
2.820000000000000000e+05 3.000000000000000000e+03
2.840000000000000000e+05 2.904000000000000000e+03
2.860000000000000000e+05 2.828000000000000000e+03
2.880000000000000000e+05 2.779000000000000000e+03
2.900000000000000000e+05 2.679000000000000000e+03
2.920000000000000000e+05 2.614000000000000000e+03
2.940000000000000000e+05 2.509000000000000000e+03
2.960000000000000000e+05 2.337000000000000000e+03
2.980000000000000000e+05 2.312000000000000000e+03
3.000000000000000000e+05 2.283000000000000000e+03
3.020000000000000000e+05 2.280000000000000000e+03
3.040000000000000000e+05 2.118000000000000000e+03
3.060000000000000000e+05 2.008000000000000000e+03
3.080000000000000000e+05 1.891000000000000000e+03
3.100000000000000000e+05 1.794000000000000000e+03
3.120000000000000000e+05 1.694000000000000000e+03
3.140000000000000000e+05 1.733000000000000000e+03
3.160000000000000000e+05 1.605000000000000000e+03
3.180000000000000000e+05 1.534000000000000000e+03
3.200000000000000000e+05 1.470000000000000000e+03
3.220000000000000000e+05 1.362000000000000000e+03
3.240000000000000000e+05 1.307000000000000000e+03
3.260000000000000000e+05 1.383000000000000000e+03
3.280000000000000000e+05 1.301000000000000000e+03
3.300000000000000000e+05 1.209000000000000000e+03
3.320000000000000000e+05 1.172000000000000000e+03
3.340000000000000000e+05 1.157000000000000000e+03
3.360000000000000000e+05 1.194000000000000000e+03
3.380000000000000000e+05 1.163000000000000000e+03
3.400000000000000000e+05 1.182000000000000000e+03
3.420000000000000000e+05 1.158000000000000000e+03
3.440000000000000000e+05 1.232000000000000000e+03
3.460000000000000000e+05 1.247000000000000000e+03
3.480000000000000000e+05 1.244000000000000000e+03
3.500000000000000000e+05 1.290000000000000000e+03
3.520000000000000000e+05 1.297000000000000000e+03
3.540000000000000000e+05 1.358000000000000000e+03
3.560000000000000000e+05 1.427000000000000000e+03
3.580000000000000000e+05 1.434000000000000000e+03
3.600000000000000000e+05 1.603000000000000000e+03
3.620000000000000000e+05 1.567000000000000000e+03
3.640000000000000000e+05 1.725000000000000000e+03
3.660000000000000000e+05 1.871000000000000000e+03
3.680000000000000000e+05 1.836000000000000000e+03
3.700000000000000000e+05 2.027000000000000000e+03
3.720000000000000000e+05 1.991000000000000000e+03
3.740000000000000000e+05 2.105000000000000000e+03
3.760000000000000000e+05 2.289000000000000000e+03
3.780000000000000000e+05 2.221000000000000000e+03
3.800000000000000000e+05 2.425000000000000000e+03
3.820000000000000000e+05 2.530000000000000000e+03
3.840000000000000000e+05 2.657000000000000000e+03
3.860000000000000000e+05 2.627000000000000000e+03
3.880000000000000000e+05 2.712000000000000000e+03
3.900000000000000000e+05 2.833000000000000000e+03
3.920000000000000000e+05 2.811000000000000000e+03
3.940000000000000000e+05 3.083000000000000000e+03
3.960000000000000000e+05 3.027000000000000000e+03
3.980000000000000000e+05 2.972000000000000000e+03
