0.000000000000000000e+00 3.683000000000000000e+03
1.000000000000000000e+03 3.724000000000000000e+03
2.000000000000000000e+03 3.874000000000000000e+03
3.000000000000000000e+03 3.794000000000000000e+03
4.000000000000000000e+03 3.884000000000000000e+03
5.000000000000000000e+03 3.937000000000000000e+03
6.000000000000000000e+03 4.028000000000000000e+03
7.000000000000000000e+03 4.001000000000000000e+03
8.000000000000000000e+03 4.083000000000000000e+03
9.000000000000000000e+03 3.994000000000000000e+03
1.000000000000000000e+04 4.251000000000000000e+03
1.100000000000000000e+04 4.084000000000000000e+03
1.200000000000000000e+04 4.038000000000000000e+03
1.300000000000000000e+04 4.106000000000000000e+03
1.400000000000000000e+04 4.114000000000000000e+03
1.500000000000000000e+04 4.131000000000000000e+03
1.600000000000000000e+04 4.160000000000000000e+03
1.700000000000000000e+04 4.183000000000000000e+03
1.800000000000000000e+04 4.156000000000000000e+03
1.900000000000000000e+04 4.246000000000000000e+03
2.000000000000000000e+04 4.312000000000000000e+03
2.100000000000000000e+04 4.247000000000000000e+03
2.200000000000000000e+04 4.238000000000000000e+03
2.300000000000000000e+04 4.265000000000000000e+03
2.400000000000000000e+04 4.193000000000000000e+03
2.500000000000000000e+04 4.211000000000000000e+03
2.600000000000000000e+04 4.190000000000000000e+03
2.700000000000000000e+04 4.149000000000000000e+03
2.800000000000000000e+04 4.170000000000000000e+03
2.900000000000000000e+04 4.169000000000000000e+03
3.000000000000000000e+04 4.004000000000000000e+03
3.100000000000000000e+04 4.056000000000000000e+03
3.200000000000000000e+04 3.916000000000000000e+03
3.300000000000000000e+04 3.846000000000000000e+03
3.400000000000000000e+04 3.888000000000000000e+03
3.500000000000000000e+04 3.756000000000000000e+03
3.600000000000000000e+04 3.685000000000000000e+03
3.700000000000000000e+04 3.787000000000000000e+03
3.800000000000000000e+04 3.690000000000000000e+03
3.900000000000000000e+04 3.640000000000000000e+03
4.000000000000000000e+04 3.471000000000000000e+03
4.100000000000000000e+04 3.583000000000000000e+03
4.200000000000000000e+04 3.358000000000000000e+03
4.300000000000000000e+04 3.358000000000000000e+03
4.400000000000000000e+04 3.197000000000000000e+03
4.500000000000000000e+04 3.175000000000000000e+03
4.600000000000000000e+04 3.123000000000000000e+03
4.700000000000000000e+04 2.934000000000000000e+03
4.800000000000000000e+04 2.906000000000000000e+03
4.900000000000000000e+04 2.832000000000000000e+03
5.000000000000000000e+04 2.753000000000000000e+03
5.100000000000000000e+04 2.548000000000000000e+03
5.200000000000000000e+04 2.475000000000000000e+03
5.300000000000000000e+04 2.389000000000000000e+03
5.400000000000000000e+04 2.254000000000000000e+03
5.500000000000000000e+04 2.191000000000000000e+03
5.600000000000000000e+04 2.040000000000000000e+03
5.700000000000000000e+04 1.995000000000000000e+03
5.800000000000000000e+04 1.968000000000000000e+03
5.900000000000000000e+04 1.817000000000000000e+03
6.000000000000000000e+04 1.734000000000000000e+03
6.100000000000000000e+04 1.727000000000000000e+03
6.200000000000000000e+04 1.642000000000000000e+03
6.300000000000000000e+04 1.584000000000000000e+03
6.400000000000000000e+04 1.548000000000000000e+03
6.500000000000000000e+04 1.458000000000000000e+03
6.600000000000000000e+04 1.435000000000000000e+03
6.700000000000000000e+04 1.333000000000000000e+03
6.800000000000000000e+04 1.354000000000000000e+03
6.900000000000000000e+04 1.340000000000000000e+03
7.000000000000000000e+04 1.406000000000000000e+03
7.100000000000000000e+04 1.412000000000000000e+03
7.200000000000000000e+04 1.442000000000000000e+03
7.300000000000000000e+04 1.451000000000000000e+03
7.400000000000000000e+04 1.518000000000000000e+03
7.500000000000000000e+04 1.471000000000000000e+03
7.600000000000000000e+04 1.455000000000000000e+03
7.700000000000000000e+04 1.547000000000000000e+03
7.800000000000000000e+04 1.612000000000000000e+03
7.900000000000000000e+04 1.744000000000000000e+03
8.000000000000000000e+04 1.854000000000000000e+03
8.100000000000000000e+04 1.959000000000000000e+03
8.200000000000000000e+04 2.016000000000000000e+03
8.300000000000000000e+04 2.088000000000000000e+03
8.400000000000000000e+04 2.215000000000000000e+03
8.500000000000000000e+04 2.385000000000000000e+03
8.600000000000000000e+04 2.486000000000000000e+03
8.700000000000000000e+04 2.464000000000000000e+03
8.800000000000000000e+04 2.588000000000000000e+03
8.900000000000000000e+04 2.769000000000000000e+03
9.000000000000000000e+04 2.869000000000000000e+03
9.100000000000000000e+04 2.966000000000000000e+03
9.200000000000000000e+04 3.010000000000000000e+03
9.300000000000000000e+04 3.066000000000000000e+03
9.400000000000000000e+04 3.167000000000000000e+03
9.500000000000000000e+04 3.346000000000000000e+03
9.600000000000000000e+04 3.361000000000000000e+03
9.700000000000000000e+04 3.564000000000000000e+03
9.800000000000000000e+04 3.594000000000000000e+03
9.900000000000000000e+04 3.632000000000000000e+03
1.000000000000000000e+05 3.685000000000000000e+03
1.010000000000000000e+05 3.642000000000000000e+03
1.020000000000000000e+05 3.802000000000000000e+03
1.030000000000000000e+05 3.771000000000000000e+03
1.040000000000000000e+05 3.803000000000000000e+03
1.050000000000000000e+05 3.866000000000000000e+03
1.060000000000000000e+05 4.047000000000000000e+03
1.070000000000000000e+05 4.148000000000000000e+03
1.080000000000000000e+05 4.039000000000000000e+03
1.090000000000000000e+05 4.111000000000000000e+03
1.100000000000000000e+05 4.136000000000000000e+03
1.110000000000000000e+05 4.058000000000000000e+03
1.120000000000000000e+05 4.166000000000000000e+03
1.130000000000000000e+05 4.115000000000000000e+03
1.140000000000000000e+05 4.163000000000000000e+03
1.150000000000000000e+05 4.287000000000000000e+03
1.160000000000000000e+05 4.181000000000000000e+03
1.170000000000000000e+05 4.223000000000000000e+03
1.180000000000000000e+05 4.203000000000000000e+03
1.190000000000000000e+05 4.214000000000000000e+03
1.200000000000000000e+05 4.220000000000000000e+03
1.210000000000000000e+05 4.330000000000000000e+03
1.220000000000000000e+05 4.134000000000000000e+03
1.230000000000000000e+05 4.135000000000000000e+03
1.240000000000000000e+05 4.171000000000000000e+03
1.250000000000000000e+05 4.212000000000000000e+03
1.260000000000000000e+05 4.136000000000000000e+03
1.270000000000000000e+05 4.128000000000000000e+03
1.280000000000000000e+05 4.102000000000000000e+03
1.290000000000000000e+05 4.069000000000000000e+03
1.300000000000000000e+05 4.155000000000000000e+03
1.310000000000000000e+05 4.017000000000000000e+03
1.320000000000000000e+05 3.976000000000000000e+03
1.330000000000000000e+05 3.997000000000000000e+03
1.340000000000000000e+05 3.931000000000000000e+03
1.350000000000000000e+05 3.744000000000000000e+03
1.360000000000000000e+05 3.716000000000000000e+03
1.370000000000000000e+05 3.757000000000000000e+03
1.380000000000000000e+05 3.663000000000000000e+03
1.390000000000000000e+05 3.565000000000000000e+03
1.400000000000000000e+05 3.523000000000000000e+03
1.410000000000000000e+05 3.443000000000000000e+03
1.420000000000000000e+05 3.324000000000000000e+03
1.430000000000000000e+05 3.318000000000000000e+03
1.440000000000000000e+05 3.145000000000000000e+03
1.450000000000000000e+05 3.205000000000000000e+03
1.460000000000000000e+05 2.915000000000000000e+03
1.470000000000000000e+05 3.076000000000000000e+03
1.480000000000000000e+05 2.913000000000000000e+03
1.490000000000000000e+05 2.781000000000000000e+03
1.500000000000000000e+05 2.645000000000000000e+03
1.510000000000000000e+05 2.586000000000000000e+03
1.520000000000000000e+05 2.418000000000000000e+03
1.530000000000000000e+05 2.445000000000000000e+03
1.540000000000000000e+05 2.304000000000000000e+03
1.550000000000000000e+05 2.229000000000000000e+03
1.560000000000000000e+05 2.095000000000000000e+03
1.570000000000000000e+05 2.010000000000000000e+03
1.580000000000000000e+05 2.013000000000000000e+03
1.590000000000000000e+05 1.865000000000000000e+03
1.600000000000000000e+05 1.750000000000000000e+03
1.610000000000000000e+05 1.677000000000000000e+03
1.620000000000000000e+05 1.529000000000000000e+03
1.630000000000000000e+05 1.482000000000000000e+03
1.640000000000000000e+05 1.470000000000000000e+03
1.650000000000000000e+05 1.504000000000000000e+03
1.660000000000000000e+05 1.438000000000000000e+03
1.670000000000000000e+05 1.351000000000000000e+03
1.680000000000000000e+05 1.395000000000000000e+03
1.690000000000000000e+05 1.410000000000000000e+03
1.700000000000000000e+05 1.375000000000000000e+03
1.710000000000000000e+05 1.402000000000000000e+03
1.720000000000000000e+05 1.392000000000000000e+03
1.730000000000000000e+05 1.366000000000000000e+03
1.740000000000000000e+05 1.462000000000000000e+03
1.750000000000000000e+05 1.549000000000000000e+03
1.760000000000000000e+05 1.513000000000000000e+03
1.770000000000000000e+05 1.595000000000000000e+03
1.780000000000000000e+05 1.682000000000000000e+03
1.790000000000000000e+05 1.768000000000000000e+03
1.800000000000000000e+05 1.806000000000000000e+03
1.810000000000000000e+05 1.952000000000000000e+03
1.820000000000000000e+05 2.034000000000000000e+03
1.830000000000000000e+05 2.061000000000000000e+03
1.840000000000000000e+05 2.206000000000000000e+03
1.850000000000000000e+05 2.332000000000000000e+03
1.860000000000000000e+05 2.426000000000000000e+03
1.870000000000000000e+05 2.514000000000000000e+03
1.880000000000000000e+05 2.670000000000000000e+03
1.890000000000000000e+05 2.793000000000000000e+03
1.900000000000000000e+05 2.789000000000000000e+03
1.910000000000000000e+05 2.907000000000000000e+03
1.920000000000000000e+05 3.143000000000000000e+03
1.930000000000000000e+05 3.199000000000000000e+03
1.940000000000000000e+05 3.229000000000000000e+03
1.950000000000000000e+05 3.347000000000000000e+03
1.960000000000000000e+05 3.324000000000000000e+03
1.970000000000000000e+05 3.414000000000000000e+03
1.980000000000000000e+05 3.558000000000000000e+03
1.990000000000000000e+05 3.664000000000000000e+03
