0.000000000000000000e+00 1.795000000000000000e+03
3.300000000000000000e+01 1.957000000000000000e+03
6.600000000000000000e+01 1.906000000000000000e+03
9.900000000000000000e+01 1.989000000000000000e+03
1.320000000000000000e+02 2.008000000000000000e+03
1.650000000000000000e+02 2.034000000000000000e+03
1.980000000000000000e+02 2.081000000000000000e+03
2.310000000000000000e+02 2.070000000000000000e+03
2.640000000000000000e+02 2.124000000000000000e+03
2.970000000000000000e+02 2.066000000000000000e+03
3.300000000000000000e+02 2.253000000000000000e+03
3.630000000000000000e+02 2.225000000000000000e+03
3.960000000000000000e+02 2.243000000000000000e+03
4.290000000000000000e+02 2.169000000000000000e+03
4.620000000000000000e+02 2.221000000000000000e+03
4.950000000000000000e+02 2.219000000000000000e+03
5.280000000000000000e+02 2.255000000000000000e+03
5.610000000000000000e+02 2.185000000000000000e+03
5.940000000000000000e+02 2.338000000000000000e+03
6.270000000000000000e+02 2.267000000000000000e+03
6.600000000000000000e+02 2.323000000000000000e+03
6.930000000000000000e+02 2.329000000000000000e+03
7.260000000000000000e+02 2.272000000000000000e+03
7.590000000000000000e+02 2.322000000000000000e+03
7.920000000000000000e+02 2.370000000000000000e+03
8.250000000000000000e+02 2.218000000000000000e+03
8.580000000000000000e+02 2.270000000000000000e+03
8.910000000000000000e+02 2.298000000000000000e+03
9.240000000000000000e+02 2.273000000000000000e+03
9.570000000000000000e+02 2.250000000000000000e+03
9.900000000000000000e+02 2.269000000000000000e+03
1.023000000000000000e+03 2.288000000000000000e+03
1.056000000000000000e+03 2.239000000000000000e+03
1.089000000000000000e+03 2.282000000000000000e+03
1.122000000000000000e+03 2.309000000000000000e+03
1.155000000000000000e+03 2.222000000000000000e+03
1.188000000000000000e+03 2.219000000000000000e+03
1.221000000000000000e+03 2.239000000000000000e+03
1.254000000000000000e+03 2.154000000000000000e+03
1.287000000000000000e+03 2.140000000000000000e+03
1.320000000000000000e+03 2.144000000000000000e+03
1.353000000000000000e+03 2.044000000000000000e+03
1.386000000000000000e+03 2.124000000000000000e+03
1.419000000000000000e+03 2.088000000000000000e+03
1.452000000000000000e+03 1.931000000000000000e+03
1.485000000000000000e+03 1.931000000000000000e+03
1.518000000000000000e+03 1.911000000000000000e+03
1.551000000000000000e+03 1.910000000000000000e+03
1.584000000000000000e+03 1.879000000000000000e+03
1.617000000000000000e+03 1.746000000000000000e+03
1.650000000000000000e+03 1.779000000000000000e+03
1.683000000000000000e+03 1.685000000000000000e+03
1.716000000000000000e+03 1.696000000000000000e+03
1.749000000000000000e+03 1.586000000000000000e+03
1.782000000000000000e+03 1.580000000000000000e+03
1.815000000000000000e+03 1.554000000000000000e+03
1.848000000000000000e+03 1.491000000000000000e+03
1.881000000000000000e+03 1.457000000000000000e+03
1.914000000000000000e+03 1.405000000000000000e+03
1.947000000000000000e+03 1.351000000000000000e+03
1.980000000000000000e+03 1.272000000000000000e+03
2.013000000000000000e+03 1.339000000000000000e+03
2.046000000000000000e+03 1.217000000000000000e+03
2.079000000000000000e+03 1.239000000000000000e+03
2.112000000000000000e+03 1.114000000000000000e+03
2.145000000000000000e+03 1.097000000000000000e+03
2.178000000000000000e+03 1.073000000000000000e+03
2.211000000000000000e+03 1.011000000000000000e+03
2.244000000000000000e+03 1.071000000000000000e+03
2.277000000000000000e+03 9.900000000000000000e+02
2.310000000000000000e+03 9.720000000000000000e+02
2.343000000000000000e+03 9.420000000000000000e+02
2.376000000000000000e+03 9.610000000000000000e+02
2.409000000000000000e+03 9.320000000000000000e+02
2.442000000000000000e+03 9.190000000000000000e+02
2.475000000000000000e+03 9.240000000000000000e+02
2.508000000000000000e+03 9.260000000000000000e+02
2.541000000000000000e+03 9.240000000000000000e+02
2.574000000000000000e+03 9.090000000000000000e+02
2.607000000000000000e+03 1.016000000000000000e+03
2.640000000000000000e+03 9.250000000000000000e+02
2.673000000000000000e+03 9.020000000000000000e+02
2.706000000000000000e+03 9.620000000000000000e+02
2.739000000000000000e+03 1.023000000000000000e+03
2.772000000000000000e+03 1.016000000000000000e+03
2.805000000000000000e+03 1.063000000000000000e+03
2.838000000000000000e+03 1.114000000000000000e+03
2.871000000000000000e+03 1.157000000000000000e+03
2.904000000000000000e+03 1.167000000000000000e+03
2.937000000000000000e+03 1.279000000000000000e+03
2.970000000000000000e+03 1.320000000000000000e+03
3.003000000000000000e+03 1.357000000000000000e+03
3.036000000000000000e+03 1.412000000000000000e+03
3.069000000000000000e+03 1.504000000000000000e+03
3.102000000000000000e+03 1.499000000000000000e+03
3.135000000000000000e+03 1.538000000000000000e+03
3.168000000000000000e+03 1.597000000000000000e+03
3.201000000000000000e+03 1.587000000000000000e+03
3.234000000000000000e+03 1.751000000000000000e+03
3.267000000000000000e+03 1.772000000000000000e+03
3.300000000000000000e+03 1.799000000000000000e+03
3.333000000000000000e+03 1.910000000000000000e+03
3.366000000000000000e+03 1.930000000000000000e+03
3.399000000000000000e+03 1.984000000000000000e+03
3.432000000000000000e+03 1.954000000000000000e+03
3.465000000000000000e+03 1.974000000000000000e+03
3.498000000000000000e+03 1.944000000000000000e+03
3.531000000000000000e+03 2.025000000000000000e+03
3.564000000000000000e+03 2.113000000000000000e+03
3.597000000000000000e+03 2.112000000000000000e+03
3.630000000000000000e+03 2.152000000000000000e+03
3.663000000000000000e+03 2.239000000000000000e+03
3.696000000000000000e+03 2.248000000000000000e+03
3.729000000000000000e+03 2.133000000000000000e+03
3.762000000000000000e+03 2.282000000000000000e+03
3.795000000000000000e+03 2.249000000000000000e+03
3.828000000000000000e+03 2.263000000000000000e+03
3.861000000000000000e+03 2.371000000000000000e+03
3.894000000000000000e+03 2.228000000000000000e+03
3.927000000000000000e+03 2.276000000000000000e+03
3.960000000000000000e+03 2.317000000000000000e+03
3.993000000000000000e+03 2.305000000000000000e+03
4.026000000000000000e+03 2.283000000000000000e+03
4.059000000000000000e+03 2.374000000000000000e+03
4.092000000000000000e+03 2.248000000000000000e+03
4.125000000000000000e+03 2.238000000000000000e+03
4.158000000000000000e+03 2.270000000000000000e+03
4.191000000000000000e+03 2.360000000000000000e+03
4.224000000000000000e+03 2.271000000000000000e+03
4.257000000000000000e+03 2.346000000000000000e+03
4.290000000000000000e+03 2.247000000000000000e+03
4.323000000000000000e+03 2.305000000000000000e+03
4.356000000000000000e+03 2.349000000000000000e+03
4.389000000000000000e+03 2.318000000000000000e+03
4.422000000000000000e+03 2.272000000000000000e+03
4.455000000000000000e+03 2.247000000000000000e+03
4.488000000000000000e+03 2.174000000000000000e+03
4.521000000000000000e+03 2.162000000000000000e+03
4.554000000000000000e+03 2.228000000000000000e+03
4.587000000000000000e+03 2.114000000000000000e+03
4.620000000000000000e+03 2.194000000000000000e+03
4.653000000000000000e+03 2.098000000000000000e+03
4.686000000000000000e+03 2.098000000000000000e+03
4.719000000000000000e+03 2.067000000000000000e+03
4.752000000000000000e+03 2.017000000000000000e+03
4.785000000000000000e+03 2.053000000000000000e+03
4.818000000000000000e+03 1.882000000000000000e+03
4.851000000000000000e+03 1.951000000000000000e+03
4.884000000000000000e+03 1.854000000000000000e+03
4.917000000000000000e+03 1.806000000000000000e+03
4.950000000000000000e+03 1.847000000000000000e+03
4.983000000000000000e+03 1.750000000000000000e+03
5.016000000000000000e+03 1.739000000000000000e+03
5.049000000000000000e+03 1.674000000000000000e+03
5.082000000000000000e+03 1.677000000000000000e+03
5.115000000000000000e+03 1.629000000000000000e+03
5.148000000000000000e+03 1.602000000000000000e+03
5.181000000000000000e+03 1.467000000000000000e+03
5.214000000000000000e+03 1.467000000000000000e+03
5.247000000000000000e+03 1.391000000000000000e+03
5.280000000000000000e+03 1.349000000000000000e+03
5.313000000000000000e+03 1.352000000000000000e+03
5.346000000000000000e+03 1.242000000000000000e+03
5.379000000000000000e+03 1.208000000000000000e+03
5.412000000000000000e+03 1.098000000000000000e+03
5.445000000000000000e+03 1.158000000000000000e+03
5.478000000000000000e+03 1.163000000000000000e+03
5.511000000000000000e+03 1.040000000000000000e+03
5.544000000000000000e+03 1.085000000000000000e+03
5.577000000000000000e+03 1.068000000000000000e+03
5.610000000000000000e+03 9.800000000000000000e+02
5.643000000000000000e+03 9.680000000000000000e+02
5.676000000000000000e+03 9.250000000000000000e+02
5.709000000000000000e+03 9.460000000000000000e+02
5.742000000000000000e+03 9.260000000000000000e+02
5.775000000000000000e+03 8.940000000000000000e+02
5.808000000000000000e+03 8.260000000000000000e+02
5.841000000000000000e+03 8.930000000000000000e+02
5.874000000000000000e+03 8.630000000000000000e+02
5.907000000000000000e+03 9.030000000000000000e+02
5.940000000000000000e+03 8.700000000000000000e+02
5.973000000000000000e+03 9.170000000000000000e+02
6.006000000000000000e+03 9.590000000000000000e+02
6.039000000000000000e+03 1.000000000000000000e+03
6.072000000000000000e+03 9.600000000000000000e+02
6.105000000000000000e+03 9.940000000000000000e+02
6.138000000000000000e+03 1.033000000000000000e+03
6.171000000000000000e+03 1.089000000000000000e+03
6.204000000000000000e+03 1.206000000000000000e+03
6.237000000000000000e+03 1.132000000000000000e+03
6.270000000000000000e+03 1.246000000000000000e+03
6.303000000000000000e+03 1.350000000000000000e+03
6.336000000000000000e+03 1.225000000000000000e+03
6.369000000000000000e+03 1.326000000000000000e+03
6.402000000000000000e+03 1.500000000000000000e+03
6.435000000000000000e+03 1.552000000000000000e+03
6.468000000000000000e+03 1.544000000000000000e+03
6.501000000000000000e+03 1.614000000000000000e+03
6.534000000000000000e+03 1.622000000000000000e+03
6.567000000000000000e+03 1.809000000000000000e+03
6.600000000000000000e+03 1.628000000000000000e+03
6.633000000000000000e+03 1.827000000000000000e+03
