0.000000000000000000e+00 1.641000000000000000e+03
1.400000000000000000e+01 1.742000000000000000e+03
2.800000000000000000e+01 1.751000000000000000e+03
4.200000000000000000e+01 1.838000000000000000e+03
5.600000000000000000e+01 1.922000000000000000e+03
7.000000000000000000e+01 1.914000000000000000e+03
8.400000000000000000e+01 1.959000000000000000e+03
9.800000000000000000e+01 2.033000000000000000e+03
1.120000000000000000e+02 2.004000000000000000e+03
1.260000000000000000e+02 2.179000000000000000e+03
1.400000000000000000e+02 2.097000000000000000e+03
1.540000000000000000e+02 2.175000000000000000e+03
1.680000000000000000e+02 2.162000000000000000e+03
1.820000000000000000e+02 2.161000000000000000e+03
1.960000000000000000e+02 2.256000000000000000e+03
2.100000000000000000e+02 2.240000000000000000e+03
2.240000000000000000e+02 2.224000000000000000e+03
2.380000000000000000e+02 2.264000000000000000e+03
2.520000000000000000e+02 2.263000000000000000e+03
2.660000000000000000e+02 2.254000000000000000e+03
2.800000000000000000e+02 2.316000000000000000e+03
2.940000000000000000e+02 2.334000000000000000e+03
3.080000000000000000e+02 2.404000000000000000e+03
3.220000000000000000e+02 2.300000000000000000e+03
3.360000000000000000e+02 2.329000000000000000e+03
3.500000000000000000e+02 2.237000000000000000e+03
3.640000000000000000e+02 2.267000000000000000e+03
3.780000000000000000e+02 2.394000000000000000e+03
3.920000000000000000e+02 2.297000000000000000e+03
4.060000000000000000e+02 2.362000000000000000e+03
4.200000000000000000e+02 2.359000000000000000e+03
4.340000000000000000e+02 2.287000000000000000e+03
4.480000000000000000e+02 2.303000000000000000e+03
4.620000000000000000e+02 2.242000000000000000e+03
4.760000000000000000e+02 2.294000000000000000e+03
4.900000000000000000e+02 2.261000000000000000e+03
5.040000000000000000e+02 2.211000000000000000e+03
5.180000000000000000e+02 2.159000000000000000e+03
5.320000000000000000e+02 2.196000000000000000e+03
5.460000000000000000e+02 2.211000000000000000e+03
5.600000000000000000e+02 2.157000000000000000e+03
5.740000000000000000e+02 2.118000000000000000e+03
5.880000000000000000e+02 2.095000000000000000e+03
6.020000000000000000e+02 2.202000000000000000e+03
6.160000000000000000e+02 2.101000000000000000e+03
6.300000000000000000e+02 2.117000000000000000e+03
6.440000000000000000e+02 2.005000000000000000e+03
6.580000000000000000e+02 1.976000000000000000e+03
6.720000000000000000e+02 1.948000000000000000e+03
6.860000000000000000e+02 1.922000000000000000e+03
7.000000000000000000e+02 1.896000000000000000e+03
7.140000000000000000e+02 1.854000000000000000e+03
7.280000000000000000e+02 1.761000000000000000e+03
7.420000000000000000e+02 1.717000000000000000e+03
7.560000000000000000e+02 1.690000000000000000e+03
7.700000000000000000e+02 1.689000000000000000e+03
7.840000000000000000e+02 1.689000000000000000e+03
7.980000000000000000e+02 1.608000000000000000e+03
8.120000000000000000e+02 1.595000000000000000e+03
8.260000000000000000e+02 1.575000000000000000e+03
8.400000000000000000e+02 1.546000000000000000e+03
8.540000000000000000e+02 1.449000000000000000e+03
8.680000000000000000e+02 1.374000000000000000e+03
8.820000000000000000e+02 1.361000000000000000e+03
8.960000000000000000e+02 1.377000000000000000e+03
9.100000000000000000e+02 1.403000000000000000e+03
9.240000000000000000e+02 1.283000000000000000e+03
9.380000000000000000e+02 1.262000000000000000e+03
9.520000000000000000e+02 1.311000000000000000e+03
9.660000000000000000e+02 1.237000000000000000e+03
9.800000000000000000e+02 1.206000000000000000e+03
9.940000000000000000e+02 1.213000000000000000e+03
1.008000000000000000e+03 1.148000000000000000e+03
1.022000000000000000e+03 1.172000000000000000e+03
1.036000000000000000e+03 1.162000000000000000e+03
1.050000000000000000e+03 1.123000000000000000e+03
1.064000000000000000e+03 1.033000000000000000e+03
1.078000000000000000e+03 1.108000000000000000e+03
1.092000000000000000e+03 1.037000000000000000e+03
1.106000000000000000e+03 1.079000000000000000e+03
1.120000000000000000e+03 1.110000000000000000e+03
1.134000000000000000e+03 9.920000000000000000e+02
1.148000000000000000e+03 1.052000000000000000e+03
1.162000000000000000e+03 1.063000000000000000e+03
1.176000000000000000e+03 1.105000000000000000e+03
1.190000000000000000e+03 1.154000000000000000e+03
1.204000000000000000e+03 1.127000000000000000e+03
1.218000000000000000e+03 1.199000000000000000e+03
1.232000000000000000e+03 1.193000000000000000e+03
1.246000000000000000e+03 1.192000000000000000e+03
1.260000000000000000e+03 1.263000000000000000e+03
1.274000000000000000e+03 1.278000000000000000e+03
1.288000000000000000e+03 1.342000000000000000e+03
1.302000000000000000e+03 1.334000000000000000e+03
1.316000000000000000e+03 1.306000000000000000e+03
1.330000000000000000e+03 1.363000000000000000e+03
1.344000000000000000e+03 1.455000000000000000e+03
1.358000000000000000e+03 1.536000000000000000e+03
1.372000000000000000e+03 1.497000000000000000e+03
1.386000000000000000e+03 1.559000000000000000e+03
1.400000000000000000e+03 1.594000000000000000e+03
1.414000000000000000e+03 1.655000000000000000e+03
1.428000000000000000e+03 1.731000000000000000e+03
1.442000000000000000e+03 1.873000000000000000e+03
1.456000000000000000e+03 1.858000000000000000e+03
1.470000000000000000e+03 1.927000000000000000e+03
1.484000000000000000e+03 1.808000000000000000e+03
1.498000000000000000e+03 1.963000000000000000e+03
1.512000000000000000e+03 2.018000000000000000e+03
1.526000000000000000e+03 1.986000000000000000e+03
1.540000000000000000e+03 2.084000000000000000e+03
1.554000000000000000e+03 2.083000000000000000e+03
1.568000000000000000e+03 2.102000000000000000e+03
1.582000000000000000e+03 2.160000000000000000e+03
1.596000000000000000e+03 2.172000000000000000e+03
1.610000000000000000e+03 2.230000000000000000e+03
1.624000000000000000e+03 2.266000000000000000e+03
1.638000000000000000e+03 2.108000000000000000e+03
1.652000000000000000e+03 2.271000000000000000e+03
1.666000000000000000e+03 2.322000000000000000e+03
1.680000000000000000e+03 2.300000000000000000e+03
1.694000000000000000e+03 2.184000000000000000e+03
1.708000000000000000e+03 2.342000000000000000e+03
1.722000000000000000e+03 2.273000000000000000e+03
1.736000000000000000e+03 2.231000000000000000e+03
1.750000000000000000e+03 2.334000000000000000e+03
1.764000000000000000e+03 2.275000000000000000e+03
1.778000000000000000e+03 2.402000000000000000e+03
1.792000000000000000e+03 2.382000000000000000e+03
1.806000000000000000e+03 2.291000000000000000e+03
1.820000000000000000e+03 2.293000000000000000e+03
1.834000000000000000e+03 2.265000000000000000e+03
1.848000000000000000e+03 2.212000000000000000e+03
1.862000000000000000e+03 2.320000000000000000e+03
1.876000000000000000e+03 2.330000000000000000e+03
1.890000000000000000e+03 2.171000000000000000e+03
1.904000000000000000e+03 2.229000000000000000e+03
1.918000000000000000e+03 2.313000000000000000e+03
1.932000000000000000e+03 2.200000000000000000e+03
1.946000000000000000e+03 2.194000000000000000e+03
1.960000000000000000e+03 2.328000000000000000e+03
1.974000000000000000e+03 2.237000000000000000e+03
1.988000000000000000e+03 2.172000000000000000e+03
2.002000000000000000e+03 2.201000000000000000e+03
2.016000000000000000e+03 1.999000000000000000e+03
2.030000000000000000e+03 2.093000000000000000e+03
2.044000000000000000e+03 1.967000000000000000e+03
2.058000000000000000e+03 1.986000000000000000e+03
2.072000000000000000e+03 1.986000000000000000e+03
2.086000000000000000e+03 1.925000000000000000e+03
2.100000000000000000e+03 1.935000000000000000e+03
2.114000000000000000e+03 1.887000000000000000e+03
2.128000000000000000e+03 1.922000000000000000e+03
2.142000000000000000e+03 1.832000000000000000e+03
2.156000000000000000e+03 1.808000000000000000e+03
2.170000000000000000e+03 1.799000000000000000e+03
2.184000000000000000e+03 1.670000000000000000e+03
2.198000000000000000e+03 1.658000000000000000e+03
2.212000000000000000e+03 1.592000000000000000e+03
2.226000000000000000e+03 1.624000000000000000e+03
2.240000000000000000e+03 1.517000000000000000e+03
2.254000000000000000e+03 1.485000000000000000e+03
2.268000000000000000e+03 1.467000000000000000e+03
2.282000000000000000e+03 1.589000000000000000e+03
2.296000000000000000e+03 1.469000000000000000e+03
2.310000000000000000e+03 1.370000000000000000e+03
2.324000000000000000e+03 1.438000000000000000e+03
2.338000000000000000e+03 1.376000000000000000e+03
2.352000000000000000e+03 1.264000000000000000e+03
2.366000000000000000e+03 1.292000000000000000e+03
2.380000000000000000e+03 1.273000000000000000e+03
2.394000000000000000e+03 1.175000000000000000e+03
2.408000000000000000e+03 1.224000000000000000e+03
2.422000000000000000e+03 1.155000000000000000e+03
2.436000000000000000e+03 1.178000000000000000e+03
2.450000000000000000e+03 1.120000000000000000e+03
2.464000000000000000e+03 1.154000000000000000e+03
2.478000000000000000e+03 1.075000000000000000e+03
2.492000000000000000e+03 1.127000000000000000e+03
2.506000000000000000e+03 1.093000000000000000e+03
2.520000000000000000e+03 1.068000000000000000e+03
2.534000000000000000e+03 1.053000000000000000e+03
2.548000000000000000e+03 1.024000000000000000e+03
2.562000000000000000e+03 1.022000000000000000e+03
2.576000000000000000e+03 1.038000000000000000e+03
2.590000000000000000e+03 1.043000000000000000e+03
2.604000000000000000e+03 1.065000000000000000e+03
2.618000000000000000e+03 1.052000000000000000e+03
2.632000000000000000e+03 1.060000000000000000e+03
2.646000000000000000e+03 1.149000000000000000e+03
2.660000000000000000e+03 1.132000000000000000e+03
2.674000000000000000e+03 1.195000000000000000e+03
2.688000000000000000e+03 1.176000000000000000e+03
2.702000000000000000e+03 1.234000000000000000e+03
2.716000000000000000e+03 1.160000000000000000e+03
2.730000000000000000e+03 1.275000000000000000e+03
2.744000000000000000e+03 1.364000000000000000e+03
2.758000000000000000e+03 1.366000000000000000e+03
2.772000000000000000e+03 1.438000000000000000e+03
2.786000000000000000e+03 1.480000000000000000e+03
2.800000000000000000e+03 1.527000000000000000e+03
2.814000000000000000e+03 1.572000000000000000e+03
2.828000000000000000e+03 1.678000000000000000e+03
2.842000000000000000e+03 1.692000000000000000e+03
