0.000000000000000000e+00 8.745000000000000000e+03
1.000000000000000000e+04 9.241000000000000000e+03
2.000000000000000000e+04 9.301000000000000000e+03
3.000000000000000000e+04 9.437000000000000000e+03
4.000000000000000000e+04 9.381000000000000000e+03
5.000000000000000000e+04 9.355000000000000000e+03
6.000000000000000000e+04 9.502000000000000000e+03
7.000000000000000000e+04 9.618000000000000000e+03
8.000000000000000000e+04 9.537000000000000000e+03
9.000000000000000000e+04 9.711000000000000000e+03
1.000000000000000000e+05 9.640000000000000000e+03
1.100000000000000000e+05 9.689000000000000000e+03
1.200000000000000000e+05 9.763000000000000000e+03
1.300000000000000000e+05 9.720000000000000000e+03
1.400000000000000000e+05 9.665000000000000000e+03
1.500000000000000000e+05 9.988000000000000000e+03
1.600000000000000000e+05 9.574000000000000000e+03
1.700000000000000000e+05 9.839000000000000000e+03
1.800000000000000000e+05 9.716000000000000000e+03
1.900000000000000000e+05 9.772000000000000000e+03
2.000000000000000000e+05 9.708000000000000000e+03
2.100000000000000000e+05 9.679000000000000000e+03
2.200000000000000000e+05 9.888000000000000000e+03
2.300000000000000000e+05 9.948000000000000000e+03
2.400000000000000000e+05 9.956000000000000000e+03
2.500000000000000000e+05 9.590000000000000000e+03
2.600000000000000000e+05 9.546000000000000000e+03
2.700000000000000000e+05 9.594000000000000000e+03
2.800000000000000000e+05 9.339000000000000000e+03
2.900000000000000000e+05 9.600000000000000000e+03
3.000000000000000000e+05 9.465000000000000000e+03
3.100000000000000000e+05 9.460000000000000000e+03
3.200000000000000000e+05 9.306000000000000000e+03
3.300000000000000000e+05 9.166000000000000000e+03
3.400000000000000000e+05 9.094000000000000000e+03
3.500000000000000000e+05 8.915000000000000000e+03
3.600000000000000000e+05 8.830000000000000000e+03
3.700000000000000000e+05 8.761000000000000000e+03
3.800000000000000000e+05 8.595000000000000000e+03
3.900000000000000000e+05 8.253000000000000000e+03
4.000000000000000000e+05 8.253000000000000000e+03
4.100000000000000000e+05 8.100000000000000000e+03
4.200000000000000000e+05 8.106000000000000000e+03
4.300000000000000000e+05 7.742000000000000000e+03
4.400000000000000000e+05 7.501000000000000000e+03
4.500000000000000000e+05 7.245000000000000000e+03
4.600000000000000000e+05 7.114000000000000000e+03
4.700000000000000000e+05 6.778000000000000000e+03
4.800000000000000000e+05 6.631000000000000000e+03
4.900000000000000000e+05 6.499000000000000000e+03
5.000000000000000000e+05 6.264000000000000000e+03
5.100000000000000000e+05 6.027000000000000000e+03
5.200000000000000000e+05 5.603000000000000000e+03
5.300000000000000000e+05 5.617000000000000000e+03
5.400000000000000000e+05 5.232000000000000000e+03
5.500000000000000000e+05 5.068000000000000000e+03
5.600000000000000000e+05 4.577000000000000000e+03
5.700000000000000000e+05 4.480000000000000000e+03
5.800000000000000000e+05 4.310000000000000000e+03
5.900000000000000000e+05 4.127000000000000000e+03
6.000000000000000000e+05 3.981000000000000000e+03
6.100000000000000000e+05 3.657000000000000000e+03
6.200000000000000000e+05 3.412000000000000000e+03
6.300000000000000000e+05 3.401000000000000000e+03
6.400000000000000000e+05 3.287000000000000000e+03
6.500000000000000000e+05 3.250000000000000000e+03
6.600000000000000000e+05 3.135000000000000000e+03
6.700000000000000000e+05 3.066000000000000000e+03
6.800000000000000000e+05 2.993000000000000000e+03
6.900000000000000000e+05 3.090000000000000000e+03
7.000000000000000000e+05 3.064000000000000000e+03
7.100000000000000000e+05 2.985000000000000000e+03
7.200000000000000000e+05 3.114000000000000000e+03
7.300000000000000000e+05 3.205000000000000000e+03
7.400000000000000000e+05 3.265000000000000000e+03
7.500000000000000000e+05 3.442000000000000000e+03
7.600000000000000000e+05 3.455000000000000000e+03
7.700000000000000000e+05 3.607000000000000000e+03
7.800000000000000000e+05 3.672000000000000000e+03
7.900000000000000000e+05 4.048000000000000000e+03
8.000000000000000000e+05 4.287000000000000000e+03
8.100000000000000000e+05 4.413000000000000000e+03
8.200000000000000000e+05 4.686000000000000000e+03
8.300000000000000000e+05 4.916000000000000000e+03
8.400000000000000000e+05 4.960000000000000000e+03
8.500000000000000000e+05 5.255000000000000000e+03
8.600000000000000000e+05 5.436000000000000000e+03
8.700000000000000000e+05 5.757000000000000000e+03
8.800000000000000000e+05 6.042000000000000000e+03
8.900000000000000000e+05 6.237000000000000000e+03
9.000000000000000000e+05 6.569000000000000000e+03
9.100000000000000000e+05 6.773000000000000000e+03
9.200000000000000000e+05 7.007000000000000000e+03
9.300000000000000000e+05 7.319000000000000000e+03
9.400000000000000000e+05 7.597000000000000000e+03
9.500000000000000000e+05 7.724000000000000000e+03
9.600000000000000000e+05 7.772000000000000000e+03
9.700000000000000000e+05 8.179000000000000000e+03
9.800000000000000000e+05 8.082000000000000000e+03
9.900000000000000000e+05 8.294000000000000000e+03
1.000000000000000000e+06 8.461000000000000000e+03
1.010000000000000000e+06 8.465000000000000000e+03
1.020000000000000000e+06 8.729000000000000000e+03
1.030000000000000000e+06 8.724000000000000000e+03
1.040000000000000000e+06 9.111000000000000000e+03
1.050000000000000000e+06 9.211000000000000000e+03
1.060000000000000000e+06 9.267000000000000000e+03
1.070000000000000000e+06 9.262000000000000000e+03
1.080000000000000000e+06 9.465000000000000000e+03
1.090000000000000000e+06 9.426000000000000000e+03
1.100000000000000000e+06 9.508000000000000000e+03
1.110000000000000000e+06 9.507000000000000000e+03
1.120000000000000000e+06 9.623000000000000000e+03
1.130000000000000000e+06 9.670000000000000000e+03
1.140000000000000000e+06 9.701000000000000000e+03
1.150000000000000000e+06 9.718000000000000000e+03
1.160000000000000000e+06 9.802000000000000000e+03
1.170000000000000000e+06 9.549000000000000000e+03
1.180000000000000000e+06 9.854000000000000000e+03
1.190000000000000000e+06 9.692000000000000000e+03
1.200000000000000000e+06 9.763000000000000000e+03
1.210000000000000000e+06 9.722000000000000000e+03
1.220000000000000000e+06 9.795000000000000000e+03
1.230000000000000000e+06 9.658000000000000000e+03
1.240000000000000000e+06 9.779000000000000000e+03
1.250000000000000000e+06 9.560000000000000000e+03
1.260000000000000000e+06 9.572000000000000000e+03
1.270000000000000000e+06 9.549000000000000000e+03
1.280000000000000000e+06 9.451000000000000000e+03
1.290000000000000000e+06 9.449000000000000000e+03
1.300000000000000000e+06 9.394000000000000000e+03
1.310000000000000000e+06 9.524000000000000000e+03
1.320000000000000000e+06 9.410000000000000000e+03
1.330000000000000000e+06 9.133000000000000000e+03
1.340000000000000000e+06 9.028000000000000000e+03
1.350000000000000000e+06 9.042000000000000000e+03
1.360000000000000000e+06 8.754000000000000000e+03
1.370000000000000000e+06 8.565000000000000000e+03
1.380000000000000000e+06 8.524000000000000000e+03
1.390000000000000000e+06 8.374000000000000000e+03
1.400000000000000000e+06 8.205000000000000000e+03
1.410000000000000000e+06 8.117000000000000000e+03
1.420000000000000000e+06 7.775000000000000000e+03
1.430000000000000000e+06 7.711000000000000000e+03
1.440000000000000000e+06 7.539000000000000000e+03
1.450000000000000000e+06 7.226000000000000000e+03
1.460000000000000000e+06 6.980000000000000000e+03
1.470000000000000000e+06 6.744000000000000000e+03
1.480000000000000000e+06 6.638000000000000000e+03
1.490000000000000000e+06 6.316000000000000000e+03
1.500000000000000000e+06 6.190000000000000000e+03
1.510000000000000000e+06 5.905000000000000000e+03
1.520000000000000000e+06 5.668000000000000000e+03
1.530000000000000000e+06 5.394000000000000000e+03
1.540000000000000000e+06 5.201000000000000000e+03
1.550000000000000000e+06 4.960000000000000000e+03
1.560000000000000000e+06 4.803000000000000000e+03
1.570000000000000000e+06 4.491000000000000000e+03
1.580000000000000000e+06 4.269000000000000000e+03
1.590000000000000000e+06 4.064000000000000000e+03
1.600000000000000000e+06 3.873000000000000000e+03
1.610000000000000000e+06 3.749000000000000000e+03
1.620000000000000000e+06 3.662000000000000000e+03
1.630000000000000000e+06 3.354000000000000000e+03
1.640000000000000000e+06 3.355000000000000000e+03
1.650000000000000000e+06 3.118000000000000000e+03
1.660000000000000000e+06 3.138000000000000000e+03
1.670000000000000000e+06 3.110000000000000000e+03
1.680000000000000000e+06 3.081000000000000000e+03
1.690000000000000000e+06 3.047000000000000000e+03
1.700000000000000000e+06 2.967000000000000000e+03
1.710000000000000000e+06 3.009000000000000000e+03
1.720000000000000000e+06 3.080000000000000000e+03
1.730000000000000000e+06 3.093000000000000000e+03
1.740000000000000000e+06 3.172000000000000000e+03
1.750000000000000000e+06 3.328000000000000000e+03
1.760000000000000000e+06 3.440000000000000000e+03
1.770000000000000000e+06 3.524000000000000000e+03
1.780000000000000000e+06 3.746000000000000000e+03
1.790000000000000000e+06 3.919000000000000000e+03
1.800000000000000000e+06 4.085000000000000000e+03
1.810000000000000000e+06 4.453000000000000000e+03
1.820000000000000000e+06 4.636000000000000000e+03
1.830000000000000000e+06 4.883000000000000000e+03
1.840000000000000000e+06 5.202000000000000000e+03
1.850000000000000000e+06 5.336000000000000000e+03
1.860000000000000000e+06 5.467000000000000000e+03
1.870000000000000000e+06 5.768000000000000000e+03
1.880000000000000000e+06 6.033000000000000000e+03
1.890000000000000000e+06 6.177000000000000000e+03
1.900000000000000000e+06 6.527000000000000000e+03
1.910000000000000000e+06 6.649000000000000000e+03
1.920000000000000000e+06 6.950000000000000000e+03
1.930000000000000000e+06 7.158000000000000000e+03
1.940000000000000000e+06 7.234000000000000000e+03
1.950000000000000000e+06 7.703000000000000000e+03
1.960000000000000000e+06 7.687000000000000000e+03
1.970000000000000000e+06 7.933000000000000000e+03
1.980000000000000000e+06 8.153000000000000000e+03
1.990000000000000000e+06 8.381000000000000000e+03
