0.000000000000000000e+00 3.762000000000000000e+03
5.000000000000000000e+02 3.890000000000000000e+03
1.000000000000000000e+03 4.002000000000000000e+03
1.500000000000000000e+03 3.817000000000000000e+03
2.000000000000000000e+03 4.045000000000000000e+03
2.500000000000000000e+03 4.075000000000000000e+03
3.000000000000000000e+03 4.107000000000000000e+03
3.500000000000000000e+03 4.208000000000000000e+03
4.000000000000000000e+03 4.308000000000000000e+03
4.500000000000000000e+03 4.203000000000000000e+03
5.000000000000000000e+03 4.248000000000000000e+03
5.500000000000000000e+03 4.342000000000000000e+03
6.000000000000000000e+03 4.389000000000000000e+03
6.500000000000000000e+03 4.230000000000000000e+03
7.000000000000000000e+03 4.440000000000000000e+03
7.500000000000000000e+03 4.389000000000000000e+03
8.000000000000000000e+03 4.460000000000000000e+03
8.500000000000000000e+03 4.215000000000000000e+03
9.000000000000000000e+03 4.357000000000000000e+03
9.500000000000000000e+03 4.348000000000000000e+03
1.000000000000000000e+04 4.418000000000000000e+03
1.050000000000000000e+04 4.282000000000000000e+03
1.100000000000000000e+04 4.352000000000000000e+03
1.150000000000000000e+04 4.409000000000000000e+03
1.200000000000000000e+04 4.355000000000000000e+03
1.250000000000000000e+04 4.346000000000000000e+03
1.300000000000000000e+04 4.477000000000000000e+03
1.350000000000000000e+04 4.232000000000000000e+03
1.400000000000000000e+04 4.368000000000000000e+03
1.450000000000000000e+04 4.165000000000000000e+03
1.500000000000000000e+04 4.217000000000000000e+03
1.550000000000000000e+04 4.091000000000000000e+03
1.600000000000000000e+04 4.176000000000000000e+03
1.650000000000000000e+04 4.192000000000000000e+03
1.700000000000000000e+04 4.019000000000000000e+03
1.750000000000000000e+04 4.011000000000000000e+03
1.800000000000000000e+04 3.986000000000000000e+03
1.850000000000000000e+04 3.886000000000000000e+03
1.900000000000000000e+04 3.748000000000000000e+03
1.950000000000000000e+04 3.764000000000000000e+03
2.000000000000000000e+04 3.660000000000000000e+03
2.050000000000000000e+04 3.504000000000000000e+03
2.100000000000000000e+04 3.484000000000000000e+03
2.150000000000000000e+04 3.312000000000000000e+03
2.200000000000000000e+04 3.247000000000000000e+03
2.250000000000000000e+04 3.149000000000000000e+03
2.300000000000000000e+04 3.077000000000000000e+03
2.350000000000000000e+04 2.884000000000000000e+03
2.400000000000000000e+04 2.876000000000000000e+03
2.450000000000000000e+04 2.709000000000000000e+03
2.500000000000000000e+04 2.662000000000000000e+03
2.550000000000000000e+04 2.525000000000000000e+03
2.600000000000000000e+04 2.358000000000000000e+03
2.650000000000000000e+04 2.361000000000000000e+03
2.700000000000000000e+04 2.152000000000000000e+03
2.750000000000000000e+04 2.075000000000000000e+03
2.800000000000000000e+04 1.950000000000000000e+03
2.850000000000000000e+04 1.897000000000000000e+03
2.900000000000000000e+04 1.745000000000000000e+03
2.950000000000000000e+04 1.653000000000000000e+03
3.000000000000000000e+04 1.606000000000000000e+03
3.050000000000000000e+04 1.503000000000000000e+03
3.100000000000000000e+04 1.394000000000000000e+03
3.150000000000000000e+04 1.409000000000000000e+03
3.200000000000000000e+04 1.272000000000000000e+03
3.250000000000000000e+04 1.238000000000000000e+03
3.300000000000000000e+04 1.222000000000000000e+03
3.350000000000000000e+04 1.228000000000000000e+03
3.400000000000000000e+04 1.212000000000000000e+03
3.450000000000000000e+04 1.126000000000000000e+03
3.500000000000000000e+04 1.191000000000000000e+03
3.550000000000000000e+04 1.170000000000000000e+03
3.600000000000000000e+04 1.207000000000000000e+03
3.650000000000000000e+04 1.245000000000000000e+03
3.700000000000000000e+04 1.367000000000000000e+03
3.750000000000000000e+04 1.258000000000000000e+03
3.800000000000000000e+04 1.318000000000000000e+03
3.850000000000000000e+04 1.417000000000000000e+03
3.900000000000000000e+04 1.490000000000000000e+03
3.950000000000000000e+04 1.573000000000000000e+03
4.000000000000000000e+04 1.663000000000000000e+03
4.050000000000000000e+04 1.722000000000000000e+03
4.100000000000000000e+04 1.902000000000000000e+03
4.150000000000000000e+04 1.913000000000000000e+03
4.200000000000000000e+04 2.067000000000000000e+03
4.250000000000000000e+04 2.151000000000000000e+03
4.300000000000000000e+04 2.343000000000000000e+03
4.350000000000000000e+04 2.453000000000000000e+03
4.400000000000000000e+04 2.540000000000000000e+03
4.450000000000000000e+04 2.692000000000000000e+03
4.500000000000000000e+04 2.760000000000000000e+03
4.550000000000000000e+04 2.908000000000000000e+03
4.600000000000000000e+04 2.975000000000000000e+03
4.650000000000000000e+04 3.171000000000000000e+03
4.700000000000000000e+04 3.252000000000000000e+03
4.750000000000000000e+04 3.290000000000000000e+03
4.800000000000000000e+04 3.423000000000000000e+03
4.850000000000000000e+04 3.428000000000000000e+03
4.900000000000000000e+04 3.689000000000000000e+03
4.950000000000000000e+04 3.741000000000000000e+03
5.000000000000000000e+04 3.861000000000000000e+03
5.050000000000000000e+04 3.873000000000000000e+03
5.100000000000000000e+04 3.979000000000000000e+03
5.150000000000000000e+04 3.971000000000000000e+03
5.200000000000000000e+04 4.037000000000000000e+03
5.250000000000000000e+04 3.982000000000000000e+03
5.300000000000000000e+04 4.116000000000000000e+03
5.350000000000000000e+04 4.291000000000000000e+03
5.400000000000000000e+04 4.146000000000000000e+03
5.450000000000000000e+04 4.132000000000000000e+03
5.500000000000000000e+04 4.096000000000000000e+03
5.550000000000000000e+04 4.248000000000000000e+03
5.600000000000000000e+04 4.309000000000000000e+03
5.650000000000000000e+04 4.375000000000000000e+03
5.700000000000000000e+04 4.230000000000000000e+03
5.750000000000000000e+04 4.259000000000000000e+03
5.800000000000000000e+04 4.402000000000000000e+03
5.850000000000000000e+04 4.412000000000000000e+03
5.900000000000000000e+04 4.280000000000000000e+03
5.950000000000000000e+04 4.432000000000000000e+03
6.000000000000000000e+04 4.406000000000000000e+03
6.050000000000000000e+04 4.443000000000000000e+03
6.100000000000000000e+04 4.263000000000000000e+03
6.150000000000000000e+04 4.433000000000000000e+03
6.200000000000000000e+04 4.275000000000000000e+03
6.250000000000000000e+04 4.433000000000000000e+03
6.300000000000000000e+04 4.311000000000000000e+03
6.350000000000000000e+04 4.321000000000000000e+03
6.400000000000000000e+04 4.243000000000000000e+03
6.450000000000000000e+04 4.143000000000000000e+03
6.500000000000000000e+04 4.184000000000000000e+03
6.550000000000000000e+04 4.345000000000000000e+03
6.600000000000000000e+04 4.167000000000000000e+03
6.650000000000000000e+04 4.134000000000000000e+03
6.700000000000000000e+04 4.183000000000000000e+03
6.750000000000000000e+04 3.912000000000000000e+03
6.800000000000000000e+04 3.967000000000000000e+03
6.850000000000000000e+04 3.855000000000000000e+03
6.900000000000000000e+04 3.730000000000000000e+03
6.950000000000000000e+04 3.629000000000000000e+03
7.000000000000000000e+04 3.650000000000000000e+03
7.050000000000000000e+04 3.647000000000000000e+03
7.100000000000000000e+04 3.470000000000000000e+03
7.150000000000000000e+04 3.403000000000000000e+03
7.200000000000000000e+04 3.272000000000000000e+03
7.250000000000000000e+04 3.181000000000000000e+03
7.300000000000000000e+04 3.170000000000000000e+03
7.350000000000000000e+04 2.988000000000000000e+03
7.400000000000000000e+04 2.832000000000000000e+03
7.450000000000000000e+04 2.738000000000000000e+03
7.500000000000000000e+04 2.614000000000000000e+03
7.550000000000000000e+04 2.493000000000000000e+03
7.600000000000000000e+04 2.378000000000000000e+03
7.650000000000000000e+04 2.355000000000000000e+03
7.700000000000000000e+04 2.169000000000000000e+03
7.750000000000000000e+04 2.075000000000000000e+03
7.800000000000000000e+04 1.972000000000000000e+03
7.850000000000000000e+04 1.903000000000000000e+03
7.900000000000000000e+04 1.773000000000000000e+03
7.950000000000000000e+04 1.639000000000000000e+03
8.000000000000000000e+04 1.579000000000000000e+03
8.050000000000000000e+04 1.564000000000000000e+03
8.100000000000000000e+04 1.453000000000000000e+03
8.150000000000000000e+04 1.396000000000000000e+03
8.200000000000000000e+04 1.342000000000000000e+03
8.250000000000000000e+04 1.271000000000000000e+03
8.300000000000000000e+04 1.231000000000000000e+03
8.350000000000000000e+04 1.215000000000000000e+03
8.400000000000000000e+04 1.264000000000000000e+03
8.450000000000000000e+04 1.123000000000000000e+03
8.500000000000000000e+04 1.200000000000000000e+03
8.550000000000000000e+04 1.172000000000000000e+03
8.600000000000000000e+04 1.172000000000000000e+03
8.650000000000000000e+04 1.200000000000000000e+03
8.700000000000000000e+04 1.210000000000000000e+03
8.750000000000000000e+04 1.321000000000000000e+03
8.800000000000000000e+04 1.350000000000000000e+03
8.850000000000000000e+04 1.415000000000000000e+03
8.900000000000000000e+04 1.498000000000000000e+03
8.950000000000000000e+04 1.641000000000000000e+03
9.000000000000000000e+04 1.707000000000000000e+03
9.050000000000000000e+04 1.751000000000000000e+03
9.100000000000000000e+04 1.914000000000000000e+03
9.150000000000000000e+04 1.920000000000000000e+03
9.200000000000000000e+04 2.045000000000000000e+03
9.250000000000000000e+04 2.259000000000000000e+03
9.300000000000000000e+04 2.297000000000000000e+03
9.350000000000000000e+04 2.418000000000000000e+03
9.400000000000000000e+04 2.486000000000000000e+03
9.450000000000000000e+04 2.683000000000000000e+03
9.500000000000000000e+04 2.848000000000000000e+03
9.550000000000000000e+04 2.830000000000000000e+03
9.600000000000000000e+04 2.938000000000000000e+03
9.650000000000000000e+04 3.157000000000000000e+03
9.700000000000000000e+04 3.217000000000000000e+03
9.750000000000000000e+04 3.302000000000000000e+03
9.800000000000000000e+04 3.409000000000000000e+03
9.850000000000000000e+04 3.561000000000000000e+03
9.900000000000000000e+04 3.644000000000000000e+03
9.950000000000000000e+04 3.790000000000000000e+03
