0.000000000000000000e+00 4.113000000000000000e+03
1.400000000000000000e+01 4.274000000000000000e+03
2.800000000000000000e+01 4.419000000000000000e+03
4.200000000000000000e+01 4.266000000000000000e+03
5.600000000000000000e+01 4.588000000000000000e+03
7.000000000000000000e+01 4.664000000000000000e+03
8.400000000000000000e+01 4.770000000000000000e+03
9.800000000000000000e+01 4.881000000000000000e+03
1.120000000000000000e+02 4.864000000000000000e+03
1.260000000000000000e+02 4.948000000000000000e+03
1.400000000000000000e+02 5.073000000000000000e+03
1.540000000000000000e+02 5.250000000000000000e+03
1.680000000000000000e+02 5.314000000000000000e+03
1.820000000000000000e+02 5.206000000000000000e+03
1.960000000000000000e+02 5.305000000000000000e+03
2.100000000000000000e+02 5.463000000000000000e+03
2.240000000000000000e+02 5.482000000000000000e+03
2.380000000000000000e+02 5.414000000000000000e+03
2.520000000000000000e+02 5.533000000000000000e+03
2.660000000000000000e+02 5.527000000000000000e+03
2.800000000000000000e+02 5.608000000000000000e+03
2.940000000000000000e+02 5.497000000000000000e+03
3.080000000000000000e+02 5.647000000000000000e+03
3.220000000000000000e+02 5.565000000000000000e+03
3.360000000000000000e+02 5.569000000000000000e+03
3.500000000000000000e+02 5.494000000000000000e+03
3.640000000000000000e+02 5.420000000000000000e+03
3.780000000000000000e+02 5.566000000000000000e+03
3.920000000000000000e+02 5.701000000000000000e+03
4.060000000000000000e+02 5.744000000000000000e+03
4.200000000000000000e+02 5.524000000000000000e+03
4.340000000000000000e+02 5.507000000000000000e+03
4.480000000000000000e+02 5.482000000000000000e+03
4.620000000000000000e+02 5.590000000000000000e+03
4.760000000000000000e+02 5.533000000000000000e+03
4.900000000000000000e+02 5.586000000000000000e+03
5.040000000000000000e+02 5.517000000000000000e+03
5.180000000000000000e+02 5.340000000000000000e+03
5.320000000000000000e+02 5.368000000000000000e+03
5.460000000000000000e+02 5.264000000000000000e+03
5.600000000000000000e+02 5.351000000000000000e+03
5.740000000000000000e+02 5.311000000000000000e+03
5.880000000000000000e+02 5.216000000000000000e+03
6.020000000000000000e+02 5.141000000000000000e+03
6.160000000000000000e+02 5.080000000000000000e+03
6.300000000000000000e+02 5.081000000000000000e+03
6.440000000000000000e+02 4.924000000000000000e+03
6.580000000000000000e+02 4.810000000000000000e+03
6.720000000000000000e+02 4.738000000000000000e+03
6.860000000000000000e+02 4.601000000000000000e+03
7.000000000000000000e+02 4.514000000000000000e+03
7.140000000000000000e+02 4.304000000000000000e+03
7.280000000000000000e+02 4.309000000000000000e+03
7.420000000000000000e+02 4.226000000000000000e+03
7.560000000000000000e+02 4.186000000000000000e+03
7.700000000000000000e+02 4.089000000000000000e+03
7.840000000000000000e+02 4.110000000000000000e+03
7.980000000000000000e+02 3.971000000000000000e+03
8.120000000000000000e+02 3.797000000000000000e+03
8.260000000000000000e+02 3.680000000000000000e+03
8.400000000000000000e+02 3.579000000000000000e+03
8.540000000000000000e+02 3.540000000000000000e+03
8.680000000000000000e+02 3.409000000000000000e+03
8.820000000000000000e+02 3.439000000000000000e+03
8.960000000000000000e+02 3.262000000000000000e+03
9.100000000000000000e+02 3.207000000000000000e+03
9.240000000000000000e+02 3.147000000000000000e+03
9.380000000000000000e+02 2.985000000000000000e+03
9.520000000000000000e+02 2.955000000000000000e+03
9.660000000000000000e+02 2.862000000000000000e+03
9.800000000000000000e+02 2.819000000000000000e+03
9.940000000000000000e+02 2.748000000000000000e+03
1.008000000000000000e+03 2.719000000000000000e+03
1.022000000000000000e+03 2.748000000000000000e+03
1.036000000000000000e+03 2.596000000000000000e+03
1.050000000000000000e+03 2.683000000000000000e+03
1.064000000000000000e+03 2.618000000000000000e+03
1.078000000000000000e+03 2.588000000000000000e+03
1.092000000000000000e+03 2.505000000000000000e+03
1.106000000000000000e+03 2.509000000000000000e+03
1.120000000000000000e+03 2.586000000000000000e+03
1.134000000000000000e+03 2.544000000000000000e+03
1.148000000000000000e+03 2.489000000000000000e+03
1.162000000000000000e+03 2.540000000000000000e+03
1.176000000000000000e+03 2.520000000000000000e+03
1.190000000000000000e+03 2.549000000000000000e+03
1.204000000000000000e+03 2.605000000000000000e+03
1.218000000000000000e+03 2.663000000000000000e+03
1.232000000000000000e+03 2.732000000000000000e+03
1.246000000000000000e+03 2.857000000000000000e+03
1.260000000000000000e+03 2.818000000000000000e+03
1.274000000000000000e+03 2.974000000000000000e+03
1.288000000000000000e+03 3.046000000000000000e+03
1.302000000000000000e+03 3.156000000000000000e+03
1.316000000000000000e+03 3.219000000000000000e+03
1.330000000000000000e+03 3.358000000000000000e+03
1.344000000000000000e+03 3.489000000000000000e+03
1.358000000000000000e+03 3.506000000000000000e+03
1.372000000000000000e+03 3.540000000000000000e+03
1.386000000000000000e+03 3.831000000000000000e+03
1.400000000000000000e+03 3.965000000000000000e+03
1.414000000000000000e+03 3.999000000000000000e+03
1.428000000000000000e+03 4.017000000000000000e+03
1.442000000000000000e+03 4.286000000000000000e+03
1.456000000000000000e+03 4.313000000000000000e+03
1.470000000000000000e+03 4.455000000000000000e+03
1.484000000000000000e+03 4.489000000000000000e+03
1.498000000000000000e+03 4.720000000000000000e+03
1.512000000000000000e+03 4.623000000000000000e+03
1.526000000000000000e+03 4.888000000000000000e+03
1.540000000000000000e+03 5.143000000000000000e+03
1.554000000000000000e+03 4.934000000000000000e+03
1.568000000000000000e+03 5.099000000000000000e+03
1.582000000000000000e+03 5.151000000000000000e+03
1.596000000000000000e+03 5.155000000000000000e+03
1.610000000000000000e+03 5.239000000000000000e+03
1.624000000000000000e+03 5.256000000000000000e+03
1.638000000000000000e+03 5.467000000000000000e+03
1.652000000000000000e+03 5.554000000000000000e+03
1.666000000000000000e+03 5.516000000000000000e+03
1.680000000000000000e+03 5.474000000000000000e+03
1.694000000000000000e+03 5.587000000000000000e+03
1.708000000000000000e+03 5.573000000000000000e+03
1.722000000000000000e+03 5.619000000000000000e+03
1.736000000000000000e+03 5.659000000000000000e+03
1.750000000000000000e+03 5.518000000000000000e+03
1.764000000000000000e+03 5.565000000000000000e+03
1.778000000000000000e+03 5.518000000000000000e+03
1.792000000000000000e+03 5.635000000000000000e+03
1.806000000000000000e+03 5.630000000000000000e+03
1.820000000000000000e+03 5.712000000000000000e+03
1.834000000000000000e+03 5.704000000000000000e+03
1.848000000000000000e+03 5.617000000000000000e+03
1.862000000000000000e+03 5.660000000000000000e+03
1.876000000000000000e+03 5.559000000000000000e+03
1.890000000000000000e+03 5.724000000000000000e+03
1.904000000000000000e+03 5.700000000000000000e+03
1.918000000000000000e+03 5.524000000000000000e+03
1.932000000000000000e+03 5.462000000000000000e+03
1.946000000000000000e+03 5.452000000000000000e+03
1.960000000000000000e+03 5.339000000000000000e+03
1.974000000000000000e+03 5.247000000000000000e+03
1.988000000000000000e+03 5.303000000000000000e+03
2.002000000000000000e+03 5.381000000000000000e+03
2.016000000000000000e+03 5.079000000000000000e+03
2.030000000000000000e+03 5.117000000000000000e+03
2.044000000000000000e+03 4.948000000000000000e+03
2.058000000000000000e+03 4.933000000000000000e+03
2.072000000000000000e+03 4.874000000000000000e+03
2.086000000000000000e+03 4.701000000000000000e+03
2.100000000000000000e+03 4.770000000000000000e+03
2.114000000000000000e+03 4.638000000000000000e+03
2.128000000000000000e+03 4.467000000000000000e+03
2.142000000000000000e+03 4.489000000000000000e+03
2.156000000000000000e+03 4.407000000000000000e+03
2.170000000000000000e+03 4.196000000000000000e+03
2.184000000000000000e+03 4.288000000000000000e+03
2.198000000000000000e+03 4.164000000000000000e+03
2.212000000000000000e+03 4.039000000000000000e+03
2.226000000000000000e+03 3.839000000000000000e+03
2.240000000000000000e+03 3.854000000000000000e+03
2.254000000000000000e+03 3.644000000000000000e+03
2.268000000000000000e+03 3.534000000000000000e+03
2.282000000000000000e+03 3.565000000000000000e+03
2.296000000000000000e+03 3.422000000000000000e+03
2.310000000000000000e+03 3.242000000000000000e+03
2.324000000000000000e+03 3.260000000000000000e+03
2.338000000000000000e+03 3.141000000000000000e+03
2.352000000000000000e+03 3.123000000000000000e+03
2.366000000000000000e+03 3.087000000000000000e+03
2.380000000000000000e+03 2.936000000000000000e+03
2.394000000000000000e+03 2.867000000000000000e+03
2.408000000000000000e+03 2.838000000000000000e+03
2.422000000000000000e+03 2.722000000000000000e+03
2.436000000000000000e+03 2.743000000000000000e+03
2.450000000000000000e+03 2.742000000000000000e+03
2.464000000000000000e+03 2.584000000000000000e+03
2.478000000000000000e+03 2.602000000000000000e+03
2.492000000000000000e+03 2.644000000000000000e+03
2.506000000000000000e+03 2.438000000000000000e+03
2.520000000000000000e+03 2.550000000000000000e+03
2.534000000000000000e+03 2.538000000000000000e+03
2.548000000000000000e+03 2.420000000000000000e+03
2.562000000000000000e+03 2.465000000000000000e+03
2.576000000000000000e+03 2.580000000000000000e+03
2.590000000000000000e+03 2.466000000000000000e+03
2.604000000000000000e+03 2.573000000000000000e+03
2.618000000000000000e+03 2.513000000000000000e+03
2.632000000000000000e+03 2.592000000000000000e+03
2.646000000000000000e+03 2.612000000000000000e+03
2.660000000000000000e+03 2.686000000000000000e+03
2.674000000000000000e+03 2.747000000000000000e+03
2.688000000000000000e+03 2.816000000000000000e+03
2.702000000000000000e+03 2.905000000000000000e+03
2.716000000000000000e+03 3.124000000000000000e+03
2.730000000000000000e+03 3.132000000000000000e+03
2.744000000000000000e+03 3.248000000000000000e+03
2.758000000000000000e+03 3.249000000000000000e+03
2.772000000000000000e+03 3.375000000000000000e+03
2.786000000000000000e+03 3.558000000000000000e+03
2.800000000000000000e+03 3.590000000000000000e+03
2.814000000000000000e+03 3.757000000000000000e+03
2.828000000000000000e+03 3.836000000000000000e+03
2.842000000000000000e+03 3.939000000000000000e+03
