0.000000000000000000e+00 2.432000000000000000e+03
2.000000000000000000e+02 2.508000000000000000e+03
4.000000000000000000e+02 2.498000000000000000e+03
6.000000000000000000e+02 2.591000000000000000e+03
8.000000000000000000e+02 2.678000000000000000e+03
1.000000000000000000e+03 2.673000000000000000e+03
1.200000000000000000e+03 2.627000000000000000e+03
1.400000000000000000e+03 2.618000000000000000e+03
1.600000000000000000e+03 2.721000000000000000e+03
1.800000000000000000e+03 2.694000000000000000e+03
2.000000000000000000e+03 2.764000000000000000e+03
2.200000000000000000e+03 2.834000000000000000e+03
2.400000000000000000e+03 2.786000000000000000e+03
2.600000000000000000e+03 2.906000000000000000e+03
2.800000000000000000e+03 2.910000000000000000e+03
3.000000000000000000e+03 2.903000000000000000e+03
3.200000000000000000e+03 2.732000000000000000e+03
3.400000000000000000e+03 2.813000000000000000e+03
3.600000000000000000e+03 2.901000000000000000e+03
3.800000000000000000e+03 2.880000000000000000e+03
4.000000000000000000e+03 2.810000000000000000e+03
4.200000000000000000e+03 2.861000000000000000e+03
4.400000000000000000e+03 2.875000000000000000e+03
4.600000000000000000e+03 2.839000000000000000e+03
4.800000000000000000e+03 2.832000000000000000e+03
5.000000000000000000e+03 2.825000000000000000e+03
5.200000000000000000e+03 2.772000000000000000e+03
5.400000000000000000e+03 2.789000000000000000e+03
5.600000000000000000e+03 2.743000000000000000e+03
5.800000000000000000e+03 2.600000000000000000e+03
6.000000000000000000e+03 2.693000000000000000e+03
6.200000000000000000e+03 2.727000000000000000e+03
6.400000000000000000e+03 2.664000000000000000e+03
6.600000000000000000e+03 2.710000000000000000e+03
6.800000000000000000e+03 2.689000000000000000e+03
7.000000000000000000e+03 2.566000000000000000e+03
7.200000000000000000e+03 2.569000000000000000e+03
7.400000000000000000e+03 2.519000000000000000e+03
7.600000000000000000e+03 2.544000000000000000e+03
7.800000000000000000e+03 2.385000000000000000e+03
8.000000000000000000e+03 2.359000000000000000e+03
8.200000000000000000e+03 2.277000000000000000e+03
8.400000000000000000e+03 2.212000000000000000e+03
8.600000000000000000e+03 2.262000000000000000e+03
8.800000000000000000e+03 2.176000000000000000e+03
9.000000000000000000e+03 2.104000000000000000e+03
9.200000000000000000e+03 2.019000000000000000e+03
9.400000000000000000e+03 2.016000000000000000e+03
9.600000000000000000e+03 1.811000000000000000e+03
9.800000000000000000e+03 1.824000000000000000e+03
1.000000000000000000e+04 1.777000000000000000e+03
1.020000000000000000e+04 1.725000000000000000e+03
1.040000000000000000e+04 1.605000000000000000e+03
1.060000000000000000e+04 1.515000000000000000e+03
1.080000000000000000e+04 1.484000000000000000e+03
1.100000000000000000e+04 1.371000000000000000e+03
1.120000000000000000e+04 1.340000000000000000e+03
1.140000000000000000e+04 1.172000000000000000e+03
1.160000000000000000e+04 1.140000000000000000e+03
1.180000000000000000e+04 1.169000000000000000e+03
1.200000000000000000e+04 1.062000000000000000e+03
1.220000000000000000e+04 1.004000000000000000e+03
1.240000000000000000e+04 1.024000000000000000e+03
1.260000000000000000e+04 9.020000000000000000e+02
1.280000000000000000e+04 9.150000000000000000e+02
1.300000000000000000e+04 8.660000000000000000e+02
1.320000000000000000e+04 8.520000000000000000e+02
1.340000000000000000e+04 7.890000000000000000e+02
1.360000000000000000e+04 7.160000000000000000e+02
1.380000000000000000e+04 7.560000000000000000e+02
1.400000000000000000e+04 7.430000000000000000e+02
1.420000000000000000e+04 7.120000000000000000e+02
1.440000000000000000e+04 7.470000000000000000e+02
1.460000000000000000e+04 7.150000000000000000e+02
1.480000000000000000e+04 7.870000000000000000e+02
1.500000000000000000e+04 7.860000000000000000e+02
1.520000000000000000e+04 8.240000000000000000e+02
1.540000000000000000e+04 8.360000000000000000e+02
1.560000000000000000e+04 9.010000000000000000e+02
1.580000000000000000e+04 9.480000000000000000e+02
1.600000000000000000e+04 9.980000000000000000e+02
1.620000000000000000e+04 9.970000000000000000e+02
1.640000000000000000e+04 1.119000000000000000e+03
1.660000000000000000e+04 1.157000000000000000e+03
1.680000000000000000e+04 1.226000000000000000e+03
1.700000000000000000e+04 1.298000000000000000e+03
1.720000000000000000e+04 1.389000000000000000e+03
1.740000000000000000e+04 1.444000000000000000e+03
1.760000000000000000e+04 1.532000000000000000e+03
1.780000000000000000e+04 1.674000000000000000e+03
1.800000000000000000e+04 1.735000000000000000e+03
1.820000000000000000e+04 1.848000000000000000e+03
1.840000000000000000e+04 1.947000000000000000e+03
1.860000000000000000e+04 2.004000000000000000e+03
1.880000000000000000e+04 2.071000000000000000e+03
1.900000000000000000e+04 2.228000000000000000e+03
1.920000000000000000e+04 2.173000000000000000e+03
1.940000000000000000e+04 2.177000000000000000e+03
1.960000000000000000e+04 2.360000000000000000e+03
1.980000000000000000e+04 2.403000000000000000e+03
2.000000000000000000e+04 2.428000000000000000e+03
2.020000000000000000e+04 2.419000000000000000e+03
2.040000000000000000e+04 2.483000000000000000e+03
2.060000000000000000e+04 2.525000000000000000e+03
2.080000000000000000e+04 2.715000000000000000e+03
2.100000000000000000e+04 2.685000000000000000e+03
2.120000000000000000e+04 2.632000000000000000e+03
2.140000000000000000e+04 2.804000000000000000e+03
2.160000000000000000e+04 2.747000000000000000e+03
2.180000000000000000e+04 2.777000000000000000e+03
2.200000000000000000e+04 2.790000000000000000e+03
2.220000000000000000e+04 2.799000000000000000e+03
2.240000000000000000e+04 2.778000000000000000e+03
2.260000000000000000e+04 2.856000000000000000e+03
2.280000000000000000e+04 2.909000000000000000e+03
2.300000000000000000e+04 2.746000000000000000e+03
2.320000000000000000e+04 2.872000000000000000e+03
2.340000000000000000e+04 2.887000000000000000e+03
2.360000000000000000e+04 2.914000000000000000e+03
2.380000000000000000e+04 2.882000000000000000e+03
2.400000000000000000e+04 2.906000000000000000e+03
2.420000000000000000e+04 2.832000000000000000e+03
2.440000000000000000e+04 2.882000000000000000e+03
2.460000000000000000e+04 2.895000000000000000e+03
2.480000000000000000e+04 2.842000000000000000e+03
2.500000000000000000e+04 2.802000000000000000e+03
2.520000000000000000e+04 2.785000000000000000e+03
2.540000000000000000e+04 2.840000000000000000e+03
2.560000000000000000e+04 2.858000000000000000e+03
2.580000000000000000e+04 2.778000000000000000e+03
2.600000000000000000e+04 2.731000000000000000e+03
2.620000000000000000e+04 2.879000000000000000e+03
2.640000000000000000e+04 2.789000000000000000e+03
2.660000000000000000e+04 2.640000000000000000e+03
2.680000000000000000e+04 2.568000000000000000e+03
2.700000000000000000e+04 2.636000000000000000e+03
2.720000000000000000e+04 2.528000000000000000e+03
2.740000000000000000e+04 2.497000000000000000e+03
2.760000000000000000e+04 2.588000000000000000e+03
2.780000000000000000e+04 2.507000000000000000e+03
2.800000000000000000e+04 2.413000000000000000e+03
2.820000000000000000e+04 2.353000000000000000e+03
2.840000000000000000e+04 2.307000000000000000e+03
2.860000000000000000e+04 2.202000000000000000e+03
2.880000000000000000e+04 2.139000000000000000e+03
2.900000000000000000e+04 2.127000000000000000e+03
2.920000000000000000e+04 2.043000000000000000e+03
2.940000000000000000e+04 1.951000000000000000e+03
2.960000000000000000e+04 1.948000000000000000e+03
2.980000000000000000e+04 1.843000000000000000e+03
3.000000000000000000e+04 1.720000000000000000e+03
3.020000000000000000e+04 1.721000000000000000e+03
3.040000000000000000e+04 1.589000000000000000e+03
3.060000000000000000e+04 1.489000000000000000e+03
3.080000000000000000e+04 1.462000000000000000e+03
3.100000000000000000e+04 1.374000000000000000e+03
3.120000000000000000e+04 1.280000000000000000e+03
3.140000000000000000e+04 1.195000000000000000e+03
3.160000000000000000e+04 1.221000000000000000e+03
3.180000000000000000e+04 1.131000000000000000e+03
3.200000000000000000e+04 1.072000000000000000e+03
3.220000000000000000e+04 9.940000000000000000e+02
3.240000000000000000e+04 9.570000000000000000e+02
3.260000000000000000e+04 8.900000000000000000e+02
3.280000000000000000e+04 8.820000000000000000e+02
3.300000000000000000e+04 8.320000000000000000e+02
3.320000000000000000e+04 8.470000000000000000e+02
3.340000000000000000e+04 7.230000000000000000e+02
3.360000000000000000e+04 7.660000000000000000e+02
3.380000000000000000e+04 7.760000000000000000e+02
3.400000000000000000e+04 7.460000000000000000e+02
3.420000000000000000e+04 7.650000000000000000e+02
3.440000000000000000e+04 7.350000000000000000e+02
3.460000000000000000e+04 7.400000000000000000e+02
3.480000000000000000e+04 7.730000000000000000e+02
3.500000000000000000e+04 7.770000000000000000e+02
3.520000000000000000e+04 8.040000000000000000e+02
3.540000000000000000e+04 8.150000000000000000e+02
3.560000000000000000e+04 8.680000000000000000e+02
3.580000000000000000e+04 9.030000000000000000e+02
3.600000000000000000e+04 9.660000000000000000e+02
3.620000000000000000e+04 1.085000000000000000e+03
3.640000000000000000e+04 1.143000000000000000e+03
3.660000000000000000e+04 1.140000000000000000e+03
3.680000000000000000e+04 1.175000000000000000e+03
3.700000000000000000e+04 1.318000000000000000e+03
3.720000000000000000e+04 1.488000000000000000e+03
3.740000000000000000e+04 1.452000000000000000e+03
3.760000000000000000e+04 1.562000000000000000e+03
3.780000000000000000e+04 1.594000000000000000e+03
3.800000000000000000e+04 1.737000000000000000e+03
3.820000000000000000e+04 1.720000000000000000e+03
3.840000000000000000e+04 1.879000000000000000e+03
3.860000000000000000e+04 2.009000000000000000e+03
3.880000000000000000e+04 1.994000000000000000e+03
3.900000000000000000e+04 2.071000000000000000e+03
3.920000000000000000e+04 2.179000000000000000e+03
3.940000000000000000e+04 2.247000000000000000e+03
3.960000000000000000e+04 2.295000000000000000e+03
3.980000000000000000e+04 2.292000000000000000e+03
