0.000000000000000000e+00 4.522000000000000000e+03
1.428000000000000000e+03 4.516000000000000000e+03
2.856000000000000000e+03 4.683000000000000000e+03
4.284000000000000000e+03 4.673000000000000000e+03
5.712000000000000000e+03 4.779000000000000000e+03
7.140000000000000000e+03 4.907000000000000000e+03
8.568000000000000000e+03 4.776000000000000000e+03
9.996000000000000000e+03 4.870000000000000000e+03
1.142400000000000000e+04 4.902000000000000000e+03
1.285200000000000000e+04 5.032000000000000000e+03
1.428000000000000000e+04 5.024000000000000000e+03
1.570800000000000000e+04 5.327000000000000000e+03
1.713600000000000000e+04 5.171000000000000000e+03
1.856400000000000000e+04 5.131000000000000000e+03
1.999200000000000000e+04 5.158000000000000000e+03
2.142000000000000000e+04 5.295000000000000000e+03
2.284800000000000000e+04 5.190000000000000000e+03
2.427600000000000000e+04 5.245000000000000000e+03
2.570400000000000000e+04 5.112000000000000000e+03
2.713200000000000000e+04 5.200000000000000000e+03
2.856000000000000000e+04 5.288000000000000000e+03
2.998800000000000000e+04 5.245000000000000000e+03
3.141600000000000000e+04 5.185000000000000000e+03
3.284400000000000000e+04 5.110000000000000000e+03
3.427200000000000000e+04 5.266000000000000000e+03
3.570000000000000000e+04 5.146000000000000000e+03
3.712800000000000000e+04 4.984000000000000000e+03
3.855600000000000000e+04 5.169000000000000000e+03
3.998400000000000000e+04 5.008000000000000000e+03
4.141200000000000000e+04 4.933000000000000000e+03
4.284000000000000000e+04 4.977000000000000000e+03
4.426800000000000000e+04 4.947000000000000000e+03
4.569600000000000000e+04 4.939000000000000000e+03
4.712400000000000000e+04 4.640000000000000000e+03
4.855200000000000000e+04 4.860000000000000000e+03
4.998000000000000000e+04 4.670000000000000000e+03
5.140800000000000000e+04 4.558000000000000000e+03
5.283600000000000000e+04 4.657000000000000000e+03
5.426400000000000000e+04 4.594000000000000000e+03
5.569200000000000000e+04 4.429000000000000000e+03
5.712000000000000000e+04 4.491000000000000000e+03
5.854800000000000000e+04 4.175000000000000000e+03
5.997600000000000000e+04 4.147000000000000000e+03
6.140400000000000000e+04 4.005000000000000000e+03
6.283200000000000000e+04 3.870000000000000000e+03
6.426000000000000000e+04 3.876000000000000000e+03
6.568800000000000000e+04 3.607000000000000000e+03
6.711600000000000000e+04 3.572000000000000000e+03
6.854400000000000000e+04 3.498000000000000000e+03
6.997200000000000000e+04 3.260000000000000000e+03
7.140000000000000000e+04 3.063000000000000000e+03
7.282800000000000000e+04 2.893000000000000000e+03
7.425600000000000000e+04 2.788000000000000000e+03
7.568400000000000000e+04 2.812000000000000000e+03
7.711200000000000000e+04 2.560000000000000000e+03
7.854000000000000000e+04 2.489000000000000000e+03
7.996800000000000000e+04 2.391000000000000000e+03
8.139600000000000000e+04 2.092000000000000000e+03
8.282400000000000000e+04 2.022000000000000000e+03
8.425200000000000000e+04 2.056000000000000000e+03
8.568000000000000000e+04 1.847000000000000000e+03
8.710800000000000000e+04 1.815000000000000000e+03
8.853600000000000000e+04 1.718000000000000000e+03
8.996400000000000000e+04 1.648000000000000000e+03
9.139200000000000000e+04 1.570000000000000000e+03
9.282000000000000000e+04 1.479000000000000000e+03
9.424800000000000000e+04 1.527000000000000000e+03
9.567600000000000000e+04 1.496000000000000000e+03
9.710400000000000000e+04 1.395000000000000000e+03
9.853200000000000000e+04 1.266000000000000000e+03
9.996000000000000000e+04 1.366000000000000000e+03
1.013880000000000000e+05 1.396000000000000000e+03
1.028160000000000000e+05 1.404000000000000000e+03
1.042440000000000000e+05 1.455000000000000000e+03
1.056720000000000000e+05 1.580000000000000000e+03
1.071000000000000000e+05 1.642000000000000000e+03
1.085280000000000000e+05 1.672000000000000000e+03
1.099560000000000000e+05 1.767000000000000000e+03
1.113840000000000000e+05 1.770000000000000000e+03
1.128120000000000000e+05 1.849000000000000000e+03
1.142400000000000000e+05 2.056000000000000000e+03
1.156680000000000000e+05 2.141000000000000000e+03
1.170960000000000000e+05 2.263000000000000000e+03
1.185240000000000000e+05 2.394000000000000000e+03
1.199520000000000000e+05 2.388000000000000000e+03
1.213800000000000000e+05 2.719000000000000000e+03
1.228080000000000000e+05 2.842000000000000000e+03
1.242360000000000000e+05 2.899000000000000000e+03
1.256640000000000000e+05 3.074000000000000000e+03
1.270920000000000000e+05 3.199000000000000000e+03
1.285200000000000000e+05 3.320000000000000000e+03
1.299480000000000000e+05 3.517000000000000000e+03
1.313760000000000000e+05 3.483000000000000000e+03
1.328040000000000000e+05 3.704000000000000000e+03
1.342320000000000000e+05 3.895000000000000000e+03
1.356600000000000000e+05 3.986000000000000000e+03
1.370880000000000000e+05 4.008000000000000000e+03
1.385160000000000000e+05 4.287000000000000000e+03
1.399440000000000000e+05 4.339000000000000000e+03
1.413720000000000000e+05 4.354000000000000000e+03
1.428000000000000000e+05 4.610000000000000000e+03
1.442280000000000000e+05 4.611000000000000000e+03
1.456560000000000000e+05 4.582000000000000000e+03
1.470840000000000000e+05 4.688000000000000000e+03
1.485120000000000000e+05 4.864000000000000000e+03
1.499400000000000000e+05 4.748000000000000000e+03
1.513680000000000000e+05 4.849000000000000000e+03
1.527960000000000000e+05 4.842000000000000000e+03
1.542240000000000000e+05 4.986000000000000000e+03
1.556520000000000000e+05 5.021000000000000000e+03
1.570800000000000000e+05 5.124000000000000000e+03
1.585080000000000000e+05 5.060000000000000000e+03
1.599360000000000000e+05 5.214000000000000000e+03
1.613640000000000000e+05 5.177000000000000000e+03
1.627920000000000000e+05 5.198000000000000000e+03
1.642200000000000000e+05 5.105000000000000000e+03
1.656480000000000000e+05 5.338000000000000000e+03
1.670760000000000000e+05 5.136000000000000000e+03
1.685040000000000000e+05 5.335000000000000000e+03
1.699320000000000000e+05 5.356000000000000000e+03
1.713600000000000000e+05 5.241000000000000000e+03
1.727880000000000000e+05 5.230000000000000000e+03
1.742160000000000000e+05 5.273000000000000000e+03
1.756440000000000000e+05 5.186000000000000000e+03
1.770720000000000000e+05 5.124000000000000000e+03
1.785000000000000000e+05 5.242000000000000000e+03
1.799280000000000000e+05 5.179000000000000000e+03
1.813560000000000000e+05 5.116000000000000000e+03
1.827840000000000000e+05 4.999000000000000000e+03
1.842120000000000000e+05 5.102000000000000000e+03
1.856400000000000000e+05 4.818000000000000000e+03
1.870680000000000000e+05 4.807000000000000000e+03
1.884960000000000000e+05 4.882000000000000000e+03
1.899240000000000000e+05 4.910000000000000000e+03
1.913520000000000000e+05 4.741000000000000000e+03
1.927800000000000000e+05 4.662000000000000000e+03
1.942080000000000000e+05 4.608000000000000000e+03
1.956360000000000000e+05 4.539000000000000000e+03
1.970640000000000000e+05 4.730000000000000000e+03
1.984920000000000000e+05 4.372000000000000000e+03
1.999200000000000000e+05 4.217000000000000000e+03
2.013480000000000000e+05 4.311000000000000000e+03
2.027760000000000000e+05 4.097000000000000000e+03
2.042040000000000000e+05 4.068000000000000000e+03
2.056320000000000000e+05 3.882000000000000000e+03
2.070600000000000000e+05 3.789000000000000000e+03
2.084880000000000000e+05 3.633000000000000000e+03
2.099160000000000000e+05 3.582000000000000000e+03
2.113440000000000000e+05 3.353000000000000000e+03
2.127720000000000000e+05 3.232000000000000000e+03
2.142000000000000000e+05 3.131000000000000000e+03
2.156280000000000000e+05 2.952000000000000000e+03
2.170560000000000000e+05 2.906000000000000000e+03
2.184840000000000000e+05 2.764000000000000000e+03
2.199120000000000000e+05 2.444000000000000000e+03
2.213400000000000000e+05 2.366000000000000000e+03
2.227680000000000000e+05 2.311000000000000000e+03
2.241960000000000000e+05 2.303000000000000000e+03
2.256240000000000000e+05 2.120000000000000000e+03
2.270520000000000000e+05 2.000000000000000000e+03
2.284800000000000000e+05 1.934000000000000000e+03
2.299080000000000000e+05 1.761000000000000000e+03
2.313360000000000000e+05 1.736000000000000000e+03
2.327640000000000000e+05 1.585000000000000000e+03
2.341920000000000000e+05 1.580000000000000000e+03
2.356200000000000000e+05 1.478000000000000000e+03
2.370480000000000000e+05 1.437000000000000000e+03
2.384760000000000000e+05 1.440000000000000000e+03
2.399040000000000000e+05 1.409000000000000000e+03
2.413320000000000000e+05 1.354000000000000000e+03
2.427600000000000000e+05 1.407000000000000000e+03
2.441880000000000000e+05 1.342000000000000000e+03
2.456160000000000000e+05 1.436000000000000000e+03
2.470440000000000000e+05 1.498000000000000000e+03
2.484720000000000000e+05 1.555000000000000000e+03
2.499000000000000000e+05 1.583000000000000000e+03
2.513280000000000000e+05 1.616000000000000000e+03
2.527560000000000000e+05 1.697000000000000000e+03
2.541840000000000000e+05 1.741000000000000000e+03
2.556120000000000000e+05 1.919000000000000000e+03
2.570400000000000000e+05 2.061000000000000000e+03
2.584680000000000000e+05 2.114000000000000000e+03
2.598960000000000000e+05 2.340000000000000000e+03
2.613240000000000000e+05 2.432000000000000000e+03
2.627520000000000000e+05 2.594000000000000000e+03
2.641800000000000000e+05 2.620000000000000000e+03
2.656080000000000000e+05 2.877000000000000000e+03
2.670360000000000000e+05 2.946000000000000000e+03
2.684640000000000000e+05 3.036000000000000000e+03
2.698920000000000000e+05 3.188000000000000000e+03
2.713200000000000000e+05 3.350000000000000000e+03
2.727480000000000000e+05 3.427000000000000000e+03
2.741760000000000000e+05 3.581000000000000000e+03
2.756040000000000000e+05 3.723000000000000000e+03
2.770320000000000000e+05 3.897000000000000000e+03
2.784600000000000000e+05 3.900000000000000000e+03
2.798880000000000000e+05 4.101000000000000000e+03
2.813160000000000000e+05 4.212000000000000000e+03
2.827440000000000000e+05 4.392000000000000000e+03
2.841720000000000000e+05 4.502000000000000000e+03
