0.000000000000000000e+00 3.533000000000000000e+03
3.330000000000000000e+02 3.681000000000000000e+03
6.660000000000000000e+02 3.818000000000000000e+03
9.990000000000000000e+02 3.903000000000000000e+03
1.332000000000000000e+03 3.946000000000000000e+03
1.665000000000000000e+03 4.009000000000000000e+03
1.998000000000000000e+03 3.918000000000000000e+03
2.331000000000000000e+03 4.137000000000000000e+03
2.664000000000000000e+03 4.108000000000000000e+03
2.997000000000000000e+03 4.071000000000000000e+03
3.330000000000000000e+03 4.124000000000000000e+03
3.663000000000000000e+03 4.158000000000000000e+03
3.996000000000000000e+03 4.176000000000000000e+03
4.329000000000000000e+03 4.094000000000000000e+03
4.662000000000000000e+03 4.113000000000000000e+03
4.995000000000000000e+03 4.146000000000000000e+03
5.328000000000000000e+03 4.205000000000000000e+03
5.661000000000000000e+03 4.201000000000000000e+03
5.994000000000000000e+03 4.121000000000000000e+03
6.327000000000000000e+03 4.267000000000000000e+03
6.660000000000000000e+03 4.292000000000000000e+03
6.993000000000000000e+03 4.217000000000000000e+03
7.326000000000000000e+03 4.350000000000000000e+03
7.659000000000000000e+03 4.193000000000000000e+03
7.992000000000000000e+03 4.172000000000000000e+03
8.325000000000000000e+03 4.228000000000000000e+03
8.658000000000000000e+03 3.992000000000000000e+03
8.991000000000000000e+03 4.041000000000000000e+03
9.324000000000000000e+03 4.074000000000000000e+03
9.657000000000000000e+03 4.079000000000000000e+03
9.990000000000000000e+03 4.085000000000000000e+03
1.032300000000000000e+04 4.027000000000000000e+03
1.065600000000000000e+04 4.040000000000000000e+03
1.098900000000000000e+04 3.928000000000000000e+03
1.132200000000000000e+04 3.896000000000000000e+03
1.165500000000000000e+04 3.784000000000000000e+03
1.198800000000000000e+04 3.770000000000000000e+03
1.232100000000000000e+04 3.540000000000000000e+03
1.265400000000000000e+04 3.694000000000000000e+03
1.298700000000000000e+04 3.573000000000000000e+03
1.332000000000000000e+04 3.580000000000000000e+03
1.365300000000000000e+04 3.339000000000000000e+03
1.398600000000000000e+04 3.306000000000000000e+03
1.431900000000000000e+04 3.193000000000000000e+03
1.465200000000000000e+04 3.151000000000000000e+03
1.498500000000000000e+04 3.025000000000000000e+03
1.531800000000000000e+04 2.834000000000000000e+03
1.565100000000000000e+04 2.856000000000000000e+03
1.598400000000000000e+04 2.819000000000000000e+03
1.631700000000000000e+04 2.665000000000000000e+03
1.665000000000000000e+04 2.508000000000000000e+03
1.698300000000000000e+04 2.418000000000000000e+03
1.731600000000000000e+04 2.339000000000000000e+03
1.764900000000000000e+04 2.227000000000000000e+03
1.798200000000000000e+04 2.134000000000000000e+03
1.831500000000000000e+04 2.076000000000000000e+03
1.864800000000000000e+04 1.950000000000000000e+03
1.898100000000000000e+04 1.853000000000000000e+03
1.931400000000000000e+04 1.711000000000000000e+03
1.964700000000000000e+04 1.619000000000000000e+03
1.998000000000000000e+04 1.528000000000000000e+03
2.031300000000000000e+04 1.470000000000000000e+03
2.064600000000000000e+04 1.350000000000000000e+03
2.097900000000000000e+04 1.394000000000000000e+03
2.131200000000000000e+04 1.307000000000000000e+03
2.164500000000000000e+04 1.219000000000000000e+03
2.197800000000000000e+04 1.151000000000000000e+03
2.231100000000000000e+04 1.221000000000000000e+03
2.264400000000000000e+04 1.041000000000000000e+03
2.297700000000000000e+04 1.141000000000000000e+03
2.331000000000000000e+04 1.129000000000000000e+03
2.364300000000000000e+04 1.102000000000000000e+03
2.397600000000000000e+04 1.093000000000000000e+03
2.430900000000000000e+04 1.143000000000000000e+03
2.464200000000000000e+04 1.155000000000000000e+03
2.497500000000000000e+04 1.179000000000000000e+03
2.530800000000000000e+04 1.217000000000000000e+03
2.564100000000000000e+04 1.241000000000000000e+03
2.597400000000000000e+04 1.333000000000000000e+03
2.630700000000000000e+04 1.455000000000000000e+03
2.664000000000000000e+04 1.515000000000000000e+03
2.697300000000000000e+04 1.606000000000000000e+03
2.730600000000000000e+04 1.698000000000000000e+03
2.763900000000000000e+04 1.748000000000000000e+03
2.797200000000000000e+04 1.891000000000000000e+03
2.830500000000000000e+04 2.020000000000000000e+03
2.863800000000000000e+04 2.234000000000000000e+03
2.897100000000000000e+04 2.309000000000000000e+03
2.930400000000000000e+04 2.337000000000000000e+03
2.963700000000000000e+04 2.491000000000000000e+03
2.997000000000000000e+04 2.614000000000000000e+03
3.030300000000000000e+04 2.843000000000000000e+03
3.063600000000000000e+04 2.868000000000000000e+03
3.096900000000000000e+04 2.983000000000000000e+03
3.130200000000000000e+04 3.112000000000000000e+03
3.163500000000000000e+04 3.147000000000000000e+03
3.196800000000000000e+04 3.237000000000000000e+03
3.230100000000000000e+04 3.389000000000000000e+03
3.263400000000000000e+04 3.358000000000000000e+03
3.296700000000000000e+04 3.506000000000000000e+03
3.330000000000000000e+04 3.615000000000000000e+03
3.363300000000000000e+04 3.611000000000000000e+03
3.396600000000000000e+04 3.653000000000000000e+03
3.429900000000000000e+04 3.884000000000000000e+03
3.463200000000000000e+04 3.973000000000000000e+03
3.496500000000000000e+04 3.966000000000000000e+03
3.529800000000000000e+04 4.022000000000000000e+03
3.563100000000000000e+04 4.003000000000000000e+03
3.596400000000000000e+04 4.085000000000000000e+03
3.629700000000000000e+04 4.158000000000000000e+03
3.663000000000000000e+04 4.068000000000000000e+03
3.696300000000000000e+04 4.055000000000000000e+03
3.729600000000000000e+04 4.171000000000000000e+03
3.762900000000000000e+04 4.123000000000000000e+03
3.796200000000000000e+04 4.070000000000000000e+03
3.829500000000000000e+04 4.266000000000000000e+03
3.862800000000000000e+04 4.187000000000000000e+03
3.896100000000000000e+04 4.258000000000000000e+03
3.929400000000000000e+04 4.221000000000000000e+03
3.962700000000000000e+04 4.264000000000000000e+03
3.996000000000000000e+04 4.303000000000000000e+03
4.029300000000000000e+04 4.207000000000000000e+03
4.062600000000000000e+04 4.274000000000000000e+03
4.095900000000000000e+04 4.085000000000000000e+03
4.129200000000000000e+04 4.098000000000000000e+03
4.162500000000000000e+04 4.084000000000000000e+03
4.195800000000000000e+04 4.153000000000000000e+03
4.229100000000000000e+04 4.050000000000000000e+03
4.262400000000000000e+04 4.106000000000000000e+03
4.295700000000000000e+04 4.091000000000000000e+03
4.329000000000000000e+04 4.081000000000000000e+03
4.362300000000000000e+04 3.968000000000000000e+03
4.395600000000000000e+04 3.842000000000000000e+03
4.428900000000000000e+04 4.022000000000000000e+03
4.462200000000000000e+04 3.873000000000000000e+03
4.495500000000000000e+04 3.744000000000000000e+03
4.528800000000000000e+04 3.744000000000000000e+03
4.562100000000000000e+04 3.626000000000000000e+03
4.595400000000000000e+04 3.614000000000000000e+03
4.628700000000000000e+04 3.542000000000000000e+03
4.662000000000000000e+04 3.483000000000000000e+03
4.695300000000000000e+04 3.523000000000000000e+03
4.728600000000000000e+04 3.347000000000000000e+03
4.761900000000000000e+04 3.264000000000000000e+03
4.795200000000000000e+04 3.132000000000000000e+03
4.828500000000000000e+04 3.055000000000000000e+03
4.861800000000000000e+04 3.035000000000000000e+03
4.895100000000000000e+04 2.923000000000000000e+03
4.928400000000000000e+04 2.676000000000000000e+03
4.961700000000000000e+04 2.622000000000000000e+03
4.995000000000000000e+04 2.659000000000000000e+03
5.028300000000000000e+04 2.509000000000000000e+03
5.061600000000000000e+04 2.398000000000000000e+03
5.094900000000000000e+04 2.224000000000000000e+03
5.128200000000000000e+04 2.177000000000000000e+03
5.161500000000000000e+04 2.063000000000000000e+03
5.194800000000000000e+04 1.965000000000000000e+03
5.228100000000000000e+04 1.901000000000000000e+03
5.261400000000000000e+04 1.720000000000000000e+03
5.294700000000000000e+04 1.631000000000000000e+03
5.328000000000000000e+04 1.590000000000000000e+03
5.361300000000000000e+04 1.450000000000000000e+03
5.394600000000000000e+04 1.472000000000000000e+03
5.427900000000000000e+04 1.299000000000000000e+03
5.461200000000000000e+04 1.310000000000000000e+03
5.494500000000000000e+04 1.221000000000000000e+03
5.527800000000000000e+04 1.211000000000000000e+03
5.561100000000000000e+04 1.133000000000000000e+03
5.594400000000000000e+04 1.128000000000000000e+03
5.627700000000000000e+04 1.112000000000000000e+03
5.661000000000000000e+04 1.091000000000000000e+03
5.694300000000000000e+04 1.074000000000000000e+03
5.727600000000000000e+04 1.044000000000000000e+03
5.760900000000000000e+04 1.075000000000000000e+03
5.794200000000000000e+04 1.132000000000000000e+03
5.827500000000000000e+04 1.180000000000000000e+03
5.860800000000000000e+04 1.288000000000000000e+03
5.894100000000000000e+04 1.358000000000000000e+03
5.927400000000000000e+04 1.428000000000000000e+03
5.960700000000000000e+04 1.451000000000000000e+03
5.994000000000000000e+04 1.571000000000000000e+03
6.027300000000000000e+04 1.600000000000000000e+03
6.060600000000000000e+04 1.727000000000000000e+03
6.093900000000000000e+04 1.829000000000000000e+03
6.127200000000000000e+04 1.913000000000000000e+03
6.160500000000000000e+04 1.975000000000000000e+03
6.193800000000000000e+04 2.129000000000000000e+03
6.227100000000000000e+04 2.316000000000000000e+03
6.260400000000000000e+04 2.422000000000000000e+03
6.293700000000000000e+04 2.502000000000000000e+03
6.327000000000000000e+04 2.624000000000000000e+03
6.360300000000000000e+04 2.813000000000000000e+03
6.393600000000000000e+04 2.883000000000000000e+03
6.426900000000000000e+04 2.958000000000000000e+03
6.460200000000000000e+04 3.041000000000000000e+03
6.493500000000000000e+04 3.155000000000000000e+03
6.526800000000000000e+04 3.251000000000000000e+03
6.560100000000000000e+04 3.292000000000000000e+03
6.593400000000000000e+04 3.344000000000000000e+03
6.626700000000000000e+04 3.451000000000000000e+03
