0.000000000000000000e+00 3.978000000000000000e+03
3.300000000000000000e+01 4.025000000000000000e+03
6.600000000000000000e+01 4.108000000000000000e+03
9.900000000000000000e+01 4.121000000000000000e+03
1.320000000000000000e+02 4.216000000000000000e+03
1.650000000000000000e+02 4.363000000000000000e+03
1.980000000000000000e+02 4.506000000000000000e+03
2.310000000000000000e+02 4.409000000000000000e+03
2.640000000000000000e+02 4.573000000000000000e+03
2.970000000000000000e+02 4.604000000000000000e+03
3.300000000000000000e+02 4.698000000000000000e+03
3.630000000000000000e+02 4.570000000000000000e+03
3.960000000000000000e+02 4.801000000000000000e+03
4.290000000000000000e+02 4.726000000000000000e+03
4.620000000000000000e+02 4.892000000000000000e+03
4.950000000000000000e+02 4.902000000000000000e+03
5.280000000000000000e+02 4.936000000000000000e+03
5.610000000000000000e+02 4.954000000000000000e+03
5.940000000000000000e+02 4.948000000000000000e+03
6.270000000000000000e+02 4.934000000000000000e+03
6.600000000000000000e+02 4.807000000000000000e+03
6.930000000000000000e+02 4.860000000000000000e+03
7.260000000000000000e+02 4.854000000000000000e+03
7.590000000000000000e+02 5.005000000000000000e+03
7.920000000000000000e+02 4.948000000000000000e+03
8.250000000000000000e+02 4.911000000000000000e+03
8.580000000000000000e+02 4.947000000000000000e+03
8.910000000000000000e+02 4.739000000000000000e+03
9.240000000000000000e+02 4.948000000000000000e+03
9.570000000000000000e+02 5.042000000000000000e+03
9.900000000000000000e+02 4.879000000000000000e+03
1.023000000000000000e+03 4.867000000000000000e+03
1.056000000000000000e+03 4.810000000000000000e+03
1.089000000000000000e+03 4.924000000000000000e+03
1.122000000000000000e+03 4.928000000000000000e+03
1.155000000000000000e+03 4.803000000000000000e+03
1.188000000000000000e+03 4.732000000000000000e+03
1.221000000000000000e+03 4.597000000000000000e+03
1.254000000000000000e+03 4.487000000000000000e+03
1.287000000000000000e+03 4.580000000000000000e+03
1.320000000000000000e+03 4.436000000000000000e+03
1.353000000000000000e+03 4.514000000000000000e+03
1.386000000000000000e+03 4.266000000000000000e+03
1.419000000000000000e+03 4.357000000000000000e+03
1.452000000000000000e+03 4.264000000000000000e+03
1.485000000000000000e+03 4.138000000000000000e+03
1.518000000000000000e+03 4.072000000000000000e+03
1.551000000000000000e+03 3.991000000000000000e+03
1.584000000000000000e+03 3.718000000000000000e+03
1.617000000000000000e+03 3.816000000000000000e+03
1.650000000000000000e+03 3.714000000000000000e+03
1.683000000000000000e+03 3.602000000000000000e+03
1.716000000000000000e+03 3.490000000000000000e+03
1.749000000000000000e+03 3.303000000000000000e+03
1.782000000000000000e+03 3.345000000000000000e+03
1.815000000000000000e+03 3.102000000000000000e+03
1.848000000000000000e+03 3.025000000000000000e+03
1.881000000000000000e+03 3.009000000000000000e+03
1.914000000000000000e+03 2.922000000000000000e+03
1.947000000000000000e+03 2.762000000000000000e+03
1.980000000000000000e+03 2.695000000000000000e+03
2.013000000000000000e+03 2.580000000000000000e+03
2.046000000000000000e+03 2.505000000000000000e+03
2.079000000000000000e+03 2.402000000000000000e+03
2.112000000000000000e+03 2.449000000000000000e+03
2.145000000000000000e+03 2.272000000000000000e+03
2.178000000000000000e+03 2.169000000000000000e+03
2.211000000000000000e+03 2.116000000000000000e+03
2.244000000000000000e+03 2.051000000000000000e+03
2.277000000000000000e+03 1.971000000000000000e+03
2.310000000000000000e+03 1.925000000000000000e+03
2.343000000000000000e+03 1.973000000000000000e+03
2.376000000000000000e+03 1.885000000000000000e+03
2.409000000000000000e+03 1.832000000000000000e+03
2.442000000000000000e+03 1.743000000000000000e+03
2.475000000000000000e+03 1.761000000000000000e+03
2.508000000000000000e+03 1.830000000000000000e+03
2.541000000000000000e+03 1.823000000000000000e+03
2.574000000000000000e+03 1.841000000000000000e+03
2.607000000000000000e+03 1.770000000000000000e+03
2.640000000000000000e+03 1.805000000000000000e+03
2.673000000000000000e+03 1.787000000000000000e+03
2.706000000000000000e+03 1.877000000000000000e+03
2.739000000000000000e+03 1.939000000000000000e+03
2.772000000000000000e+03 1.980000000000000000e+03
2.805000000000000000e+03 2.028000000000000000e+03
2.838000000000000000e+03 2.172000000000000000e+03
2.871000000000000000e+03 2.325000000000000000e+03
2.904000000000000000e+03 2.368000000000000000e+03
2.937000000000000000e+03 2.497000000000000000e+03
2.970000000000000000e+03 2.628000000000000000e+03
3.003000000000000000e+03 2.684000000000000000e+03
3.036000000000000000e+03 2.849000000000000000e+03
3.069000000000000000e+03 2.993000000000000000e+03
3.102000000000000000e+03 3.122000000000000000e+03
3.135000000000000000e+03 3.184000000000000000e+03
3.168000000000000000e+03 3.301000000000000000e+03
3.201000000000000000e+03 3.364000000000000000e+03
3.234000000000000000e+03 3.611000000000000000e+03
3.267000000000000000e+03 3.783000000000000000e+03
3.300000000000000000e+03 3.808000000000000000e+03
3.333000000000000000e+03 3.819000000000000000e+03
3.366000000000000000e+03 3.883000000000000000e+03
3.399000000000000000e+03 4.126000000000000000e+03
3.432000000000000000e+03 4.045000000000000000e+03
3.465000000000000000e+03 4.159000000000000000e+03
3.498000000000000000e+03 4.363000000000000000e+03
3.531000000000000000e+03 4.249000000000000000e+03
3.564000000000000000e+03 4.558000000000000000e+03
3.597000000000000000e+03 4.534000000000000000e+03
3.630000000000000000e+03 4.704000000000000000e+03
3.663000000000000000e+03 4.654000000000000000e+03
3.696000000000000000e+03 4.741000000000000000e+03
3.729000000000000000e+03 4.779000000000000000e+03
3.762000000000000000e+03 4.751000000000000000e+03
3.795000000000000000e+03 4.952000000000000000e+03
3.828000000000000000e+03 4.907000000000000000e+03
3.861000000000000000e+03 4.942000000000000000e+03
3.894000000000000000e+03 5.004000000000000000e+03
3.927000000000000000e+03 4.947000000000000000e+03
3.960000000000000000e+03 4.911000000000000000e+03
3.993000000000000000e+03 4.990000000000000000e+03
4.026000000000000000e+03 4.963000000000000000e+03
4.059000000000000000e+03 5.002000000000000000e+03
4.092000000000000000e+03 4.999000000000000000e+03
4.125000000000000000e+03 5.058000000000000000e+03
4.158000000000000000e+03 4.927000000000000000e+03
4.191000000000000000e+03 5.044000000000000000e+03
4.224000000000000000e+03 4.962000000000000000e+03
4.257000000000000000e+03 4.976000000000000000e+03
4.290000000000000000e+03 5.053000000000000000e+03
4.323000000000000000e+03 4.998000000000000000e+03
4.356000000000000000e+03 4.895000000000000000e+03
4.389000000000000000e+03 4.926000000000000000e+03
4.422000000000000000e+03 4.834000000000000000e+03
4.455000000000000000e+03 4.802000000000000000e+03
4.488000000000000000e+03 4.763000000000000000e+03
4.521000000000000000e+03 4.779000000000000000e+03
4.554000000000000000e+03 4.603000000000000000e+03
4.587000000000000000e+03 4.578000000000000000e+03
4.620000000000000000e+03 4.551000000000000000e+03
4.653000000000000000e+03 4.472000000000000000e+03
4.686000000000000000e+03 4.504000000000000000e+03
4.719000000000000000e+03 4.283000000000000000e+03
4.752000000000000000e+03 4.362000000000000000e+03
4.785000000000000000e+03 4.266000000000000000e+03
4.818000000000000000e+03 4.114000000000000000e+03
4.851000000000000000e+03 4.155000000000000000e+03
4.884000000000000000e+03 3.896000000000000000e+03
4.917000000000000000e+03 3.903000000000000000e+03
4.950000000000000000e+03 3.858000000000000000e+03
4.983000000000000000e+03 3.732000000000000000e+03
5.016000000000000000e+03 3.620000000000000000e+03
5.049000000000000000e+03 3.396000000000000000e+03
5.082000000000000000e+03 3.418000000000000000e+03
5.115000000000000000e+03 3.310000000000000000e+03
5.148000000000000000e+03 3.164000000000000000e+03
5.181000000000000000e+03 3.026000000000000000e+03
5.214000000000000000e+03 2.968000000000000000e+03
5.247000000000000000e+03 2.941000000000000000e+03
5.280000000000000000e+03 2.801000000000000000e+03
5.313000000000000000e+03 2.747000000000000000e+03
5.346000000000000000e+03 2.545000000000000000e+03
5.379000000000000000e+03 2.437000000000000000e+03
5.412000000000000000e+03 2.444000000000000000e+03
5.445000000000000000e+03 2.267000000000000000e+03
5.478000000000000000e+03 2.279000000000000000e+03
5.511000000000000000e+03 2.221000000000000000e+03
5.544000000000000000e+03 2.129000000000000000e+03
5.577000000000000000e+03 1.993000000000000000e+03
5.610000000000000000e+03 2.035000000000000000e+03
5.643000000000000000e+03 1.981000000000000000e+03
5.676000000000000000e+03 1.918000000000000000e+03
5.709000000000000000e+03 1.838000000000000000e+03
5.742000000000000000e+03 1.819000000000000000e+03
5.775000000000000000e+03 1.793000000000000000e+03
5.808000000000000000e+03 1.838000000000000000e+03
5.841000000000000000e+03 1.799000000000000000e+03
5.874000000000000000e+03 1.766000000000000000e+03
5.907000000000000000e+03 1.746000000000000000e+03
5.940000000000000000e+03 1.712000000000000000e+03
5.973000000000000000e+03 1.782000000000000000e+03
6.006000000000000000e+03 1.868000000000000000e+03
6.039000000000000000e+03 1.974000000000000000e+03
6.072000000000000000e+03 1.924000000000000000e+03
6.105000000000000000e+03 2.034000000000000000e+03
6.138000000000000000e+03 2.112000000000000000e+03
6.171000000000000000e+03 2.157000000000000000e+03
6.204000000000000000e+03 2.244000000000000000e+03
6.237000000000000000e+03 2.378000000000000000e+03
6.270000000000000000e+03 2.501000000000000000e+03
6.303000000000000000e+03 2.522000000000000000e+03
6.336000000000000000e+03 2.654000000000000000e+03
6.369000000000000000e+03 2.719000000000000000e+03
6.402000000000000000e+03 2.980000000000000000e+03
6.435000000000000000e+03 2.989000000000000000e+03
6.468000000000000000e+03 3.148000000000000000e+03
6.501000000000000000e+03 3.295000000000000000e+03
6.534000000000000000e+03 3.289000000000000000e+03
6.567000000000000000e+03 3.609000000000000000e+03
6.600000000000000000e+03 3.683000000000000000e+03
6.633000000000000000e+03 3.757000000000000000e+03
