0.000000000000000000e+00 5.154000000000000000e+03
2.000000000000000000e+03 5.223000000000000000e+03
4.000000000000000000e+03 5.247000000000000000e+03
6.000000000000000000e+03 5.311000000000000000e+03
8.000000000000000000e+03 5.367000000000000000e+03
1.000000000000000000e+04 5.664000000000000000e+03
1.200000000000000000e+04 5.707000000000000000e+03
1.400000000000000000e+04 5.522000000000000000e+03
1.600000000000000000e+04 5.838000000000000000e+03
1.800000000000000000e+04 5.823000000000000000e+03
2.000000000000000000e+04 5.894000000000000000e+03
2.200000000000000000e+04 5.823000000000000000e+03
2.400000000000000000e+04 5.688000000000000000e+03
2.600000000000000000e+04 5.877000000000000000e+03
2.800000000000000000e+04 5.755000000000000000e+03
3.000000000000000000e+04 5.925000000000000000e+03
3.200000000000000000e+04 5.972000000000000000e+03
3.400000000000000000e+04 5.985000000000000000e+03
3.600000000000000000e+04 5.969000000000000000e+03
3.800000000000000000e+04 5.901000000000000000e+03
4.000000000000000000e+04 5.950000000000000000e+03
4.200000000000000000e+04 5.755000000000000000e+03
4.400000000000000000e+04 5.996000000000000000e+03
4.600000000000000000e+04 5.869000000000000000e+03
4.800000000000000000e+04 5.839000000000000000e+03
5.000000000000000000e+04 6.034000000000000000e+03
5.200000000000000000e+04 5.877000000000000000e+03
5.400000000000000000e+04 5.821000000000000000e+03
5.600000000000000000e+04 5.633000000000000000e+03
5.800000000000000000e+04 5.787000000000000000e+03
6.000000000000000000e+04 5.714000000000000000e+03
6.200000000000000000e+04 5.679000000000000000e+03
6.400000000000000000e+04 5.580000000000000000e+03
6.600000000000000000e+04 5.475000000000000000e+03
6.800000000000000000e+04 5.393000000000000000e+03
7.000000000000000000e+04 5.411000000000000000e+03
7.200000000000000000e+04 5.428000000000000000e+03
7.400000000000000000e+04 5.237000000000000000e+03
7.600000000000000000e+04 5.039000000000000000e+03
7.800000000000000000e+04 5.074000000000000000e+03
8.000000000000000000e+04 4.802000000000000000e+03
8.200000000000000000e+04 4.719000000000000000e+03
8.400000000000000000e+04 4.766000000000000000e+03
8.600000000000000000e+04 4.645000000000000000e+03
8.800000000000000000e+04 4.464000000000000000e+03
9.000000000000000000e+04 4.284000000000000000e+03
9.200000000000000000e+04 4.245000000000000000e+03
9.400000000000000000e+04 3.982000000000000000e+03
9.600000000000000000e+04 3.912000000000000000e+03
9.800000000000000000e+04 3.729000000000000000e+03
1.000000000000000000e+05 3.635000000000000000e+03
1.020000000000000000e+05 3.323000000000000000e+03
1.040000000000000000e+05 3.311000000000000000e+03
1.060000000000000000e+05 3.089000000000000000e+03
1.080000000000000000e+05 2.943000000000000000e+03
1.100000000000000000e+05 2.891000000000000000e+03
1.120000000000000000e+05 2.648000000000000000e+03
1.140000000000000000e+05 2.616000000000000000e+03
1.160000000000000000e+05 2.409000000000000000e+03
1.180000000000000000e+05 2.427000000000000000e+03
1.200000000000000000e+05 2.273000000000000000e+03
1.220000000000000000e+05 2.049000000000000000e+03
1.240000000000000000e+05 2.077000000000000000e+03
1.260000000000000000e+05 1.979000000000000000e+03
1.280000000000000000e+05 1.691000000000000000e+03
1.300000000000000000e+05 1.685000000000000000e+03
1.320000000000000000e+05 1.717000000000000000e+03
1.340000000000000000e+05 1.652000000000000000e+03
1.360000000000000000e+05 1.694000000000000000e+03
1.380000000000000000e+05 1.694000000000000000e+03
1.400000000000000000e+05 1.659000000000000000e+03
1.420000000000000000e+05 1.674000000000000000e+03
1.440000000000000000e+05 1.680000000000000000e+03
1.460000000000000000e+05 1.657000000000000000e+03
1.480000000000000000e+05 1.758000000000000000e+03
1.500000000000000000e+05 1.866000000000000000e+03
1.520000000000000000e+05 1.937000000000000000e+03
1.540000000000000000e+05 2.149000000000000000e+03
1.560000000000000000e+05 2.141000000000000000e+03
1.580000000000000000e+05 2.198000000000000000e+03
1.600000000000000000e+05 2.431000000000000000e+03
1.620000000000000000e+05 2.581000000000000000e+03
1.640000000000000000e+05 2.602000000000000000e+03
1.660000000000000000e+05 2.750000000000000000e+03
1.680000000000000000e+05 2.948000000000000000e+03
1.700000000000000000e+05 3.062000000000000000e+03
1.720000000000000000e+05 3.246000000000000000e+03
1.740000000000000000e+05 3.507000000000000000e+03
1.760000000000000000e+05 3.462000000000000000e+03
1.780000000000000000e+05 3.779000000000000000e+03
1.800000000000000000e+05 3.887000000000000000e+03
1.820000000000000000e+05 4.043000000000000000e+03
1.840000000000000000e+05 4.310000000000000000e+03
1.860000000000000000e+05 4.414000000000000000e+03
1.880000000000000000e+05 4.464000000000000000e+03
1.900000000000000000e+05 4.580000000000000000e+03
1.920000000000000000e+05 4.773000000000000000e+03
1.940000000000000000e+05 4.729000000000000000e+03
1.960000000000000000e+05 4.932000000000000000e+03
1.980000000000000000e+05 4.984000000000000000e+03
2.000000000000000000e+05 5.179000000000000000e+03
2.020000000000000000e+05 5.141000000000000000e+03
2.040000000000000000e+05 5.465000000000000000e+03
2.060000000000000000e+05 5.482000000000000000e+03
2.080000000000000000e+05 5.454000000000000000e+03
2.100000000000000000e+05 5.406000000000000000e+03
2.120000000000000000e+05 5.594000000000000000e+03
2.140000000000000000e+05 5.576000000000000000e+03
2.160000000000000000e+05 5.807000000000000000e+03
2.180000000000000000e+05 5.632000000000000000e+03
2.200000000000000000e+05 5.707000000000000000e+03
2.220000000000000000e+05 5.879000000000000000e+03
2.240000000000000000e+05 5.888000000000000000e+03
2.260000000000000000e+05 5.971000000000000000e+03
2.280000000000000000e+05 5.735000000000000000e+03
2.300000000000000000e+05 5.760000000000000000e+03
2.320000000000000000e+05 6.019000000000000000e+03
2.340000000000000000e+05 5.853000000000000000e+03
2.360000000000000000e+05 5.972000000000000000e+03
2.380000000000000000e+05 5.823000000000000000e+03
2.400000000000000000e+05 5.773000000000000000e+03
2.420000000000000000e+05 5.928000000000000000e+03
2.440000000000000000e+05 6.055000000000000000e+03
2.460000000000000000e+05 6.035000000000000000e+03
2.480000000000000000e+05 5.944000000000000000e+03
2.500000000000000000e+05 5.910000000000000000e+03
2.520000000000000000e+05 5.730000000000000000e+03
2.540000000000000000e+05 5.792000000000000000e+03
2.560000000000000000e+05 5.531000000000000000e+03
2.580000000000000000e+05 5.897000000000000000e+03
2.600000000000000000e+05 5.599000000000000000e+03
2.620000000000000000e+05 5.709000000000000000e+03
2.640000000000000000e+05 5.711000000000000000e+03
2.660000000000000000e+05 5.524000000000000000e+03
2.680000000000000000e+05 5.539000000000000000e+03
2.700000000000000000e+05 5.449000000000000000e+03
2.720000000000000000e+05 5.408000000000000000e+03
2.740000000000000000e+05 5.285000000000000000e+03
2.760000000000000000e+05 5.064000000000000000e+03
2.780000000000000000e+05 5.022000000000000000e+03
2.800000000000000000e+05 4.798000000000000000e+03
2.820000000000000000e+05 4.861000000000000000e+03
2.840000000000000000e+05 4.709000000000000000e+03
2.860000000000000000e+05 4.479000000000000000e+03
2.880000000000000000e+05 4.526000000000000000e+03
2.900000000000000000e+05 4.414000000000000000e+03
2.920000000000000000e+05 4.124000000000000000e+03
2.940000000000000000e+05 3.888000000000000000e+03
2.960000000000000000e+05 3.902000000000000000e+03
2.980000000000000000e+05 3.819000000000000000e+03
3.000000000000000000e+05 3.698000000000000000e+03
3.020000000000000000e+05 3.477000000000000000e+03
3.040000000000000000e+05 3.285000000000000000e+03
3.060000000000000000e+05 3.154000000000000000e+03
3.080000000000000000e+05 2.996000000000000000e+03
3.100000000000000000e+05 2.829000000000000000e+03
3.120000000000000000e+05 2.729000000000000000e+03
3.140000000000000000e+05 2.590000000000000000e+03
3.160000000000000000e+05 2.426000000000000000e+03
3.180000000000000000e+05 2.284000000000000000e+03
3.200000000000000000e+05 2.135000000000000000e+03
3.220000000000000000e+05 2.054000000000000000e+03
3.240000000000000000e+05 1.988000000000000000e+03
3.260000000000000000e+05 2.009000000000000000e+03
3.280000000000000000e+05 1.837000000000000000e+03
3.300000000000000000e+05 1.687000000000000000e+03
3.320000000000000000e+05 1.775000000000000000e+03
3.340000000000000000e+05 1.788000000000000000e+03
3.360000000000000000e+05 1.579000000000000000e+03
3.380000000000000000e+05 1.650000000000000000e+03
3.400000000000000000e+05 1.603000000000000000e+03
3.420000000000000000e+05 1.611000000000000000e+03
3.440000000000000000e+05 1.630000000000000000e+03
3.460000000000000000e+05 1.778000000000000000e+03
3.480000000000000000e+05 1.892000000000000000e+03
3.500000000000000000e+05 1.940000000000000000e+03
3.520000000000000000e+05 1.987000000000000000e+03
3.540000000000000000e+05 2.043000000000000000e+03
3.560000000000000000e+05 2.221000000000000000e+03
3.580000000000000000e+05 2.219000000000000000e+03
3.600000000000000000e+05 2.309000000000000000e+03
3.620000000000000000e+05 2.389000000000000000e+03
3.640000000000000000e+05 2.614000000000000000e+03
3.660000000000000000e+05 2.728000000000000000e+03
3.680000000000000000e+05 2.966000000000000000e+03
3.700000000000000000e+05 3.095000000000000000e+03
3.720000000000000000e+05 3.275000000000000000e+03
3.740000000000000000e+05 3.467000000000000000e+03
3.760000000000000000e+05 3.560000000000000000e+03
3.780000000000000000e+05 3.596000000000000000e+03
3.800000000000000000e+05 3.969000000000000000e+03
3.820000000000000000e+05 4.048000000000000000e+03
3.840000000000000000e+05 4.208000000000000000e+03
3.860000000000000000e+05 4.198000000000000000e+03
3.880000000000000000e+05 4.480000000000000000e+03
3.900000000000000000e+05 4.584000000000000000e+03
3.920000000000000000e+05 4.745000000000000000e+03
3.940000000000000000e+05 4.769000000000000000e+03
3.960000000000000000e+05 4.767000000000000000e+03
3.980000000000000000e+05 5.071000000000000000e+03
