0.000000000000000000e+00 4.973000000000000000e+03
5.000000000000000000e+01 5.001000000000000000e+03
1.000000000000000000e+02 5.150000000000000000e+03
1.500000000000000000e+02 5.152000000000000000e+03
2.000000000000000000e+02 5.347000000000000000e+03
2.500000000000000000e+02 5.453000000000000000e+03
3.000000000000000000e+02 5.549000000000000000e+03
3.500000000000000000e+02 5.485000000000000000e+03
4.000000000000000000e+02 5.513000000000000000e+03
4.500000000000000000e+02 5.627000000000000000e+03
5.000000000000000000e+02 5.872000000000000000e+03
5.500000000000000000e+02 5.862000000000000000e+03
6.000000000000000000e+02 5.940000000000000000e+03
6.500000000000000000e+02 5.954000000000000000e+03
7.000000000000000000e+02 5.992000000000000000e+03
7.500000000000000000e+02 6.095000000000000000e+03
8.000000000000000000e+02 5.960000000000000000e+03
8.500000000000000000e+02 5.945000000000000000e+03
9.000000000000000000e+02 6.111000000000000000e+03
9.500000000000000000e+02 6.080000000000000000e+03
1.000000000000000000e+03 6.076000000000000000e+03
1.050000000000000000e+03 6.074000000000000000e+03
1.100000000000000000e+03 6.183000000000000000e+03
1.150000000000000000e+03 5.968000000000000000e+03
1.200000000000000000e+03 6.057000000000000000e+03
1.250000000000000000e+03 5.962000000000000000e+03
1.300000000000000000e+03 6.037000000000000000e+03
1.350000000000000000e+03 5.991000000000000000e+03
1.400000000000000000e+03 6.058000000000000000e+03
1.450000000000000000e+03 5.986000000000000000e+03
1.500000000000000000e+03 5.793000000000000000e+03
1.550000000000000000e+03 5.902000000000000000e+03
1.600000000000000000e+03 5.736000000000000000e+03
1.650000000000000000e+03 5.735000000000000000e+03
1.700000000000000000e+03 5.774000000000000000e+03
1.750000000000000000e+03 5.639000000000000000e+03
1.800000000000000000e+03 5.372000000000000000e+03
1.850000000000000000e+03 5.398000000000000000e+03
1.900000000000000000e+03 5.567000000000000000e+03
1.950000000000000000e+03 5.253000000000000000e+03
2.000000000000000000e+03 5.299000000000000000e+03
2.050000000000000000e+03 5.174000000000000000e+03
2.100000000000000000e+03 5.031000000000000000e+03
2.150000000000000000e+03 4.801000000000000000e+03
2.200000000000000000e+03 4.883000000000000000e+03
2.250000000000000000e+03 4.724000000000000000e+03
2.300000000000000000e+03 4.582000000000000000e+03
2.350000000000000000e+03 4.522000000000000000e+03
2.400000000000000000e+03 4.378000000000000000e+03
2.450000000000000000e+03 4.211000000000000000e+03
2.500000000000000000e+03 4.091000000000000000e+03
2.550000000000000000e+03 4.052000000000000000e+03
2.600000000000000000e+03 3.855000000000000000e+03
2.650000000000000000e+03 3.689000000000000000e+03
2.700000000000000000e+03 3.668000000000000000e+03
2.750000000000000000e+03 3.482000000000000000e+03
2.800000000000000000e+03 3.352000000000000000e+03
2.850000000000000000e+03 3.238000000000000000e+03
2.900000000000000000e+03 2.978000000000000000e+03
2.950000000000000000e+03 2.883000000000000000e+03
3.000000000000000000e+03 2.796000000000000000e+03
3.050000000000000000e+03 2.691000000000000000e+03
3.100000000000000000e+03 2.677000000000000000e+03
3.150000000000000000e+03 2.565000000000000000e+03
3.200000000000000000e+03 2.411000000000000000e+03
3.250000000000000000e+03 2.242000000000000000e+03
3.300000000000000000e+03 2.338000000000000000e+03
3.350000000000000000e+03 2.133000000000000000e+03
3.400000000000000000e+03 2.100000000000000000e+03
3.450000000000000000e+03 2.148000000000000000e+03
3.500000000000000000e+03 2.100000000000000000e+03
3.550000000000000000e+03 2.087000000000000000e+03
3.600000000000000000e+03 2.021000000000000000e+03
3.650000000000000000e+03 2.033000000000000000e+03
3.700000000000000000e+03 1.994000000000000000e+03
3.750000000000000000e+03 2.057000000000000000e+03
3.800000000000000000e+03 2.061000000000000000e+03
3.850000000000000000e+03 2.069000000000000000e+03
3.900000000000000000e+03 2.084000000000000000e+03
3.950000000000000000e+03 2.141000000000000000e+03
4.000000000000000000e+03 2.217000000000000000e+03
4.050000000000000000e+03 2.369000000000000000e+03
4.100000000000000000e+03 2.354000000000000000e+03
4.150000000000000000e+03 2.519000000000000000e+03
4.200000000000000000e+03 2.584000000000000000e+03
4.250000000000000000e+03 2.742000000000000000e+03
4.300000000000000000e+03 2.920000000000000000e+03
4.350000000000000000e+03 3.089000000000000000e+03
4.400000000000000000e+03 3.118000000000000000e+03
4.450000000000000000e+03 3.312000000000000000e+03
4.500000000000000000e+03 3.448000000000000000e+03
4.550000000000000000e+03 3.662000000000000000e+03
4.600000000000000000e+03 3.640000000000000000e+03
4.650000000000000000e+03 3.915000000000000000e+03
4.700000000000000000e+03 4.052000000000000000e+03
4.750000000000000000e+03 4.298000000000000000e+03
4.800000000000000000e+03 4.382000000000000000e+03
4.850000000000000000e+03 4.542000000000000000e+03
4.900000000000000000e+03 4.638000000000000000e+03
4.950000000000000000e+03 4.949000000000000000e+03
5.000000000000000000e+03 4.867000000000000000e+03
5.050000000000000000e+03 5.060000000000000000e+03
5.100000000000000000e+03 5.210000000000000000e+03
5.150000000000000000e+03 5.328000000000000000e+03
5.200000000000000000e+03 5.374000000000000000e+03
5.250000000000000000e+03 5.498000000000000000e+03
5.300000000000000000e+03 5.537000000000000000e+03
5.350000000000000000e+03 5.561000000000000000e+03
5.400000000000000000e+03 5.756000000000000000e+03
5.450000000000000000e+03 5.700000000000000000e+03
5.500000000000000000e+03 5.887000000000000000e+03
5.550000000000000000e+03 5.752000000000000000e+03
5.600000000000000000e+03 5.960000000000000000e+03
5.650000000000000000e+03 5.936000000000000000e+03
5.700000000000000000e+03 6.019000000000000000e+03
5.750000000000000000e+03 6.112000000000000000e+03
5.800000000000000000e+03 6.148000000000000000e+03
5.850000000000000000e+03 5.962000000000000000e+03
5.900000000000000000e+03 5.925000000000000000e+03
5.950000000000000000e+03 5.937000000000000000e+03
6.000000000000000000e+03 6.043000000000000000e+03
6.050000000000000000e+03 6.006000000000000000e+03
6.100000000000000000e+03 5.841000000000000000e+03
6.150000000000000000e+03 5.977000000000000000e+03
6.200000000000000000e+03 6.040000000000000000e+03
6.250000000000000000e+03 6.075000000000000000e+03
6.300000000000000000e+03 5.951000000000000000e+03
6.350000000000000000e+03 6.001000000000000000e+03
6.400000000000000000e+03 5.925000000000000000e+03
6.450000000000000000e+03 5.926000000000000000e+03
6.500000000000000000e+03 5.905000000000000000e+03
6.550000000000000000e+03 5.765000000000000000e+03
6.600000000000000000e+03 5.927000000000000000e+03
6.650000000000000000e+03 5.771000000000000000e+03
6.700000000000000000e+03 5.829000000000000000e+03
6.750000000000000000e+03 5.713000000000000000e+03
6.800000000000000000e+03 5.561000000000000000e+03
6.850000000000000000e+03 5.443000000000000000e+03
6.900000000000000000e+03 5.508000000000000000e+03
6.950000000000000000e+03 5.231000000000000000e+03
7.000000000000000000e+03 5.180000000000000000e+03
7.050000000000000000e+03 5.046000000000000000e+03
7.100000000000000000e+03 4.995000000000000000e+03
7.150000000000000000e+03 5.018000000000000000e+03
7.200000000000000000e+03 4.869000000000000000e+03
7.250000000000000000e+03 4.768000000000000000e+03
7.300000000000000000e+03 4.485000000000000000e+03
7.350000000000000000e+03 4.530000000000000000e+03
7.400000000000000000e+03 4.301000000000000000e+03
7.450000000000000000e+03 4.188000000000000000e+03
7.500000000000000000e+03 4.217000000000000000e+03
7.550000000000000000e+03 3.989000000000000000e+03
7.600000000000000000e+03 3.971000000000000000e+03
7.650000000000000000e+03 3.712000000000000000e+03
7.700000000000000000e+03 3.616000000000000000e+03
7.750000000000000000e+03 3.443000000000000000e+03
7.800000000000000000e+03 3.326000000000000000e+03
7.850000000000000000e+03 3.211000000000000000e+03
7.900000000000000000e+03 3.137000000000000000e+03
7.950000000000000000e+03 3.032000000000000000e+03
8.000000000000000000e+03 2.796000000000000000e+03
8.050000000000000000e+03 2.852000000000000000e+03
8.100000000000000000e+03 2.619000000000000000e+03
8.150000000000000000e+03 2.599000000000000000e+03
8.200000000000000000e+03 2.503000000000000000e+03
8.250000000000000000e+03 2.266000000000000000e+03
8.300000000000000000e+03 2.277000000000000000e+03
8.350000000000000000e+03 2.301000000000000000e+03
8.400000000000000000e+03 2.199000000000000000e+03
8.450000000000000000e+03 2.102000000000000000e+03
8.500000000000000000e+03 1.997000000000000000e+03
8.550000000000000000e+03 2.004000000000000000e+03
8.600000000000000000e+03 1.957000000000000000e+03
8.650000000000000000e+03 1.995000000000000000e+03
8.700000000000000000e+03 1.967000000000000000e+03
8.750000000000000000e+03 2.032000000000000000e+03
8.800000000000000000e+03 2.110000000000000000e+03
8.850000000000000000e+03 2.072000000000000000e+03
8.900000000000000000e+03 2.066000000000000000e+03
8.950000000000000000e+03 2.204000000000000000e+03
9.000000000000000000e+03 2.267000000000000000e+03
9.050000000000000000e+03 2.309000000000000000e+03
9.100000000000000000e+03 2.396000000000000000e+03
9.150000000000000000e+03 2.410000000000000000e+03
9.200000000000000000e+03 2.564000000000000000e+03
9.250000000000000000e+03 2.754000000000000000e+03
9.300000000000000000e+03 3.008000000000000000e+03
9.350000000000000000e+03 2.976000000000000000e+03
9.400000000000000000e+03 3.178000000000000000e+03
9.450000000000000000e+03 3.369000000000000000e+03
9.500000000000000000e+03 3.535000000000000000e+03
9.550000000000000000e+03 3.698000000000000000e+03
9.600000000000000000e+03 3.921000000000000000e+03
9.650000000000000000e+03 3.980000000000000000e+03
9.700000000000000000e+03 4.129000000000000000e+03
9.750000000000000000e+03 4.249000000000000000e+03
9.800000000000000000e+03 4.416000000000000000e+03
9.850000000000000000e+03 4.434000000000000000e+03
9.900000000000000000e+03 4.620000000000000000e+03
9.950000000000000000e+03 4.889000000000000000e+03
