0.000000000000000000e+00 4.908000000000000000e+03
1.000000000000000000e+02 5.010000000000000000e+03
2.000000000000000000e+02 5.221000000000000000e+03
3.000000000000000000e+02 5.361000000000000000e+03
4.000000000000000000e+02 5.412000000000000000e+03
5.000000000000000000e+02 5.571000000000000000e+03
6.000000000000000000e+02 5.581000000000000000e+03
7.000000000000000000e+02 5.533000000000000000e+03
8.000000000000000000e+02 5.448000000000000000e+03
9.000000000000000000e+02 5.627000000000000000e+03
1.000000000000000000e+03 5.576000000000000000e+03
1.100000000000000000e+03 5.631000000000000000e+03
1.200000000000000000e+03 5.755000000000000000e+03
1.300000000000000000e+03 5.865000000000000000e+03
1.400000000000000000e+03 5.733000000000000000e+03
1.500000000000000000e+03 5.713000000000000000e+03
1.600000000000000000e+03 5.855000000000000000e+03
1.700000000000000000e+03 5.762000000000000000e+03
1.800000000000000000e+03 5.793000000000000000e+03
1.900000000000000000e+03 5.950000000000000000e+03
2.000000000000000000e+03 5.933000000000000000e+03
2.100000000000000000e+03 5.850000000000000000e+03
2.200000000000000000e+03 5.794000000000000000e+03
2.300000000000000000e+03 5.820000000000000000e+03
2.400000000000000000e+03 5.913000000000000000e+03
2.500000000000000000e+03 5.770000000000000000e+03
2.600000000000000000e+03 5.677000000000000000e+03
2.700000000000000000e+03 5.605000000000000000e+03
2.800000000000000000e+03 5.643000000000000000e+03
2.900000000000000000e+03 5.833000000000000000e+03
3.000000000000000000e+03 5.816000000000000000e+03
3.100000000000000000e+03 5.644000000000000000e+03
3.200000000000000000e+03 5.604000000000000000e+03
3.300000000000000000e+03 5.506000000000000000e+03
3.400000000000000000e+03 5.370000000000000000e+03
3.500000000000000000e+03 5.454000000000000000e+03
3.600000000000000000e+03 5.314000000000000000e+03
3.700000000000000000e+03 5.233000000000000000e+03
3.800000000000000000e+03 5.225000000000000000e+03
3.900000000000000000e+03 5.079000000000000000e+03
4.000000000000000000e+03 5.135000000000000000e+03
4.100000000000000000e+03 4.948000000000000000e+03
4.200000000000000000e+03 4.859000000000000000e+03
4.300000000000000000e+03 4.619000000000000000e+03
4.400000000000000000e+03 4.597000000000000000e+03
4.500000000000000000e+03 4.476000000000000000e+03
4.600000000000000000e+03 4.414000000000000000e+03
4.700000000000000000e+03 4.263000000000000000e+03
4.800000000000000000e+03 4.034000000000000000e+03
4.900000000000000000e+03 3.928000000000000000e+03
5.000000000000000000e+03 3.723000000000000000e+03
5.100000000000000000e+03 3.689000000000000000e+03
5.200000000000000000e+03 3.582000000000000000e+03
5.300000000000000000e+03 3.454000000000000000e+03
5.400000000000000000e+03 3.361000000000000000e+03
5.500000000000000000e+03 3.222000000000000000e+03
5.600000000000000000e+03 3.017000000000000000e+03
5.700000000000000000e+03 2.920000000000000000e+03
5.800000000000000000e+03 2.862000000000000000e+03
5.900000000000000000e+03 2.645000000000000000e+03
6.000000000000000000e+03 2.480000000000000000e+03
6.100000000000000000e+03 2.508000000000000000e+03
6.200000000000000000e+03 2.303000000000000000e+03
6.300000000000000000e+03 2.226000000000000000e+03
6.400000000000000000e+03 2.110000000000000000e+03
6.500000000000000000e+03 2.050000000000000000e+03
6.600000000000000000e+03 2.065000000000000000e+03
6.700000000000000000e+03 1.922000000000000000e+03
6.800000000000000000e+03 1.867000000000000000e+03
6.900000000000000000e+03 1.918000000000000000e+03
7.000000000000000000e+03 1.955000000000000000e+03
7.100000000000000000e+03 1.763000000000000000e+03
7.200000000000000000e+03 1.799000000000000000e+03
7.300000000000000000e+03 1.783000000000000000e+03
7.400000000000000000e+03 1.863000000000000000e+03
7.500000000000000000e+03 1.866000000000000000e+03
7.600000000000000000e+03 1.965000000000000000e+03
7.700000000000000000e+03 2.018000000000000000e+03
7.800000000000000000e+03 2.114000000000000000e+03
7.900000000000000000e+03 2.205000000000000000e+03
8.000000000000000000e+03 2.267000000000000000e+03
8.100000000000000000e+03 2.394000000000000000e+03
8.200000000000000000e+03 2.391000000000000000e+03
8.300000000000000000e+03 2.613000000000000000e+03
8.400000000000000000e+03 2.746000000000000000e+03
8.500000000000000000e+03 2.853000000000000000e+03
8.600000000000000000e+03 3.023000000000000000e+03
8.700000000000000000e+03 3.236000000000000000e+03
8.800000000000000000e+03 3.438000000000000000e+03
8.900000000000000000e+03 3.400000000000000000e+03
9.000000000000000000e+03 3.530000000000000000e+03
9.100000000000000000e+03 3.831000000000000000e+03
9.200000000000000000e+03 3.877000000000000000e+03
9.300000000000000000e+03 4.083000000000000000e+03
9.400000000000000000e+03 4.364000000000000000e+03
9.500000000000000000e+03 4.430000000000000000e+03
9.600000000000000000e+03 4.495000000000000000e+03
9.700000000000000000e+03 4.544000000000000000e+03
9.800000000000000000e+03 4.612000000000000000e+03
9.900000000000000000e+03 4.908000000000000000e+03
1.000000000000000000e+04 5.054000000000000000e+03
1.010000000000000000e+04 5.110000000000000000e+03
1.020000000000000000e+04 5.240000000000000000e+03
1.030000000000000000e+04 5.218000000000000000e+03
1.040000000000000000e+04 5.470000000000000000e+03
1.050000000000000000e+04 5.351000000000000000e+03
1.060000000000000000e+04 5.494000000000000000e+03
1.070000000000000000e+04 5.535000000000000000e+03
1.080000000000000000e+04 5.499000000000000000e+03
1.090000000000000000e+04 5.631000000000000000e+03
1.100000000000000000e+04 5.583000000000000000e+03
1.110000000000000000e+04 5.689000000000000000e+03
1.120000000000000000e+04 5.693000000000000000e+03
1.130000000000000000e+04 5.682000000000000000e+03
1.140000000000000000e+04 5.841000000000000000e+03
1.150000000000000000e+04 5.778000000000000000e+03
1.160000000000000000e+04 5.880000000000000000e+03
1.170000000000000000e+04 5.838000000000000000e+03
1.180000000000000000e+04 5.894000000000000000e+03
1.190000000000000000e+04 5.897000000000000000e+03
1.200000000000000000e+04 5.941000000000000000e+03
1.210000000000000000e+04 5.836000000000000000e+03
1.220000000000000000e+04 5.861000000000000000e+03
1.230000000000000000e+04 5.795000000000000000e+03
1.240000000000000000e+04 5.695000000000000000e+03
1.250000000000000000e+04 5.658000000000000000e+03
1.260000000000000000e+04 5.841000000000000000e+03
1.270000000000000000e+04 5.835000000000000000e+03
1.280000000000000000e+04 5.762000000000000000e+03
1.290000000000000000e+04 5.614000000000000000e+03
1.300000000000000000e+04 5.670000000000000000e+03
1.310000000000000000e+04 5.695000000000000000e+03
1.320000000000000000e+04 5.473000000000000000e+03
1.330000000000000000e+04 5.327000000000000000e+03
1.340000000000000000e+04 5.309000000000000000e+03
1.350000000000000000e+04 5.369000000000000000e+03
1.360000000000000000e+04 5.329000000000000000e+03
1.370000000000000000e+04 5.150000000000000000e+03
1.380000000000000000e+04 5.256000000000000000e+03
1.390000000000000000e+04 5.032000000000000000e+03
1.400000000000000000e+04 5.129000000000000000e+03
1.410000000000000000e+04 4.961000000000000000e+03
1.420000000000000000e+04 4.610000000000000000e+03
1.430000000000000000e+04 4.678000000000000000e+03
1.440000000000000000e+04 4.553000000000000000e+03
1.450000000000000000e+04 4.429000000000000000e+03
1.460000000000000000e+04 4.338000000000000000e+03
1.470000000000000000e+04 4.165000000000000000e+03
1.480000000000000000e+04 4.039000000000000000e+03
1.490000000000000000e+04 3.925000000000000000e+03
1.500000000000000000e+04 3.789000000000000000e+03
1.510000000000000000e+04 3.540000000000000000e+03
1.520000000000000000e+04 3.621000000000000000e+03
1.530000000000000000e+04 3.426000000000000000e+03
1.540000000000000000e+04 3.328000000000000000e+03
1.550000000000000000e+04 3.189000000000000000e+03
1.560000000000000000e+04 2.955000000000000000e+03
1.570000000000000000e+04 2.853000000000000000e+03
1.580000000000000000e+04 2.634000000000000000e+03
1.590000000000000000e+04 2.666000000000000000e+03
1.600000000000000000e+04 2.617000000000000000e+03
1.610000000000000000e+04 2.531000000000000000e+03
1.620000000000000000e+04 2.361000000000000000e+03
1.630000000000000000e+04 2.211000000000000000e+03
1.640000000000000000e+04 2.112000000000000000e+03
1.650000000000000000e+04 2.097000000000000000e+03
1.660000000000000000e+04 2.126000000000000000e+03
1.670000000000000000e+04 2.047000000000000000e+03
1.680000000000000000e+04 1.925000000000000000e+03
1.690000000000000000e+04 1.865000000000000000e+03
1.700000000000000000e+04 1.852000000000000000e+03
1.710000000000000000e+04 1.833000000000000000e+03
1.720000000000000000e+04 1.843000000000000000e+03
1.730000000000000000e+04 1.834000000000000000e+03
1.740000000000000000e+04 1.862000000000000000e+03
1.750000000000000000e+04 1.838000000000000000e+03
1.760000000000000000e+04 1.887000000000000000e+03
1.770000000000000000e+04 2.005000000000000000e+03
1.780000000000000000e+04 2.150000000000000000e+03
1.790000000000000000e+04 2.123000000000000000e+03
1.800000000000000000e+04 2.239000000000000000e+03
1.810000000000000000e+04 2.317000000000000000e+03
1.820000000000000000e+04 2.465000000000000000e+03
1.830000000000000000e+04 2.620000000000000000e+03
1.840000000000000000e+04 2.642000000000000000e+03
1.850000000000000000e+04 2.937000000000000000e+03
1.860000000000000000e+04 3.022000000000000000e+03
1.870000000000000000e+04 3.104000000000000000e+03
1.880000000000000000e+04 3.215000000000000000e+03
1.890000000000000000e+04 3.438000000000000000e+03
1.900000000000000000e+04 3.547000000000000000e+03
1.910000000000000000e+04 3.785000000000000000e+03
1.920000000000000000e+04 3.965000000000000000e+03
1.930000000000000000e+04 4.034000000000000000e+03
1.940000000000000000e+04 4.307000000000000000e+03
1.950000000000000000e+04 4.544000000000000000e+03
1.960000000000000000e+04 4.578000000000000000e+03
1.970000000000000000e+04 4.613000000000000000e+03
1.980000000000000000e+04 4.694000000000000000e+03
1.990000000000000000e+04 4.875000000000000000e+03
