0.000000000000000000e+00 5.215000000000000000e+03
1.420000000000000000e+02 5.408000000000000000e+03
2.840000000000000000e+02 5.488000000000000000e+03
4.260000000000000000e+02 5.466000000000000000e+03
5.680000000000000000e+02 5.493000000000000000e+03
7.100000000000000000e+02 5.557000000000000000e+03
8.520000000000000000e+02 5.666000000000000000e+03
9.940000000000000000e+02 5.721000000000000000e+03
1.136000000000000000e+03 5.717000000000000000e+03
1.278000000000000000e+03 5.739000000000000000e+03
1.420000000000000000e+03 5.775000000000000000e+03
1.562000000000000000e+03 5.712000000000000000e+03
1.704000000000000000e+03 5.813000000000000000e+03
1.846000000000000000e+03 5.892000000000000000e+03
1.988000000000000000e+03 6.004000000000000000e+03
2.130000000000000000e+03 5.862000000000000000e+03
2.272000000000000000e+03 6.041000000000000000e+03
2.414000000000000000e+03 5.981000000000000000e+03
2.556000000000000000e+03 6.034000000000000000e+03
2.698000000000000000e+03 5.934000000000000000e+03
2.840000000000000000e+03 5.912000000000000000e+03
2.982000000000000000e+03 5.881000000000000000e+03
3.124000000000000000e+03 6.005000000000000000e+03
3.266000000000000000e+03 5.908000000000000000e+03
3.408000000000000000e+03 6.089000000000000000e+03
3.550000000000000000e+03 5.887000000000000000e+03
3.692000000000000000e+03 6.029000000000000000e+03
3.834000000000000000e+03 5.824000000000000000e+03
3.976000000000000000e+03 5.806000000000000000e+03
4.118000000000000000e+03 5.780000000000000000e+03
4.260000000000000000e+03 5.970000000000000000e+03
4.402000000000000000e+03 5.678000000000000000e+03
4.544000000000000000e+03 5.643000000000000000e+03
4.686000000000000000e+03 5.707000000000000000e+03
4.828000000000000000e+03 5.412000000000000000e+03
4.970000000000000000e+03 5.539000000000000000e+03
5.112000000000000000e+03 5.480000000000000000e+03
5.254000000000000000e+03 5.476000000000000000e+03
5.396000000000000000e+03 5.136000000000000000e+03
5.538000000000000000e+03 5.251000000000000000e+03
5.680000000000000000e+03 5.054000000000000000e+03
5.822000000000000000e+03 5.100000000000000000e+03
5.964000000000000000e+03 4.868000000000000000e+03
6.106000000000000000e+03 4.902000000000000000e+03
6.248000000000000000e+03 4.753000000000000000e+03
6.390000000000000000e+03 4.672000000000000000e+03
6.532000000000000000e+03 4.569000000000000000e+03
6.674000000000000000e+03 4.330000000000000000e+03
6.816000000000000000e+03 4.256000000000000000e+03
6.958000000000000000e+03 4.136000000000000000e+03
7.100000000000000000e+03 4.070000000000000000e+03
7.242000000000000000e+03 3.866000000000000000e+03
7.384000000000000000e+03 3.671000000000000000e+03
7.526000000000000000e+03 3.548000000000000000e+03
7.668000000000000000e+03 3.399000000000000000e+03
7.810000000000000000e+03 3.259000000000000000e+03
7.952000000000000000e+03 3.162000000000000000e+03
8.094000000000000000e+03 3.083000000000000000e+03
8.236000000000000000e+03 2.945000000000000000e+03
8.378000000000000000e+03 2.738000000000000000e+03
8.520000000000000000e+03 2.649000000000000000e+03
8.662000000000000000e+03 2.647000000000000000e+03
8.804000000000000000e+03 2.477000000000000000e+03
8.946000000000000000e+03 2.384000000000000000e+03
9.088000000000000000e+03 2.230000000000000000e+03
9.230000000000000000e+03 2.294000000000000000e+03
9.372000000000000000e+03 2.112000000000000000e+03
9.514000000000000000e+03 2.016000000000000000e+03
9.656000000000000000e+03 2.023000000000000000e+03
9.798000000000000000e+03 1.970000000000000000e+03
9.940000000000000000e+03 1.947000000000000000e+03
1.008200000000000000e+04 1.919000000000000000e+03
1.022400000000000000e+04 1.835000000000000000e+03
1.036600000000000000e+04 1.960000000000000000e+03
1.050800000000000000e+04 1.906000000000000000e+03
1.065000000000000000e+04 2.021000000000000000e+03
1.079200000000000000e+04 2.129000000000000000e+03
1.093400000000000000e+04 2.132000000000000000e+03
1.107600000000000000e+04 2.148000000000000000e+03
1.121800000000000000e+04 2.231000000000000000e+03
1.136000000000000000e+04 2.388000000000000000e+03
1.150200000000000000e+04 2.396000000000000000e+03
1.164400000000000000e+04 2.571000000000000000e+03
1.178600000000000000e+04 2.721000000000000000e+03
1.192800000000000000e+04 2.869000000000000000e+03
1.207000000000000000e+04 2.986000000000000000e+03
1.221200000000000000e+04 3.248000000000000000e+03
1.235400000000000000e+04 3.341000000000000000e+03
1.249600000000000000e+04 3.652000000000000000e+03
1.263800000000000000e+04 3.769000000000000000e+03
1.278000000000000000e+04 3.744000000000000000e+03
1.292200000000000000e+04 4.062000000000000000e+03
1.306400000000000000e+04 4.184000000000000000e+03
1.320600000000000000e+04 4.298000000000000000e+03
1.334800000000000000e+04 4.329000000000000000e+03
1.349000000000000000e+04 4.813000000000000000e+03
1.363200000000000000e+04 4.720000000000000000e+03
1.377400000000000000e+04 4.867000000000000000e+03
1.391600000000000000e+04 4.873000000000000000e+03
1.405800000000000000e+04 5.012000000000000000e+03
1.420000000000000000e+04 5.211000000000000000e+03
1.434200000000000000e+04 5.171000000000000000e+03
1.448400000000000000e+04 5.397000000000000000e+03
1.462600000000000000e+04 5.365000000000000000e+03
1.476800000000000000e+04 5.402000000000000000e+03
1.491000000000000000e+04 5.505000000000000000e+03
1.505200000000000000e+04 5.729000000000000000e+03
1.519400000000000000e+04 5.708000000000000000e+03
1.533600000000000000e+04 5.612000000000000000e+03
1.547800000000000000e+04 5.764000000000000000e+03
1.562000000000000000e+04 5.835000000000000000e+03
1.576200000000000000e+04 5.857000000000000000e+03
1.590400000000000000e+04 5.746000000000000000e+03
1.604600000000000000e+04 5.921000000000000000e+03
1.618800000000000000e+04 6.058000000000000000e+03
1.633000000000000000e+04 6.011000000000000000e+03
1.647200000000000000e+04 6.004000000000000000e+03
1.661400000000000000e+04 5.982000000000000000e+03
1.675600000000000000e+04 6.013000000000000000e+03
1.689800000000000000e+04 6.035000000000000000e+03
1.704000000000000000e+04 5.910000000000000000e+03
1.718200000000000000e+04 6.070000000000000000e+03
1.732400000000000000e+04 6.101000000000000000e+03
1.746600000000000000e+04 6.014000000000000000e+03
1.760800000000000000e+04 6.004000000000000000e+03
1.775000000000000000e+04 6.214000000000000000e+03
1.789200000000000000e+04 5.907000000000000000e+03
1.803400000000000000e+04 6.091000000000000000e+03
1.817600000000000000e+04 5.968000000000000000e+03
1.831800000000000000e+04 5.841000000000000000e+03
1.846000000000000000e+04 5.876000000000000000e+03
1.860200000000000000e+04 5.759000000000000000e+03
1.874400000000000000e+04 5.721000000000000000e+03
1.888600000000000000e+04 5.718000000000000000e+03
1.902800000000000000e+04 5.702000000000000000e+03
1.917000000000000000e+04 5.465000000000000000e+03
1.931200000000000000e+04 5.489000000000000000e+03
1.945400000000000000e+04 5.531000000000000000e+03
1.959600000000000000e+04 5.343000000000000000e+03
1.973800000000000000e+04 5.259000000000000000e+03
1.988000000000000000e+04 5.301000000000000000e+03
2.002200000000000000e+04 5.160000000000000000e+03
2.016400000000000000e+04 5.091000000000000000e+03
2.030600000000000000e+04 4.886000000000000000e+03
2.044800000000000000e+04 4.801000000000000000e+03
2.059000000000000000e+04 4.791000000000000000e+03
2.073200000000000000e+04 4.660000000000000000e+03
2.087400000000000000e+04 4.430000000000000000e+03
2.101600000000000000e+04 4.295000000000000000e+03
2.115800000000000000e+04 4.251000000000000000e+03
2.130000000000000000e+04 4.092000000000000000e+03
2.144200000000000000e+04 3.788000000000000000e+03
2.158400000000000000e+04 3.845000000000000000e+03
2.172600000000000000e+04 3.755000000000000000e+03
2.186800000000000000e+04 3.518000000000000000e+03
2.201000000000000000e+04 3.430000000000000000e+03
2.215200000000000000e+04 3.223000000000000000e+03
2.229400000000000000e+04 3.143000000000000000e+03
2.243600000000000000e+04 3.024000000000000000e+03
2.257800000000000000e+04 2.817000000000000000e+03
2.272000000000000000e+04 2.720000000000000000e+03
2.286200000000000000e+04 2.526000000000000000e+03
2.300400000000000000e+04 2.610000000000000000e+03
2.314600000000000000e+04 2.352000000000000000e+03
2.328800000000000000e+04 2.271000000000000000e+03
2.343000000000000000e+04 2.315000000000000000e+03
2.357200000000000000e+04 2.162000000000000000e+03
2.371400000000000000e+04 2.014000000000000000e+03
2.385600000000000000e+04 2.023000000000000000e+03
2.399800000000000000e+04 1.941000000000000000e+03
2.414000000000000000e+04 1.947000000000000000e+03
2.428200000000000000e+04 1.987000000000000000e+03
2.442400000000000000e+04 1.952000000000000000e+03
2.456600000000000000e+04 2.007000000000000000e+03
2.470800000000000000e+04 1.942000000000000000e+03
2.485000000000000000e+04 2.006000000000000000e+03
2.499200000000000000e+04 2.048000000000000000e+03
2.513400000000000000e+04 2.119000000000000000e+03
2.527600000000000000e+04 2.065000000000000000e+03
2.541800000000000000e+04 2.202000000000000000e+03
2.556000000000000000e+04 2.253000000000000000e+03
2.570200000000000000e+04 2.360000000000000000e+03
2.584400000000000000e+04 2.553000000000000000e+03
2.598600000000000000e+04 2.703000000000000000e+03
2.612800000000000000e+04 2.816000000000000000e+03
2.627000000000000000e+04 2.918000000000000000e+03
2.641200000000000000e+04 3.117000000000000000e+03
2.655400000000000000e+04 3.286000000000000000e+03
2.669600000000000000e+04 3.529000000000000000e+03
2.683800000000000000e+04 3.612000000000000000e+03
2.698000000000000000e+04 3.775000000000000000e+03
2.712200000000000000e+04 4.029000000000000000e+03
2.726400000000000000e+04 4.008000000000000000e+03
2.740600000000000000e+04 4.230000000000000000e+03
2.754800000000000000e+04 4.301000000000000000e+03
2.769000000000000000e+04 4.563000000000000000e+03
2.783200000000000000e+04 4.647000000000000000e+03
2.797400000000000000e+04 4.752000000000000000e+03
2.811600000000000000e+04 4.830000000000000000e+03
2.825800000000000000e+04 4.963000000000000000e+03
2.840000000000000000e+04 5.089000000000000000e+03
