0.000000000000000000e+00 4.738000000000000000e+03
3.300000000000000000e+01 4.663000000000000000e+03
6.600000000000000000e+01 4.834000000000000000e+03
9.900000000000000000e+01 5.053000000000000000e+03
1.320000000000000000e+02 4.983000000000000000e+03
1.650000000000000000e+02 5.241000000000000000e+03
1.980000000000000000e+02 5.202000000000000000e+03
2.310000000000000000e+02 5.261000000000000000e+03
2.640000000000000000e+02 5.392000000000000000e+03
2.970000000000000000e+02 5.492000000000000000e+03
3.300000000000000000e+02 5.517000000000000000e+03
3.630000000000000000e+02 5.445000000000000000e+03
3.960000000000000000e+02 5.498000000000000000e+03
4.290000000000000000e+02 5.485000000000000000e+03
4.620000000000000000e+02 5.680000000000000000e+03
4.950000000000000000e+02 5.644000000000000000e+03
5.280000000000000000e+02 5.791000000000000000e+03
5.610000000000000000e+02 5.852000000000000000e+03
5.940000000000000000e+02 5.723000000000000000e+03
6.270000000000000000e+02 5.649000000000000000e+03
6.600000000000000000e+02 5.665000000000000000e+03
6.930000000000000000e+02 5.612000000000000000e+03
7.260000000000000000e+02 5.673000000000000000e+03
7.590000000000000000e+02 5.487000000000000000e+03
7.920000000000000000e+02 5.786000000000000000e+03
8.250000000000000000e+02 5.663000000000000000e+03
8.580000000000000000e+02 5.625000000000000000e+03
8.910000000000000000e+02 5.533000000000000000e+03
9.240000000000000000e+02 5.734000000000000000e+03
9.570000000000000000e+02 5.654000000000000000e+03
9.900000000000000000e+02 5.477000000000000000e+03
1.023000000000000000e+03 5.618000000000000000e+03
1.056000000000000000e+03 5.657000000000000000e+03
1.089000000000000000e+03 5.568000000000000000e+03
1.122000000000000000e+03 5.605000000000000000e+03
1.155000000000000000e+03 5.544000000000000000e+03
1.188000000000000000e+03 5.463000000000000000e+03
1.221000000000000000e+03 5.419000000000000000e+03
1.254000000000000000e+03 5.329000000000000000e+03
1.287000000000000000e+03 5.423000000000000000e+03
1.320000000000000000e+03 5.151000000000000000e+03
1.353000000000000000e+03 5.056000000000000000e+03
1.386000000000000000e+03 4.942000000000000000e+03
1.419000000000000000e+03 5.024000000000000000e+03
1.452000000000000000e+03 4.956000000000000000e+03
1.485000000000000000e+03 4.845000000000000000e+03
1.518000000000000000e+03 4.683000000000000000e+03
1.551000000000000000e+03 4.603000000000000000e+03
1.584000000000000000e+03 4.590000000000000000e+03
1.617000000000000000e+03 4.474000000000000000e+03
1.650000000000000000e+03 4.381000000000000000e+03
1.683000000000000000e+03 4.214000000000000000e+03
1.716000000000000000e+03 4.072000000000000000e+03
1.749000000000000000e+03 3.870000000000000000e+03
1.782000000000000000e+03 3.929000000000000000e+03
1.815000000000000000e+03 3.712000000000000000e+03
1.848000000000000000e+03 3.818000000000000000e+03
1.881000000000000000e+03 3.539000000000000000e+03
1.914000000000000000e+03 3.478000000000000000e+03
1.947000000000000000e+03 3.300000000000000000e+03
1.980000000000000000e+03 3.350000000000000000e+03
2.013000000000000000e+03 3.233000000000000000e+03
2.046000000000000000e+03 2.995000000000000000e+03
2.079000000000000000e+03 2.931000000000000000e+03
2.112000000000000000e+03 2.792000000000000000e+03
2.145000000000000000e+03 2.698000000000000000e+03
2.178000000000000000e+03 2.640000000000000000e+03
2.211000000000000000e+03 2.565000000000000000e+03
2.244000000000000000e+03 2.509000000000000000e+03
2.277000000000000000e+03 2.463000000000000000e+03
2.310000000000000000e+03 2.457000000000000000e+03
2.343000000000000000e+03 2.340000000000000000e+03
2.376000000000000000e+03 2.395000000000000000e+03
2.409000000000000000e+03 2.259000000000000000e+03
2.442000000000000000e+03 2.268000000000000000e+03
2.475000000000000000e+03 2.245000000000000000e+03
2.508000000000000000e+03 2.266000000000000000e+03
2.541000000000000000e+03 2.293000000000000000e+03
2.574000000000000000e+03 2.311000000000000000e+03
2.607000000000000000e+03 2.354000000000000000e+03
2.640000000000000000e+03 2.401000000000000000e+03
2.673000000000000000e+03 2.380000000000000000e+03
2.706000000000000000e+03 2.573000000000000000e+03
2.739000000000000000e+03 2.477000000000000000e+03
2.772000000000000000e+03 2.619000000000000000e+03
2.805000000000000000e+03 2.744000000000000000e+03
2.838000000000000000e+03 2.790000000000000000e+03
2.871000000000000000e+03 2.868000000000000000e+03
2.904000000000000000e+03 3.115000000000000000e+03
2.937000000000000000e+03 3.142000000000000000e+03
2.970000000000000000e+03 3.251000000000000000e+03
3.003000000000000000e+03 3.431000000000000000e+03
3.036000000000000000e+03 3.527000000000000000e+03
3.069000000000000000e+03 3.774000000000000000e+03
3.102000000000000000e+03 3.755000000000000000e+03
3.135000000000000000e+03 4.011000000000000000e+03
3.168000000000000000e+03 4.101000000000000000e+03
3.201000000000000000e+03 4.188000000000000000e+03
3.234000000000000000e+03 4.384000000000000000e+03
3.267000000000000000e+03 4.524000000000000000e+03
3.300000000000000000e+03 4.599000000000000000e+03
3.333000000000000000e+03 4.717000000000000000e+03
3.366000000000000000e+03 4.852000000000000000e+03
3.399000000000000000e+03 4.942000000000000000e+03
3.432000000000000000e+03 5.067000000000000000e+03
3.465000000000000000e+03 5.110000000000000000e+03
3.498000000000000000e+03 5.280000000000000000e+03
3.531000000000000000e+03 5.320000000000000000e+03
3.564000000000000000e+03 5.392000000000000000e+03
3.597000000000000000e+03 5.268000000000000000e+03
3.630000000000000000e+03 5.436000000000000000e+03
3.663000000000000000e+03 5.509000000000000000e+03
3.696000000000000000e+03 5.589000000000000000e+03
3.729000000000000000e+03 5.684000000000000000e+03
3.762000000000000000e+03 5.499000000000000000e+03
3.795000000000000000e+03 5.475000000000000000e+03
3.828000000000000000e+03 5.622000000000000000e+03
3.861000000000000000e+03 5.659000000000000000e+03
3.894000000000000000e+03 5.796000000000000000e+03
3.927000000000000000e+03 5.532000000000000000e+03
3.960000000000000000e+03 5.681000000000000000e+03
3.993000000000000000e+03 5.747000000000000000e+03
4.026000000000000000e+03 5.767000000000000000e+03
4.059000000000000000e+03 5.673000000000000000e+03
4.092000000000000000e+03 5.668000000000000000e+03
4.125000000000000000e+03 5.730000000000000000e+03
4.158000000000000000e+03 5.680000000000000000e+03
4.191000000000000000e+03 5.675000000000000000e+03
4.224000000000000000e+03 5.626000000000000000e+03
4.257000000000000000e+03 5.737000000000000000e+03
4.290000000000000000e+03 5.712000000000000000e+03
4.323000000000000000e+03 5.695000000000000000e+03
4.356000000000000000e+03 5.710000000000000000e+03
4.389000000000000000e+03 5.669000000000000000e+03
4.422000000000000000e+03 5.476000000000000000e+03
4.455000000000000000e+03 5.533000000000000000e+03
4.488000000000000000e+03 5.594000000000000000e+03
4.521000000000000000e+03 5.513000000000000000e+03
4.554000000000000000e+03 5.404000000000000000e+03
4.587000000000000000e+03 5.374000000000000000e+03
4.620000000000000000e+03 5.309000000000000000e+03
4.653000000000000000e+03 5.177000000000000000e+03
4.686000000000000000e+03 5.177000000000000000e+03
4.719000000000000000e+03 5.073000000000000000e+03
4.752000000000000000e+03 5.096000000000000000e+03
4.785000000000000000e+03 4.836000000000000000e+03
4.818000000000000000e+03 4.799000000000000000e+03
4.851000000000000000e+03 4.713000000000000000e+03
4.884000000000000000e+03 4.621000000000000000e+03
4.917000000000000000e+03 4.570000000000000000e+03
4.950000000000000000e+03 4.343000000000000000e+03
4.983000000000000000e+03 4.350000000000000000e+03
5.016000000000000000e+03 4.199000000000000000e+03
5.049000000000000000e+03 4.174000000000000000e+03
5.082000000000000000e+03 3.991000000000000000e+03
5.115000000000000000e+03 3.976000000000000000e+03
5.148000000000000000e+03 3.771000000000000000e+03
5.181000000000000000e+03 3.704000000000000000e+03
5.214000000000000000e+03 3.605000000000000000e+03
5.247000000000000000e+03 3.473000000000000000e+03
5.280000000000000000e+03 3.421000000000000000e+03
5.313000000000000000e+03 3.138000000000000000e+03
5.346000000000000000e+03 3.130000000000000000e+03
5.379000000000000000e+03 3.126000000000000000e+03
5.412000000000000000e+03 2.987000000000000000e+03
5.445000000000000000e+03 2.845000000000000000e+03
5.478000000000000000e+03 2.709000000000000000e+03
5.511000000000000000e+03 2.702000000000000000e+03
5.544000000000000000e+03 2.485000000000000000e+03
5.577000000000000000e+03 2.534000000000000000e+03
5.610000000000000000e+03 2.453000000000000000e+03
5.643000000000000000e+03 2.417000000000000000e+03
5.676000000000000000e+03 2.329000000000000000e+03
5.709000000000000000e+03 2.320000000000000000e+03
5.742000000000000000e+03 2.337000000000000000e+03
5.775000000000000000e+03 2.211000000000000000e+03
5.808000000000000000e+03 2.209000000000000000e+03
5.841000000000000000e+03 2.305000000000000000e+03
5.874000000000000000e+03 2.211000000000000000e+03
5.907000000000000000e+03 2.265000000000000000e+03
5.940000000000000000e+03 2.205000000000000000e+03
5.973000000000000000e+03 2.354000000000000000e+03
6.006000000000000000e+03 2.396000000000000000e+03
6.039000000000000000e+03 2.413000000000000000e+03
6.072000000000000000e+03 2.451000000000000000e+03
6.105000000000000000e+03 2.537000000000000000e+03
6.138000000000000000e+03 2.715000000000000000e+03
6.171000000000000000e+03 2.810000000000000000e+03
6.204000000000000000e+03 2.891000000000000000e+03
6.237000000000000000e+03 2.993000000000000000e+03
6.270000000000000000e+03 3.066000000000000000e+03
6.303000000000000000e+03 3.304000000000000000e+03
6.336000000000000000e+03 3.614000000000000000e+03
6.369000000000000000e+03 3.614000000000000000e+03
6.402000000000000000e+03 3.786000000000000000e+03
6.435000000000000000e+03 3.842000000000000000e+03
6.468000000000000000e+03 3.976000000000000000e+03
6.501000000000000000e+03 4.255000000000000000e+03
6.534000000000000000e+03 4.338000000000000000e+03
6.567000000000000000e+03 4.405000000000000000e+03
6.600000000000000000e+03 4.548000000000000000e+03
6.633000000000000000e+03 4.764000000000000000e+03
