0.000000000000000000e+00 6.977000000000000000e+03
1.428000000000000000e+03 7.048000000000000000e+03
2.856000000000000000e+03 6.958000000000000000e+03
4.284000000000000000e+03 7.009000000000000000e+03
5.712000000000000000e+03 7.221000000000000000e+03
7.140000000000000000e+03 7.310000000000000000e+03
8.568000000000000000e+03 7.488000000000000000e+03
9.996000000000000000e+03 7.451000000000000000e+03
1.142400000000000000e+04 7.443000000000000000e+03
1.285200000000000000e+04 7.640000000000000000e+03
1.428000000000000000e+04 7.704000000000000000e+03
1.570800000000000000e+04 7.915000000000000000e+03
1.713600000000000000e+04 7.805000000000000000e+03
1.856400000000000000e+04 7.971000000000000000e+03
1.999200000000000000e+04 7.793000000000000000e+03
2.142000000000000000e+04 7.986000000000000000e+03
2.284800000000000000e+04 7.640000000000000000e+03
2.427600000000000000e+04 7.923000000000000000e+03
2.570400000000000000e+04 7.918000000000000000e+03
2.713200000000000000e+04 8.001000000000000000e+03
2.856000000000000000e+04 7.928000000000000000e+03
2.998800000000000000e+04 7.922000000000000000e+03
3.141600000000000000e+04 7.933000000000000000e+03
3.284400000000000000e+04 8.003000000000000000e+03
3.427200000000000000e+04 7.933000000000000000e+03
3.570000000000000000e+04 7.851000000000000000e+03
3.712800000000000000e+04 7.791000000000000000e+03
3.855600000000000000e+04 7.643000000000000000e+03
3.998400000000000000e+04 7.595000000000000000e+03
4.141200000000000000e+04 7.525000000000000000e+03
4.284000000000000000e+04 7.709000000000000000e+03
4.426800000000000000e+04 7.512000000000000000e+03
4.569600000000000000e+04 7.433000000000000000e+03
4.712400000000000000e+04 7.339000000000000000e+03
4.855200000000000000e+04 7.207000000000000000e+03
4.998000000000000000e+04 7.345000000000000000e+03
5.140800000000000000e+04 7.181000000000000000e+03
5.283600000000000000e+04 7.055000000000000000e+03
5.426400000000000000e+04 6.785000000000000000e+03
5.569200000000000000e+04 6.823000000000000000e+03
5.712000000000000000e+04 6.633000000000000000e+03
5.854800000000000000e+04 6.596000000000000000e+03
5.997600000000000000e+04 6.453000000000000000e+03
6.140400000000000000e+04 6.216000000000000000e+03
6.283200000000000000e+04 5.879000000000000000e+03
6.426000000000000000e+04 5.782000000000000000e+03
6.568800000000000000e+04 5.813000000000000000e+03
6.711600000000000000e+04 5.491000000000000000e+03
6.854400000000000000e+04 5.328000000000000000e+03
6.997200000000000000e+04 5.054000000000000000e+03
7.140000000000000000e+04 4.863000000000000000e+03
7.282800000000000000e+04 4.634000000000000000e+03
7.425600000000000000e+04 4.472000000000000000e+03
7.568400000000000000e+04 4.259000000000000000e+03
7.711200000000000000e+04 4.025000000000000000e+03
7.854000000000000000e+04 3.855000000000000000e+03
7.996800000000000000e+04 3.691000000000000000e+03
8.139600000000000000e+04 3.502000000000000000e+03
8.282400000000000000e+04 3.408000000000000000e+03
8.425200000000000000e+04 3.272000000000000000e+03
8.568000000000000000e+04 2.984000000000000000e+03
8.710800000000000000e+04 2.791000000000000000e+03
8.853600000000000000e+04 2.733000000000000000e+03
8.996400000000000000e+04 2.687000000000000000e+03
9.139200000000000000e+04 2.547000000000000000e+03
9.282000000000000000e+04 2.462000000000000000e+03
9.424800000000000000e+04 2.352000000000000000e+03
9.567600000000000000e+04 2.262000000000000000e+03
9.710400000000000000e+04 2.264000000000000000e+03
9.853200000000000000e+04 2.293000000000000000e+03
9.996000000000000000e+04 2.268000000000000000e+03
1.013880000000000000e+05 2.275000000000000000e+03
1.028160000000000000e+05 2.276000000000000000e+03
1.042440000000000000e+05 2.410000000000000000e+03
1.056720000000000000e+05 2.473000000000000000e+03
1.071000000000000000e+05 2.443000000000000000e+03
1.085280000000000000e+05 2.802000000000000000e+03
1.099560000000000000e+05 2.728000000000000000e+03
1.113840000000000000e+05 2.925000000000000000e+03
1.128120000000000000e+05 3.048000000000000000e+03
1.142400000000000000e+05 3.115000000000000000e+03
1.156680000000000000e+05 3.471000000000000000e+03
1.170960000000000000e+05 3.648000000000000000e+03
1.185240000000000000e+05 3.773000000000000000e+03
1.199520000000000000e+05 3.972000000000000000e+03
1.213800000000000000e+05 4.262000000000000000e+03
1.228080000000000000e+05 4.474000000000000000e+03
1.242360000000000000e+05 4.538000000000000000e+03
1.256640000000000000e+05 4.663000000000000000e+03
1.270920000000000000e+05 5.040000000000000000e+03
1.285200000000000000e+05 5.288000000000000000e+03
1.299480000000000000e+05 5.324000000000000000e+03
1.313760000000000000e+05 5.614000000000000000e+03
1.328040000000000000e+05 5.744000000000000000e+03
1.342320000000000000e+05 5.909000000000000000e+03
1.356600000000000000e+05 6.157000000000000000e+03
1.370880000000000000e+05 6.432000000000000000e+03
1.385160000000000000e+05 6.456000000000000000e+03
1.399440000000000000e+05 6.680000000000000000e+03
1.413720000000000000e+05 6.782000000000000000e+03
1.428000000000000000e+05 6.867000000000000000e+03
1.442280000000000000e+05 6.938000000000000000e+03
1.456560000000000000e+05 6.981000000000000000e+03
1.470840000000000000e+05 7.172000000000000000e+03
1.485120000000000000e+05 7.254000000000000000e+03
1.499400000000000000e+05 7.406000000000000000e+03
1.513680000000000000e+05 7.331000000000000000e+03
1.527960000000000000e+05 7.374000000000000000e+03
1.542240000000000000e+05 7.736000000000000000e+03
1.556520000000000000e+05 7.656000000000000000e+03
1.570800000000000000e+05 7.830000000000000000e+03
1.585080000000000000e+05 7.608000000000000000e+03
1.599360000000000000e+05 7.894000000000000000e+03
1.613640000000000000e+05 7.888000000000000000e+03
1.627920000000000000e+05 7.724000000000000000e+03
1.642200000000000000e+05 8.075000000000000000e+03
1.656480000000000000e+05 7.757000000000000000e+03
1.670760000000000000e+05 7.990000000000000000e+03
1.685040000000000000e+05 7.920000000000000000e+03
1.699320000000000000e+05 8.076000000000000000e+03
1.713600000000000000e+05 7.850000000000000000e+03
1.727880000000000000e+05 7.922000000000000000e+03
1.742160000000000000e+05 7.822000000000000000e+03
1.756440000000000000e+05 7.960000000000000000e+03
1.770720000000000000e+05 7.676000000000000000e+03
1.785000000000000000e+05 7.861000000000000000e+03
1.799280000000000000e+05 7.840000000000000000e+03
1.813560000000000000e+05 7.742000000000000000e+03
1.827840000000000000e+05 7.643000000000000000e+03
1.842120000000000000e+05 7.650000000000000000e+03
1.856400000000000000e+05 7.739000000000000000e+03
1.870680000000000000e+05 7.505000000000000000e+03
1.884960000000000000e+05 7.458000000000000000e+03
1.899240000000000000e+05 7.589000000000000000e+03
1.913520000000000000e+05 7.250000000000000000e+03
1.927800000000000000e+05 7.224000000000000000e+03
1.942080000000000000e+05 7.177000000000000000e+03
1.956360000000000000e+05 6.963000000000000000e+03
1.970640000000000000e+05 6.853000000000000000e+03
1.984920000000000000e+05 6.826000000000000000e+03
1.999200000000000000e+05 6.619000000000000000e+03
2.013480000000000000e+05 6.386000000000000000e+03
2.027760000000000000e+05 6.331000000000000000e+03
2.042040000000000000e+05 6.231000000000000000e+03
2.056320000000000000e+05 6.130000000000000000e+03
2.070600000000000000e+05 5.978000000000000000e+03
2.084880000000000000e+05 5.653000000000000000e+03
2.099160000000000000e+05 5.397000000000000000e+03
2.113440000000000000e+05 5.375000000000000000e+03
2.127720000000000000e+05 5.303000000000000000e+03
2.142000000000000000e+05 4.980000000000000000e+03
2.156280000000000000e+05 4.777000000000000000e+03
2.170560000000000000e+05 4.470000000000000000e+03
2.184840000000000000e+05 4.292000000000000000e+03
2.199120000000000000e+05 4.074000000000000000e+03
2.213400000000000000e+05 3.888000000000000000e+03
2.227680000000000000e+05 3.750000000000000000e+03
2.241960000000000000e+05 3.558000000000000000e+03
2.256240000000000000e+05 3.456000000000000000e+03
2.270520000000000000e+05 3.310000000000000000e+03
2.284800000000000000e+05 2.961000000000000000e+03
2.299080000000000000e+05 2.852000000000000000e+03
2.313360000000000000e+05 2.749000000000000000e+03
2.327640000000000000e+05 2.631000000000000000e+03
2.341920000000000000e+05 2.511000000000000000e+03
2.356200000000000000e+05 2.500000000000000000e+03
2.370480000000000000e+05 2.451000000000000000e+03
2.384760000000000000e+05 2.305000000000000000e+03
2.399040000000000000e+05 2.183000000000000000e+03
2.413320000000000000e+05 2.274000000000000000e+03
2.427600000000000000e+05 2.391000000000000000e+03
2.441880000000000000e+05 2.232000000000000000e+03
2.456160000000000000e+05 2.279000000000000000e+03
2.470440000000000000e+05 2.292000000000000000e+03
2.484720000000000000e+05 2.510000000000000000e+03
2.499000000000000000e+05 2.602000000000000000e+03
2.513280000000000000e+05 2.568000000000000000e+03
2.527560000000000000e+05 2.832000000000000000e+03
2.541840000000000000e+05 2.931000000000000000e+03
2.556120000000000000e+05 3.071000000000000000e+03
2.570400000000000000e+05 3.259000000000000000e+03
2.584680000000000000e+05 3.351000000000000000e+03
2.598960000000000000e+05 3.584000000000000000e+03
2.613240000000000000e+05 3.878000000000000000e+03
2.627520000000000000e+05 4.086000000000000000e+03
2.641800000000000000e+05 4.182000000000000000e+03
2.656080000000000000e+05 4.459000000000000000e+03
2.670360000000000000e+05 4.649000000000000000e+03
2.684640000000000000e+05 4.789000000000000000e+03
2.698920000000000000e+05 4.931000000000000000e+03
2.713200000000000000e+05 5.213000000000000000e+03
2.727480000000000000e+05 5.361000000000000000e+03
2.741760000000000000e+05 5.484000000000000000e+03
2.756040000000000000e+05 5.864000000000000000e+03
2.770320000000000000e+05 5.957000000000000000e+03
2.784600000000000000e+05 6.091000000000000000e+03
2.798880000000000000e+05 6.311000000000000000e+03
2.813160000000000000e+05 6.465000000000000000e+03
2.827440000000000000e+05 6.576000000000000000e+03
2.841720000000000000e+05 6.704000000000000000e+03
