0.000000000000000000e+00 5.925000000000000000e+03
5.000000000000000000e+01 5.991000000000000000e+03
1.000000000000000000e+02 6.252000000000000000e+03
1.500000000000000000e+02 6.390000000000000000e+03
2.000000000000000000e+02 6.284000000000000000e+03
2.500000000000000000e+02 6.503000000000000000e+03
3.000000000000000000e+02 6.755000000000000000e+03
3.500000000000000000e+02 6.826000000000000000e+03
4.000000000000000000e+02 6.935000000000000000e+03
4.500000000000000000e+02 6.975000000000000000e+03
5.000000000000000000e+02 7.092000000000000000e+03
5.500000000000000000e+02 7.055000000000000000e+03
6.000000000000000000e+02 6.953000000000000000e+03
6.500000000000000000e+02 7.113000000000000000e+03
7.000000000000000000e+02 7.329000000000000000e+03
7.500000000000000000e+02 7.225000000000000000e+03
8.000000000000000000e+02 7.200000000000000000e+03
8.500000000000000000e+02 7.209000000000000000e+03
9.000000000000000000e+02 7.401000000000000000e+03
9.500000000000000000e+02 7.366000000000000000e+03
1.000000000000000000e+03 7.351000000000000000e+03
1.050000000000000000e+03 7.416000000000000000e+03
1.100000000000000000e+03 7.439000000000000000e+03
1.150000000000000000e+03 7.393000000000000000e+03
1.200000000000000000e+03 7.325000000000000000e+03
1.250000000000000000e+03 7.236000000000000000e+03
1.300000000000000000e+03 7.313000000000000000e+03
1.350000000000000000e+03 7.278000000000000000e+03
1.400000000000000000e+03 7.152000000000000000e+03
1.450000000000000000e+03 7.106000000000000000e+03
1.500000000000000000e+03 7.145000000000000000e+03
1.550000000000000000e+03 6.960000000000000000e+03
1.600000000000000000e+03 7.184000000000000000e+03
1.650000000000000000e+03 7.108000000000000000e+03
1.700000000000000000e+03 6.877000000000000000e+03
1.750000000000000000e+03 6.856000000000000000e+03
1.800000000000000000e+03 6.832000000000000000e+03
1.850000000000000000e+03 6.750000000000000000e+03
1.900000000000000000e+03 6.552000000000000000e+03
1.950000000000000000e+03 6.470000000000000000e+03
2.000000000000000000e+03 6.420000000000000000e+03
2.050000000000000000e+03 6.104000000000000000e+03
2.100000000000000000e+03 6.143000000000000000e+03
2.150000000000000000e+03 5.920000000000000000e+03
2.200000000000000000e+03 5.858000000000000000e+03
2.250000000000000000e+03 5.765000000000000000e+03
2.300000000000000000e+03 5.798000000000000000e+03
2.350000000000000000e+03 5.549000000000000000e+03
2.400000000000000000e+03 5.355000000000000000e+03
2.450000000000000000e+03 5.244000000000000000e+03
2.500000000000000000e+03 4.948000000000000000e+03
2.550000000000000000e+03 4.967000000000000000e+03
2.600000000000000000e+03 4.677000000000000000e+03
2.650000000000000000e+03 4.560000000000000000e+03
2.700000000000000000e+03 4.354000000000000000e+03
2.750000000000000000e+03 4.248000000000000000e+03
2.800000000000000000e+03 4.030000000000000000e+03
2.850000000000000000e+03 4.002000000000000000e+03
2.900000000000000000e+03 3.766000000000000000e+03
2.950000000000000000e+03 3.627000000000000000e+03
3.000000000000000000e+03 3.570000000000000000e+03
3.050000000000000000e+03 3.287000000000000000e+03
3.100000000000000000e+03 3.213000000000000000e+03
3.150000000000000000e+03 3.064000000000000000e+03
3.200000000000000000e+03 2.930000000000000000e+03
3.250000000000000000e+03 2.870000000000000000e+03
3.300000000000000000e+03 2.818000000000000000e+03
3.350000000000000000e+03 2.744000000000000000e+03
3.400000000000000000e+03 2.664000000000000000e+03
3.450000000000000000e+03 2.529000000000000000e+03
3.500000000000000000e+03 2.633000000000000000e+03
3.550000000000000000e+03 2.524000000000000000e+03
3.600000000000000000e+03 2.446000000000000000e+03
3.650000000000000000e+03 2.386000000000000000e+03
3.700000000000000000e+03 2.450000000000000000e+03
3.750000000000000000e+03 2.455000000000000000e+03
3.800000000000000000e+03 2.558000000000000000e+03
3.850000000000000000e+03 2.438000000000000000e+03
3.900000000000000000e+03 2.494000000000000000e+03
3.950000000000000000e+03 2.496000000000000000e+03
4.000000000000000000e+03 2.600000000000000000e+03
4.050000000000000000e+03 2.801000000000000000e+03
4.100000000000000000e+03 2.828000000000000000e+03
4.150000000000000000e+03 3.069000000000000000e+03
4.200000000000000000e+03 3.114000000000000000e+03
4.250000000000000000e+03 3.158000000000000000e+03
4.300000000000000000e+03 3.395000000000000000e+03
4.350000000000000000e+03 3.502000000000000000e+03
4.400000000000000000e+03 3.753000000000000000e+03
4.450000000000000000e+03 3.871000000000000000e+03
4.500000000000000000e+03 4.202000000000000000e+03
4.550000000000000000e+03 4.330000000000000000e+03
4.600000000000000000e+03 4.623000000000000000e+03
4.650000000000000000e+03 4.667000000000000000e+03
4.700000000000000000e+03 4.858000000000000000e+03
4.750000000000000000e+03 5.040000000000000000e+03
4.800000000000000000e+03 5.318000000000000000e+03
4.850000000000000000e+03 5.482000000000000000e+03
4.900000000000000000e+03 5.600000000000000000e+03
4.950000000000000000e+03 5.820000000000000000e+03
5.000000000000000000e+03 5.885000000000000000e+03
5.050000000000000000e+03 6.051000000000000000e+03
5.100000000000000000e+03 6.192000000000000000e+03
5.150000000000000000e+03 6.302000000000000000e+03
5.200000000000000000e+03 6.512000000000000000e+03
5.250000000000000000e+03 6.568000000000000000e+03
5.300000000000000000e+03 6.671000000000000000e+03
5.350000000000000000e+03 6.653000000000000000e+03
5.400000000000000000e+03 6.951000000000000000e+03
5.450000000000000000e+03 6.935000000000000000e+03
5.500000000000000000e+03 6.960000000000000000e+03
5.550000000000000000e+03 7.000000000000000000e+03
5.600000000000000000e+03 7.060000000000000000e+03
5.650000000000000000e+03 7.187000000000000000e+03
5.700000000000000000e+03 7.145000000000000000e+03
5.750000000000000000e+03 7.303000000000000000e+03
5.800000000000000000e+03 7.105000000000000000e+03
5.850000000000000000e+03 7.306000000000000000e+03
5.900000000000000000e+03 7.353000000000000000e+03
5.950000000000000000e+03 7.330000000000000000e+03
6.000000000000000000e+03 7.314000000000000000e+03
6.050000000000000000e+03 7.130000000000000000e+03
6.100000000000000000e+03 7.326000000000000000e+03
6.150000000000000000e+03 7.398000000000000000e+03
6.200000000000000000e+03 7.323000000000000000e+03
6.250000000000000000e+03 7.483000000000000000e+03
6.300000000000000000e+03 7.171000000000000000e+03
6.350000000000000000e+03 7.201000000000000000e+03
6.400000000000000000e+03 7.276000000000000000e+03
6.450000000000000000e+03 7.271000000000000000e+03
6.500000000000000000e+03 7.229000000000000000e+03
6.550000000000000000e+03 7.166000000000000000e+03
6.600000000000000000e+03 7.134000000000000000e+03
6.650000000000000000e+03 7.126000000000000000e+03
6.700000000000000000e+03 7.058000000000000000e+03
6.750000000000000000e+03 6.778000000000000000e+03
6.800000000000000000e+03 6.830000000000000000e+03
6.850000000000000000e+03 6.810000000000000000e+03
6.900000000000000000e+03 6.482000000000000000e+03
6.950000000000000000e+03 6.494000000000000000e+03
7.000000000000000000e+03 6.429000000000000000e+03
7.050000000000000000e+03 6.129000000000000000e+03
7.100000000000000000e+03 6.098000000000000000e+03
7.150000000000000000e+03 6.021000000000000000e+03
7.200000000000000000e+03 5.830000000000000000e+03
7.250000000000000000e+03 5.759000000000000000e+03
7.300000000000000000e+03 5.618000000000000000e+03
7.350000000000000000e+03 5.535000000000000000e+03
7.400000000000000000e+03 5.448000000000000000e+03
7.450000000000000000e+03 5.175000000000000000e+03
7.500000000000000000e+03 5.012000000000000000e+03
7.550000000000000000e+03 5.015000000000000000e+03
7.600000000000000000e+03 4.713000000000000000e+03
7.650000000000000000e+03 4.712000000000000000e+03
7.700000000000000000e+03 4.519000000000000000e+03
7.750000000000000000e+03 4.116000000000000000e+03
7.800000000000000000e+03 4.042000000000000000e+03
7.850000000000000000e+03 3.900000000000000000e+03
7.900000000000000000e+03 3.854000000000000000e+03
7.950000000000000000e+03 3.522000000000000000e+03
8.000000000000000000e+03 3.484000000000000000e+03
8.050000000000000000e+03 3.330000000000000000e+03
8.100000000000000000e+03 3.263000000000000000e+03
8.150000000000000000e+03 3.123000000000000000e+03
8.200000000000000000e+03 3.010000000000000000e+03
8.250000000000000000e+03 2.929000000000000000e+03
8.300000000000000000e+03 2.820000000000000000e+03
8.350000000000000000e+03 2.774000000000000000e+03
8.400000000000000000e+03 2.599000000000000000e+03
8.450000000000000000e+03 2.612000000000000000e+03
8.500000000000000000e+03 2.493000000000000000e+03
8.550000000000000000e+03 2.506000000000000000e+03
8.600000000000000000e+03 2.413000000000000000e+03
8.650000000000000000e+03 2.406000000000000000e+03
8.700000000000000000e+03 2.443000000000000000e+03
8.750000000000000000e+03 2.339000000000000000e+03
8.800000000000000000e+03 2.364000000000000000e+03
8.850000000000000000e+03 2.480000000000000000e+03
8.900000000000000000e+03 2.542000000000000000e+03
8.950000000000000000e+03 2.539000000000000000e+03
9.000000000000000000e+03 2.570000000000000000e+03
9.050000000000000000e+03 2.752000000000000000e+03
9.100000000000000000e+03 2.781000000000000000e+03
9.150000000000000000e+03 2.873000000000000000e+03
9.200000000000000000e+03 2.998000000000000000e+03
9.250000000000000000e+03 3.260000000000000000e+03
9.300000000000000000e+03 3.343000000000000000e+03
9.350000000000000000e+03 3.558000000000000000e+03
9.400000000000000000e+03 3.787000000000000000e+03
9.450000000000000000e+03 4.003000000000000000e+03
9.500000000000000000e+03 4.155000000000000000e+03
9.550000000000000000e+03 4.276000000000000000e+03
9.600000000000000000e+03 4.461000000000000000e+03
9.650000000000000000e+03 4.619000000000000000e+03
9.700000000000000000e+03 4.784000000000000000e+03
9.750000000000000000e+03 4.988000000000000000e+03
9.800000000000000000e+03 5.213000000000000000e+03
9.850000000000000000e+03 5.424000000000000000e+03
9.900000000000000000e+03 5.551000000000000000e+03
9.950000000000000000e+03 5.820000000000000000e+03
