0.000000000000000000e+00 9.196000000000000000e+03
5.000000000000000000e+02 9.272000000000000000e+03
1.000000000000000000e+03 9.499000000000000000e+03
1.500000000000000000e+03 9.697000000000000000e+03
2.000000000000000000e+03 9.589000000000000000e+03
2.500000000000000000e+03 9.998000000000000000e+03
3.000000000000000000e+03 1.018200000000000000e+04
3.500000000000000000e+03 1.009300000000000000e+04
4.000000000000000000e+03 1.015300000000000000e+04
4.500000000000000000e+03 1.026000000000000000e+04
5.000000000000000000e+03 1.033200000000000000e+04
5.500000000000000000e+03 1.045200000000000000e+04
6.000000000000000000e+03 1.051700000000000000e+04
6.500000000000000000e+03 1.045100000000000000e+04
7.000000000000000000e+03 1.049000000000000000e+04
7.500000000000000000e+03 1.067100000000000000e+04
8.000000000000000000e+03 1.047300000000000000e+04
8.500000000000000000e+03 1.052300000000000000e+04
9.000000000000000000e+03 1.060000000000000000e+04
9.500000000000000000e+03 1.060200000000000000e+04
1.000000000000000000e+04 1.059400000000000000e+04
1.050000000000000000e+04 1.068800000000000000e+04
1.100000000000000000e+04 1.047000000000000000e+04
1.150000000000000000e+04 1.046000000000000000e+04
1.200000000000000000e+04 1.058700000000000000e+04
1.250000000000000000e+04 1.066900000000000000e+04
1.300000000000000000e+04 1.049700000000000000e+04
1.350000000000000000e+04 1.050000000000000000e+04
1.400000000000000000e+04 1.024900000000000000e+04
1.450000000000000000e+04 1.019200000000000000e+04
1.500000000000000000e+04 1.011500000000000000e+04
1.550000000000000000e+04 1.012200000000000000e+04
1.600000000000000000e+04 1.005600000000000000e+04
1.650000000000000000e+04 1.004500000000000000e+04
1.700000000000000000e+04 9.954000000000000000e+03
1.750000000000000000e+04 1.007900000000000000e+04
1.800000000000000000e+04 9.672000000000000000e+03
1.850000000000000000e+04 9.332000000000000000e+03
1.900000000000000000e+04 9.309000000000000000e+03
1.950000000000000000e+04 9.334000000000000000e+03
2.000000000000000000e+04 9.028000000000000000e+03
2.050000000000000000e+04 8.869000000000000000e+03
2.100000000000000000e+04 8.487000000000000000e+03
2.150000000000000000e+04 8.416000000000000000e+03
2.200000000000000000e+04 8.269000000000000000e+03
2.250000000000000000e+04 7.965000000000000000e+03
2.300000000000000000e+04 7.718000000000000000e+03
2.350000000000000000e+04 7.387000000000000000e+03
2.400000000000000000e+04 7.464000000000000000e+03
2.450000000000000000e+04 7.151000000000000000e+03
2.500000000000000000e+04 6.845000000000000000e+03
2.550000000000000000e+04 6.559000000000000000e+03
2.600000000000000000e+04 6.261000000000000000e+03
2.650000000000000000e+04 5.943000000000000000e+03
2.700000000000000000e+04 5.804000000000000000e+03
2.750000000000000000e+04 5.513000000000000000e+03
2.800000000000000000e+04 5.209000000000000000e+03
2.850000000000000000e+04 5.005000000000000000e+03
2.900000000000000000e+04 4.725000000000000000e+03
2.950000000000000000e+04 4.687000000000000000e+03
3.000000000000000000e+04 4.370000000000000000e+03
3.050000000000000000e+04 4.311000000000000000e+03
3.100000000000000000e+04 3.990000000000000000e+03
3.150000000000000000e+04 3.846000000000000000e+03
3.200000000000000000e+04 3.775000000000000000e+03
3.250000000000000000e+04 3.552000000000000000e+03
3.300000000000000000e+04 3.451000000000000000e+03
3.350000000000000000e+04 3.367000000000000000e+03
3.400000000000000000e+04 3.423000000000000000e+03
3.450000000000000000e+04 3.414000000000000000e+03
3.500000000000000000e+04 3.342000000000000000e+03
3.550000000000000000e+04 3.337000000000000000e+03
3.600000000000000000e+04 3.397000000000000000e+03
3.650000000000000000e+04 3.554000000000000000e+03
3.700000000000000000e+04 3.508000000000000000e+03
3.750000000000000000e+04 3.545000000000000000e+03
3.800000000000000000e+04 3.804000000000000000e+03
3.850000000000000000e+04 3.846000000000000000e+03
3.900000000000000000e+04 4.192000000000000000e+03
3.950000000000000000e+04 4.423000000000000000e+03
4.000000000000000000e+04 4.476000000000000000e+03
4.050000000000000000e+04 4.728000000000000000e+03
4.100000000000000000e+04 5.075000000000000000e+03
4.150000000000000000e+04 5.283000000000000000e+03
4.200000000000000000e+04 5.642000000000000000e+03
4.250000000000000000e+04 5.829000000000000000e+03
4.300000000000000000e+04 6.055000000000000000e+03
4.350000000000000000e+04 6.319000000000000000e+03
4.400000000000000000e+04 6.518000000000000000e+03
4.450000000000000000e+04 7.025000000000000000e+03
4.500000000000000000e+04 7.022000000000000000e+03
4.550000000000000000e+04 7.453000000000000000e+03
4.600000000000000000e+04 7.609000000000000000e+03
4.650000000000000000e+04 7.848000000000000000e+03
4.700000000000000000e+04 8.118000000000000000e+03
4.750000000000000000e+04 8.419000000000000000e+03
4.800000000000000000e+04 8.482000000000000000e+03
4.850000000000000000e+04 8.866000000000000000e+03
4.900000000000000000e+04 8.922000000000000000e+03
4.950000000000000000e+04 9.116000000000000000e+03
5.000000000000000000e+04 9.218000000000000000e+03
5.050000000000000000e+04 9.413000000000000000e+03
5.100000000000000000e+04 9.534000000000000000e+03
5.150000000000000000e+04 9.590000000000000000e+03
5.200000000000000000e+04 1.000800000000000000e+04
5.250000000000000000e+04 9.967000000000000000e+03
5.300000000000000000e+04 9.963000000000000000e+03
5.350000000000000000e+04 1.018500000000000000e+04
5.400000000000000000e+04 1.023600000000000000e+04
5.450000000000000000e+04 1.026100000000000000e+04
5.500000000000000000e+04 1.029900000000000000e+04
5.550000000000000000e+04 1.052400000000000000e+04
5.600000000000000000e+04 1.048300000000000000e+04
5.650000000000000000e+04 1.043200000000000000e+04
5.700000000000000000e+04 1.064400000000000000e+04
5.750000000000000000e+04 1.064600000000000000e+04
5.800000000000000000e+04 1.065300000000000000e+04
5.850000000000000000e+04 1.060900000000000000e+04
5.900000000000000000e+04 1.047300000000000000e+04
5.950000000000000000e+04 1.073700000000000000e+04
6.000000000000000000e+04 1.062900000000000000e+04
6.050000000000000000e+04 1.061800000000000000e+04
6.100000000000000000e+04 1.039100000000000000e+04
6.150000000000000000e+04 1.047900000000000000e+04
6.200000000000000000e+04 1.057600000000000000e+04
6.250000000000000000e+04 1.051700000000000000e+04
6.300000000000000000e+04 1.061300000000000000e+04
6.350000000000000000e+04 1.059500000000000000e+04
6.400000000000000000e+04 1.032400000000000000e+04
6.450000000000000000e+04 1.014800000000000000e+04
6.500000000000000000e+04 1.021800000000000000e+04
6.550000000000000000e+04 1.006800000000000000e+04
6.600000000000000000e+04 1.010700000000000000e+04
6.650000000000000000e+04 9.961000000000000000e+03
6.700000000000000000e+04 9.762000000000000000e+03
6.750000000000000000e+04 9.889000000000000000e+03
6.800000000000000000e+04 9.566000000000000000e+03
6.850000000000000000e+04 9.426000000000000000e+03
6.900000000000000000e+04 9.596000000000000000e+03
6.950000000000000000e+04 9.060000000000000000e+03
7.000000000000000000e+04 8.897000000000000000e+03
7.050000000000000000e+04 8.729000000000000000e+03
7.100000000000000000e+04 8.588000000000000000e+03
7.150000000000000000e+04 8.355000000000000000e+03
7.200000000000000000e+04 8.129000000000000000e+03
7.250000000000000000e+04 7.980000000000000000e+03
7.300000000000000000e+04 7.698000000000000000e+03
7.350000000000000000e+04 7.551000000000000000e+03
7.400000000000000000e+04 7.250000000000000000e+03
7.450000000000000000e+04 7.100000000000000000e+03
7.500000000000000000e+04 6.768000000000000000e+03
7.550000000000000000e+04 6.363000000000000000e+03
7.600000000000000000e+04 6.300000000000000000e+03
7.650000000000000000e+04 6.146000000000000000e+03
7.700000000000000000e+04 5.810000000000000000e+03
7.750000000000000000e+04 5.512000000000000000e+03
7.800000000000000000e+04 5.178000000000000000e+03
7.850000000000000000e+04 4.995000000000000000e+03
7.900000000000000000e+04 4.687000000000000000e+03
7.950000000000000000e+04 4.719000000000000000e+03
8.000000000000000000e+04 4.244000000000000000e+03
8.050000000000000000e+04 4.131000000000000000e+03
8.100000000000000000e+04 3.938000000000000000e+03
8.150000000000000000e+04 3.831000000000000000e+03
8.200000000000000000e+04 3.699000000000000000e+03
8.250000000000000000e+04 3.634000000000000000e+03
8.300000000000000000e+04 3.431000000000000000e+03
8.350000000000000000e+04 3.482000000000000000e+03
8.400000000000000000e+04 3.330000000000000000e+03
8.450000000000000000e+04 3.284000000000000000e+03
8.500000000000000000e+04 3.284000000000000000e+03
8.550000000000000000e+04 3.348000000000000000e+03
8.600000000000000000e+04 3.364000000000000000e+03
8.650000000000000000e+04 3.390000000000000000e+03
8.700000000000000000e+04 3.535000000000000000e+03
8.750000000000000000e+04 3.575000000000000000e+03
8.800000000000000000e+04 3.777000000000000000e+03
8.850000000000000000e+04 3.997000000000000000e+03
8.900000000000000000e+04 4.110000000000000000e+03
8.950000000000000000e+04 4.238000000000000000e+03
9.000000000000000000e+04 4.492000000000000000e+03
9.050000000000000000e+04 4.845000000000000000e+03
9.100000000000000000e+04 5.035000000000000000e+03
9.150000000000000000e+04 5.263000000000000000e+03
9.200000000000000000e+04 5.408000000000000000e+03
9.250000000000000000e+04 5.750000000000000000e+03
9.300000000000000000e+04 6.100000000000000000e+03
9.350000000000000000e+04 6.476000000000000000e+03
9.400000000000000000e+04 6.451000000000000000e+03
9.450000000000000000e+04 6.926000000000000000e+03
9.500000000000000000e+04 7.142000000000000000e+03
9.550000000000000000e+04 7.275000000000000000e+03
9.600000000000000000e+04 7.611000000000000000e+03
9.650000000000000000e+04 7.793000000000000000e+03
9.700000000000000000e+04 8.106000000000000000e+03
9.750000000000000000e+04 8.213000000000000000e+03
9.800000000000000000e+04 8.347000000000000000e+03
9.850000000000000000e+04 8.787000000000000000e+03
9.900000000000000000e+04 8.814000000000000000e+03
9.950000000000000000e+04 9.148000000000000000e+03
