0.000000000000000000e+00 9.011000000000000000e+03
1.400000000000000000e+01 9.440000000000000000e+03
2.800000000000000000e+01 9.364000000000000000e+03
4.200000000000000000e+01 9.738000000000000000e+03
5.600000000000000000e+01 9.923000000000000000e+03
7.000000000000000000e+01 1.021200000000000000e+04
8.400000000000000000e+01 1.048200000000000000e+04
9.800000000000000000e+01 1.066900000000000000e+04
1.120000000000000000e+02 1.061100000000000000e+04
1.260000000000000000e+02 1.086600000000000000e+04
1.400000000000000000e+02 1.123500000000000000e+04
1.540000000000000000e+02 1.097600000000000000e+04
1.680000000000000000e+02 1.123700000000000000e+04
1.820000000000000000e+02 1.125800000000000000e+04
1.960000000000000000e+02 1.137500000000000000e+04
2.100000000000000000e+02 1.156200000000000000e+04
2.240000000000000000e+02 1.157400000000000000e+04
2.380000000000000000e+02 1.163300000000000000e+04
2.520000000000000000e+02 1.175300000000000000e+04
2.660000000000000000e+02 1.182400000000000000e+04
2.800000000000000000e+02 1.178500000000000000e+04
2.940000000000000000e+02 1.229400000000000000e+04
3.080000000000000000e+02 1.189900000000000000e+04
3.220000000000000000e+02 1.209600000000000000e+04
3.360000000000000000e+02 1.185700000000000000e+04
3.500000000000000000e+02 1.183400000000000000e+04
3.640000000000000000e+02 1.200800000000000000e+04
3.780000000000000000e+02 1.199500000000000000e+04
3.920000000000000000e+02 1.199300000000000000e+04
4.060000000000000000e+02 1.194300000000000000e+04
4.200000000000000000e+02 1.178800000000000000e+04
4.340000000000000000e+02 1.154400000000000000e+04
4.480000000000000000e+02 1.158400000000000000e+04
4.620000000000000000e+02 1.183300000000000000e+04
4.760000000000000000e+02 1.170000000000000000e+04
4.900000000000000000e+02 1.161700000000000000e+04
5.040000000000000000e+02 1.138500000000000000e+04
5.180000000000000000e+02 1.167500000000000000e+04
5.320000000000000000e+02 1.134600000000000000e+04
5.460000000000000000e+02 1.106000000000000000e+04
5.600000000000000000e+02 1.109600000000000000e+04
5.740000000000000000e+02 1.100400000000000000e+04
5.880000000000000000e+02 1.079300000000000000e+04
6.020000000000000000e+02 1.055600000000000000e+04
6.160000000000000000e+02 1.056000000000000000e+04
6.300000000000000000e+02 1.051100000000000000e+04
6.440000000000000000e+02 1.039600000000000000e+04
6.580000000000000000e+02 1.005200000000000000e+04
6.720000000000000000e+02 9.946000000000000000e+03
6.860000000000000000e+02 9.828000000000000000e+03
7.000000000000000000e+02 9.559000000000000000e+03
7.140000000000000000e+02 9.206000000000000000e+03
7.280000000000000000e+02 9.168000000000000000e+03
7.420000000000000000e+02 9.053000000000000000e+03
7.560000000000000000e+02 8.709000000000000000e+03
7.700000000000000000e+02 8.466000000000000000e+03
7.840000000000000000e+02 8.324000000000000000e+03
7.980000000000000000e+02 8.183000000000000000e+03
8.120000000000000000e+02 7.958000000000000000e+03
8.260000000000000000e+02 7.905000000000000000e+03
8.400000000000000000e+02 7.389000000000000000e+03
8.540000000000000000e+02 7.403000000000000000e+03
8.680000000000000000e+02 6.987000000000000000e+03
8.820000000000000000e+02 7.189000000000000000e+03
8.960000000000000000e+02 6.779000000000000000e+03
9.100000000000000000e+02 6.672000000000000000e+03
9.240000000000000000e+02 6.578000000000000000e+03
9.380000000000000000e+02 6.453000000000000000e+03
9.520000000000000000e+02 6.256000000000000000e+03
9.660000000000000000e+02 5.955000000000000000e+03
9.800000000000000000e+02 5.968000000000000000e+03
9.940000000000000000e+02 5.819000000000000000e+03
1.008000000000000000e+03 5.749000000000000000e+03
1.022000000000000000e+03 5.762000000000000000e+03
1.036000000000000000e+03 5.736000000000000000e+03
1.050000000000000000e+03 5.562000000000000000e+03
1.064000000000000000e+03 5.424000000000000000e+03
1.078000000000000000e+03 5.413000000000000000e+03
1.092000000000000000e+03 5.549000000000000000e+03
1.106000000000000000e+03 5.421000000000000000e+03
1.120000000000000000e+03 5.236000000000000000e+03
1.134000000000000000e+03 5.374000000000000000e+03
1.148000000000000000e+03 5.290000000000000000e+03
1.162000000000000000e+03 5.553000000000000000e+03
1.176000000000000000e+03 5.562000000000000000e+03
1.190000000000000000e+03 5.649000000000000000e+03
1.204000000000000000e+03 5.687000000000000000e+03
1.218000000000000000e+03 5.767000000000000000e+03
1.232000000000000000e+03 6.109000000000000000e+03
1.246000000000000000e+03 6.063000000000000000e+03
1.260000000000000000e+03 6.453000000000000000e+03
1.274000000000000000e+03 6.651000000000000000e+03
1.288000000000000000e+03 6.553000000000000000e+03
1.302000000000000000e+03 6.957000000000000000e+03
1.316000000000000000e+03 7.257000000000000000e+03
1.330000000000000000e+03 7.589000000000000000e+03
1.344000000000000000e+03 7.674000000000000000e+03
1.358000000000000000e+03 8.000000000000000000e+03
1.372000000000000000e+03 8.151000000000000000e+03
1.386000000000000000e+03 8.436000000000000000e+03
1.400000000000000000e+03 8.521000000000000000e+03
1.414000000000000000e+03 8.993000000000000000e+03
1.428000000000000000e+03 9.302000000000000000e+03
1.442000000000000000e+03 9.347000000000000000e+03
1.456000000000000000e+03 9.666000000000000000e+03
1.470000000000000000e+03 9.850000000000000000e+03
1.484000000000000000e+03 9.885000000000000000e+03
1.498000000000000000e+03 1.016100000000000000e+04
1.512000000000000000e+03 1.051400000000000000e+04
1.526000000000000000e+03 1.078300000000000000e+04
1.540000000000000000e+03 1.096200000000000000e+04
1.554000000000000000e+03 1.112700000000000000e+04
1.568000000000000000e+03 1.095500000000000000e+04
1.582000000000000000e+03 1.139100000000000000e+04
1.596000000000000000e+03 1.136700000000000000e+04
1.610000000000000000e+03 1.160500000000000000e+04
1.624000000000000000e+03 1.159700000000000000e+04
1.638000000000000000e+03 1.160200000000000000e+04
1.652000000000000000e+03 1.181200000000000000e+04
1.666000000000000000e+03 1.194900000000000000e+04
1.680000000000000000e+03 1.189500000000000000e+04
1.694000000000000000e+03 1.190100000000000000e+04
1.708000000000000000e+03 1.202400000000000000e+04
1.722000000000000000e+03 1.217400000000000000e+04
1.736000000000000000e+03 1.226500000000000000e+04
1.750000000000000000e+03 1.207900000000000000e+04
1.764000000000000000e+03 1.217100000000000000e+04
1.778000000000000000e+03 1.202100000000000000e+04
1.792000000000000000e+03 1.201800000000000000e+04
1.806000000000000000e+03 1.207500000000000000e+04
1.820000000000000000e+03 1.216600000000000000e+04
1.834000000000000000e+03 1.187300000000000000e+04
1.848000000000000000e+03 1.212500000000000000e+04
1.862000000000000000e+03 1.180900000000000000e+04
1.876000000000000000e+03 1.186700000000000000e+04
1.890000000000000000e+03 1.174900000000000000e+04
1.904000000000000000e+03 1.167900000000000000e+04
1.918000000000000000e+03 1.152600000000000000e+04
1.932000000000000000e+03 1.122900000000000000e+04
1.946000000000000000e+03 1.147400000000000000e+04
1.960000000000000000e+03 1.130800000000000000e+04
1.974000000000000000e+03 1.117600000000000000e+04
1.988000000000000000e+03 1.095500000000000000e+04
2.002000000000000000e+03 1.092300000000000000e+04
2.016000000000000000e+03 1.071600000000000000e+04
2.030000000000000000e+03 1.068500000000000000e+04
2.044000000000000000e+03 1.054200000000000000e+04
2.058000000000000000e+03 1.028500000000000000e+04
2.072000000000000000e+03 1.027000000000000000e+04
2.086000000000000000e+03 9.932000000000000000e+03
2.100000000000000000e+03 9.828000000000000000e+03
2.114000000000000000e+03 9.726000000000000000e+03
2.128000000000000000e+03 9.542000000000000000e+03
2.142000000000000000e+03 9.196000000000000000e+03
2.156000000000000000e+03 8.980000000000000000e+03
2.170000000000000000e+03 8.784000000000000000e+03
2.184000000000000000e+03 8.758000000000000000e+03
2.198000000000000000e+03 8.463000000000000000e+03
2.212000000000000000e+03 8.159000000000000000e+03
2.226000000000000000e+03 8.124000000000000000e+03
2.240000000000000000e+03 7.819000000000000000e+03
2.254000000000000000e+03 7.843000000000000000e+03
2.268000000000000000e+03 7.365000000000000000e+03
2.282000000000000000e+03 7.312000000000000000e+03
2.296000000000000000e+03 7.066000000000000000e+03
2.310000000000000000e+03 6.899000000000000000e+03
2.324000000000000000e+03 6.766000000000000000e+03
2.338000000000000000e+03 6.758000000000000000e+03
2.352000000000000000e+03 6.371000000000000000e+03
2.366000000000000000e+03 6.452000000000000000e+03
2.380000000000000000e+03 6.177000000000000000e+03
2.394000000000000000e+03 6.020000000000000000e+03
2.408000000000000000e+03 5.804000000000000000e+03
2.422000000000000000e+03 5.655000000000000000e+03
2.436000000000000000e+03 5.532000000000000000e+03
2.450000000000000000e+03 5.642000000000000000e+03
2.464000000000000000e+03 5.510000000000000000e+03
2.478000000000000000e+03 5.372000000000000000e+03
2.492000000000000000e+03 5.280000000000000000e+03
2.506000000000000000e+03 5.489000000000000000e+03
2.520000000000000000e+03 5.303000000000000000e+03
2.534000000000000000e+03 5.351000000000000000e+03
2.548000000000000000e+03 5.281000000000000000e+03
2.562000000000000000e+03 5.300000000000000000e+03
2.576000000000000000e+03 5.346000000000000000e+03
2.590000000000000000e+03 5.465000000000000000e+03
2.604000000000000000e+03 5.349000000000000000e+03
2.618000000000000000e+03 5.504000000000000000e+03
2.632000000000000000e+03 5.640000000000000000e+03
2.646000000000000000e+03 5.933000000000000000e+03
2.660000000000000000e+03 5.963000000000000000e+03
2.674000000000000000e+03 6.113000000000000000e+03
2.688000000000000000e+03 6.366000000000000000e+03
2.702000000000000000e+03 6.260000000000000000e+03
2.716000000000000000e+03 6.677000000000000000e+03
2.730000000000000000e+03 6.692000000000000000e+03
2.744000000000000000e+03 7.185000000000000000e+03
2.758000000000000000e+03 7.394000000000000000e+03
2.772000000000000000e+03 7.514000000000000000e+03
2.786000000000000000e+03 7.671000000000000000e+03
2.800000000000000000e+03 7.869000000000000000e+03
2.814000000000000000e+03 8.168000000000000000e+03
2.828000000000000000e+03 8.594000000000000000e+03
2.842000000000000000e+03 8.862000000000000000e+03
