0.000000000000000000e+00 7.598000000000000000e+03
5.000000000000000000e+02 7.812000000000000000e+03
1.000000000000000000e+03 7.767000000000000000e+03
1.500000000000000000e+03 7.856000000000000000e+03
2.000000000000000000e+03 8.199000000000000000e+03
2.500000000000000000e+03 7.987000000000000000e+03
3.000000000000000000e+03 8.125000000000000000e+03
3.500000000000000000e+03 8.214000000000000000e+03
4.000000000000000000e+03 8.476000000000000000e+03
4.500000000000000000e+03 8.405000000000000000e+03
5.000000000000000000e+03 8.573000000000000000e+03
5.500000000000000000e+03 8.559000000000000000e+03
6.000000000000000000e+03 8.645000000000000000e+03
6.500000000000000000e+03 8.655000000000000000e+03
7.000000000000000000e+03 8.721000000000000000e+03
7.500000000000000000e+03 8.704000000000000000e+03
8.000000000000000000e+03 8.573000000000000000e+03
8.500000000000000000e+03 8.553000000000000000e+03
9.000000000000000000e+03 8.675000000000000000e+03
9.500000000000000000e+03 8.757000000000000000e+03
1.000000000000000000e+04 8.778000000000000000e+03
1.050000000000000000e+04 8.703000000000000000e+03
1.100000000000000000e+04 8.595000000000000000e+03
1.150000000000000000e+04 8.749000000000000000e+03
1.200000000000000000e+04 8.692000000000000000e+03
1.250000000000000000e+04 8.546000000000000000e+03
1.300000000000000000e+04 8.545000000000000000e+03
1.350000000000000000e+04 8.600000000000000000e+03
1.400000000000000000e+04 8.407000000000000000e+03
1.450000000000000000e+04 8.320000000000000000e+03
1.500000000000000000e+04 8.431000000000000000e+03
1.550000000000000000e+04 8.298000000000000000e+03
1.600000000000000000e+04 8.328000000000000000e+03
1.650000000000000000e+04 8.158000000000000000e+03
1.700000000000000000e+04 8.140000000000000000e+03
1.750000000000000000e+04 8.092000000000000000e+03
1.800000000000000000e+04 7.901000000000000000e+03
1.850000000000000000e+04 7.673000000000000000e+03
1.900000000000000000e+04 7.421000000000000000e+03
1.950000000000000000e+04 7.518000000000000000e+03
2.000000000000000000e+04 7.244000000000000000e+03
2.050000000000000000e+04 7.325000000000000000e+03
2.100000000000000000e+04 6.995000000000000000e+03
2.150000000000000000e+04 6.848000000000000000e+03
2.200000000000000000e+04 6.800000000000000000e+03
2.250000000000000000e+04 6.442000000000000000e+03
2.300000000000000000e+04 6.354000000000000000e+03
2.350000000000000000e+04 6.073000000000000000e+03
2.400000000000000000e+04 5.889000000000000000e+03
2.450000000000000000e+04 5.735000000000000000e+03
2.500000000000000000e+04 5.495000000000000000e+03
2.550000000000000000e+04 5.339000000000000000e+03
2.600000000000000000e+04 5.024000000000000000e+03
2.650000000000000000e+04 4.942000000000000000e+03
2.700000000000000000e+04 4.754000000000000000e+03
2.750000000000000000e+04 4.488000000000000000e+03
2.800000000000000000e+04 4.255000000000000000e+03
2.850000000000000000e+04 4.048000000000000000e+03
2.900000000000000000e+04 3.921000000000000000e+03
2.950000000000000000e+04 3.766000000000000000e+03
3.000000000000000000e+04 3.630000000000000000e+03
3.050000000000000000e+04 3.377000000000000000e+03
3.100000000000000000e+04 3.175000000000000000e+03
3.150000000000000000e+04 3.117000000000000000e+03
3.200000000000000000e+04 2.997000000000000000e+03
3.250000000000000000e+04 2.905000000000000000e+03
3.300000000000000000e+04 2.845000000000000000e+03
3.350000000000000000e+04 2.731000000000000000e+03
3.400000000000000000e+04 2.810000000000000000e+03
3.450000000000000000e+04 2.746000000000000000e+03
3.500000000000000000e+04 2.735000000000000000e+03
3.550000000000000000e+04 2.722000000000000000e+03
3.600000000000000000e+04 2.908000000000000000e+03
3.650000000000000000e+04 2.802000000000000000e+03
3.700000000000000000e+04 2.778000000000000000e+03
3.750000000000000000e+04 2.991000000000000000e+03
3.800000000000000000e+04 3.068000000000000000e+03
3.850000000000000000e+04 3.275000000000000000e+03
3.900000000000000000e+04 3.415000000000000000e+03
3.950000000000000000e+04 3.640000000000000000e+03
4.000000000000000000e+04 3.642000000000000000e+03
4.050000000000000000e+04 3.908000000000000000e+03
4.100000000000000000e+04 4.081000000000000000e+03
4.150000000000000000e+04 4.282000000000000000e+03
4.200000000000000000e+04 4.448000000000000000e+03
4.250000000000000000e+04 4.741000000000000000e+03
4.300000000000000000e+04 4.818000000000000000e+03
4.350000000000000000e+04 5.253000000000000000e+03
4.400000000000000000e+04 5.372000000000000000e+03
4.450000000000000000e+04 5.712000000000000000e+03
4.500000000000000000e+04 5.819000000000000000e+03
4.550000000000000000e+04 5.929000000000000000e+03
4.600000000000000000e+04 6.163000000000000000e+03
4.650000000000000000e+04 6.461000000000000000e+03
4.700000000000000000e+04 6.505000000000000000e+03
4.750000000000000000e+04 6.828000000000000000e+03
4.800000000000000000e+04 6.995000000000000000e+03
4.850000000000000000e+04 7.138000000000000000e+03
4.900000000000000000e+04 7.314000000000000000e+03
4.950000000000000000e+04 7.422000000000000000e+03
5.000000000000000000e+04 7.566000000000000000e+03
5.050000000000000000e+04 7.815000000000000000e+03
5.100000000000000000e+04 7.845000000000000000e+03
5.150000000000000000e+04 8.056000000000000000e+03
5.200000000000000000e+04 8.206000000000000000e+03
5.250000000000000000e+04 8.036000000000000000e+03
5.300000000000000000e+04 7.930000000000000000e+03
5.350000000000000000e+04 8.407000000000000000e+03
5.400000000000000000e+04 8.484000000000000000e+03
5.450000000000000000e+04 8.592000000000000000e+03
5.500000000000000000e+04 8.484000000000000000e+03
5.550000000000000000e+04 8.729000000000000000e+03
5.600000000000000000e+04 8.689000000000000000e+03
5.650000000000000000e+04 8.668000000000000000e+03
5.700000000000000000e+04 8.759000000000000000e+03
5.750000000000000000e+04 8.538000000000000000e+03
5.800000000000000000e+04 8.633000000000000000e+03
5.850000000000000000e+04 8.706000000000000000e+03
5.900000000000000000e+04 8.912000000000000000e+03
5.950000000000000000e+04 8.483000000000000000e+03
6.000000000000000000e+04 8.680000000000000000e+03
6.050000000000000000e+04 8.765000000000000000e+03
6.100000000000000000e+04 8.738000000000000000e+03
6.150000000000000000e+04 8.835000000000000000e+03
6.200000000000000000e+04 8.705000000000000000e+03
6.250000000000000000e+04 8.731000000000000000e+03
6.300000000000000000e+04 8.638000000000000000e+03
6.350000000000000000e+04 8.495000000000000000e+03
6.400000000000000000e+04 8.238000000000000000e+03
6.450000000000000000e+04 8.583000000000000000e+03
6.500000000000000000e+04 8.401000000000000000e+03
6.550000000000000000e+04 8.333000000000000000e+03
6.600000000000000000e+04 8.267000000000000000e+03
6.650000000000000000e+04 8.087000000000000000e+03
6.700000000000000000e+04 8.009000000000000000e+03
6.750000000000000000e+04 7.955000000000000000e+03
6.800000000000000000e+04 7.863000000000000000e+03
6.850000000000000000e+04 7.784000000000000000e+03
6.900000000000000000e+04 7.683000000000000000e+03
6.950000000000000000e+04 7.512000000000000000e+03
7.000000000000000000e+04 7.284000000000000000e+03
7.050000000000000000e+04 7.221000000000000000e+03
7.100000000000000000e+04 7.073000000000000000e+03
7.150000000000000000e+04 6.858000000000000000e+03
7.200000000000000000e+04 6.758000000000000000e+03
7.250000000000000000e+04 6.494000000000000000e+03
7.300000000000000000e+04 6.236000000000000000e+03
7.350000000000000000e+04 6.160000000000000000e+03
7.400000000000000000e+04 5.953000000000000000e+03
7.450000000000000000e+04 5.672000000000000000e+03
7.500000000000000000e+04 5.547000000000000000e+03
7.550000000000000000e+04 5.372000000000000000e+03
7.600000000000000000e+04 4.998000000000000000e+03
7.650000000000000000e+04 4.897000000000000000e+03
7.700000000000000000e+04 4.615000000000000000e+03
7.750000000000000000e+04 4.355000000000000000e+03
7.800000000000000000e+04 4.236000000000000000e+03
7.850000000000000000e+04 4.028000000000000000e+03
7.900000000000000000e+04 3.887000000000000000e+03
7.950000000000000000e+04 3.791000000000000000e+03
8.000000000000000000e+04 3.499000000000000000e+03
8.050000000000000000e+04 3.474000000000000000e+03
8.100000000000000000e+04 3.271000000000000000e+03
8.150000000000000000e+04 3.044000000000000000e+03
8.200000000000000000e+04 3.066000000000000000e+03
8.250000000000000000e+04 2.934000000000000000e+03
8.300000000000000000e+04 2.749000000000000000e+03
8.350000000000000000e+04 2.894000000000000000e+03
8.400000000000000000e+04 2.697000000000000000e+03
8.450000000000000000e+04 2.725000000000000000e+03
8.500000000000000000e+04 2.700000000000000000e+03
8.550000000000000000e+04 2.736000000000000000e+03
8.600000000000000000e+04 2.665000000000000000e+03
8.650000000000000000e+04 2.889000000000000000e+03
8.700000000000000000e+04 2.944000000000000000e+03
8.750000000000000000e+04 2.923000000000000000e+03
8.800000000000000000e+04 3.138000000000000000e+03
8.850000000000000000e+04 3.141000000000000000e+03
8.900000000000000000e+04 3.392000000000000000e+03
8.950000000000000000e+04 3.535000000000000000e+03
9.000000000000000000e+04 3.760000000000000000e+03
9.050000000000000000e+04 3.877000000000000000e+03
9.100000000000000000e+04 4.110000000000000000e+03
9.150000000000000000e+04 4.318000000000000000e+03
9.200000000000000000e+04 4.471000000000000000e+03
9.250000000000000000e+04 4.651000000000000000e+03
9.300000000000000000e+04 5.001000000000000000e+03
9.350000000000000000e+04 5.123000000000000000e+03
9.400000000000000000e+04 5.303000000000000000e+03
9.450000000000000000e+04 5.570000000000000000e+03
9.500000000000000000e+04 5.779000000000000000e+03
9.550000000000000000e+04 5.909000000000000000e+03
9.600000000000000000e+04 6.092000000000000000e+03
9.650000000000000000e+04 6.447000000000000000e+03
9.700000000000000000e+04 6.613000000000000000e+03
9.750000000000000000e+04 6.852000000000000000e+03
9.800000000000000000e+04 6.854000000000000000e+03
9.850000000000000000e+04 7.100000000000000000e+03
9.900000000000000000e+04 7.272000000000000000e+03
9.950000000000000000e+04 7.517000000000000000e+03
