0.000000000000000000e+00 1.668100000000000000e+04
1.000000000000000000e+04 1.673900000000000000e+04
2.000000000000000000e+04 1.694900000000000000e+04
3.000000000000000000e+04 1.691800000000000000e+04
4.000000000000000000e+04 1.672900000000000000e+04
5.000000000000000000e+04 1.734000000000000000e+04
6.000000000000000000e+04 1.742200000000000000e+04
7.000000000000000000e+04 1.744700000000000000e+04
8.000000000000000000e+04 1.763000000000000000e+04
9.000000000000000000e+04 1.772300000000000000e+04
1.000000000000000000e+05 1.771100000000000000e+04
1.100000000000000000e+05 1.803600000000000000e+04
1.200000000000000000e+05 1.822400000000000000e+04
1.300000000000000000e+05 1.816900000000000000e+04
1.400000000000000000e+05 1.842600000000000000e+04
1.500000000000000000e+05 1.825200000000000000e+04
1.600000000000000000e+05 1.827300000000000000e+04
1.700000000000000000e+05 1.833800000000000000e+04
1.800000000000000000e+05 1.820300000000000000e+04
1.900000000000000000e+05 1.816200000000000000e+04
2.000000000000000000e+05 1.827300000000000000e+04
2.100000000000000000e+05 1.802900000000000000e+04
2.200000000000000000e+05 1.816500000000000000e+04
2.300000000000000000e+05 1.838800000000000000e+04
2.400000000000000000e+05 1.800000000000000000e+04
2.500000000000000000e+05 1.823700000000000000e+04
2.600000000000000000e+05 1.788400000000000000e+04
2.700000000000000000e+05 1.792400000000000000e+04
2.800000000000000000e+05 1.795300000000000000e+04
2.900000000000000000e+05 1.767000000000000000e+04
3.000000000000000000e+05 1.736000000000000000e+04
3.100000000000000000e+05 1.716500000000000000e+04
3.200000000000000000e+05 1.713800000000000000e+04
3.300000000000000000e+05 1.708200000000000000e+04
3.400000000000000000e+05 1.685900000000000000e+04
3.500000000000000000e+05 1.654800000000000000e+04
3.600000000000000000e+05 1.656400000000000000e+04
3.700000000000000000e+05 1.624700000000000000e+04
3.800000000000000000e+05 1.597900000000000000e+04
3.900000000000000000e+05 1.557300000000000000e+04
4.000000000000000000e+05 1.494400000000000000e+04
4.100000000000000000e+05 1.495700000000000000e+04
4.200000000000000000e+05 1.468400000000000000e+04
4.300000000000000000e+05 1.424000000000000000e+04
4.400000000000000000e+05 1.368900000000000000e+04
4.500000000000000000e+05 1.364600000000000000e+04
4.600000000000000000e+05 1.318600000000000000e+04
4.700000000000000000e+05 1.233500000000000000e+04
4.800000000000000000e+05 1.191400000000000000e+04
4.900000000000000000e+05 1.184900000000000000e+04
5.000000000000000000e+05 1.120800000000000000e+04
5.100000000000000000e+05 1.094300000000000000e+04
5.200000000000000000e+05 1.025700000000000000e+04
5.300000000000000000e+05 9.872000000000000000e+03
5.400000000000000000e+05 9.554000000000000000e+03
5.500000000000000000e+05 8.997000000000000000e+03
5.600000000000000000e+05 8.629000000000000000e+03
5.700000000000000000e+05 8.162000000000000000e+03
5.800000000000000000e+05 7.818000000000000000e+03
5.900000000000000000e+05 7.607000000000000000e+03
6.000000000000000000e+05 6.905000000000000000e+03
6.100000000000000000e+05 6.794000000000000000e+03
6.200000000000000000e+05 6.373000000000000000e+03
6.300000000000000000e+05 6.225000000000000000e+03
6.400000000000000000e+05 6.038000000000000000e+03
6.500000000000000000e+05 5.716000000000000000e+03
6.600000000000000000e+05 5.769000000000000000e+03
6.700000000000000000e+05 5.689000000000000000e+03
6.800000000000000000e+05 5.496000000000000000e+03
6.900000000000000000e+05 5.401000000000000000e+03
7.000000000000000000e+05 5.263000000000000000e+03
7.100000000000000000e+05 5.366000000000000000e+03
7.200000000000000000e+05 5.559000000000000000e+03
7.300000000000000000e+05 5.720000000000000000e+03
7.400000000000000000e+05 5.868000000000000000e+03
7.500000000000000000e+05 6.128000000000000000e+03
7.600000000000000000e+05 6.241000000000000000e+03
7.700000000000000000e+05 6.554000000000000000e+03
7.800000000000000000e+05 7.000000000000000000e+03
7.900000000000000000e+05 7.105000000000000000e+03
8.000000000000000000e+05 7.653000000000000000e+03
8.100000000000000000e+05 7.840000000000000000e+03
8.200000000000000000e+05 8.512000000000000000e+03
8.300000000000000000e+05 8.885000000000000000e+03
8.400000000000000000e+05 9.377000000000000000e+03
8.500000000000000000e+05 9.786000000000000000e+03
8.600000000000000000e+05 1.024300000000000000e+04
8.700000000000000000e+05 1.064800000000000000e+04
8.800000000000000000e+05 1.094100000000000000e+04
8.900000000000000000e+05 1.158900000000000000e+04
9.000000000000000000e+05 1.199500000000000000e+04
9.100000000000000000e+05 1.251700000000000000e+04
9.200000000000000000e+05 1.276100000000000000e+04
9.300000000000000000e+05 1.309800000000000000e+04
9.400000000000000000e+05 1.373200000000000000e+04
9.500000000000000000e+05 1.415300000000000000e+04
9.600000000000000000e+05 1.446800000000000000e+04
9.700000000000000000e+05 1.507200000000000000e+04
9.800000000000000000e+05 1.514700000000000000e+04
9.900000000000000000e+05 1.532100000000000000e+04
1.000000000000000000e+06 1.575300000000000000e+04
1.010000000000000000e+06 1.569300000000000000e+04
1.020000000000000000e+06 1.608900000000000000e+04
1.030000000000000000e+06 1.642300000000000000e+04
1.040000000000000000e+06 1.674600000000000000e+04
1.050000000000000000e+06 1.723900000000000000e+04
1.060000000000000000e+06 1.736500000000000000e+04
1.070000000000000000e+06 1.742500000000000000e+04
1.080000000000000000e+06 1.757400000000000000e+04
1.090000000000000000e+06 1.749600000000000000e+04
1.100000000000000000e+06 1.758600000000000000e+04
1.110000000000000000e+06 1.772100000000000000e+04
1.120000000000000000e+06 1.803800000000000000e+04
1.130000000000000000e+06 1.794800000000000000e+04
1.140000000000000000e+06 1.786500000000000000e+04
1.150000000000000000e+06 1.846800000000000000e+04
1.160000000000000000e+06 1.780400000000000000e+04
1.170000000000000000e+06 1.809500000000000000e+04
1.180000000000000000e+06 1.820500000000000000e+04
1.190000000000000000e+06 1.828500000000000000e+04
1.200000000000000000e+06 1.840100000000000000e+04
1.210000000000000000e+06 1.800600000000000000e+04
1.220000000000000000e+06 1.823800000000000000e+04
1.230000000000000000e+06 1.810000000000000000e+04
1.240000000000000000e+06 1.793900000000000000e+04
1.250000000000000000e+06 1.781800000000000000e+04
1.260000000000000000e+06 1.801600000000000000e+04
1.270000000000000000e+06 1.776200000000000000e+04
1.280000000000000000e+06 1.803300000000000000e+04
1.290000000000000000e+06 1.750900000000000000e+04
1.300000000000000000e+06 1.737500000000000000e+04
1.310000000000000000e+06 1.731400000000000000e+04
1.320000000000000000e+06 1.722400000000000000e+04
1.330000000000000000e+06 1.690200000000000000e+04
1.340000000000000000e+06 1.694900000000000000e+04
1.350000000000000000e+06 1.648900000000000000e+04
1.360000000000000000e+06 1.629300000000000000e+04
1.370000000000000000e+06 1.632000000000000000e+04
1.380000000000000000e+06 1.604100000000000000e+04
1.390000000000000000e+06 1.566200000000000000e+04
1.400000000000000000e+06 1.529900000000000000e+04
1.410000000000000000e+06 1.505000000000000000e+04
1.420000000000000000e+06 1.469900000000000000e+04
1.430000000000000000e+06 1.434400000000000000e+04
1.440000000000000000e+06 1.377500000000000000e+04
1.450000000000000000e+06 1.355100000000000000e+04
1.460000000000000000e+06 1.300000000000000000e+04
1.470000000000000000e+06 1.251600000000000000e+04
1.480000000000000000e+06 1.215300000000000000e+04
1.490000000000000000e+06 1.197200000000000000e+04
1.500000000000000000e+06 1.138100000000000000e+04
1.510000000000000000e+06 1.057900000000000000e+04
1.520000000000000000e+06 1.033500000000000000e+04
1.530000000000000000e+06 9.715000000000000000e+03
1.540000000000000000e+06 9.527000000000000000e+03
1.550000000000000000e+06 9.026000000000000000e+03
1.560000000000000000e+06 8.485000000000000000e+03
1.570000000000000000e+06 8.253000000000000000e+03
1.580000000000000000e+06 7.649000000000000000e+03
1.590000000000000000e+06 7.395000000000000000e+03
1.600000000000000000e+06 6.881000000000000000e+03
1.610000000000000000e+06 6.610000000000000000e+03
1.620000000000000000e+06 6.417000000000000000e+03
1.630000000000000000e+06 6.172000000000000000e+03
1.640000000000000000e+06 5.981000000000000000e+03
1.650000000000000000e+06 5.834000000000000000e+03
1.660000000000000000e+06 5.644000000000000000e+03
1.670000000000000000e+06 5.565000000000000000e+03
1.680000000000000000e+06 5.329000000000000000e+03
1.690000000000000000e+06 5.412000000000000000e+03
1.700000000000000000e+06 5.333000000000000000e+03
1.710000000000000000e+06 5.405000000000000000e+03
1.720000000000000000e+06 5.562000000000000000e+03
1.730000000000000000e+06 5.662000000000000000e+03
1.740000000000000000e+06 5.778000000000000000e+03
1.750000000000000000e+06 5.973000000000000000e+03
1.760000000000000000e+06 6.100000000000000000e+03
1.770000000000000000e+06 6.521000000000000000e+03
1.780000000000000000e+06 6.888000000000000000e+03
1.790000000000000000e+06 7.045000000000000000e+03
1.800000000000000000e+06 7.310000000000000000e+03
1.810000000000000000e+06 7.840000000000000000e+03
1.820000000000000000e+06 8.138000000000000000e+03
1.830000000000000000e+06 8.544000000000000000e+03
1.840000000000000000e+06 9.010000000000000000e+03
1.850000000000000000e+06 9.493000000000000000e+03
1.860000000000000000e+06 9.884000000000000000e+03
1.870000000000000000e+06 1.018600000000000000e+04
1.880000000000000000e+06 1.089300000000000000e+04
1.890000000000000000e+06 1.109200000000000000e+04
1.900000000000000000e+06 1.171000000000000000e+04
1.910000000000000000e+06 1.233000000000000000e+04
1.920000000000000000e+06 1.249000000000000000e+04
1.930000000000000000e+06 1.275800000000000000e+04
1.940000000000000000e+06 1.332100000000000000e+04
1.950000000000000000e+06 1.361000000000000000e+04
1.960000000000000000e+06 1.402800000000000000e+04
1.970000000000000000e+06 1.422200000000000000e+04
1.980000000000000000e+06 1.514800000000000000e+04
1.990000000000000000e+06 1.527500000000000000e+04
