0.000000000000000000e+00 9.105000000000000000e+03
1.428000000000000000e+03 9.543000000000000000e+03
2.856000000000000000e+03 9.496000000000000000e+03
4.284000000000000000e+03 9.611000000000000000e+03
5.712000000000000000e+03 9.678000000000000000e+03
7.140000000000000000e+03 9.777000000000000000e+03
8.568000000000000000e+03 1.001100000000000000e+04
9.996000000000000000e+03 9.895000000000000000e+03
1.142400000000000000e+04 1.006500000000000000e+04
1.285200000000000000e+04 9.994000000000000000e+03
1.428000000000000000e+04 1.043000000000000000e+04
1.570800000000000000e+04 1.023500000000000000e+04
1.713600000000000000e+04 1.041700000000000000e+04
1.856400000000000000e+04 1.038400000000000000e+04
1.999200000000000000e+04 1.053200000000000000e+04
2.142000000000000000e+04 1.046200000000000000e+04
2.284800000000000000e+04 1.049300000000000000e+04
2.427600000000000000e+04 1.058500000000000000e+04
2.570400000000000000e+04 1.051300000000000000e+04
2.713200000000000000e+04 1.063400000000000000e+04
2.856000000000000000e+04 1.056200000000000000e+04
2.998800000000000000e+04 1.045600000000000000e+04
3.141600000000000000e+04 1.047200000000000000e+04
3.284400000000000000e+04 1.064400000000000000e+04
3.427200000000000000e+04 1.043600000000000000e+04
3.570000000000000000e+04 1.042600000000000000e+04
3.712800000000000000e+04 1.025800000000000000e+04
3.855600000000000000e+04 1.037500000000000000e+04
3.998400000000000000e+04 1.063300000000000000e+04
4.141200000000000000e+04 1.023900000000000000e+04
4.284000000000000000e+04 1.012200000000000000e+04
4.426800000000000000e+04 1.004900000000000000e+04
4.569600000000000000e+04 9.940000000000000000e+03
4.712400000000000000e+04 9.979000000000000000e+03
4.855200000000000000e+04 9.780000000000000000e+03
4.998000000000000000e+04 9.649000000000000000e+03
5.140800000000000000e+04 9.516000000000000000e+03
5.283600000000000000e+04 9.353000000000000000e+03
5.426400000000000000e+04 8.977000000000000000e+03
5.569200000000000000e+04 9.001000000000000000e+03
5.712000000000000000e+04 8.841000000000000000e+03
5.854800000000000000e+04 8.513000000000000000e+03
5.997600000000000000e+04 8.466000000000000000e+03
6.140400000000000000e+04 8.285000000000000000e+03
6.283200000000000000e+04 8.081000000000000000e+03
6.426000000000000000e+04 7.960000000000000000e+03
6.568800000000000000e+04 7.640000000000000000e+03
6.711600000000000000e+04 7.557000000000000000e+03
6.854400000000000000e+04 7.299000000000000000e+03
6.997200000000000000e+04 6.955000000000000000e+03
7.140000000000000000e+04 6.634000000000000000e+03
7.282800000000000000e+04 6.543000000000000000e+03
7.425600000000000000e+04 6.287000000000000000e+03
7.568400000000000000e+04 5.915000000000000000e+03
7.711200000000000000e+04 5.694000000000000000e+03
7.854000000000000000e+04 5.529000000000000000e+03
7.996800000000000000e+04 5.268000000000000000e+03
8.139600000000000000e+04 5.075000000000000000e+03
8.282400000000000000e+04 4.808000000000000000e+03
8.425200000000000000e+04 4.756000000000000000e+03
8.568000000000000000e+04 4.374000000000000000e+03
8.710800000000000000e+04 4.268000000000000000e+03
8.853600000000000000e+04 4.287000000000000000e+03
8.996400000000000000e+04 3.964000000000000000e+03
9.139200000000000000e+04 3.863000000000000000e+03
9.282000000000000000e+04 3.753000000000000000e+03
9.424800000000000000e+04 3.667000000000000000e+03
9.567600000000000000e+04 3.521000000000000000e+03
9.710400000000000000e+04 3.550000000000000000e+03
9.853200000000000000e+04 3.625000000000000000e+03
9.996000000000000000e+04 3.608000000000000000e+03
1.013880000000000000e+05 3.643000000000000000e+03
1.028160000000000000e+05 3.689000000000000000e+03
1.042440000000000000e+05 3.711000000000000000e+03
1.056720000000000000e+05 3.888000000000000000e+03
1.071000000000000000e+05 3.901000000000000000e+03
1.085280000000000000e+05 4.053000000000000000e+03
1.099560000000000000e+05 4.258000000000000000e+03
1.113840000000000000e+05 4.179000000000000000e+03
1.128120000000000000e+05 4.559000000000000000e+03
1.142400000000000000e+05 4.830000000000000000e+03
1.156680000000000000e+05 5.004000000000000000e+03
1.170960000000000000e+05 5.098000000000000000e+03
1.185240000000000000e+05 5.533000000000000000e+03
1.199520000000000000e+05 5.723000000000000000e+03
1.213800000000000000e+05 5.964000000000000000e+03
1.228080000000000000e+05 6.139000000000000000e+03
1.242360000000000000e+05 6.391000000000000000e+03
1.256640000000000000e+05 6.755000000000000000e+03
1.270920000000000000e+05 6.868000000000000000e+03
1.285200000000000000e+05 7.240000000000000000e+03
1.299480000000000000e+05 7.274000000000000000e+03
1.313760000000000000e+05 7.623000000000000000e+03
1.328040000000000000e+05 7.914000000000000000e+03
1.342320000000000000e+05 8.100000000000000000e+03
1.356600000000000000e+05 8.260000000000000000e+03
1.370880000000000000e+05 8.492000000000000000e+03
1.385160000000000000e+05 8.590000000000000000e+03
1.399440000000000000e+05 8.975000000000000000e+03
1.413720000000000000e+05 9.021000000000000000e+03
1.428000000000000000e+05 9.326000000000000000e+03
1.442280000000000000e+05 9.142000000000000000e+03
1.456560000000000000e+05 9.422000000000000000e+03
1.470840000000000000e+05 9.357000000000000000e+03
1.485120000000000000e+05 9.426000000000000000e+03
1.499400000000000000e+05 9.863000000000000000e+03
1.513680000000000000e+05 9.804000000000000000e+03
1.527960000000000000e+05 9.995000000000000000e+03
1.542240000000000000e+05 9.911000000000000000e+03
1.556520000000000000e+05 1.008800000000000000e+04
1.570800000000000000e+05 1.017700000000000000e+04
1.585080000000000000e+05 1.044400000000000000e+04
1.599360000000000000e+05 1.048600000000000000e+04
1.613640000000000000e+05 1.024800000000000000e+04
1.627920000000000000e+05 1.041000000000000000e+04
1.642200000000000000e+05 1.059300000000000000e+04
1.656480000000000000e+05 1.058500000000000000e+04
1.670760000000000000e+05 1.065700000000000000e+04
1.685040000000000000e+05 1.042500000000000000e+04
1.699320000000000000e+05 1.050100000000000000e+04
1.713600000000000000e+05 1.040500000000000000e+04
1.727880000000000000e+05 1.064000000000000000e+04
1.742160000000000000e+05 1.059500000000000000e+04
1.756440000000000000e+05 1.074700000000000000e+04
1.770720000000000000e+05 1.026100000000000000e+04
1.785000000000000000e+05 1.044600000000000000e+04
1.799280000000000000e+05 1.034400000000000000e+04
1.813560000000000000e+05 1.021800000000000000e+04
1.827840000000000000e+05 1.058200000000000000e+04
1.842120000000000000e+05 1.031300000000000000e+04
1.856400000000000000e+05 1.018200000000000000e+04
1.870680000000000000e+05 1.019500000000000000e+04
1.884960000000000000e+05 1.001900000000000000e+04
1.899240000000000000e+05 9.671000000000000000e+03
1.913520000000000000e+05 9.889000000000000000e+03
1.927800000000000000e+05 9.684000000000000000e+03
1.942080000000000000e+05 9.725000000000000000e+03
1.956360000000000000e+05 9.575000000000000000e+03
1.970640000000000000e+05 9.179000000000000000e+03
1.984920000000000000e+05 9.193000000000000000e+03
1.999200000000000000e+05 8.967000000000000000e+03
2.013480000000000000e+05 8.922000000000000000e+03
2.027760000000000000e+05 8.546000000000000000e+03
2.042040000000000000e+05 8.511000000000000000e+03
2.056320000000000000e+05 8.281000000000000000e+03
2.070600000000000000e+05 7.994000000000000000e+03
2.084880000000000000e+05 7.681000000000000000e+03
2.099160000000000000e+05 7.675000000000000000e+03
2.113440000000000000e+05 7.275000000000000000e+03
2.127720000000000000e+05 7.090000000000000000e+03
2.142000000000000000e+05 6.955000000000000000e+03
2.156280000000000000e+05 6.699000000000000000e+03
2.170560000000000000e+05 6.330000000000000000e+03
2.184840000000000000e+05 5.994000000000000000e+03
2.199120000000000000e+05 5.955000000000000000e+03
2.213400000000000000e+05 5.654000000000000000e+03
2.227680000000000000e+05 5.420000000000000000e+03
2.241960000000000000e+05 5.269000000000000000e+03
2.256240000000000000e+05 4.973000000000000000e+03
2.270520000000000000e+05 4.729000000000000000e+03
2.284800000000000000e+05 4.604000000000000000e+03
2.299080000000000000e+05 4.416000000000000000e+03
2.313360000000000000e+05 4.230000000000000000e+03
2.327640000000000000e+05 3.980000000000000000e+03
2.341920000000000000e+05 3.997000000000000000e+03
2.356200000000000000e+05 3.782000000000000000e+03
2.370480000000000000e+05 3.772000000000000000e+03
2.384760000000000000e+05 3.675000000000000000e+03
2.399040000000000000e+05 3.549000000000000000e+03
2.413320000000000000e+05 3.571000000000000000e+03
2.427600000000000000e+05 3.683000000000000000e+03
2.441880000000000000e+05 3.598000000000000000e+03
2.456160000000000000e+05 3.766000000000000000e+03
2.470440000000000000e+05 3.770000000000000000e+03
2.484720000000000000e+05 3.862000000000000000e+03
2.499000000000000000e+05 3.782000000000000000e+03
2.513280000000000000e+05 4.259000000000000000e+03
2.527560000000000000e+05 4.248000000000000000e+03
2.541840000000000000e+05 4.494000000000000000e+03
2.556120000000000000e+05 4.727000000000000000e+03
2.570400000000000000e+05 4.845000000000000000e+03
2.584680000000000000e+05 5.022000000000000000e+03
2.598960000000000000e+05 5.384000000000000000e+03
2.613240000000000000e+05 5.529000000000000000e+03
2.627520000000000000e+05 5.797000000000000000e+03
2.641800000000000000e+05 6.063000000000000000e+03
2.656080000000000000e+05 6.281000000000000000e+03
2.670360000000000000e+05 6.443000000000000000e+03
2.684640000000000000e+05 6.727000000000000000e+03
2.698920000000000000e+05 7.180000000000000000e+03
2.713200000000000000e+05 7.310000000000000000e+03
2.727480000000000000e+05 7.437000000000000000e+03
2.741760000000000000e+05 7.548000000000000000e+03
2.756040000000000000e+05 7.831000000000000000e+03
2.770320000000000000e+05 8.125000000000000000e+03
2.784600000000000000e+05 8.487000000000000000e+03
2.798880000000000000e+05 8.728000000000000000e+03
2.813160000000000000e+05 8.663000000000000000e+03
2.827440000000000000e+05 8.977000000000000000e+03
2.841720000000000000e+05 8.965000000000000000e+03
