0.000000000000000000e+00 1.741300000000000000e+04
1.420000000000000000e+02 1.737000000000000000e+04
2.840000000000000000e+02 1.773900000000000000e+04
4.260000000000000000e+02 1.836300000000000000e+04
5.680000000000000000e+02 1.850300000000000000e+04
7.100000000000000000e+02 1.887000000000000000e+04
8.520000000000000000e+02 1.894300000000000000e+04
9.940000000000000000e+02 1.919600000000000000e+04
1.136000000000000000e+03 1.925600000000000000e+04
1.278000000000000000e+03 1.927600000000000000e+04
1.420000000000000000e+03 1.952300000000000000e+04
1.562000000000000000e+03 1.967600000000000000e+04
1.704000000000000000e+03 1.961200000000000000e+04
1.846000000000000000e+03 1.996000000000000000e+04
1.988000000000000000e+03 1.975500000000000000e+04
2.130000000000000000e+03 1.984000000000000000e+04
2.272000000000000000e+03 1.986500000000000000e+04
2.414000000000000000e+03 1.993400000000000000e+04
2.556000000000000000e+03 1.993600000000000000e+04
2.698000000000000000e+03 2.004900000000000000e+04
2.840000000000000000e+03 1.978100000000000000e+04
2.982000000000000000e+03 1.970000000000000000e+04
3.124000000000000000e+03 1.986300000000000000e+04
3.266000000000000000e+03 1.976400000000000000e+04
3.408000000000000000e+03 1.984200000000000000e+04
3.550000000000000000e+03 1.983700000000000000e+04
3.692000000000000000e+03 1.984700000000000000e+04
3.834000000000000000e+03 1.980300000000000000e+04
3.976000000000000000e+03 1.984700000000000000e+04
4.118000000000000000e+03 1.954400000000000000e+04
4.260000000000000000e+03 1.930200000000000000e+04
4.402000000000000000e+03 1.963400000000000000e+04
4.544000000000000000e+03 1.926000000000000000e+04
4.686000000000000000e+03 1.891300000000000000e+04
4.828000000000000000e+03 1.879600000000000000e+04
4.970000000000000000e+03 1.872900000000000000e+04
5.112000000000000000e+03 1.815000000000000000e+04
5.254000000000000000e+03 1.809300000000000000e+04
5.396000000000000000e+03 1.813000000000000000e+04
5.538000000000000000e+03 1.744500000000000000e+04
5.680000000000000000e+03 1.731200000000000000e+04
5.822000000000000000e+03 1.671000000000000000e+04
5.964000000000000000e+03 1.666000000000000000e+04
6.106000000000000000e+03 1.663300000000000000e+04
6.248000000000000000e+03 1.548700000000000000e+04
6.390000000000000000e+03 1.557400000000000000e+04
6.532000000000000000e+03 1.516700000000000000e+04
6.674000000000000000e+03 1.468300000000000000e+04
6.816000000000000000e+03 1.438100000000000000e+04
6.958000000000000000e+03 1.377100000000000000e+04
7.100000000000000000e+03 1.329600000000000000e+04
7.242000000000000000e+03 1.288200000000000000e+04
7.384000000000000000e+03 1.233800000000000000e+04
7.526000000000000000e+03 1.197500000000000000e+04
7.668000000000000000e+03 1.163600000000000000e+04
7.810000000000000000e+03 1.106400000000000000e+04
7.952000000000000000e+03 1.062300000000000000e+04
8.094000000000000000e+03 1.018300000000000000e+04
8.236000000000000000e+03 9.811000000000000000e+03
8.378000000000000000e+03 9.426000000000000000e+03
8.520000000000000000e+03 9.244000000000000000e+03
8.662000000000000000e+03 8.607000000000000000e+03
8.804000000000000000e+03 8.421000000000000000e+03
8.946000000000000000e+03 8.057000000000000000e+03
9.088000000000000000e+03 7.783000000000000000e+03
9.230000000000000000e+03 7.331000000000000000e+03
9.372000000000000000e+03 7.351000000000000000e+03
9.514000000000000000e+03 7.088000000000000000e+03
9.656000000000000000e+03 6.914000000000000000e+03
9.798000000000000000e+03 6.756000000000000000e+03
9.940000000000000000e+03 6.640000000000000000e+03
1.008200000000000000e+04 6.549000000000000000e+03
1.022400000000000000e+04 6.762000000000000000e+03
1.036600000000000000e+04 6.602000000000000000e+03
1.050800000000000000e+04 6.790000000000000000e+03
1.065000000000000000e+04 6.913000000000000000e+03
1.079200000000000000e+04 7.234000000000000000e+03
1.093400000000000000e+04 7.282000000000000000e+03
1.107600000000000000e+04 7.428000000000000000e+03
1.121800000000000000e+04 7.786000000000000000e+03
1.136000000000000000e+04 8.222000000000000000e+03
1.150200000000000000e+04 8.532000000000000000e+03
1.164400000000000000e+04 9.186000000000000000e+03
1.178600000000000000e+04 9.447000000000000000e+03
1.192800000000000000e+04 9.888000000000000000e+03
1.207000000000000000e+04 1.032300000000000000e+04
1.221200000000000000e+04 1.082400000000000000e+04
1.235400000000000000e+04 1.153400000000000000e+04
1.249600000000000000e+04 1.203100000000000000e+04
1.263800000000000000e+04 1.274400000000000000e+04
1.278000000000000000e+04 1.314100000000000000e+04
1.292200000000000000e+04 1.350100000000000000e+04
1.306400000000000000e+04 1.397300000000000000e+04
1.320600000000000000e+04 1.471500000000000000e+04
1.334800000000000000e+04 1.481800000000000000e+04
1.349000000000000000e+04 1.539200000000000000e+04
1.363200000000000000e+04 1.575000000000000000e+04
1.377400000000000000e+04 1.617500000000000000e+04
1.391600000000000000e+04 1.650800000000000000e+04
1.405800000000000000e+04 1.690000000000000000e+04
1.420000000000000000e+04 1.714700000000000000e+04
1.434200000000000000e+04 1.762400000000000000e+04
1.448400000000000000e+04 1.786400000000000000e+04
1.462600000000000000e+04 1.802100000000000000e+04
1.476800000000000000e+04 1.850700000000000000e+04
1.491000000000000000e+04 1.828100000000000000e+04
1.505200000000000000e+04 1.878400000000000000e+04
1.519400000000000000e+04 1.884000000000000000e+04
1.533600000000000000e+04 1.902900000000000000e+04
1.547800000000000000e+04 1.926700000000000000e+04
1.562000000000000000e+04 1.925600000000000000e+04
1.576200000000000000e+04 1.957300000000000000e+04
1.590400000000000000e+04 1.956800000000000000e+04
1.604600000000000000e+04 1.951600000000000000e+04
1.618800000000000000e+04 1.985400000000000000e+04
1.633000000000000000e+04 1.995300000000000000e+04
1.647200000000000000e+04 2.012600000000000000e+04
1.661400000000000000e+04 2.018500000000000000e+04
1.675600000000000000e+04 1.992700000000000000e+04
1.689800000000000000e+04 1.997000000000000000e+04
1.704000000000000000e+04 1.991100000000000000e+04
1.718200000000000000e+04 1.991900000000000000e+04
1.732400000000000000e+04 2.008500000000000000e+04
1.746600000000000000e+04 2.023100000000000000e+04
1.760800000000000000e+04 1.974200000000000000e+04
1.775000000000000000e+04 1.999000000000000000e+04
1.789200000000000000e+04 1.996400000000000000e+04
1.803400000000000000e+04 1.988600000000000000e+04
1.817600000000000000e+04 1.969100000000000000e+04
1.831800000000000000e+04 1.959600000000000000e+04
1.846000000000000000e+04 1.922600000000000000e+04
1.860200000000000000e+04 1.920100000000000000e+04
1.874400000000000000e+04 1.930800000000000000e+04
1.888600000000000000e+04 1.873600000000000000e+04
1.902800000000000000e+04 1.873100000000000000e+04
1.917000000000000000e+04 1.856300000000000000e+04
1.931200000000000000e+04 1.857800000000000000e+04
1.945400000000000000e+04 1.806900000000000000e+04
1.959600000000000000e+04 1.791300000000000000e+04
1.973800000000000000e+04 1.775100000000000000e+04
1.988000000000000000e+04 1.765300000000000000e+04
2.002200000000000000e+04 1.714400000000000000e+04
2.016400000000000000e+04 1.677400000000000000e+04
2.030600000000000000e+04 1.668700000000000000e+04
2.044800000000000000e+04 1.608100000000000000e+04
2.059000000000000000e+04 1.564500000000000000e+04
2.073200000000000000e+04 1.509900000000000000e+04
2.087400000000000000e+04 1.483700000000000000e+04
2.101600000000000000e+04 1.458400000000000000e+04
2.115800000000000000e+04 1.430500000000000000e+04
2.130000000000000000e+04 1.367700000000000000e+04
2.144200000000000000e+04 1.310100000000000000e+04
2.158400000000000000e+04 1.270200000000000000e+04
2.172600000000000000e+04 1.249900000000000000e+04
2.186800000000000000e+04 1.180500000000000000e+04
2.201000000000000000e+04 1.133300000000000000e+04
2.215200000000000000e+04 1.104800000000000000e+04
2.229400000000000000e+04 1.067200000000000000e+04
2.243600000000000000e+04 9.937000000000000000e+03
2.257800000000000000e+04 9.683000000000000000e+03
2.272000000000000000e+04 9.255000000000000000e+03
2.286200000000000000e+04 8.977000000000000000e+03
2.300400000000000000e+04 8.749000000000000000e+03
2.314600000000000000e+04 8.200000000000000000e+03
2.328800000000000000e+04 7.904000000000000000e+03
2.343000000000000000e+04 7.687000000000000000e+03
2.357200000000000000e+04 7.167000000000000000e+03
2.371400000000000000e+04 7.024000000000000000e+03
2.385600000000000000e+04 6.927000000000000000e+03
2.399800000000000000e+04 6.937000000000000000e+03
2.414000000000000000e+04 6.562000000000000000e+03
2.428200000000000000e+04 6.537000000000000000e+03
2.442400000000000000e+04 6.632000000000000000e+03
2.456600000000000000e+04 6.600000000000000000e+03
2.470800000000000000e+04 6.735000000000000000e+03
2.485000000000000000e+04 6.801000000000000000e+03
2.499200000000000000e+04 7.010000000000000000e+03
2.513400000000000000e+04 7.176000000000000000e+03
2.527600000000000000e+04 7.548000000000000000e+03
2.541800000000000000e+04 7.729000000000000000e+03
2.556000000000000000e+04 8.180000000000000000e+03
2.570200000000000000e+04 8.275000000000000000e+03
2.584400000000000000e+04 8.836000000000000000e+03
2.598600000000000000e+04 9.251000000000000000e+03
2.612800000000000000e+04 9.827000000000000000e+03
2.627000000000000000e+04 1.015000000000000000e+04
2.641200000000000000e+04 1.057100000000000000e+04
2.655400000000000000e+04 1.105300000000000000e+04
2.669600000000000000e+04 1.182300000000000000e+04
2.683800000000000000e+04 1.213800000000000000e+04
2.698000000000000000e+04 1.261200000000000000e+04
2.712200000000000000e+04 1.322800000000000000e+04
2.726400000000000000e+04 1.374000000000000000e+04
2.740600000000000000e+04 1.422200000000000000e+04
2.754800000000000000e+04 1.447200000000000000e+04
2.769000000000000000e+04 1.510600000000000000e+04
2.783200000000000000e+04 1.558300000000000000e+04
2.797400000000000000e+04 1.593300000000000000e+04
2.811600000000000000e+04 1.618100000000000000e+04
2.825800000000000000e+04 1.681100000000000000e+04
2.840000000000000000e+04 1.708400000000000000e+04
