0.000000000000000000e+00 1.783700000000000000e+04
5.000000000000000000e+01 1.828700000000000000e+04
1.000000000000000000e+02 1.856500000000000000e+04
1.500000000000000000e+02 1.892800000000000000e+04
2.000000000000000000e+02 1.920300000000000000e+04
2.500000000000000000e+02 1.948300000000000000e+04
3.000000000000000000e+02 1.971500000000000000e+04
3.500000000000000000e+02 2.003400000000000000e+04
4.000000000000000000e+02 2.006100000000000000e+04
4.500000000000000000e+02 2.056500000000000000e+04
5.000000000000000000e+02 2.046800000000000000e+04
5.500000000000000000e+02 2.072600000000000000e+04
6.000000000000000000e+02 2.101500000000000000e+04
6.500000000000000000e+02 2.117000000000000000e+04
7.000000000000000000e+02 2.124800000000000000e+04
7.500000000000000000e+02 2.135900000000000000e+04
8.000000000000000000e+02 2.149200000000000000e+04
8.500000000000000000e+02 2.129200000000000000e+04
9.000000000000000000e+02 2.160000000000000000e+04
9.500000000000000000e+02 2.159100000000000000e+04
1.000000000000000000e+03 2.162100000000000000e+04
1.050000000000000000e+03 2.179400000000000000e+04
1.100000000000000000e+03 2.146400000000000000e+04
1.150000000000000000e+03 2.143400000000000000e+04
1.200000000000000000e+03 2.157300000000000000e+04
1.250000000000000000e+03 2.168800000000000000e+04
1.300000000000000000e+03 2.108300000000000000e+04
1.350000000000000000e+03 2.124000000000000000e+04
1.400000000000000000e+03 2.102800000000000000e+04
1.450000000000000000e+03 2.112600000000000000e+04
1.500000000000000000e+03 2.100700000000000000e+04
1.550000000000000000e+03 2.081900000000000000e+04
1.600000000000000000e+03 2.057400000000000000e+04
1.650000000000000000e+03 2.060000000000000000e+04
1.700000000000000000e+03 2.019900000000000000e+04
1.750000000000000000e+03 1.984300000000000000e+04
1.800000000000000000e+03 1.977500000000000000e+04
1.850000000000000000e+03 1.965500000000000000e+04
1.900000000000000000e+03 1.952100000000000000e+04
1.950000000000000000e+03 1.921500000000000000e+04
2.000000000000000000e+03 1.876400000000000000e+04
2.050000000000000000e+03 1.855300000000000000e+04
2.100000000000000000e+03 1.819100000000000000e+04
2.150000000000000000e+03 1.776700000000000000e+04
2.200000000000000000e+03 1.725500000000000000e+04
2.250000000000000000e+03 1.679800000000000000e+04
2.300000000000000000e+03 1.650400000000000000e+04
2.350000000000000000e+03 1.633100000000000000e+04
2.400000000000000000e+03 1.576000000000000000e+04
2.450000000000000000e+03 1.506400000000000000e+04
2.500000000000000000e+03 1.476800000000000000e+04
2.550000000000000000e+03 1.446500000000000000e+04
2.600000000000000000e+03 1.402800000000000000e+04
2.650000000000000000e+03 1.343300000000000000e+04
2.700000000000000000e+03 1.312800000000000000e+04
2.750000000000000000e+03 1.242300000000000000e+04
2.800000000000000000e+03 1.203700000000000000e+04
2.850000000000000000e+03 1.163900000000000000e+04
2.900000000000000000e+03 1.117000000000000000e+04
2.950000000000000000e+03 1.074700000000000000e+04
3.000000000000000000e+03 1.045200000000000000e+04
3.050000000000000000e+03 9.905000000000000000e+03
3.100000000000000000e+03 9.509000000000000000e+03
3.150000000000000000e+03 9.348000000000000000e+03
3.200000000000000000e+03 8.816000000000000000e+03
3.250000000000000000e+03 8.568000000000000000e+03
3.300000000000000000e+03 8.318000000000000000e+03
3.350000000000000000e+03 8.160000000000000000e+03
3.400000000000000000e+03 7.954000000000000000e+03
3.450000000000000000e+03 7.705000000000000000e+03
3.500000000000000000e+03 7.548000000000000000e+03
3.550000000000000000e+03 7.442000000000000000e+03
3.600000000000000000e+03 7.357000000000000000e+03
3.650000000000000000e+03 7.311000000000000000e+03
3.700000000000000000e+03 7.382000000000000000e+03
3.750000000000000000e+03 7.409000000000000000e+03
3.800000000000000000e+03 7.616000000000000000e+03
3.850000000000000000e+03 7.574000000000000000e+03
3.900000000000000000e+03 7.847000000000000000e+03
3.950000000000000000e+03 8.089000000000000000e+03
4.000000000000000000e+03 8.393000000000000000e+03
4.050000000000000000e+03 8.738000000000000000e+03
4.100000000000000000e+03 8.921000000000000000e+03
4.150000000000000000e+03 9.336000000000000000e+03
4.200000000000000000e+03 9.640000000000000000e+03
4.250000000000000000e+03 1.025600000000000000e+04
4.300000000000000000e+03 1.057500000000000000e+04
4.350000000000000000e+03 1.094300000000000000e+04
4.400000000000000000e+03 1.146100000000000000e+04
4.450000000000000000e+03 1.235700000000000000e+04
4.500000000000000000e+03 1.287300000000000000e+04
4.550000000000000000e+03 1.323500000000000000e+04
4.600000000000000000e+03 1.384600000000000000e+04
4.650000000000000000e+03 1.433100000000000000e+04
4.700000000000000000e+03 1.508800000000000000e+04
4.750000000000000000e+03 1.542500000000000000e+04
4.800000000000000000e+03 1.599900000000000000e+04
4.850000000000000000e+03 1.636400000000000000e+04
4.900000000000000000e+03 1.704800000000000000e+04
4.950000000000000000e+03 1.754100000000000000e+04
5.000000000000000000e+03 1.756400000000000000e+04
5.050000000000000000e+03 1.815300000000000000e+04
5.100000000000000000e+03 1.852700000000000000e+04
5.150000000000000000e+03 1.914900000000000000e+04
5.200000000000000000e+03 1.905600000000000000e+04
5.250000000000000000e+03 1.956800000000000000e+04
5.300000000000000000e+03 1.989500000000000000e+04
5.350000000000000000e+03 2.005800000000000000e+04
5.400000000000000000e+03 2.011500000000000000e+04
5.450000000000000000e+03 2.023700000000000000e+04
5.500000000000000000e+03 2.057400000000000000e+04
5.550000000000000000e+03 2.066700000000000000e+04
5.600000000000000000e+03 2.096800000000000000e+04
5.650000000000000000e+03 2.096100000000000000e+04
5.700000000000000000e+03 2.105400000000000000e+04
5.750000000000000000e+03 2.164500000000000000e+04
5.800000000000000000e+03 2.134300000000000000e+04
5.850000000000000000e+03 2.144900000000000000e+04
5.900000000000000000e+03 2.142000000000000000e+04
5.950000000000000000e+03 2.151800000000000000e+04
6.000000000000000000e+03 2.161400000000000000e+04
6.050000000000000000e+03 2.174800000000000000e+04
6.100000000000000000e+03 2.161900000000000000e+04
6.150000000000000000e+03 2.165100000000000000e+04
6.200000000000000000e+03 2.178400000000000000e+04
6.250000000000000000e+03 2.136600000000000000e+04
6.300000000000000000e+03 2.157900000000000000e+04
6.350000000000000000e+03 2.123600000000000000e+04
6.400000000000000000e+03 2.123900000000000000e+04
6.450000000000000000e+03 2.137000000000000000e+04
6.500000000000000000e+03 2.118500000000000000e+04
6.550000000000000000e+03 2.083100000000000000e+04
6.600000000000000000e+03 2.090500000000000000e+04
6.650000000000000000e+03 2.062100000000000000e+04
6.700000000000000000e+03 2.036900000000000000e+04
6.750000000000000000e+03 2.017600000000000000e+04
6.800000000000000000e+03 1.991000000000000000e+04
6.850000000000000000e+03 1.979500000000000000e+04
6.900000000000000000e+03 1.921500000000000000e+04
6.950000000000000000e+03 1.902800000000000000e+04
7.000000000000000000e+03 1.869000000000000000e+04
7.050000000000000000e+03 1.829500000000000000e+04
7.100000000000000000e+03 1.782300000000000000e+04
7.150000000000000000e+03 1.763900000000000000e+04
7.200000000000000000e+03 1.734500000000000000e+04
7.250000000000000000e+03 1.677700000000000000e+04
7.300000000000000000e+03 1.668400000000000000e+04
7.350000000000000000e+03 1.601000000000000000e+04
7.400000000000000000e+03 1.564300000000000000e+04
7.450000000000000000e+03 1.519400000000000000e+04
7.500000000000000000e+03 1.477800000000000000e+04
7.550000000000000000e+03 1.429900000000000000e+04
7.600000000000000000e+03 1.375100000000000000e+04
7.650000000000000000e+03 1.353000000000000000e+04
7.700000000000000000e+03 1.301700000000000000e+04
7.750000000000000000e+03 1.249000000000000000e+04
7.800000000000000000e+03 1.231200000000000000e+04
7.850000000000000000e+03 1.151200000000000000e+04
7.900000000000000000e+03 1.126900000000000000e+04
7.950000000000000000e+03 1.092900000000000000e+04
8.000000000000000000e+03 1.043800000000000000e+04
8.050000000000000000e+03 1.003100000000000000e+04
8.100000000000000000e+03 9.442000000000000000e+03
8.150000000000000000e+03 9.273000000000000000e+03
8.200000000000000000e+03 8.845000000000000000e+03
8.250000000000000000e+03 8.505000000000000000e+03
8.300000000000000000e+03 8.266000000000000000e+03
8.350000000000000000e+03 8.184000000000000000e+03
8.400000000000000000e+03 7.926000000000000000e+03
8.450000000000000000e+03 7.742000000000000000e+03
8.500000000000000000e+03 7.487000000000000000e+03
8.550000000000000000e+03 7.570000000000000000e+03
8.600000000000000000e+03 7.230000000000000000e+03
8.650000000000000000e+03 7.249000000000000000e+03
8.700000000000000000e+03 7.505000000000000000e+03
8.750000000000000000e+03 7.349000000000000000e+03
8.800000000000000000e+03 7.663000000000000000e+03
8.850000000000000000e+03 7.600000000000000000e+03
8.900000000000000000e+03 7.779000000000000000e+03
8.950000000000000000e+03 8.083000000000000000e+03
9.000000000000000000e+03 8.286000000000000000e+03
9.050000000000000000e+03 8.493000000000000000e+03
9.100000000000000000e+03 9.054000000000000000e+03
9.150000000000000000e+03 9.251000000000000000e+03
9.200000000000000000e+03 9.810000000000000000e+03
9.250000000000000000e+03 1.024400000000000000e+04
9.300000000000000000e+03 1.055400000000000000e+04
9.350000000000000000e+03 1.138400000000000000e+04
9.400000000000000000e+03 1.176800000000000000e+04
9.450000000000000000e+03 1.231400000000000000e+04
9.500000000000000000e+03 1.292200000000000000e+04
9.550000000000000000e+03 1.341200000000000000e+04
9.600000000000000000e+03 1.379300000000000000e+04
9.650000000000000000e+03 1.452200000000000000e+04
9.700000000000000000e+03 1.508700000000000000e+04
9.750000000000000000e+03 1.575800000000000000e+04
9.800000000000000000e+03 1.625600000000000000e+04
9.850000000000000000e+03 1.676800000000000000e+04
9.900000000000000000e+03 1.696500000000000000e+04
9.950000000000000000e+03 1.722200000000000000e+04
