0.000000000000000000e+00 5.511000000000000000e+03
1.000000000000000000e+02 5.612000000000000000e+03
2.000000000000000000e+02 5.743000000000000000e+03
3.000000000000000000e+02 5.773000000000000000e+03
4.000000000000000000e+02 5.793000000000000000e+03
5.000000000000000000e+02 5.888000000000000000e+03
6.000000000000000000e+02 5.947000000000000000e+03
7.000000000000000000e+02 6.071000000000000000e+03
8.000000000000000000e+02 6.208000000000000000e+03
9.000000000000000000e+02 6.417000000000000000e+03
1.000000000000000000e+03 6.302000000000000000e+03
1.100000000000000000e+03 6.259000000000000000e+03
1.200000000000000000e+03 6.185000000000000000e+03
1.300000000000000000e+03 6.289000000000000000e+03
1.400000000000000000e+03 6.350000000000000000e+03
1.500000000000000000e+03 6.405000000000000000e+03
1.600000000000000000e+03 6.304000000000000000e+03
1.700000000000000000e+03 6.486000000000000000e+03
1.800000000000000000e+03 6.559000000000000000e+03
1.900000000000000000e+03 6.464000000000000000e+03
2.000000000000000000e+03 6.385000000000000000e+03
2.100000000000000000e+03 6.440000000000000000e+03
2.200000000000000000e+03 6.402000000000000000e+03
2.300000000000000000e+03 6.506000000000000000e+03
2.400000000000000000e+03 6.391000000000000000e+03
2.500000000000000000e+03 6.460000000000000000e+03
2.600000000000000000e+03 6.500000000000000000e+03
2.700000000000000000e+03 6.275000000000000000e+03
2.800000000000000000e+03 6.345000000000000000e+03
2.900000000000000000e+03 6.166000000000000000e+03
3.000000000000000000e+03 6.229000000000000000e+03
3.100000000000000000e+03 6.150000000000000000e+03
3.200000000000000000e+03 6.101000000000000000e+03
3.300000000000000000e+03 6.046000000000000000e+03
3.400000000000000000e+03 6.060000000000000000e+03
3.500000000000000000e+03 5.886000000000000000e+03
3.600000000000000000e+03 5.967000000000000000e+03
3.700000000000000000e+03 5.873000000000000000e+03
3.800000000000000000e+03 5.742000000000000000e+03
3.900000000000000000e+03 5.759000000000000000e+03
4.000000000000000000e+03 5.672000000000000000e+03
4.100000000000000000e+03 5.555000000000000000e+03
4.200000000000000000e+03 5.396000000000000000e+03
4.300000000000000000e+03 5.191000000000000000e+03
4.400000000000000000e+03 5.143000000000000000e+03
4.500000000000000000e+03 5.188000000000000000e+03
4.600000000000000000e+03 4.902000000000000000e+03
4.700000000000000000e+03 4.860000000000000000e+03
4.800000000000000000e+03 4.629000000000000000e+03
4.900000000000000000e+03 4.508000000000000000e+03
5.000000000000000000e+03 4.411000000000000000e+03
5.100000000000000000e+03 4.300000000000000000e+03
5.200000000000000000e+03 4.116000000000000000e+03
5.300000000000000000e+03 3.938000000000000000e+03
5.400000000000000000e+03 3.727000000000000000e+03
5.500000000000000000e+03 3.708000000000000000e+03
5.600000000000000000e+03 3.504000000000000000e+03
5.700000000000000000e+03 3.236000000000000000e+03
5.800000000000000000e+03 3.178000000000000000e+03
5.900000000000000000e+03 3.052000000000000000e+03
6.000000000000000000e+03 2.984000000000000000e+03
6.100000000000000000e+03 2.854000000000000000e+03
6.200000000000000000e+03 2.785000000000000000e+03
6.300000000000000000e+03 2.567000000000000000e+03
6.400000000000000000e+03 2.514000000000000000e+03
6.500000000000000000e+03 2.350000000000000000e+03
6.600000000000000000e+03 2.362000000000000000e+03
6.700000000000000000e+03 2.259000000000000000e+03
6.800000000000000000e+03 2.169000000000000000e+03
6.900000000000000000e+03 2.182000000000000000e+03
7.000000000000000000e+03 2.158000000000000000e+03
7.100000000000000000e+03 2.198000000000000000e+03
7.200000000000000000e+03 2.093000000000000000e+03
7.300000000000000000e+03 2.044000000000000000e+03
7.400000000000000000e+03 2.105000000000000000e+03
7.500000000000000000e+03 2.231000000000000000e+03
7.600000000000000000e+03 2.249000000000000000e+03
7.700000000000000000e+03 2.319000000000000000e+03
7.800000000000000000e+03 2.294000000000000000e+03
7.900000000000000000e+03 2.353000000000000000e+03
8.000000000000000000e+03 2.510000000000000000e+03
8.100000000000000000e+03 2.584000000000000000e+03
8.200000000000000000e+03 2.862000000000000000e+03
8.300000000000000000e+03 2.988000000000000000e+03
8.400000000000000000e+03 3.007000000000000000e+03
8.500000000000000000e+03 3.217000000000000000e+03
8.600000000000000000e+03 3.440000000000000000e+03
8.700000000000000000e+03 3.597000000000000000e+03
8.800000000000000000e+03 3.778000000000000000e+03
8.900000000000000000e+03 4.012000000000000000e+03
9.000000000000000000e+03 4.314000000000000000e+03
9.100000000000000000e+03 4.254000000000000000e+03
9.200000000000000000e+03 4.443000000000000000e+03
9.300000000000000000e+03 4.571000000000000000e+03
9.400000000000000000e+03 4.715000000000000000e+03
9.500000000000000000e+03 4.975000000000000000e+03
9.600000000000000000e+03 4.932000000000000000e+03
9.700000000000000000e+03 5.191000000000000000e+03
9.800000000000000000e+03 5.279000000000000000e+03
9.900000000000000000e+03 5.277000000000000000e+03
1.000000000000000000e+04 5.459000000000000000e+03
1.010000000000000000e+04 5.566000000000000000e+03
1.020000000000000000e+04 5.613000000000000000e+03
1.030000000000000000e+04 5.869000000000000000e+03
1.040000000000000000e+04 5.975000000000000000e+03
1.050000000000000000e+04 5.960000000000000000e+03
1.060000000000000000e+04 6.039000000000000000e+03
1.070000000000000000e+04 6.014000000000000000e+03
1.080000000000000000e+04 6.246000000000000000e+03
1.090000000000000000e+04 6.320000000000000000e+03
1.100000000000000000e+04 6.299000000000000000e+03
1.110000000000000000e+04 6.145000000000000000e+03
1.120000000000000000e+04 6.359000000000000000e+03
1.130000000000000000e+04 6.391000000000000000e+03
1.140000000000000000e+04 6.536000000000000000e+03
1.150000000000000000e+04 6.378000000000000000e+03
1.160000000000000000e+04 6.405000000000000000e+03
1.170000000000000000e+04 6.392000000000000000e+03
1.180000000000000000e+04 6.530000000000000000e+03
1.190000000000000000e+04 6.442000000000000000e+03
1.200000000000000000e+04 6.478000000000000000e+03
1.210000000000000000e+04 6.462000000000000000e+03
1.220000000000000000e+04 6.634000000000000000e+03
1.230000000000000000e+04 6.389000000000000000e+03
1.240000000000000000e+04 6.331000000000000000e+03
1.250000000000000000e+04 6.411000000000000000e+03
1.260000000000000000e+04 6.416000000000000000e+03
1.270000000000000000e+04 6.358000000000000000e+03
1.280000000000000000e+04 6.446000000000000000e+03
1.290000000000000000e+04 6.356000000000000000e+03
1.300000000000000000e+04 6.271000000000000000e+03
1.310000000000000000e+04 6.268000000000000000e+03
1.320000000000000000e+04 6.110000000000000000e+03
1.330000000000000000e+04 6.029000000000000000e+03
1.340000000000000000e+04 6.105000000000000000e+03
1.350000000000000000e+04 5.874000000000000000e+03
1.360000000000000000e+04 5.688000000000000000e+03
1.370000000000000000e+04 5.838000000000000000e+03
1.380000000000000000e+04 5.821000000000000000e+03
1.390000000000000000e+04 5.686000000000000000e+03
1.400000000000000000e+04 5.541000000000000000e+03
1.410000000000000000e+04 5.297000000000000000e+03
1.420000000000000000e+04 5.507000000000000000e+03
1.430000000000000000e+04 5.321000000000000000e+03
1.440000000000000000e+04 5.151000000000000000e+03
1.450000000000000000e+04 5.104000000000000000e+03
1.460000000000000000e+04 4.880000000000000000e+03
1.470000000000000000e+04 4.665000000000000000e+03
1.480000000000000000e+04 4.684000000000000000e+03
1.490000000000000000e+04 4.412000000000000000e+03
1.500000000000000000e+04 4.291000000000000000e+03
1.510000000000000000e+04 4.091000000000000000e+03
1.520000000000000000e+04 4.213000000000000000e+03
1.530000000000000000e+04 3.930000000000000000e+03
1.540000000000000000e+04 3.794000000000000000e+03
1.550000000000000000e+04 3.733000000000000000e+03
1.560000000000000000e+04 3.358000000000000000e+03
1.570000000000000000e+04 3.305000000000000000e+03
1.580000000000000000e+04 3.215000000000000000e+03
1.590000000000000000e+04 3.078000000000000000e+03
1.600000000000000000e+04 2.915000000000000000e+03
1.610000000000000000e+04 2.842000000000000000e+03
1.620000000000000000e+04 2.747000000000000000e+03
1.630000000000000000e+04 2.640000000000000000e+03
1.640000000000000000e+04 2.539000000000000000e+03
1.650000000000000000e+04 2.503000000000000000e+03
1.660000000000000000e+04 2.367000000000000000e+03
1.670000000000000000e+04 2.235000000000000000e+03
1.680000000000000000e+04 2.249000000000000000e+03
1.690000000000000000e+04 2.201000000000000000e+03
1.700000000000000000e+04 2.112000000000000000e+03
1.710000000000000000e+04 2.122000000000000000e+03
1.720000000000000000e+04 2.091000000000000000e+03
1.730000000000000000e+04 2.057000000000000000e+03
1.740000000000000000e+04 2.180000000000000000e+03
1.750000000000000000e+04 2.271000000000000000e+03
1.760000000000000000e+04 2.278000000000000000e+03
1.770000000000000000e+04 2.345000000000000000e+03
1.780000000000000000e+04 2.347000000000000000e+03
1.790000000000000000e+04 2.499000000000000000e+03
1.800000000000000000e+04 2.581000000000000000e+03
1.810000000000000000e+04 2.679000000000000000e+03
1.820000000000000000e+04 2.801000000000000000e+03
1.830000000000000000e+04 2.976000000000000000e+03
1.840000000000000000e+04 3.112000000000000000e+03
1.850000000000000000e+04 3.160000000000000000e+03
1.860000000000000000e+04 3.392000000000000000e+03
1.870000000000000000e+04 3.437000000000000000e+03
1.880000000000000000e+04 3.840000000000000000e+03
1.890000000000000000e+04 3.901000000000000000e+03
1.900000000000000000e+04 4.095000000000000000e+03
1.910000000000000000e+04 4.326000000000000000e+03
1.920000000000000000e+04 4.440000000000000000e+03
1.930000000000000000e+04 4.484000000000000000e+03
1.940000000000000000e+04 4.807000000000000000e+03
1.950000000000000000e+04 5.006000000000000000e+03
1.960000000000000000e+04 5.206000000000000000e+03
1.970000000000000000e+04 5.151000000000000000e+03
1.980000000000000000e+04 5.349000000000000000e+03
1.990000000000000000e+04 5.375000000000000000e+03
