0.000000000000000000e+00 6.213000000000000000e+03
2.000000000000000000e+01 6.423000000000000000e+03
4.000000000000000000e+01 6.521000000000000000e+03
6.000000000000000000e+01 6.582000000000000000e+03
8.000000000000000000e+01 6.816000000000000000e+03
1.000000000000000000e+02 6.925000000000000000e+03
1.200000000000000000e+02 7.102000000000000000e+03
1.400000000000000000e+02 7.271000000000000000e+03
1.600000000000000000e+02 7.293000000000000000e+03
1.800000000000000000e+02 7.333000000000000000e+03
2.000000000000000000e+02 7.542000000000000000e+03
2.200000000000000000e+02 7.621000000000000000e+03
2.400000000000000000e+02 7.691000000000000000e+03
2.600000000000000000e+02 7.854000000000000000e+03
2.800000000000000000e+02 7.895000000000000000e+03
3.000000000000000000e+02 8.078000000000000000e+03
3.200000000000000000e+02 8.233000000000000000e+03
3.400000000000000000e+02 8.247000000000000000e+03
3.600000000000000000e+02 8.151000000000000000e+03
3.800000000000000000e+02 8.101000000000000000e+03
4.000000000000000000e+02 8.136000000000000000e+03
4.200000000000000000e+02 8.244000000000000000e+03
4.400000000000000000e+02 8.293000000000000000e+03
4.600000000000000000e+02 8.508000000000000000e+03
4.800000000000000000e+02 8.375000000000000000e+03
5.000000000000000000e+02 8.432000000000000000e+03
5.200000000000000000e+02 8.484000000000000000e+03
5.400000000000000000e+02 8.345000000000000000e+03
5.600000000000000000e+02 8.483000000000000000e+03
5.800000000000000000e+02 8.256000000000000000e+03
6.000000000000000000e+02 8.252000000000000000e+03
6.200000000000000000e+02 8.474000000000000000e+03
6.400000000000000000e+02 8.352000000000000000e+03
6.600000000000000000e+02 8.285000000000000000e+03
6.800000000000000000e+02 8.345000000000000000e+03
7.000000000000000000e+02 8.145000000000000000e+03
7.200000000000000000e+02 8.333000000000000000e+03
7.400000000000000000e+02 8.177000000000000000e+03
7.600000000000000000e+02 7.954000000000000000e+03
7.800000000000000000e+02 8.135000000000000000e+03
8.000000000000000000e+02 7.904000000000000000e+03
8.200000000000000000e+02 7.990000000000000000e+03
8.400000000000000000e+02 7.783000000000000000e+03
8.600000000000000000e+02 7.546000000000000000e+03
8.800000000000000000e+02 7.540000000000000000e+03
9.000000000000000000e+02 7.453000000000000000e+03
9.200000000000000000e+02 7.492000000000000000e+03
9.400000000000000000e+02 7.135000000000000000e+03
9.600000000000000000e+02 7.127000000000000000e+03
9.800000000000000000e+02 6.985000000000000000e+03
1.000000000000000000e+03 6.817000000000000000e+03
1.020000000000000000e+03 6.665000000000000000e+03
1.040000000000000000e+03 6.512000000000000000e+03
1.060000000000000000e+03 6.331000000000000000e+03
1.080000000000000000e+03 6.113000000000000000e+03
1.100000000000000000e+03 6.182000000000000000e+03
1.120000000000000000e+03 5.886000000000000000e+03
1.140000000000000000e+03 5.614000000000000000e+03
1.160000000000000000e+03 5.619000000000000000e+03
1.180000000000000000e+03 5.435000000000000000e+03
1.200000000000000000e+03 5.351000000000000000e+03
1.220000000000000000e+03 5.167000000000000000e+03
1.240000000000000000e+03 5.025000000000000000e+03
1.260000000000000000e+03 4.720000000000000000e+03
1.280000000000000000e+03 4.729000000000000000e+03
1.300000000000000000e+03 4.683000000000000000e+03
1.320000000000000000e+03 4.440000000000000000e+03
1.340000000000000000e+03 4.322000000000000000e+03
1.360000000000000000e+03 4.227000000000000000e+03
1.380000000000000000e+03 4.080000000000000000e+03
1.400000000000000000e+03 4.020000000000000000e+03
1.420000000000000000e+03 3.943000000000000000e+03
1.440000000000000000e+03 3.949000000000000000e+03
1.460000000000000000e+03 3.866000000000000000e+03
1.480000000000000000e+03 3.810000000000000000e+03
1.500000000000000000e+03 3.772000000000000000e+03
1.520000000000000000e+03 3.590000000000000000e+03
1.540000000000000000e+03 3.608000000000000000e+03
1.560000000000000000e+03 3.743000000000000000e+03
1.580000000000000000e+03 3.556000000000000000e+03
1.600000000000000000e+03 3.662000000000000000e+03
1.620000000000000000e+03 3.743000000000000000e+03
1.640000000000000000e+03 3.667000000000000000e+03
1.660000000000000000e+03 3.702000000000000000e+03
1.680000000000000000e+03 3.881000000000000000e+03
1.700000000000000000e+03 3.931000000000000000e+03
1.720000000000000000e+03 4.009000000000000000e+03
1.740000000000000000e+03 4.144000000000000000e+03
1.760000000000000000e+03 4.115000000000000000e+03
1.780000000000000000e+03 4.444000000000000000e+03
1.800000000000000000e+03 4.426000000000000000e+03
1.820000000000000000e+03 4.529000000000000000e+03
1.840000000000000000e+03 4.733000000000000000e+03
1.860000000000000000e+03 4.964000000000000000e+03
1.880000000000000000e+03 5.039000000000000000e+03
1.900000000000000000e+03 5.242000000000000000e+03
1.920000000000000000e+03 5.269000000000000000e+03
1.940000000000000000e+03 5.649000000000000000e+03
1.960000000000000000e+03 5.931000000000000000e+03
1.980000000000000000e+03 6.045000000000000000e+03
2.000000000000000000e+03 6.256000000000000000e+03
2.020000000000000000e+03 6.454000000000000000e+03
2.040000000000000000e+03 6.609000000000000000e+03
2.060000000000000000e+03 6.757000000000000000e+03
2.080000000000000000e+03 6.890000000000000000e+03
2.100000000000000000e+03 6.986000000000000000e+03
2.120000000000000000e+03 7.097000000000000000e+03
2.140000000000000000e+03 7.206000000000000000e+03
2.160000000000000000e+03 7.422000000000000000e+03
2.180000000000000000e+03 7.641000000000000000e+03
2.200000000000000000e+03 7.438000000000000000e+03
2.220000000000000000e+03 7.744000000000000000e+03
2.240000000000000000e+03 7.744000000000000000e+03
2.260000000000000000e+03 7.823000000000000000e+03
2.280000000000000000e+03 7.838000000000000000e+03
2.300000000000000000e+03 7.911000000000000000e+03
2.320000000000000000e+03 8.009000000000000000e+03
2.340000000000000000e+03 7.832000000000000000e+03
2.360000000000000000e+03 8.237000000000000000e+03
2.380000000000000000e+03 8.130000000000000000e+03
2.400000000000000000e+03 8.129000000000000000e+03
2.420000000000000000e+03 8.333000000000000000e+03
2.440000000000000000e+03 8.252000000000000000e+03
2.460000000000000000e+03 8.260000000000000000e+03
2.480000000000000000e+03 8.292000000000000000e+03
2.500000000000000000e+03 8.238000000000000000e+03
2.520000000000000000e+03 8.274000000000000000e+03
2.540000000000000000e+03 8.164000000000000000e+03
2.560000000000000000e+03 8.407000000000000000e+03
2.580000000000000000e+03 8.414000000000000000e+03
2.600000000000000000e+03 8.413000000000000000e+03
2.620000000000000000e+03 8.268000000000000000e+03
2.640000000000000000e+03 8.431000000000000000e+03
2.660000000000000000e+03 8.273000000000000000e+03
2.680000000000000000e+03 8.319000000000000000e+03
2.700000000000000000e+03 8.295000000000000000e+03
2.720000000000000000e+03 8.210000000000000000e+03
2.740000000000000000e+03 8.047000000000000000e+03
2.760000000000000000e+03 8.052000000000000000e+03
2.780000000000000000e+03 7.921000000000000000e+03
2.800000000000000000e+03 7.779000000000000000e+03
2.820000000000000000e+03 7.878000000000000000e+03
2.840000000000000000e+03 7.818000000000000000e+03
2.860000000000000000e+03 7.717000000000000000e+03
2.880000000000000000e+03 7.555000000000000000e+03
2.900000000000000000e+03 7.437000000000000000e+03
2.920000000000000000e+03 7.339000000000000000e+03
2.940000000000000000e+03 7.038000000000000000e+03
2.960000000000000000e+03 7.207000000000000000e+03
2.980000000000000000e+03 6.798000000000000000e+03
3.000000000000000000e+03 6.627000000000000000e+03
3.020000000000000000e+03 6.671000000000000000e+03
3.040000000000000000e+03 6.548000000000000000e+03
3.060000000000000000e+03 6.375000000000000000e+03
3.080000000000000000e+03 6.170000000000000000e+03
3.100000000000000000e+03 5.895000000000000000e+03
3.120000000000000000e+03 5.872000000000000000e+03
3.140000000000000000e+03 5.695000000000000000e+03
3.160000000000000000e+03 5.553000000000000000e+03
3.180000000000000000e+03 5.432000000000000000e+03
3.200000000000000000e+03 5.261000000000000000e+03
3.220000000000000000e+03 5.110000000000000000e+03
3.240000000000000000e+03 4.924000000000000000e+03
3.260000000000000000e+03 4.775000000000000000e+03
3.280000000000000000e+03 4.762000000000000000e+03
3.300000000000000000e+03 4.632000000000000000e+03
3.320000000000000000e+03 4.474000000000000000e+03
3.340000000000000000e+03 4.407000000000000000e+03
3.360000000000000000e+03 4.349000000000000000e+03
3.380000000000000000e+03 4.092000000000000000e+03
3.400000000000000000e+03 3.986000000000000000e+03
3.420000000000000000e+03 4.027000000000000000e+03
3.440000000000000000e+03 3.889000000000000000e+03
3.460000000000000000e+03 3.901000000000000000e+03
3.480000000000000000e+03 3.806000000000000000e+03
3.500000000000000000e+03 3.758000000000000000e+03
3.520000000000000000e+03 3.664000000000000000e+03
3.540000000000000000e+03 3.608000000000000000e+03
3.560000000000000000e+03 3.649000000000000000e+03
3.580000000000000000e+03 3.756000000000000000e+03
3.600000000000000000e+03 3.766000000000000000e+03
3.620000000000000000e+03 3.479000000000000000e+03
3.640000000000000000e+03 3.650000000000000000e+03
3.660000000000000000e+03 3.762000000000000000e+03
3.680000000000000000e+03 3.802000000000000000e+03
3.700000000000000000e+03 3.888000000000000000e+03
3.720000000000000000e+03 4.149000000000000000e+03
3.740000000000000000e+03 4.144000000000000000e+03
3.760000000000000000e+03 4.122000000000000000e+03
3.780000000000000000e+03 4.266000000000000000e+03
3.800000000000000000e+03 4.469000000000000000e+03
3.820000000000000000e+03 4.747000000000000000e+03
3.840000000000000000e+03 4.820000000000000000e+03
3.860000000000000000e+03 4.915000000000000000e+03
3.880000000000000000e+03 5.169000000000000000e+03
3.900000000000000000e+03 5.551000000000000000e+03
3.920000000000000000e+03 5.481000000000000000e+03
3.940000000000000000e+03 5.671000000000000000e+03
3.960000000000000000e+03 5.883000000000000000e+03
3.980000000000000000e+03 5.943000000000000000e+03
