0.000000000000000000e+00 5.912000000000000000e+03
1.400000000000000000e+01 6.178000000000000000e+03
2.800000000000000000e+01 6.164000000000000000e+03
4.200000000000000000e+01 6.417000000000000000e+03
5.600000000000000000e+01 6.725000000000000000e+03
7.000000000000000000e+01 6.708000000000000000e+03
8.400000000000000000e+01 6.896000000000000000e+03
9.800000000000000000e+01 6.968000000000000000e+03
1.120000000000000000e+02 7.098000000000000000e+03
1.260000000000000000e+02 7.221000000000000000e+03
1.400000000000000000e+02 7.183000000000000000e+03
1.540000000000000000e+02 7.259000000000000000e+03
1.680000000000000000e+02 7.643000000000000000e+03
1.820000000000000000e+02 7.632000000000000000e+03
1.960000000000000000e+02 7.599000000000000000e+03
2.100000000000000000e+02 7.878000000000000000e+03
2.240000000000000000e+02 7.712000000000000000e+03
2.380000000000000000e+02 7.823000000000000000e+03
2.520000000000000000e+02 7.913000000000000000e+03
2.660000000000000000e+02 7.746000000000000000e+03
2.800000000000000000e+02 7.936000000000000000e+03
2.940000000000000000e+02 8.054000000000000000e+03
3.080000000000000000e+02 7.952000000000000000e+03
3.220000000000000000e+02 7.878000000000000000e+03
3.360000000000000000e+02 7.951000000000000000e+03
3.500000000000000000e+02 8.166000000000000000e+03
3.640000000000000000e+02 8.020000000000000000e+03
3.780000000000000000e+02 8.006000000000000000e+03
3.920000000000000000e+02 8.129000000000000000e+03
4.060000000000000000e+02 8.061000000000000000e+03
4.200000000000000000e+02 8.195000000000000000e+03
4.340000000000000000e+02 8.044000000000000000e+03
4.480000000000000000e+02 7.888000000000000000e+03
4.620000000000000000e+02 7.700000000000000000e+03
4.760000000000000000e+02 8.034000000000000000e+03
4.900000000000000000e+02 7.851000000000000000e+03
5.040000000000000000e+02 7.777000000000000000e+03
5.180000000000000000e+02 7.679000000000000000e+03
5.320000000000000000e+02 7.474000000000000000e+03
5.460000000000000000e+02 7.589000000000000000e+03
5.600000000000000000e+02 7.450000000000000000e+03
5.740000000000000000e+02 7.331000000000000000e+03
5.880000000000000000e+02 7.234000000000000000e+03
6.020000000000000000e+02 7.282000000000000000e+03
6.160000000000000000e+02 7.175000000000000000e+03
6.300000000000000000e+02 7.094000000000000000e+03
6.440000000000000000e+02 6.722000000000000000e+03
6.580000000000000000e+02 6.691000000000000000e+03
6.720000000000000000e+02 6.798000000000000000e+03
6.860000000000000000e+02 6.571000000000000000e+03
7.000000000000000000e+02 6.494000000000000000e+03
7.140000000000000000e+02 6.353000000000000000e+03
7.280000000000000000e+02 6.216000000000000000e+03
7.420000000000000000e+02 6.154000000000000000e+03
7.560000000000000000e+02 5.909000000000000000e+03
7.700000000000000000e+02 5.982000000000000000e+03
7.840000000000000000e+02 5.809000000000000000e+03
7.980000000000000000e+02 5.661000000000000000e+03
8.120000000000000000e+02 5.485000000000000000e+03
8.260000000000000000e+02 5.417000000000000000e+03
8.400000000000000000e+02 5.098000000000000000e+03
8.540000000000000000e+02 5.129000000000000000e+03
8.680000000000000000e+02 4.950000000000000000e+03
8.820000000000000000e+02 4.919000000000000000e+03
8.960000000000000000e+02 4.875000000000000000e+03
9.100000000000000000e+02 4.688000000000000000e+03
9.240000000000000000e+02 4.534000000000000000e+03
9.380000000000000000e+02 4.511000000000000000e+03
9.520000000000000000e+02 4.416000000000000000e+03
9.660000000000000000e+02 4.260000000000000000e+03
9.800000000000000000e+02 4.253000000000000000e+03
9.940000000000000000e+02 4.176000000000000000e+03
1.008000000000000000e+03 4.118000000000000000e+03
1.022000000000000000e+03 4.057000000000000000e+03
1.036000000000000000e+03 4.119000000000000000e+03
1.050000000000000000e+03 4.008000000000000000e+03
1.064000000000000000e+03 3.769000000000000000e+03
1.078000000000000000e+03 3.734000000000000000e+03
1.092000000000000000e+03 3.563000000000000000e+03
1.106000000000000000e+03 3.736000000000000000e+03
1.120000000000000000e+03 3.768000000000000000e+03
1.134000000000000000e+03 3.825000000000000000e+03
1.148000000000000000e+03 3.866000000000000000e+03
1.162000000000000000e+03 3.771000000000000000e+03
1.176000000000000000e+03 3.830000000000000000e+03
1.190000000000000000e+03 3.944000000000000000e+03
1.204000000000000000e+03 3.968000000000000000e+03
1.218000000000000000e+03 4.018000000000000000e+03
1.232000000000000000e+03 4.060000000000000000e+03
1.246000000000000000e+03 4.193000000000000000e+03
1.260000000000000000e+03 4.256000000000000000e+03
1.274000000000000000e+03 4.389000000000000000e+03
1.288000000000000000e+03 4.479000000000000000e+03
1.302000000000000000e+03 4.483000000000000000e+03
1.316000000000000000e+03 4.840000000000000000e+03
1.330000000000000000e+03 5.079000000000000000e+03
1.344000000000000000e+03 5.020000000000000000e+03
1.358000000000000000e+03 5.237000000000000000e+03
1.372000000000000000e+03 5.252000000000000000e+03
1.386000000000000000e+03 5.603000000000000000e+03
1.400000000000000000e+03 5.683000000000000000e+03
1.414000000000000000e+03 5.757000000000000000e+03
1.428000000000000000e+03 5.960000000000000000e+03
1.442000000000000000e+03 6.148000000000000000e+03
1.456000000000000000e+03 6.441000000000000000e+03
1.470000000000000000e+03 6.432000000000000000e+03
1.484000000000000000e+03 6.673000000000000000e+03
1.498000000000000000e+03 6.660000000000000000e+03
1.512000000000000000e+03 6.991000000000000000e+03
1.526000000000000000e+03 7.168000000000000000e+03
1.540000000000000000e+03 7.260000000000000000e+03
1.554000000000000000e+03 7.345000000000000000e+03
1.568000000000000000e+03 7.603000000000000000e+03
1.582000000000000000e+03 7.444000000000000000e+03
1.596000000000000000e+03 7.574000000000000000e+03
1.610000000000000000e+03 7.805000000000000000e+03
1.624000000000000000e+03 7.808000000000000000e+03
1.638000000000000000e+03 7.823000000000000000e+03
1.652000000000000000e+03 7.777000000000000000e+03
1.666000000000000000e+03 7.947000000000000000e+03
1.680000000000000000e+03 8.118000000000000000e+03
1.694000000000000000e+03 7.934000000000000000e+03
1.708000000000000000e+03 8.101000000000000000e+03
1.722000000000000000e+03 7.904000000000000000e+03
1.736000000000000000e+03 8.041000000000000000e+03
1.750000000000000000e+03 8.140000000000000000e+03
1.764000000000000000e+03 8.065000000000000000e+03
1.778000000000000000e+03 8.048000000000000000e+03
1.792000000000000000e+03 8.179000000000000000e+03
1.806000000000000000e+03 8.027000000000000000e+03
1.820000000000000000e+03 8.117000000000000000e+03
1.834000000000000000e+03 8.015000000000000000e+03
1.848000000000000000e+03 7.991000000000000000e+03
1.862000000000000000e+03 8.200000000000000000e+03
1.876000000000000000e+03 7.852000000000000000e+03
1.890000000000000000e+03 7.970000000000000000e+03
1.904000000000000000e+03 7.901000000000000000e+03
1.918000000000000000e+03 7.899000000000000000e+03
1.932000000000000000e+03 7.676000000000000000e+03
1.946000000000000000e+03 7.526000000000000000e+03
1.960000000000000000e+03 7.706000000000000000e+03
1.974000000000000000e+03 7.638000000000000000e+03
1.988000000000000000e+03 7.483000000000000000e+03
2.002000000000000000e+03 7.176000000000000000e+03
2.016000000000000000e+03 7.433000000000000000e+03
2.030000000000000000e+03 7.281000000000000000e+03
2.044000000000000000e+03 7.165000000000000000e+03
2.058000000000000000e+03 7.080000000000000000e+03
2.072000000000000000e+03 6.892000000000000000e+03
2.086000000000000000e+03 6.795000000000000000e+03
2.100000000000000000e+03 6.734000000000000000e+03
2.114000000000000000e+03 6.618000000000000000e+03
2.128000000000000000e+03 6.467000000000000000e+03
2.142000000000000000e+03 6.239000000000000000e+03
2.156000000000000000e+03 6.153000000000000000e+03
2.170000000000000000e+03 6.072000000000000000e+03
2.184000000000000000e+03 5.983000000000000000e+03
2.198000000000000000e+03 5.874000000000000000e+03
2.212000000000000000e+03 5.688000000000000000e+03
2.226000000000000000e+03 5.630000000000000000e+03
2.240000000000000000e+03 5.474000000000000000e+03
2.254000000000000000e+03 5.355000000000000000e+03
2.268000000000000000e+03 5.384000000000000000e+03
2.282000000000000000e+03 5.160000000000000000e+03
2.296000000000000000e+03 4.953000000000000000e+03
2.310000000000000000e+03 4.890000000000000000e+03
2.324000000000000000e+03 4.774000000000000000e+03
2.338000000000000000e+03 4.750000000000000000e+03
2.352000000000000000e+03 4.618000000000000000e+03
2.366000000000000000e+03 4.371000000000000000e+03
2.380000000000000000e+03 4.353000000000000000e+03
2.394000000000000000e+03 4.311000000000000000e+03
2.408000000000000000e+03 4.102000000000000000e+03
2.422000000000000000e+03 4.132000000000000000e+03
2.436000000000000000e+03 4.098000000000000000e+03
2.450000000000000000e+03 3.945000000000000000e+03
2.464000000000000000e+03 3.750000000000000000e+03
2.478000000000000000e+03 3.787000000000000000e+03
2.492000000000000000e+03 3.788000000000000000e+03
2.506000000000000000e+03 3.742000000000000000e+03
2.520000000000000000e+03 3.763000000000000000e+03
2.534000000000000000e+03 3.709000000000000000e+03
2.548000000000000000e+03 3.743000000000000000e+03
2.562000000000000000e+03 3.608000000000000000e+03
2.576000000000000000e+03 3.680000000000000000e+03
2.590000000000000000e+03 3.755000000000000000e+03
2.604000000000000000e+03 3.793000000000000000e+03
2.618000000000000000e+03 3.895000000000000000e+03
2.632000000000000000e+03 3.885000000000000000e+03
2.646000000000000000e+03 3.892000000000000000e+03
2.660000000000000000e+03 3.997000000000000000e+03
2.674000000000000000e+03 4.026000000000000000e+03
2.688000000000000000e+03 4.106000000000000000e+03
2.702000000000000000e+03 4.229000000000000000e+03
2.716000000000000000e+03 4.326000000000000000e+03
2.730000000000000000e+03 4.593000000000000000e+03
2.744000000000000000e+03 4.699000000000000000e+03
2.758000000000000000e+03 4.809000000000000000e+03
2.772000000000000000e+03 4.876000000000000000e+03
2.786000000000000000e+03 5.088000000000000000e+03
2.800000000000000000e+03 5.141000000000000000e+03
2.814000000000000000e+03 5.373000000000000000e+03
2.828000000000000000e+03 5.612000000000000000e+03
2.842000000000000000e+03 5.677000000000000000e+03
