0.000000000000000000e+00 1.256200000000000000e+04
5.000000000000000000e+03 1.293200000000000000e+04
1.000000000000000000e+04 1.291900000000000000e+04
1.500000000000000000e+04 1.318900000000000000e+04
2.000000000000000000e+04 1.340000000000000000e+04
2.500000000000000000e+04 1.354000000000000000e+04
3.000000000000000000e+04 1.354300000000000000e+04
3.500000000000000000e+04 1.376800000000000000e+04
4.000000000000000000e+04 1.407700000000000000e+04
4.500000000000000000e+04 1.397300000000000000e+04
5.000000000000000000e+04 1.418000000000000000e+04
5.500000000000000000e+04 1.388900000000000000e+04
6.000000000000000000e+04 1.417900000000000000e+04
6.500000000000000000e+04 1.410800000000000000e+04
7.000000000000000000e+04 1.436400000000000000e+04
7.500000000000000000e+04 1.451300000000000000e+04
8.000000000000000000e+04 1.432100000000000000e+04
8.500000000000000000e+04 1.424600000000000000e+04
9.000000000000000000e+04 1.442000000000000000e+04
9.500000000000000000e+04 1.429000000000000000e+04
1.000000000000000000e+05 1.446300000000000000e+04
1.050000000000000000e+05 1.423100000000000000e+04
1.100000000000000000e+05 1.415700000000000000e+04
1.150000000000000000e+05 1.419800000000000000e+04
1.200000000000000000e+05 1.419000000000000000e+04
1.250000000000000000e+05 1.410000000000000000e+04
1.300000000000000000e+05 1.429500000000000000e+04
1.350000000000000000e+05 1.415400000000000000e+04
1.400000000000000000e+05 1.410200000000000000e+04
1.450000000000000000e+05 1.399000000000000000e+04
1.500000000000000000e+05 1.385200000000000000e+04
1.550000000000000000e+05 1.376800000000000000e+04
1.600000000000000000e+05 1.357800000000000000e+04
1.650000000000000000e+05 1.339600000000000000e+04
1.700000000000000000e+05 1.359200000000000000e+04
1.750000000000000000e+05 1.325600000000000000e+04
1.800000000000000000e+05 1.311800000000000000e+04
1.850000000000000000e+05 1.288200000000000000e+04
1.900000000000000000e+05 1.285200000000000000e+04
1.950000000000000000e+05 1.233700000000000000e+04
2.000000000000000000e+05 1.240400000000000000e+04
2.050000000000000000e+05 1.215200000000000000e+04
2.100000000000000000e+05 1.191000000000000000e+04
2.150000000000000000e+05 1.186700000000000000e+04
2.200000000000000000e+05 1.117200000000000000e+04
2.250000000000000000e+05 1.080500000000000000e+04
2.300000000000000000e+05 1.063100000000000000e+04
2.350000000000000000e+05 1.025600000000000000e+04
2.400000000000000000e+05 1.008400000000000000e+04
2.450000000000000000e+05 9.686000000000000000e+03
2.500000000000000000e+05 9.442000000000000000e+03
2.550000000000000000e+05 9.196000000000000000e+03
2.600000000000000000e+05 8.689000000000000000e+03
2.650000000000000000e+05 8.457000000000000000e+03
2.700000000000000000e+05 8.028000000000000000e+03
2.750000000000000000e+05 7.801000000000000000e+03
2.800000000000000000e+05 7.363000000000000000e+03
2.850000000000000000e+05 7.158000000000000000e+03
2.900000000000000000e+05 6.797000000000000000e+03
2.950000000000000000e+05 6.248000000000000000e+03
3.000000000000000000e+05 6.214000000000000000e+03
3.050000000000000000e+05 5.862000000000000000e+03
3.100000000000000000e+05 5.695000000000000000e+03
3.150000000000000000e+05 5.509000000000000000e+03
3.200000000000000000e+05 5.370000000000000000e+03
3.250000000000000000e+05 5.119000000000000000e+03
3.300000000000000000e+05 4.979000000000000000e+03
3.350000000000000000e+05 4.898000000000000000e+03
3.400000000000000000e+05 4.878000000000000000e+03
3.450000000000000000e+05 4.757000000000000000e+03
3.500000000000000000e+05 4.777000000000000000e+03
3.550000000000000000e+05 4.856000000000000000e+03
3.600000000000000000e+05 5.005000000000000000e+03
3.650000000000000000e+05 5.132000000000000000e+03
3.700000000000000000e+05 5.471000000000000000e+03
3.750000000000000000e+05 5.369000000000000000e+03
3.800000000000000000e+05 5.608000000000000000e+03
3.850000000000000000e+05 5.751000000000000000e+03
3.900000000000000000e+05 6.108000000000000000e+03
3.950000000000000000e+05 6.416000000000000000e+03
4.000000000000000000e+05 6.713000000000000000e+03
4.050000000000000000e+05 7.069000000000000000e+03
4.100000000000000000e+05 7.216000000000000000e+03
4.150000000000000000e+05 7.473000000000000000e+03
4.200000000000000000e+05 7.771000000000000000e+03
4.250000000000000000e+05 8.304000000000000000e+03
4.300000000000000000e+05 8.446000000000000000e+03
4.350000000000000000e+05 8.969000000000000000e+03
4.400000000000000000e+05 9.215000000000000000e+03
4.450000000000000000e+05 9.457000000000000000e+03
4.500000000000000000e+05 9.826000000000000000e+03
4.550000000000000000e+05 1.041400000000000000e+04
4.600000000000000000e+05 1.059000000000000000e+04
4.650000000000000000e+05 1.099200000000000000e+04
4.700000000000000000e+05 1.103600000000000000e+04
4.750000000000000000e+05 1.134500000000000000e+04
4.800000000000000000e+05 1.153400000000000000e+04
4.850000000000000000e+05 1.206500000000000000e+04
4.900000000000000000e+05 1.224100000000000000e+04
4.950000000000000000e+05 1.245300000000000000e+04
5.000000000000000000e+05 1.273000000000000000e+04
5.050000000000000000e+05 1.275600000000000000e+04
5.100000000000000000e+05 1.293700000000000000e+04
5.150000000000000000e+05 1.338900000000000000e+04
5.200000000000000000e+05 1.345300000000000000e+04
5.250000000000000000e+05 1.362100000000000000e+04
5.300000000000000000e+05 1.355600000000000000e+04
5.350000000000000000e+05 1.368600000000000000e+04
5.400000000000000000e+05 1.402100000000000000e+04
5.450000000000000000e+05 1.426100000000000000e+04
5.500000000000000000e+05 1.407800000000000000e+04
5.550000000000000000e+05 1.407000000000000000e+04
5.600000000000000000e+05 1.431200000000000000e+04
5.650000000000000000e+05 1.428400000000000000e+04
5.700000000000000000e+05 1.449600000000000000e+04
5.750000000000000000e+05 1.431600000000000000e+04
5.800000000000000000e+05 1.422700000000000000e+04
5.850000000000000000e+05 1.425500000000000000e+04
5.900000000000000000e+05 1.413900000000000000e+04
5.950000000000000000e+05 1.451400000000000000e+04
6.000000000000000000e+05 1.429300000000000000e+04
6.050000000000000000e+05 1.415700000000000000e+04
6.100000000000000000e+05 1.426200000000000000e+04
6.150000000000000000e+05 1.432800000000000000e+04
6.200000000000000000e+05 1.419000000000000000e+04
6.250000000000000000e+05 1.417500000000000000e+04
6.300000000000000000e+05 1.403900000000000000e+04
6.350000000000000000e+05 1.431500000000000000e+04
6.400000000000000000e+05 1.389800000000000000e+04
6.450000000000000000e+05 1.394100000000000000e+04
6.500000000000000000e+05 1.391400000000000000e+04
6.550000000000000000e+05 1.389400000000000000e+04
6.600000000000000000e+05 1.352300000000000000e+04
6.650000000000000000e+05 1.326500000000000000e+04
6.700000000000000000e+05 1.320500000000000000e+04
6.750000000000000000e+05 1.305800000000000000e+04
6.800000000000000000e+05 1.315600000000000000e+04
6.850000000000000000e+05 1.272100000000000000e+04
6.900000000000000000e+05 1.253600000000000000e+04
6.950000000000000000e+05 1.229700000000000000e+04
7.000000000000000000e+05 1.229800000000000000e+04
7.050000000000000000e+05 1.200900000000000000e+04
7.100000000000000000e+05 1.169500000000000000e+04
7.150000000000000000e+05 1.136700000000000000e+04
7.200000000000000000e+05 1.124000000000000000e+04
7.250000000000000000e+05 1.108600000000000000e+04
7.300000000000000000e+05 1.057300000000000000e+04
7.350000000000000000e+05 1.041900000000000000e+04
7.400000000000000000e+05 9.975000000000000000e+03
7.450000000000000000e+05 9.727000000000000000e+03
7.500000000000000000e+05 9.374000000000000000e+03
7.550000000000000000e+05 9.042000000000000000e+03
7.600000000000000000e+05 8.818000000000000000e+03
7.650000000000000000e+05 8.346000000000000000e+03
7.700000000000000000e+05 8.108000000000000000e+03
7.750000000000000000e+05 7.694000000000000000e+03
7.800000000000000000e+05 7.377000000000000000e+03
7.850000000000000000e+05 7.216000000000000000e+03
7.900000000000000000e+05 6.696000000000000000e+03
7.950000000000000000e+05 6.547000000000000000e+03
8.000000000000000000e+05 6.142000000000000000e+03
8.050000000000000000e+05 5.918000000000000000e+03
8.100000000000000000e+05 5.718000000000000000e+03
8.150000000000000000e+05 5.554000000000000000e+03
8.200000000000000000e+05 5.296000000000000000e+03
8.250000000000000000e+05 5.160000000000000000e+03
8.300000000000000000e+05 4.979000000000000000e+03
8.350000000000000000e+05 4.995000000000000000e+03
8.400000000000000000e+05 4.861000000000000000e+03
8.450000000000000000e+05 4.785000000000000000e+03
8.500000000000000000e+05 4.955000000000000000e+03
8.550000000000000000e+05 5.015000000000000000e+03
8.600000000000000000e+05 5.072000000000000000e+03
8.650000000000000000e+05 5.065000000000000000e+03
8.700000000000000000e+05 5.240000000000000000e+03
8.750000000000000000e+05 5.525000000000000000e+03
8.800000000000000000e+05 5.605000000000000000e+03
8.850000000000000000e+05 5.831000000000000000e+03
8.900000000000000000e+05 5.885000000000000000e+03
8.950000000000000000e+05 6.280000000000000000e+03
9.000000000000000000e+05 6.655000000000000000e+03
9.050000000000000000e+05 6.870000000000000000e+03
9.100000000000000000e+05 7.463000000000000000e+03
9.150000000000000000e+05 7.681000000000000000e+03
9.200000000000000000e+05 7.932000000000000000e+03
9.250000000000000000e+05 8.361000000000000000e+03
9.300000000000000000e+05 8.410000000000000000e+03
9.350000000000000000e+05 9.027000000000000000e+03
9.400000000000000000e+05 9.211000000000000000e+03
9.450000000000000000e+05 9.676000000000000000e+03
9.500000000000000000e+05 9.998000000000000000e+03
9.550000000000000000e+05 1.025400000000000000e+04
9.600000000000000000e+05 1.054400000000000000e+04
9.650000000000000000e+05 1.099700000000000000e+04
9.700000000000000000e+05 1.120200000000000000e+04
9.750000000000000000e+05 1.160300000000000000e+04
9.800000000000000000e+05 1.183100000000000000e+04
9.850000000000000000e+05 1.214200000000000000e+04
9.900000000000000000e+05 1.224600000000000000e+04
9.950000000000000000e+05 1.253700000000000000e+04
