0.000000000000000000e+00 2.478000000000000000e+04
1.000000000000000000e+04 2.575400000000000000e+04
2.000000000000000000e+04 2.599600000000000000e+04
3.000000000000000000e+04 2.630200000000000000e+04
4.000000000000000000e+04 2.674000000000000000e+04
5.000000000000000000e+04 2.706800000000000000e+04
6.000000000000000000e+04 2.722900000000000000e+04
7.000000000000000000e+04 2.720500000000000000e+04
8.000000000000000000e+04 2.766300000000000000e+04
9.000000000000000000e+04 2.771100000000000000e+04
1.000000000000000000e+05 2.807100000000000000e+04
1.100000000000000000e+05 2.808900000000000000e+04
1.200000000000000000e+05 2.874500000000000000e+04
1.300000000000000000e+05 2.851200000000000000e+04
1.400000000000000000e+05 2.855100000000000000e+04
1.500000000000000000e+05 2.878200000000000000e+04
1.600000000000000000e+05 2.870000000000000000e+04
1.700000000000000000e+05 2.885300000000000000e+04
1.800000000000000000e+05 2.893500000000000000e+04
1.900000000000000000e+05 2.858300000000000000e+04
2.000000000000000000e+05 2.889100000000000000e+04
2.100000000000000000e+05 2.920600000000000000e+04
2.200000000000000000e+05 2.884600000000000000e+04
2.300000000000000000e+05 2.887400000000000000e+04
2.400000000000000000e+05 2.833500000000000000e+04
2.500000000000000000e+05 2.843000000000000000e+04
2.600000000000000000e+05 2.842900000000000000e+04
2.700000000000000000e+05 2.872100000000000000e+04
2.800000000000000000e+05 2.834300000000000000e+04
2.900000000000000000e+05 2.776700000000000000e+04
3.000000000000000000e+05 2.760100000000000000e+04
3.100000000000000000e+05 2.738800000000000000e+04
3.200000000000000000e+05 2.759900000000000000e+04
3.300000000000000000e+05 2.702000000000000000e+04
3.400000000000000000e+05 2.661000000000000000e+04
3.500000000000000000e+05 2.604800000000000000e+04
3.600000000000000000e+05 2.598200000000000000e+04
3.700000000000000000e+05 2.596800000000000000e+04
3.800000000000000000e+05 2.536100000000000000e+04
3.900000000000000000e+05 2.524200000000000000e+04
4.000000000000000000e+05 2.458200000000000000e+04
4.100000000000000000e+05 2.438600000000000000e+04
4.200000000000000000e+05 2.367500000000000000e+04
4.300000000000000000e+05 2.317500000000000000e+04
4.400000000000000000e+05 2.231100000000000000e+04
4.500000000000000000e+05 2.177200000000000000e+04
4.600000000000000000e+05 2.116700000000000000e+04
4.700000000000000000e+05 2.072900000000000000e+04
4.800000000000000000e+05 1.985000000000000000e+04
4.900000000000000000e+05 1.910000000000000000e+04
5.000000000000000000e+05 1.844100000000000000e+04
5.100000000000000000e+05 1.772600000000000000e+04
5.200000000000000000e+05 1.704900000000000000e+04
5.300000000000000000e+05 1.649500000000000000e+04
5.400000000000000000e+05 1.570600000000000000e+04
5.500000000000000000e+05 1.490600000000000000e+04
5.600000000000000000e+05 1.445000000000000000e+04
5.700000000000000000e+05 1.361500000000000000e+04
5.800000000000000000e+05 1.292700000000000000e+04
5.900000000000000000e+05 1.251700000000000000e+04
6.000000000000000000e+05 1.167400000000000000e+04
6.100000000000000000e+05 1.125300000000000000e+04
6.200000000000000000e+05 1.076100000000000000e+04
6.300000000000000000e+05 1.050800000000000000e+04
6.400000000000000000e+05 1.013500000000000000e+04
6.500000000000000000e+05 9.718000000000000000e+03
6.600000000000000000e+05 9.478000000000000000e+03
6.700000000000000000e+05 9.264000000000000000e+03
6.800000000000000000e+05 9.169000000000000000e+03
6.900000000000000000e+05 9.258000000000000000e+03
7.000000000000000000e+05 9.208000000000000000e+03
7.100000000000000000e+05 9.045000000000000000e+03
7.200000000000000000e+05 9.351000000000000000e+03
7.300000000000000000e+05 9.568000000000000000e+03
7.400000000000000000e+05 9.772000000000000000e+03
7.500000000000000000e+05 1.021800000000000000e+04
7.600000000000000000e+05 1.081200000000000000e+04
7.700000000000000000e+05 1.106300000000000000e+04
7.800000000000000000e+05 1.145500000000000000e+04
7.900000000000000000e+05 1.225700000000000000e+04
8.000000000000000000e+05 1.276200000000000000e+04
8.100000000000000000e+05 1.320100000000000000e+04
8.200000000000000000e+05 1.388500000000000000e+04
8.300000000000000000e+05 1.448800000000000000e+04
8.400000000000000000e+05 1.524400000000000000e+04
8.500000000000000000e+05 1.607100000000000000e+04
8.600000000000000000e+05 1.645900000000000000e+04
8.700000000000000000e+05 1.772700000000000000e+04
8.800000000000000000e+05 1.824800000000000000e+04
8.900000000000000000e+05 1.891700000000000000e+04
9.000000000000000000e+05 1.964200000000000000e+04
9.100000000000000000e+05 2.024900000000000000e+04
9.200000000000000000e+05 2.111400000000000000e+04
9.300000000000000000e+05 2.177200000000000000e+04
9.400000000000000000e+05 2.239300000000000000e+04
9.500000000000000000e+05 2.259100000000000000e+04
9.600000000000000000e+05 2.318400000000000000e+04
9.700000000000000000e+05 2.365100000000000000e+04
9.800000000000000000e+05 2.435700000000000000e+04
9.900000000000000000e+05 2.475700000000000000e+04
1.000000000000000000e+06 2.518000000000000000e+04
1.010000000000000000e+06 2.547800000000000000e+04
1.020000000000000000e+06 2.576600000000000000e+04
1.030000000000000000e+06 2.628300000000000000e+04
1.040000000000000000e+06 2.676400000000000000e+04
1.050000000000000000e+06 2.694000000000000000e+04
1.060000000000000000e+06 2.767300000000000000e+04
1.070000000000000000e+06 2.725500000000000000e+04
1.080000000000000000e+06 2.740700000000000000e+04
1.090000000000000000e+06 2.834600000000000000e+04
1.100000000000000000e+06 2.815700000000000000e+04
1.110000000000000000e+06 2.811100000000000000e+04
1.120000000000000000e+06 2.817000000000000000e+04
1.130000000000000000e+06 2.853300000000000000e+04
1.140000000000000000e+06 2.875800000000000000e+04
1.150000000000000000e+06 2.871800000000000000e+04
1.160000000000000000e+06 2.876300000000000000e+04
1.170000000000000000e+06 2.888900000000000000e+04
1.180000000000000000e+06 2.906300000000000000e+04
1.190000000000000000e+06 2.887000000000000000e+04
1.200000000000000000e+06 2.887000000000000000e+04
1.210000000000000000e+06 2.871600000000000000e+04
1.220000000000000000e+06 2.852000000000000000e+04
1.230000000000000000e+06 2.873600000000000000e+04
1.240000000000000000e+06 2.871900000000000000e+04
1.250000000000000000e+06 2.819300000000000000e+04
1.260000000000000000e+06 2.835100000000000000e+04
1.270000000000000000e+06 2.865400000000000000e+04
1.280000000000000000e+06 2.820400000000000000e+04
1.290000000000000000e+06 2.810800000000000000e+04
1.300000000000000000e+06 2.771400000000000000e+04
1.310000000000000000e+06 2.799200000000000000e+04
1.320000000000000000e+06 2.733300000000000000e+04
1.330000000000000000e+06 2.702600000000000000e+04
1.340000000000000000e+06 2.684800000000000000e+04
1.350000000000000000e+06 2.659300000000000000e+04
1.360000000000000000e+06 2.615600000000000000e+04
1.370000000000000000e+06 2.577600000000000000e+04
1.380000000000000000e+06 2.511400000000000000e+04
1.390000000000000000e+06 2.487400000000000000e+04
1.400000000000000000e+06 2.437900000000000000e+04
1.410000000000000000e+06 2.394600000000000000e+04
1.420000000000000000e+06 2.339400000000000000e+04
1.430000000000000000e+06 2.286500000000000000e+04
1.440000000000000000e+06 2.218300000000000000e+04
1.450000000000000000e+06 2.174300000000000000e+04
1.460000000000000000e+06 2.124500000000000000e+04
1.470000000000000000e+06 2.066600000000000000e+04
1.480000000000000000e+06 1.995500000000000000e+04
1.490000000000000000e+06 1.908400000000000000e+04
1.500000000000000000e+06 1.848100000000000000e+04
1.510000000000000000e+06 1.770000000000000000e+04
1.520000000000000000e+06 1.706600000000000000e+04
1.530000000000000000e+06 1.655100000000000000e+04
1.540000000000000000e+06 1.552000000000000000e+04
1.550000000000000000e+06 1.481400000000000000e+04
1.560000000000000000e+06 1.457500000000000000e+04
1.570000000000000000e+06 1.356300000000000000e+04
1.580000000000000000e+06 1.296400000000000000e+04
1.590000000000000000e+06 1.239300000000000000e+04
1.600000000000000000e+06 1.191500000000000000e+04
1.610000000000000000e+06 1.124500000000000000e+04
1.620000000000000000e+06 1.077600000000000000e+04
1.630000000000000000e+06 1.025600000000000000e+04
1.640000000000000000e+06 1.038400000000000000e+04
1.650000000000000000e+06 9.699000000000000000e+03
1.660000000000000000e+06 9.423000000000000000e+03
1.670000000000000000e+06 9.295000000000000000e+03
1.680000000000000000e+06 9.053000000000000000e+03
1.690000000000000000e+06 9.187000000000000000e+03
1.700000000000000000e+06 9.053000000000000000e+03
1.710000000000000000e+06 9.197000000000000000e+03
1.720000000000000000e+06 9.337000000000000000e+03
1.730000000000000000e+06 9.589000000000000000e+03
1.740000000000000000e+06 9.866000000000000000e+03
1.750000000000000000e+06 1.023800000000000000e+04
1.760000000000000000e+06 1.070200000000000000e+04
1.770000000000000000e+06 1.125200000000000000e+04
1.780000000000000000e+06 1.154600000000000000e+04
1.790000000000000000e+06 1.208700000000000000e+04
1.800000000000000000e+06 1.269000000000000000e+04
1.810000000000000000e+06 1.348400000000000000e+04
1.820000000000000000e+06 1.380700000000000000e+04
1.830000000000000000e+06 1.465300000000000000e+04
1.840000000000000000e+06 1.527900000000000000e+04
1.850000000000000000e+06 1.602300000000000000e+04
1.860000000000000000e+06 1.680700000000000000e+04
1.870000000000000000e+06 1.741600000000000000e+04
1.880000000000000000e+06 1.828300000000000000e+04
1.890000000000000000e+06 1.892700000000000000e+04
1.900000000000000000e+06 1.972700000000000000e+04
1.910000000000000000e+06 2.046400000000000000e+04
1.920000000000000000e+06 2.079300000000000000e+04
1.930000000000000000e+06 2.169800000000000000e+04
1.940000000000000000e+06 2.245300000000000000e+04
1.950000000000000000e+06 2.262000000000000000e+04
1.960000000000000000e+06 2.354800000000000000e+04
1.970000000000000000e+06 2.386000000000000000e+04
1.980000000000000000e+06 2.408000000000000000e+04
1.990000000000000000e+06 2.487900000000000000e+04
