0.000000000000000000e+00 7.473000000000000000e+03
1.428000000000000000e+03 7.494000000000000000e+03
2.856000000000000000e+03 7.529000000000000000e+03
4.284000000000000000e+03 7.751000000000000000e+03
5.712000000000000000e+03 7.747000000000000000e+03
7.140000000000000000e+03 7.925000000000000000e+03
8.568000000000000000e+03 8.043000000000000000e+03
9.996000000000000000e+03 8.065000000000000000e+03
1.142400000000000000e+04 8.032000000000000000e+03
1.285200000000000000e+04 7.832000000000000000e+03
1.428000000000000000e+04 8.161000000000000000e+03
1.570800000000000000e+04 8.303000000000000000e+03
1.713600000000000000e+04 8.236000000000000000e+03
1.856400000000000000e+04 8.396000000000000000e+03
1.999200000000000000e+04 8.196000000000000000e+03
2.142000000000000000e+04 8.453000000000000000e+03
2.284800000000000000e+04 8.565000000000000000e+03
2.427600000000000000e+04 8.392000000000000000e+03
2.570400000000000000e+04 8.254000000000000000e+03
2.713200000000000000e+04 8.578000000000000000e+03
2.856000000000000000e+04 8.361000000000000000e+03
2.998800000000000000e+04 8.477000000000000000e+03
3.141600000000000000e+04 8.448000000000000000e+03
3.284400000000000000e+04 8.377000000000000000e+03
3.427200000000000000e+04 8.346000000000000000e+03
3.570000000000000000e+04 8.203000000000000000e+03
3.712800000000000000e+04 8.428000000000000000e+03
3.855600000000000000e+04 8.275000000000000000e+03
3.998400000000000000e+04 8.174000000000000000e+03
4.141200000000000000e+04 8.086000000000000000e+03
4.284000000000000000e+04 7.966000000000000000e+03
4.426800000000000000e+04 8.087000000000000000e+03
4.569600000000000000e+04 7.961000000000000000e+03
4.712400000000000000e+04 7.825000000000000000e+03
4.855200000000000000e+04 7.702000000000000000e+03
4.998000000000000000e+04 7.654000000000000000e+03
5.140800000000000000e+04 7.636000000000000000e+03
5.283600000000000000e+04 7.591000000000000000e+03
5.426400000000000000e+04 7.525000000000000000e+03
5.569200000000000000e+04 7.411000000000000000e+03
5.712000000000000000e+04 7.229000000000000000e+03
5.854800000000000000e+04 6.954000000000000000e+03
5.997600000000000000e+04 6.838000000000000000e+03
6.140400000000000000e+04 6.646000000000000000e+03
6.283200000000000000e+04 6.572000000000000000e+03
6.426000000000000000e+04 6.491000000000000000e+03
6.568800000000000000e+04 6.415000000000000000e+03
6.711600000000000000e+04 6.047000000000000000e+03
6.854400000000000000e+04 5.927000000000000000e+03
6.997200000000000000e+04 5.638000000000000000e+03
7.140000000000000000e+04 5.524000000000000000e+03
7.282800000000000000e+04 5.184000000000000000e+03
7.425600000000000000e+04 5.076000000000000000e+03
7.568400000000000000e+04 4.917000000000000000e+03
7.711200000000000000e+04 4.720000000000000000e+03
7.854000000000000000e+04 4.434000000000000000e+03
7.996800000000000000e+04 4.260000000000000000e+03
8.139600000000000000e+04 4.070000000000000000e+03
8.282400000000000000e+04 3.825000000000000000e+03
8.425200000000000000e+04 3.680000000000000000e+03
8.568000000000000000e+04 3.622000000000000000e+03
8.710800000000000000e+04 3.355000000000000000e+03
8.853600000000000000e+04 3.270000000000000000e+03
8.996400000000000000e+04 3.141000000000000000e+03
9.139200000000000000e+04 2.967000000000000000e+03
9.282000000000000000e+04 2.879000000000000000e+03
9.424800000000000000e+04 2.984000000000000000e+03
9.567600000000000000e+04 2.842000000000000000e+03
9.710400000000000000e+04 2.813000000000000000e+03
9.853200000000000000e+04 2.649000000000000000e+03
9.996000000000000000e+04 2.721000000000000000e+03
1.013880000000000000e+05 2.854000000000000000e+03
1.028160000000000000e+05 2.876000000000000000e+03
1.042440000000000000e+05 2.842000000000000000e+03
1.056720000000000000e+05 2.986000000000000000e+03
1.071000000000000000e+05 3.111000000000000000e+03
1.085280000000000000e+05 3.087000000000000000e+03
1.099560000000000000e+05 3.261000000000000000e+03
1.113840000000000000e+05 3.537000000000000000e+03
1.128120000000000000e+05 3.544000000000000000e+03
1.142400000000000000e+05 3.820000000000000000e+03
1.156680000000000000e+05 3.993000000000000000e+03
1.170960000000000000e+05 4.174000000000000000e+03
1.185240000000000000e+05 4.368000000000000000e+03
1.199520000000000000e+05 4.673000000000000000e+03
1.213800000000000000e+05 4.764000000000000000e+03
1.228080000000000000e+05 5.057000000000000000e+03
1.242360000000000000e+05 5.166000000000000000e+03
1.256640000000000000e+05 5.369000000000000000e+03
1.270920000000000000e+05 5.413000000000000000e+03
1.285200000000000000e+05 5.860000000000000000e+03
1.299480000000000000e+05 5.900000000000000000e+03
1.313760000000000000e+05 6.044000000000000000e+03
1.328040000000000000e+05 6.338000000000000000e+03
1.342320000000000000e+05 6.601000000000000000e+03
1.356600000000000000e+05 6.746000000000000000e+03
1.370880000000000000e+05 6.889000000000000000e+03
1.385160000000000000e+05 7.056000000000000000e+03
1.399440000000000000e+05 7.101000000000000000e+03
1.413720000000000000e+05 7.330000000000000000e+03
1.428000000000000000e+05 7.418000000000000000e+03
1.442280000000000000e+05 7.263000000000000000e+03
1.456560000000000000e+05 7.644000000000000000e+03
1.470840000000000000e+05 7.757000000000000000e+03
1.485120000000000000e+05 8.048000000000000000e+03
1.499400000000000000e+05 7.857000000000000000e+03
1.513680000000000000e+05 7.998000000000000000e+03
1.527960000000000000e+05 8.096000000000000000e+03
1.542240000000000000e+05 8.159000000000000000e+03
1.556520000000000000e+05 8.218000000000000000e+03
1.570800000000000000e+05 8.326000000000000000e+03
1.585080000000000000e+05 8.177000000000000000e+03
1.599360000000000000e+05 8.248000000000000000e+03
1.613640000000000000e+05 8.329000000000000000e+03
1.627920000000000000e+05 8.276000000000000000e+03
1.642200000000000000e+05 8.486000000000000000e+03
1.656480000000000000e+05 8.300000000000000000e+03
1.670760000000000000e+05 8.420000000000000000e+03
1.685040000000000000e+05 8.497000000000000000e+03
1.699320000000000000e+05 8.430000000000000000e+03
1.713600000000000000e+05 8.543000000000000000e+03
1.727880000000000000e+05 8.512000000000000000e+03
1.742160000000000000e+05 8.306000000000000000e+03
1.756440000000000000e+05 8.435000000000000000e+03
1.770720000000000000e+05 8.321000000000000000e+03
1.785000000000000000e+05 8.404000000000000000e+03
1.799280000000000000e+05 8.232000000000000000e+03
1.813560000000000000e+05 8.380000000000000000e+03
1.827840000000000000e+05 8.108000000000000000e+03
1.842120000000000000e+05 8.179000000000000000e+03
1.856400000000000000e+05 8.108000000000000000e+03
1.870680000000000000e+05 7.899000000000000000e+03
1.884960000000000000e+05 7.968000000000000000e+03
1.899240000000000000e+05 7.746000000000000000e+03
1.913520000000000000e+05 7.770000000000000000e+03
1.927800000000000000e+05 7.757000000000000000e+03
1.942080000000000000e+05 7.718000000000000000e+03
1.956360000000000000e+05 7.376000000000000000e+03
1.970640000000000000e+05 7.488000000000000000e+03
1.984920000000000000e+05 7.148000000000000000e+03
1.999200000000000000e+05 7.133000000000000000e+03
2.013480000000000000e+05 6.949000000000000000e+03
2.027760000000000000e+05 6.835000000000000000e+03
2.042040000000000000e+05 6.681000000000000000e+03
2.056320000000000000e+05 6.568000000000000000e+03
2.070600000000000000e+05 6.488000000000000000e+03
2.084880000000000000e+05 6.213000000000000000e+03
2.099160000000000000e+05 5.914000000000000000e+03
2.113440000000000000e+05 5.802000000000000000e+03
2.127720000000000000e+05 5.644000000000000000e+03
2.142000000000000000e+05 5.227000000000000000e+03
2.156280000000000000e+05 5.326000000000000000e+03
2.170560000000000000e+05 5.000000000000000000e+03
2.184840000000000000e+05 4.865000000000000000e+03
2.199120000000000000e+05 4.717000000000000000e+03
2.213400000000000000e+05 4.470000000000000000e+03
2.227680000000000000e+05 4.244000000000000000e+03
2.241960000000000000e+05 4.162000000000000000e+03
2.256240000000000000e+05 3.740000000000000000e+03
2.270520000000000000e+05 3.764000000000000000e+03
2.284800000000000000e+05 3.678000000000000000e+03
2.299080000000000000e+05 3.413000000000000000e+03
2.313360000000000000e+05 3.097000000000000000e+03
2.327640000000000000e+05 3.149000000000000000e+03
2.341920000000000000e+05 3.066000000000000000e+03
2.356200000000000000e+05 2.995000000000000000e+03
2.370480000000000000e+05 2.976000000000000000e+03
2.384760000000000000e+05 2.847000000000000000e+03
2.399040000000000000e+05 2.757000000000000000e+03
2.413320000000000000e+05 2.746000000000000000e+03
2.427600000000000000e+05 2.806000000000000000e+03
2.441880000000000000e+05 2.805000000000000000e+03
2.456160000000000000e+05 2.795000000000000000e+03
2.470440000000000000e+05 2.800000000000000000e+03
2.484720000000000000e+05 2.955000000000000000e+03
2.499000000000000000e+05 3.072000000000000000e+03
2.513280000000000000e+05 3.305000000000000000e+03
2.527560000000000000e+05 3.270000000000000000e+03
2.541840000000000000e+05 3.412000000000000000e+03
2.556120000000000000e+05 3.625000000000000000e+03
2.570400000000000000e+05 3.770000000000000000e+03
2.584680000000000000e+05 4.117000000000000000e+03
2.598960000000000000e+05 4.049000000000000000e+03
2.613240000000000000e+05 4.308000000000000000e+03
2.627520000000000000e+05 4.406000000000000000e+03
2.641800000000000000e+05 4.789000000000000000e+03
2.656080000000000000e+05 5.116000000000000000e+03
2.670360000000000000e+05 5.184000000000000000e+03
2.684640000000000000e+05 5.451000000000000000e+03
2.698920000000000000e+05 5.509000000000000000e+03
2.713200000000000000e+05 5.729000000000000000e+03
2.727480000000000000e+05 6.072000000000000000e+03
2.741760000000000000e+05 5.993000000000000000e+03
2.756040000000000000e+05 6.260000000000000000e+03
2.770320000000000000e+05 6.349000000000000000e+03
2.784600000000000000e+05 6.675000000000000000e+03
2.798880000000000000e+05 6.814000000000000000e+03
2.813160000000000000e+05 6.788000000000000000e+03
2.827440000000000000e+05 7.080000000000000000e+03
2.841720000000000000e+05 7.364000000000000000e+03
