0.000000000000000000e+00 7.349000000000000000e+03
2.000000000000000000e+02 7.694000000000000000e+03
4.000000000000000000e+02 7.688000000000000000e+03
6.000000000000000000e+02 7.784000000000000000e+03
8.000000000000000000e+02 7.910000000000000000e+03
1.000000000000000000e+03 7.901000000000000000e+03
1.200000000000000000e+03 8.162000000000000000e+03
1.400000000000000000e+03 8.253000000000000000e+03
1.600000000000000000e+03 8.338000000000000000e+03
1.800000000000000000e+03 8.234000000000000000e+03
2.000000000000000000e+03 8.284000000000000000e+03
2.200000000000000000e+03 8.401000000000000000e+03
2.400000000000000000e+03 8.270000000000000000e+03
2.600000000000000000e+03 8.594000000000000000e+03
2.800000000000000000e+03 8.662000000000000000e+03
3.000000000000000000e+03 8.800000000000000000e+03
3.200000000000000000e+03 8.688000000000000000e+03
3.400000000000000000e+03 8.587000000000000000e+03
3.600000000000000000e+03 8.597000000000000000e+03
3.800000000000000000e+03 8.504000000000000000e+03
4.000000000000000000e+03 8.697000000000000000e+03
4.200000000000000000e+03 8.784000000000000000e+03
4.400000000000000000e+03 8.533000000000000000e+03
4.600000000000000000e+03 8.639000000000000000e+03
4.800000000000000000e+03 8.742000000000000000e+03
5.000000000000000000e+03 8.528000000000000000e+03
5.200000000000000000e+03 8.625000000000000000e+03
5.400000000000000000e+03 8.435000000000000000e+03
5.600000000000000000e+03 8.323000000000000000e+03
5.800000000000000000e+03 8.414000000000000000e+03
6.000000000000000000e+03 8.265000000000000000e+03
6.200000000000000000e+03 8.161000000000000000e+03
6.400000000000000000e+03 8.127000000000000000e+03
6.600000000000000000e+03 8.202000000000000000e+03
6.800000000000000000e+03 7.988000000000000000e+03
7.000000000000000000e+03 7.879000000000000000e+03
7.200000000000000000e+03 7.652000000000000000e+03
7.400000000000000000e+03 7.719000000000000000e+03
7.600000000000000000e+03 7.664000000000000000e+03
7.800000000000000000e+03 7.356000000000000000e+03
8.000000000000000000e+03 7.323000000000000000e+03
8.200000000000000000e+03 7.082000000000000000e+03
8.400000000000000000e+03 7.137000000000000000e+03
8.600000000000000000e+03 6.949000000000000000e+03
8.800000000000000000e+03 6.788000000000000000e+03
9.000000000000000000e+03 6.636000000000000000e+03
9.200000000000000000e+03 6.431000000000000000e+03
9.400000000000000000e+03 6.367000000000000000e+03
9.600000000000000000e+03 5.995000000000000000e+03
9.800000000000000000e+03 5.745000000000000000e+03
1.000000000000000000e+04 5.651000000000000000e+03
1.020000000000000000e+04 5.339000000000000000e+03
1.040000000000000000e+04 5.059000000000000000e+03
1.060000000000000000e+04 4.969000000000000000e+03
1.080000000000000000e+04 4.750000000000000000e+03
1.100000000000000000e+04 4.275000000000000000e+03
1.120000000000000000e+04 4.467000000000000000e+03
1.140000000000000000e+04 4.114000000000000000e+03
1.160000000000000000e+04 3.911000000000000000e+03
1.180000000000000000e+04 3.875000000000000000e+03
1.200000000000000000e+04 3.583000000000000000e+03
1.220000000000000000e+04 3.525000000000000000e+03
1.240000000000000000e+04 3.270000000000000000e+03
1.260000000000000000e+04 3.311000000000000000e+03
1.280000000000000000e+04 3.088000000000000000e+03
1.300000000000000000e+04 2.911000000000000000e+03
1.320000000000000000e+04 2.932000000000000000e+03
1.340000000000000000e+04 2.799000000000000000e+03
1.360000000000000000e+04 2.730000000000000000e+03
1.380000000000000000e+04 2.697000000000000000e+03
1.400000000000000000e+04 2.647000000000000000e+03
1.420000000000000000e+04 2.605000000000000000e+03
1.440000000000000000e+04 2.809000000000000000e+03
1.460000000000000000e+04 2.709000000000000000e+03
1.480000000000000000e+04 2.846000000000000000e+03
1.500000000000000000e+04 2.771000000000000000e+03
1.520000000000000000e+04 2.951000000000000000e+03
1.540000000000000000e+04 2.995000000000000000e+03
1.560000000000000000e+04 3.229000000000000000e+03
1.580000000000000000e+04 3.373000000000000000e+03
1.600000000000000000e+04 3.484000000000000000e+03
1.620000000000000000e+04 3.713000000000000000e+03
1.640000000000000000e+04 3.849000000000000000e+03
1.660000000000000000e+04 4.033000000000000000e+03
1.680000000000000000e+04 4.378000000000000000e+03
1.700000000000000000e+04 4.534000000000000000e+03
1.720000000000000000e+04 4.630000000000000000e+03
1.740000000000000000e+04 4.923000000000000000e+03
1.760000000000000000e+04 5.344000000000000000e+03
1.780000000000000000e+04 5.409000000000000000e+03
1.800000000000000000e+04 5.591000000000000000e+03
1.820000000000000000e+04 5.835000000000000000e+03
1.840000000000000000e+04 6.137000000000000000e+03
1.860000000000000000e+04 6.291000000000000000e+03
1.880000000000000000e+04 6.413000000000000000e+03
1.900000000000000000e+04 6.803000000000000000e+03
1.920000000000000000e+04 6.871000000000000000e+03
1.940000000000000000e+04 7.162000000000000000e+03
1.960000000000000000e+04 7.106000000000000000e+03
1.980000000000000000e+04 7.409000000000000000e+03
2.000000000000000000e+04 7.763000000000000000e+03
2.020000000000000000e+04 7.691000000000000000e+03
2.040000000000000000e+04 7.724000000000000000e+03
2.060000000000000000e+04 7.823000000000000000e+03
2.080000000000000000e+04 7.937000000000000000e+03
2.100000000000000000e+04 7.985000000000000000e+03
2.120000000000000000e+04 8.249000000000000000e+03
2.140000000000000000e+04 8.226000000000000000e+03
2.160000000000000000e+04 8.291000000000000000e+03
2.180000000000000000e+04 8.325000000000000000e+03
2.200000000000000000e+04 8.424000000000000000e+03
2.220000000000000000e+04 8.407000000000000000e+03
2.240000000000000000e+04 8.532000000000000000e+03
2.260000000000000000e+04 8.625000000000000000e+03
2.280000000000000000e+04 8.479000000000000000e+03
2.300000000000000000e+04 8.538000000000000000e+03
2.320000000000000000e+04 8.495000000000000000e+03
2.340000000000000000e+04 8.646000000000000000e+03
2.360000000000000000e+04 8.597000000000000000e+03
2.380000000000000000e+04 8.611000000000000000e+03
2.400000000000000000e+04 8.469000000000000000e+03
2.420000000000000000e+04 8.618000000000000000e+03
2.440000000000000000e+04 8.503000000000000000e+03
2.460000000000000000e+04 8.523000000000000000e+03
2.480000000000000000e+04 8.429000000000000000e+03
2.500000000000000000e+04 8.515000000000000000e+03
2.520000000000000000e+04 8.437000000000000000e+03
2.540000000000000000e+04 8.523000000000000000e+03
2.560000000000000000e+04 8.453000000000000000e+03
2.580000000000000000e+04 8.425000000000000000e+03
2.600000000000000000e+04 8.297000000000000000e+03
2.620000000000000000e+04 8.203000000000000000e+03
2.640000000000000000e+04 8.313000000000000000e+03
2.660000000000000000e+04 8.117000000000000000e+03
2.680000000000000000e+04 8.042000000000000000e+03
2.700000000000000000e+04 7.960000000000000000e+03
2.720000000000000000e+04 7.741000000000000000e+03
2.740000000000000000e+04 7.719000000000000000e+03
2.760000000000000000e+04 7.584000000000000000e+03
2.780000000000000000e+04 7.543000000000000000e+03
2.800000000000000000e+04 7.337000000000000000e+03
2.820000000000000000e+04 7.184000000000000000e+03
2.840000000000000000e+04 7.167000000000000000e+03
2.860000000000000000e+04 6.996000000000000000e+03
2.880000000000000000e+04 6.893000000000000000e+03
2.900000000000000000e+04 6.595000000000000000e+03
2.920000000000000000e+04 6.437000000000000000e+03
2.940000000000000000e+04 6.248000000000000000e+03
2.960000000000000000e+04 6.049000000000000000e+03
2.980000000000000000e+04 5.797000000000000000e+03
3.000000000000000000e+04 5.455000000000000000e+03
3.020000000000000000e+04 5.330000000000000000e+03
3.040000000000000000e+04 5.017000000000000000e+03
3.060000000000000000e+04 5.021000000000000000e+03
3.080000000000000000e+04 4.772000000000000000e+03
3.100000000000000000e+04 4.587000000000000000e+03
3.120000000000000000e+04 4.381000000000000000e+03
3.140000000000000000e+04 4.179000000000000000e+03
3.160000000000000000e+04 3.997000000000000000e+03
3.180000000000000000e+04 3.765000000000000000e+03
3.200000000000000000e+04 3.611000000000000000e+03
3.220000000000000000e+04 3.450000000000000000e+03
3.240000000000000000e+04 3.358000000000000000e+03
3.260000000000000000e+04 3.149000000000000000e+03
3.280000000000000000e+04 3.128000000000000000e+03
3.300000000000000000e+04 2.948000000000000000e+03
3.320000000000000000e+04 2.966000000000000000e+03
3.340000000000000000e+04 2.834000000000000000e+03
3.360000000000000000e+04 2.644000000000000000e+03
3.380000000000000000e+04 2.690000000000000000e+03
3.400000000000000000e+04 2.708000000000000000e+03
3.420000000000000000e+04 2.588000000000000000e+03
3.440000000000000000e+04 2.641000000000000000e+03
3.460000000000000000e+04 2.654000000000000000e+03
3.480000000000000000e+04 2.728000000000000000e+03
3.500000000000000000e+04 2.746000000000000000e+03
3.520000000000000000e+04 2.941000000000000000e+03
3.540000000000000000e+04 2.995000000000000000e+03
3.560000000000000000e+04 3.238000000000000000e+03
3.580000000000000000e+04 3.404000000000000000e+03
3.600000000000000000e+04 3.613000000000000000e+03
3.620000000000000000e+04 3.645000000000000000e+03
3.640000000000000000e+04 3.939000000000000000e+03
3.660000000000000000e+04 3.966000000000000000e+03
3.680000000000000000e+04 4.426000000000000000e+03
3.700000000000000000e+04 4.550000000000000000e+03
3.720000000000000000e+04 4.691000000000000000e+03
3.740000000000000000e+04 4.920000000000000000e+03
3.760000000000000000e+04 5.257000000000000000e+03
3.780000000000000000e+04 5.368000000000000000e+03
3.800000000000000000e+04 5.607000000000000000e+03
3.820000000000000000e+04 5.905000000000000000e+03
3.840000000000000000e+04 6.002000000000000000e+03
3.860000000000000000e+04 6.388000000000000000e+03
3.880000000000000000e+04 6.503000000000000000e+03
3.900000000000000000e+04 6.856000000000000000e+03
3.920000000000000000e+04 6.793000000000000000e+03
3.940000000000000000e+04 7.157000000000000000e+03
3.960000000000000000e+04 7.135000000000000000e+03
3.980000000000000000e+04 7.518000000000000000e+03
