0.000000000000000000e+00 4.646000000000000000e+03
1.000000000000000000e+02 4.788000000000000000e+03
2.000000000000000000e+02 4.900000000000000000e+03
3.000000000000000000e+02 4.985000000000000000e+03
4.000000000000000000e+02 5.033000000000000000e+03
5.000000000000000000e+02 5.062000000000000000e+03
6.000000000000000000e+02 5.256000000000000000e+03
7.000000000000000000e+02 5.252000000000000000e+03
8.000000000000000000e+02 5.276000000000000000e+03
9.000000000000000000e+02 5.380000000000000000e+03
1.000000000000000000e+03 5.322000000000000000e+03
1.100000000000000000e+03 5.542000000000000000e+03
1.200000000000000000e+03 5.415000000000000000e+03
1.300000000000000000e+03 5.460000000000000000e+03
1.400000000000000000e+03 5.447000000000000000e+03
1.500000000000000000e+03 5.508000000000000000e+03
1.600000000000000000e+03 5.563000000000000000e+03
1.700000000000000000e+03 5.765000000000000000e+03
1.800000000000000000e+03 5.561000000000000000e+03
1.900000000000000000e+03 5.531000000000000000e+03
2.000000000000000000e+03 5.553000000000000000e+03
2.100000000000000000e+03 5.693000000000000000e+03
2.200000000000000000e+03 5.684000000000000000e+03
2.300000000000000000e+03 5.591000000000000000e+03
2.400000000000000000e+03 5.513000000000000000e+03
2.500000000000000000e+03 5.632000000000000000e+03
2.600000000000000000e+03 5.500000000000000000e+03
2.700000000000000000e+03 5.531000000000000000e+03
2.800000000000000000e+03 5.301000000000000000e+03
2.900000000000000000e+03 5.411000000000000000e+03
3.000000000000000000e+03 5.375000000000000000e+03
3.100000000000000000e+03 5.329000000000000000e+03
3.200000000000000000e+03 5.350000000000000000e+03
3.300000000000000000e+03 5.201000000000000000e+03
3.400000000000000000e+03 5.250000000000000000e+03
3.500000000000000000e+03 5.071000000000000000e+03
3.600000000000000000e+03 5.061000000000000000e+03
3.700000000000000000e+03 4.963000000000000000e+03
3.800000000000000000e+03 4.910000000000000000e+03
3.900000000000000000e+03 4.839000000000000000e+03
4.000000000000000000e+03 4.747000000000000000e+03
4.100000000000000000e+03 4.615000000000000000e+03
4.200000000000000000e+03 4.522000000000000000e+03
4.300000000000000000e+03 4.441000000000000000e+03
4.400000000000000000e+03 4.421000000000000000e+03
4.500000000000000000e+03 4.108000000000000000e+03
4.600000000000000000e+03 3.998000000000000000e+03
4.700000000000000000e+03 4.006000000000000000e+03
4.800000000000000000e+03 3.852000000000000000e+03
4.900000000000000000e+03 3.645000000000000000e+03
5.000000000000000000e+03 3.735000000000000000e+03
5.100000000000000000e+03 3.482000000000000000e+03
5.200000000000000000e+03 3.326000000000000000e+03
5.300000000000000000e+03 3.278000000000000000e+03
5.400000000000000000e+03 3.168000000000000000e+03
5.500000000000000000e+03 2.936000000000000000e+03
5.600000000000000000e+03 2.900000000000000000e+03
5.700000000000000000e+03 2.631000000000000000e+03
5.800000000000000000e+03 2.664000000000000000e+03
5.900000000000000000e+03 2.551000000000000000e+03
6.000000000000000000e+03 2.486000000000000000e+03
6.100000000000000000e+03 2.232000000000000000e+03
6.200000000000000000e+03 2.185000000000000000e+03
6.300000000000000000e+03 2.182000000000000000e+03
6.400000000000000000e+03 2.050000000000000000e+03
6.500000000000000000e+03 1.954000000000000000e+03
6.600000000000000000e+03 1.918000000000000000e+03
6.700000000000000000e+03 1.817000000000000000e+03
6.800000000000000000e+03 1.772000000000000000e+03
6.900000000000000000e+03 1.686000000000000000e+03
7.000000000000000000e+03 1.647000000000000000e+03
7.100000000000000000e+03 1.678000000000000000e+03
7.200000000000000000e+03 1.636000000000000000e+03
7.300000000000000000e+03 1.692000000000000000e+03
7.400000000000000000e+03 1.713000000000000000e+03
7.500000000000000000e+03 1.709000000000000000e+03
7.600000000000000000e+03 1.775000000000000000e+03
7.700000000000000000e+03 1.767000000000000000e+03
7.800000000000000000e+03 1.753000000000000000e+03
7.900000000000000000e+03 1.898000000000000000e+03
8.000000000000000000e+03 2.008000000000000000e+03
8.100000000000000000e+03 2.051000000000000000e+03
8.200000000000000000e+03 2.109000000000000000e+03
8.300000000000000000e+03 2.322000000000000000e+03
8.400000000000000000e+03 2.486000000000000000e+03
8.500000000000000000e+03 2.687000000000000000e+03
8.600000000000000000e+03 2.801000000000000000e+03
8.700000000000000000e+03 2.853000000000000000e+03
8.800000000000000000e+03 3.025000000000000000e+03
8.900000000000000000e+03 3.181000000000000000e+03
9.000000000000000000e+03 3.298000000000000000e+03
9.100000000000000000e+03 3.579000000000000000e+03
9.200000000000000000e+03 3.720000000000000000e+03
9.300000000000000000e+03 3.695000000000000000e+03
9.400000000000000000e+03 3.999000000000000000e+03
9.500000000000000000e+03 4.069000000000000000e+03
9.600000000000000000e+03 4.281000000000000000e+03
9.700000000000000000e+03 4.363000000000000000e+03
9.800000000000000000e+03 4.519000000000000000e+03
9.900000000000000000e+03 4.470000000000000000e+03
1.000000000000000000e+04 4.702000000000000000e+03
1.010000000000000000e+04 4.906000000000000000e+03
1.020000000000000000e+04 4.907000000000000000e+03
1.030000000000000000e+04 5.003000000000000000e+03
1.040000000000000000e+04 5.174000000000000000e+03
1.050000000000000000e+04 5.204000000000000000e+03
1.060000000000000000e+04 5.192000000000000000e+03
1.070000000000000000e+04 5.191000000000000000e+03
1.080000000000000000e+04 5.309000000000000000e+03
1.090000000000000000e+04 5.429000000000000000e+03
1.100000000000000000e+04 5.227000000000000000e+03
1.110000000000000000e+04 5.497000000000000000e+03
1.120000000000000000e+04 5.465000000000000000e+03
1.130000000000000000e+04 5.470000000000000000e+03
1.140000000000000000e+04 5.578000000000000000e+03
1.150000000000000000e+04 5.525000000000000000e+03
1.160000000000000000e+04 5.444000000000000000e+03
1.170000000000000000e+04 5.680000000000000000e+03
1.180000000000000000e+04 5.776000000000000000e+03
1.190000000000000000e+04 5.480000000000000000e+03
1.200000000000000000e+04 5.555000000000000000e+03
1.210000000000000000e+04 5.542000000000000000e+03
1.220000000000000000e+04 5.511000000000000000e+03
1.230000000000000000e+04 5.413000000000000000e+03
1.240000000000000000e+04 5.521000000000000000e+03
1.250000000000000000e+04 5.547000000000000000e+03
1.260000000000000000e+04 5.551000000000000000e+03
1.270000000000000000e+04 5.661000000000000000e+03
1.280000000000000000e+04 5.330000000000000000e+03
1.290000000000000000e+04 5.466000000000000000e+03
1.300000000000000000e+04 5.301000000000000000e+03
1.310000000000000000e+04 5.329000000000000000e+03
1.320000000000000000e+04 5.145000000000000000e+03
1.330000000000000000e+04 5.324000000000000000e+03
1.340000000000000000e+04 5.282000000000000000e+03
1.350000000000000000e+04 5.174000000000000000e+03
1.360000000000000000e+04 4.914000000000000000e+03
1.370000000000000000e+04 5.132000000000000000e+03
1.380000000000000000e+04 4.965000000000000000e+03
1.390000000000000000e+04 4.772000000000000000e+03
1.400000000000000000e+04 4.734000000000000000e+03
1.410000000000000000e+04 4.652000000000000000e+03
1.420000000000000000e+04 4.582000000000000000e+03
1.430000000000000000e+04 4.434000000000000000e+03
1.440000000000000000e+04 4.300000000000000000e+03
1.450000000000000000e+04 4.341000000000000000e+03
1.460000000000000000e+04 4.213000000000000000e+03
1.470000000000000000e+04 4.007000000000000000e+03
1.480000000000000000e+04 3.878000000000000000e+03
1.490000000000000000e+04 3.697000000000000000e+03
1.500000000000000000e+04 3.655000000000000000e+03
1.510000000000000000e+04 3.442000000000000000e+03
1.520000000000000000e+04 3.435000000000000000e+03
1.530000000000000000e+04 3.216000000000000000e+03
1.540000000000000000e+04 3.080000000000000000e+03
1.550000000000000000e+04 2.885000000000000000e+03
1.560000000000000000e+04 2.891000000000000000e+03
1.570000000000000000e+04 2.661000000000000000e+03
1.580000000000000000e+04 2.571000000000000000e+03
1.590000000000000000e+04 2.478000000000000000e+03
1.600000000000000000e+04 2.370000000000000000e+03
1.610000000000000000e+04 2.275000000000000000e+03
1.620000000000000000e+04 2.193000000000000000e+03
1.630000000000000000e+04 2.164000000000000000e+03
1.640000000000000000e+04 2.119000000000000000e+03
1.650000000000000000e+04 1.970000000000000000e+03
1.660000000000000000e+04 1.936000000000000000e+03
1.670000000000000000e+04 1.799000000000000000e+03
1.680000000000000000e+04 1.897000000000000000e+03
1.690000000000000000e+04 1.807000000000000000e+03
1.700000000000000000e+04 1.685000000000000000e+03
1.710000000000000000e+04 1.676000000000000000e+03
1.720000000000000000e+04 1.631000000000000000e+03
1.730000000000000000e+04 1.621000000000000000e+03
1.740000000000000000e+04 1.700000000000000000e+03
1.750000000000000000e+04 1.686000000000000000e+03
1.760000000000000000e+04 1.824000000000000000e+03
1.770000000000000000e+04 1.768000000000000000e+03
1.780000000000000000e+04 1.874000000000000000e+03
1.790000000000000000e+04 1.944000000000000000e+03
1.800000000000000000e+04 1.960000000000000000e+03
1.810000000000000000e+04 2.068000000000000000e+03
1.820000000000000000e+04 2.223000000000000000e+03
1.830000000000000000e+04 2.390000000000000000e+03
1.840000000000000000e+04 2.450000000000000000e+03
1.850000000000000000e+04 2.611000000000000000e+03
1.860000000000000000e+04 2.746000000000000000e+03
1.870000000000000000e+04 2.855000000000000000e+03
1.880000000000000000e+04 3.014000000000000000e+03
1.890000000000000000e+04 3.109000000000000000e+03
1.900000000000000000e+04 3.298000000000000000e+03
1.910000000000000000e+04 3.556000000000000000e+03
1.920000000000000000e+04 3.728000000000000000e+03
1.930000000000000000e+04 3.738000000000000000e+03
1.940000000000000000e+04 3.968000000000000000e+03
1.950000000000000000e+04 4.169000000000000000e+03
1.960000000000000000e+04 4.273000000000000000e+03
1.970000000000000000e+04 4.307000000000000000e+03
1.980000000000000000e+04 4.516000000000000000e+03
1.990000000000000000e+04 4.581000000000000000e+03
