0.000000000000000000e+00 7.513000000000000000e+03
1.428000000000000000e+03 7.663000000000000000e+03
2.856000000000000000e+03 7.862000000000000000e+03
4.284000000000000000e+03 7.879000000000000000e+03
5.712000000000000000e+03 7.815000000000000000e+03
7.140000000000000000e+03 8.133000000000000000e+03
8.568000000000000000e+03 8.125000000000000000e+03
9.996000000000000000e+03 8.481000000000000000e+03
1.142400000000000000e+04 8.570000000000000000e+03
1.285200000000000000e+04 8.445000000000000000e+03
1.428000000000000000e+04 8.540000000000000000e+03
1.570800000000000000e+04 8.490000000000000000e+03
1.713600000000000000e+04 8.405000000000000000e+03
1.856400000000000000e+04 8.599000000000000000e+03
1.999200000000000000e+04 8.608000000000000000e+03
2.142000000000000000e+04 8.648000000000000000e+03
2.284800000000000000e+04 8.784000000000000000e+03
2.427600000000000000e+04 8.605000000000000000e+03
2.570400000000000000e+04 8.743000000000000000e+03
2.713200000000000000e+04 8.610000000000000000e+03
2.856000000000000000e+04 8.811000000000000000e+03
2.998800000000000000e+04 8.704000000000000000e+03
3.141600000000000000e+04 8.801000000000000000e+03
3.284400000000000000e+04 8.587000000000000000e+03
3.427200000000000000e+04 8.515000000000000000e+03
3.570000000000000000e+04 8.624000000000000000e+03
3.712800000000000000e+04 8.477000000000000000e+03
3.855600000000000000e+04 8.456000000000000000e+03
3.998400000000000000e+04 8.668000000000000000e+03
4.141200000000000000e+04 8.309000000000000000e+03
4.284000000000000000e+04 8.225000000000000000e+03
4.426800000000000000e+04 8.443000000000000000e+03
4.569600000000000000e+04 8.405000000000000000e+03
4.712400000000000000e+04 8.180000000000000000e+03
4.855200000000000000e+04 8.072000000000000000e+03
4.998000000000000000e+04 8.096000000000000000e+03
5.140800000000000000e+04 7.877000000000000000e+03
5.283600000000000000e+04 7.673000000000000000e+03
5.426400000000000000e+04 7.495000000000000000e+03
5.569200000000000000e+04 7.495000000000000000e+03
5.712000000000000000e+04 7.332000000000000000e+03
5.854800000000000000e+04 7.136000000000000000e+03
5.997600000000000000e+04 7.070000000000000000e+03
6.140400000000000000e+04 6.827000000000000000e+03
6.283200000000000000e+04 6.761000000000000000e+03
6.426000000000000000e+04 6.636000000000000000e+03
6.568800000000000000e+04 6.299000000000000000e+03
6.711600000000000000e+04 6.279000000000000000e+03
6.854400000000000000e+04 5.899000000000000000e+03
6.997200000000000000e+04 5.675000000000000000e+03
7.140000000000000000e+04 5.527000000000000000e+03
7.282800000000000000e+04 5.266000000000000000e+03
7.425600000000000000e+04 5.094000000000000000e+03
7.568400000000000000e+04 4.964000000000000000e+03
7.711200000000000000e+04 4.614000000000000000e+03
7.854000000000000000e+04 4.434000000000000000e+03
7.996800000000000000e+04 4.286000000000000000e+03
8.139600000000000000e+04 4.109000000000000000e+03
8.282400000000000000e+04 3.993000000000000000e+03
8.425200000000000000e+04 3.789000000000000000e+03
8.568000000000000000e+04 3.580000000000000000e+03
8.710800000000000000e+04 3.451000000000000000e+03
8.853600000000000000e+04 3.364000000000000000e+03
8.996400000000000000e+04 3.237000000000000000e+03
9.139200000000000000e+04 3.030000000000000000e+03
9.282000000000000000e+04 2.902000000000000000e+03
9.424800000000000000e+04 2.891000000000000000e+03
9.567600000000000000e+04 2.765000000000000000e+03
9.710400000000000000e+04 2.819000000000000000e+03
9.853200000000000000e+04 2.771000000000000000e+03
9.996000000000000000e+04 2.835000000000000000e+03
1.013880000000000000e+05 2.829000000000000000e+03
1.028160000000000000e+05 2.888000000000000000e+03
1.042440000000000000e+05 2.954000000000000000e+03
1.056720000000000000e+05 3.070000000000000000e+03
1.071000000000000000e+05 3.017000000000000000e+03
1.085280000000000000e+05 3.233000000000000000e+03
1.099560000000000000e+05 3.413000000000000000e+03
1.113840000000000000e+05 3.436000000000000000e+03
1.128120000000000000e+05 3.637000000000000000e+03
1.142400000000000000e+05 3.773000000000000000e+03
1.156680000000000000e+05 4.037000000000000000e+03
1.170960000000000000e+05 4.300000000000000000e+03
1.185240000000000000e+05 4.320000000000000000e+03
1.199520000000000000e+05 4.746000000000000000e+03
1.213800000000000000e+05 4.865000000000000000e+03
1.228080000000000000e+05 4.999000000000000000e+03
1.242360000000000000e+05 5.192000000000000000e+03
1.256640000000000000e+05 5.423000000000000000e+03
1.270920000000000000e+05 5.727000000000000000e+03
1.285200000000000000e+05 5.955000000000000000e+03
1.299480000000000000e+05 6.022000000000000000e+03
1.313760000000000000e+05 6.242000000000000000e+03
1.328040000000000000e+05 6.387000000000000000e+03
1.342320000000000000e+05 6.675000000000000000e+03
1.356600000000000000e+05 6.844000000000000000e+03
1.370880000000000000e+05 6.988000000000000000e+03
1.385160000000000000e+05 7.261000000000000000e+03
1.399440000000000000e+05 7.349000000000000000e+03
1.413720000000000000e+05 7.553000000000000000e+03
1.428000000000000000e+05 7.681000000000000000e+03
1.442280000000000000e+05 7.757000000000000000e+03
1.456560000000000000e+05 7.783000000000000000e+03
1.470840000000000000e+05 7.950000000000000000e+03
1.485120000000000000e+05 8.199000000000000000e+03
1.499400000000000000e+05 8.131000000000000000e+03
1.513680000000000000e+05 8.378000000000000000e+03
1.527960000000000000e+05 8.257000000000000000e+03
1.542240000000000000e+05 8.317000000000000000e+03
1.556520000000000000e+05 8.456000000000000000e+03
1.570800000000000000e+05 8.535000000000000000e+03
1.585080000000000000e+05 8.656000000000000000e+03
1.599360000000000000e+05 8.620000000000000000e+03
1.613640000000000000e+05 8.641000000000000000e+03
1.627920000000000000e+05 8.576000000000000000e+03
1.642200000000000000e+05 8.689000000000000000e+03
1.656480000000000000e+05 8.653000000000000000e+03
1.670760000000000000e+05 8.565000000000000000e+03
1.685040000000000000e+05 8.896000000000000000e+03
1.699320000000000000e+05 8.660000000000000000e+03
1.713600000000000000e+05 8.767000000000000000e+03
1.727880000000000000e+05 8.968000000000000000e+03
1.742160000000000000e+05 8.796000000000000000e+03
1.756440000000000000e+05 8.600000000000000000e+03
1.770720000000000000e+05 8.457000000000000000e+03
1.785000000000000000e+05 8.660000000000000000e+03
1.799280000000000000e+05 8.656000000000000000e+03
1.813560000000000000e+05 8.490000000000000000e+03
1.827840000000000000e+05 8.597000000000000000e+03
1.842120000000000000e+05 8.607000000000000000e+03
1.856400000000000000e+05 8.316000000000000000e+03
1.870680000000000000e+05 8.414000000000000000e+03
1.884960000000000000e+05 8.275000000000000000e+03
1.899240000000000000e+05 8.210000000000000000e+03
1.913520000000000000e+05 8.014000000000000000e+03
1.927800000000000000e+05 8.071000000000000000e+03
1.942080000000000000e+05 7.933000000000000000e+03
1.956360000000000000e+05 7.814000000000000000e+03
1.970640000000000000e+05 7.811000000000000000e+03
1.984920000000000000e+05 7.459000000000000000e+03
1.999200000000000000e+05 7.243000000000000000e+03
2.013480000000000000e+05 7.254000000000000000e+03
2.027760000000000000e+05 7.122000000000000000e+03
2.042040000000000000e+05 6.971000000000000000e+03
2.056320000000000000e+05 6.746000000000000000e+03
2.070600000000000000e+05 6.572000000000000000e+03
2.084880000000000000e+05 6.441000000000000000e+03
2.099160000000000000e+05 6.251000000000000000e+03
2.113440000000000000e+05 6.028000000000000000e+03
2.127720000000000000e+05 5.818000000000000000e+03
2.142000000000000000e+05 5.471000000000000000e+03
2.156280000000000000e+05 5.334000000000000000e+03
2.170560000000000000e+05 5.338000000000000000e+03
2.184840000000000000e+05 5.016000000000000000e+03
2.199120000000000000e+05 4.683000000000000000e+03
2.213400000000000000e+05 4.622000000000000000e+03
2.227680000000000000e+05 4.255000000000000000e+03
2.241960000000000000e+05 4.169000000000000000e+03
2.256240000000000000e+05 3.998000000000000000e+03
2.270520000000000000e+05 3.770000000000000000e+03
2.284800000000000000e+05 3.622000000000000000e+03
2.299080000000000000e+05 3.460000000000000000e+03
2.313360000000000000e+05 3.281000000000000000e+03
2.327640000000000000e+05 3.220000000000000000e+03
2.341920000000000000e+05 3.111000000000000000e+03
2.356200000000000000e+05 2.892000000000000000e+03
2.370480000000000000e+05 2.820000000000000000e+03
2.384760000000000000e+05 2.921000000000000000e+03
2.399040000000000000e+05 2.725000000000000000e+03
2.413320000000000000e+05 2.788000000000000000e+03
2.427600000000000000e+05 2.823000000000000000e+03
2.441880000000000000e+05 2.810000000000000000e+03
2.456160000000000000e+05 2.989000000000000000e+03
2.470440000000000000e+05 2.981000000000000000e+03
2.484720000000000000e+05 2.849000000000000000e+03
2.499000000000000000e+05 3.178000000000000000e+03
2.513280000000000000e+05 3.156000000000000000e+03
2.527560000000000000e+05 3.305000000000000000e+03
2.541840000000000000e+05 3.447000000000000000e+03
2.556120000000000000e+05 3.572000000000000000e+03
2.570400000000000000e+05 3.799000000000000000e+03
2.584680000000000000e+05 3.999000000000000000e+03
2.598960000000000000e+05 4.223000000000000000e+03
2.613240000000000000e+05 4.402000000000000000e+03
2.627520000000000000e+05 4.594000000000000000e+03
2.641800000000000000e+05 4.821000000000000000e+03
2.656080000000000000e+05 5.110000000000000000e+03
2.670360000000000000e+05 5.140000000000000000e+03
2.684640000000000000e+05 5.513000000000000000e+03
2.698920000000000000e+05 5.701000000000000000e+03
2.713200000000000000e+05 6.026000000000000000e+03
2.727480000000000000e+05 6.244000000000000000e+03
2.741760000000000000e+05 6.377000000000000000e+03
2.756040000000000000e+05 6.464000000000000000e+03
2.770320000000000000e+05 6.719000000000000000e+03
2.784600000000000000e+05 6.917000000000000000e+03
2.798880000000000000e+05 6.960000000000000000e+03
2.813160000000000000e+05 7.298000000000000000e+03
2.827440000000000000e+05 7.407000000000000000e+03
2.841720000000000000e+05 7.620000000000000000e+03
