0.000000000000000000e+00 5.099000000000000000e+03
1.420000000000000000e+02 5.092000000000000000e+03
2.840000000000000000e+02 5.233000000000000000e+03
4.260000000000000000e+02 5.127000000000000000e+03
5.680000000000000000e+02 5.281000000000000000e+03
7.100000000000000000e+02 5.422000000000000000e+03
8.520000000000000000e+02 5.470000000000000000e+03
9.940000000000000000e+02 5.692000000000000000e+03
1.136000000000000000e+03 5.553000000000000000e+03
1.278000000000000000e+03 5.711000000000000000e+03
1.420000000000000000e+03 5.505000000000000000e+03
1.562000000000000000e+03 5.624000000000000000e+03
1.704000000000000000e+03 5.701000000000000000e+03
1.846000000000000000e+03 5.650000000000000000e+03
1.988000000000000000e+03 5.703000000000000000e+03
2.130000000000000000e+03 5.675000000000000000e+03
2.272000000000000000e+03 5.645000000000000000e+03
2.414000000000000000e+03 5.864000000000000000e+03
2.556000000000000000e+03 5.813000000000000000e+03
2.698000000000000000e+03 5.796000000000000000e+03
2.840000000000000000e+03 5.706000000000000000e+03
2.982000000000000000e+03 5.761000000000000000e+03
3.124000000000000000e+03 5.818000000000000000e+03
3.266000000000000000e+03 5.721000000000000000e+03
3.408000000000000000e+03 5.782000000000000000e+03
3.550000000000000000e+03 5.840000000000000000e+03
3.692000000000000000e+03 5.744000000000000000e+03
3.834000000000000000e+03 5.729000000000000000e+03
3.976000000000000000e+03 5.693000000000000000e+03
4.118000000000000000e+03 5.532000000000000000e+03
4.260000000000000000e+03 5.671000000000000000e+03
4.402000000000000000e+03 5.553000000000000000e+03
4.544000000000000000e+03 5.536000000000000000e+03
4.686000000000000000e+03 5.526000000000000000e+03
4.828000000000000000e+03 5.447000000000000000e+03
4.970000000000000000e+03 5.332000000000000000e+03
5.112000000000000000e+03 5.172000000000000000e+03
5.254000000000000000e+03 5.158000000000000000e+03
5.396000000000000000e+03 5.189000000000000000e+03
5.538000000000000000e+03 5.023000000000000000e+03
5.680000000000000000e+03 5.000000000000000000e+03
5.822000000000000000e+03 4.825000000000000000e+03
5.964000000000000000e+03 4.894000000000000000e+03
6.106000000000000000e+03 4.710000000000000000e+03
6.248000000000000000e+03 4.608000000000000000e+03
6.390000000000000000e+03 4.385000000000000000e+03
6.532000000000000000e+03 4.483000000000000000e+03
6.674000000000000000e+03 4.265000000000000000e+03
6.816000000000000000e+03 4.045000000000000000e+03
6.958000000000000000e+03 4.039000000000000000e+03
7.100000000000000000e+03 3.833000000000000000e+03
7.242000000000000000e+03 3.776000000000000000e+03
7.384000000000000000e+03 3.634000000000000000e+03
7.526000000000000000e+03 3.466000000000000000e+03
7.668000000000000000e+03 3.385000000000000000e+03
7.810000000000000000e+03 3.273000000000000000e+03
7.952000000000000000e+03 3.142000000000000000e+03
8.094000000000000000e+03 3.024000000000000000e+03
8.236000000000000000e+03 2.940000000000000000e+03
8.378000000000000000e+03 2.834000000000000000e+03
8.520000000000000000e+03 2.568000000000000000e+03
8.662000000000000000e+03 2.585000000000000000e+03
8.804000000000000000e+03 2.537000000000000000e+03
8.946000000000000000e+03 2.383000000000000000e+03
9.088000000000000000e+03 2.360000000000000000e+03
9.230000000000000000e+03 2.272000000000000000e+03
9.372000000000000000e+03 2.254000000000000000e+03
9.514000000000000000e+03 2.176000000000000000e+03
9.656000000000000000e+03 2.080000000000000000e+03
9.798000000000000000e+03 2.008000000000000000e+03
9.940000000000000000e+03 2.034000000000000000e+03
1.008200000000000000e+04 2.013000000000000000e+03
1.022400000000000000e+04 2.034000000000000000e+03
1.036600000000000000e+04 1.953000000000000000e+03
1.050800000000000000e+04 2.045000000000000000e+03
1.065000000000000000e+04 2.113000000000000000e+03
1.079200000000000000e+04 2.169000000000000000e+03
1.093400000000000000e+04 2.206000000000000000e+03
1.107600000000000000e+04 2.324000000000000000e+03
1.121800000000000000e+04 2.416000000000000000e+03
1.136000000000000000e+04 2.395000000000000000e+03
1.150200000000000000e+04 2.539000000000000000e+03
1.164400000000000000e+04 2.659000000000000000e+03
1.178600000000000000e+04 2.735000000000000000e+03
1.192800000000000000e+04 2.970000000000000000e+03
1.207000000000000000e+04 3.071000000000000000e+03
1.221200000000000000e+04 3.224000000000000000e+03
1.235400000000000000e+04 3.366000000000000000e+03
1.249600000000000000e+04 3.614000000000000000e+03
1.263800000000000000e+04 3.630000000000000000e+03
1.278000000000000000e+04 3.829000000000000000e+03
1.292200000000000000e+04 3.877000000000000000e+03
1.306400000000000000e+04 4.095000000000000000e+03
1.320600000000000000e+04 4.233000000000000000e+03
1.334800000000000000e+04 4.378000000000000000e+03
1.349000000000000000e+04 4.548000000000000000e+03
1.363200000000000000e+04 4.549000000000000000e+03
1.377400000000000000e+04 4.756000000000000000e+03
1.391600000000000000e+04 4.948000000000000000e+03
1.405800000000000000e+04 4.786000000000000000e+03
1.420000000000000000e+04 4.918000000000000000e+03
1.434200000000000000e+04 5.158000000000000000e+03
1.448400000000000000e+04 5.362000000000000000e+03
1.462600000000000000e+04 5.183000000000000000e+03
1.476800000000000000e+04 5.343000000000000000e+03
1.491000000000000000e+04 5.189000000000000000e+03
1.505200000000000000e+04 5.409000000000000000e+03
1.519400000000000000e+04 5.451000000000000000e+03
1.533600000000000000e+04 5.612000000000000000e+03
1.547800000000000000e+04 5.686000000000000000e+03
1.562000000000000000e+04 5.584000000000000000e+03
1.576200000000000000e+04 5.613000000000000000e+03
1.590400000000000000e+04 5.577000000000000000e+03
1.604600000000000000e+04 5.800000000000000000e+03
1.618800000000000000e+04 5.870000000000000000e+03
1.633000000000000000e+04 5.671000000000000000e+03
1.647200000000000000e+04 5.631000000000000000e+03
1.661400000000000000e+04 5.874000000000000000e+03
1.675600000000000000e+04 5.769000000000000000e+03
1.689800000000000000e+04 5.830000000000000000e+03
1.704000000000000000e+04 5.731000000000000000e+03
1.718200000000000000e+04 5.753000000000000000e+03
1.732400000000000000e+04 5.793000000000000000e+03
1.746600000000000000e+04 5.872000000000000000e+03
1.760800000000000000e+04 5.861000000000000000e+03
1.775000000000000000e+04 5.805000000000000000e+03
1.789200000000000000e+04 5.705000000000000000e+03
1.803400000000000000e+04 5.765000000000000000e+03
1.817600000000000000e+04 5.721000000000000000e+03
1.831800000000000000e+04 5.677000000000000000e+03
1.846000000000000000e+04 5.686000000000000000e+03
1.860200000000000000e+04 5.594000000000000000e+03
1.874400000000000000e+04 5.577000000000000000e+03
1.888600000000000000e+04 5.462000000000000000e+03
1.902800000000000000e+04 5.525000000000000000e+03
1.917000000000000000e+04 5.354000000000000000e+03
1.931200000000000000e+04 5.216000000000000000e+03
1.945400000000000000e+04 5.168000000000000000e+03
1.959600000000000000e+04 5.227000000000000000e+03
1.973800000000000000e+04 4.996000000000000000e+03
1.988000000000000000e+04 4.954000000000000000e+03
2.002200000000000000e+04 4.900000000000000000e+03
2.016400000000000000e+04 4.882000000000000000e+03
2.030600000000000000e+04 4.815000000000000000e+03
2.044800000000000000e+04 4.670000000000000000e+03
2.059000000000000000e+04 4.603000000000000000e+03
2.073200000000000000e+04 4.434000000000000000e+03
2.087400000000000000e+04 4.329000000000000000e+03
2.101600000000000000e+04 4.146000000000000000e+03
2.115800000000000000e+04 3.973000000000000000e+03
2.130000000000000000e+04 3.958000000000000000e+03
2.144200000000000000e+04 3.869000000000000000e+03
2.158400000000000000e+04 3.709000000000000000e+03
2.172600000000000000e+04 3.578000000000000000e+03
2.186800000000000000e+04 3.459000000000000000e+03
2.201000000000000000e+04 3.305000000000000000e+03
2.215200000000000000e+04 3.199000000000000000e+03
2.229400000000000000e+04 3.114000000000000000e+03
2.243600000000000000e+04 2.978000000000000000e+03
2.257800000000000000e+04 2.868000000000000000e+03
2.272000000000000000e+04 2.745000000000000000e+03
2.286200000000000000e+04 2.695000000000000000e+03
2.300400000000000000e+04 2.484000000000000000e+03
2.314600000000000000e+04 2.466000000000000000e+03
2.328800000000000000e+04 2.459000000000000000e+03
2.343000000000000000e+04 2.258000000000000000e+03
2.357200000000000000e+04 2.263000000000000000e+03
2.371400000000000000e+04 2.130000000000000000e+03
2.385600000000000000e+04 2.110000000000000000e+03
2.399800000000000000e+04 2.031000000000000000e+03
2.414000000000000000e+04 2.091000000000000000e+03
2.428200000000000000e+04 1.998000000000000000e+03
2.442400000000000000e+04 2.108000000000000000e+03
2.456600000000000000e+04 2.026000000000000000e+03
2.470800000000000000e+04 2.047000000000000000e+03
2.485000000000000000e+04 2.022000000000000000e+03
2.499200000000000000e+04 2.216000000000000000e+03
2.513400000000000000e+04 2.148000000000000000e+03
2.527600000000000000e+04 2.320000000000000000e+03
2.541800000000000000e+04 2.385000000000000000e+03
2.556000000000000000e+04 2.319000000000000000e+03
2.570200000000000000e+04 2.566000000000000000e+03
2.584400000000000000e+04 2.577000000000000000e+03
2.598600000000000000e+04 2.762000000000000000e+03
2.612800000000000000e+04 2.865000000000000000e+03
2.627000000000000000e+04 3.122000000000000000e+03
2.641200000000000000e+04 3.219000000000000000e+03
2.655400000000000000e+04 3.323000000000000000e+03
2.669600000000000000e+04 3.513000000000000000e+03
2.683800000000000000e+04 3.588000000000000000e+03
2.698000000000000000e+04 3.746000000000000000e+03
2.712200000000000000e+04 3.888000000000000000e+03
2.726400000000000000e+04 4.039000000000000000e+03
2.740600000000000000e+04 4.143000000000000000e+03
2.754800000000000000e+04 4.325000000000000000e+03
2.769000000000000000e+04 4.464000000000000000e+03
2.783200000000000000e+04 4.501000000000000000e+03
2.797400000000000000e+04 4.456000000000000000e+03
2.811600000000000000e+04 4.683000000000000000e+03
2.825800000000000000e+04 4.907000000000000000e+03
2.840000000000000000e+04 4.849000000000000000e+03
