0.000000000000000000e+00 6.163000000000000000e+03
2.000000000000000000e+02 6.156000000000000000e+03
4.000000000000000000e+02 6.123000000000000000e+03
6.000000000000000000e+02 6.135000000000000000e+03
8.000000000000000000e+02 6.370000000000000000e+03
1.000000000000000000e+03 6.431000000000000000e+03
1.200000000000000000e+03 6.593000000000000000e+03
1.400000000000000000e+03 6.783000000000000000e+03
1.600000000000000000e+03 6.859000000000000000e+03
1.800000000000000000e+03 6.653000000000000000e+03
2.000000000000000000e+03 6.465000000000000000e+03
2.200000000000000000e+03 6.721000000000000000e+03
2.400000000000000000e+03 6.902000000000000000e+03
2.600000000000000000e+03 6.922000000000000000e+03
2.800000000000000000e+03 6.823000000000000000e+03
3.000000000000000000e+03 7.145000000000000000e+03
3.200000000000000000e+03 6.748000000000000000e+03
3.400000000000000000e+03 6.995000000000000000e+03
3.600000000000000000e+03 6.893000000000000000e+03
3.800000000000000000e+03 7.036000000000000000e+03
4.000000000000000000e+03 6.939000000000000000e+03
4.200000000000000000e+03 6.943000000000000000e+03
4.400000000000000000e+03 6.769000000000000000e+03
4.600000000000000000e+03 6.813000000000000000e+03
4.800000000000000000e+03 6.842000000000000000e+03
5.000000000000000000e+03 6.827000000000000000e+03
5.200000000000000000e+03 6.761000000000000000e+03
5.400000000000000000e+03 6.721000000000000000e+03
5.600000000000000000e+03 6.702000000000000000e+03
5.800000000000000000e+03 6.667000000000000000e+03
6.000000000000000000e+03 6.665000000000000000e+03
6.200000000000000000e+03 6.697000000000000000e+03
6.400000000000000000e+03 6.541000000000000000e+03
6.600000000000000000e+03 6.468000000000000000e+03
6.800000000000000000e+03 6.467000000000000000e+03
7.000000000000000000e+03 6.220000000000000000e+03
7.200000000000000000e+03 6.217000000000000000e+03
7.400000000000000000e+03 6.291000000000000000e+03
7.600000000000000000e+03 6.056000000000000000e+03
7.800000000000000000e+03 6.014000000000000000e+03
8.000000000000000000e+03 5.839000000000000000e+03
8.200000000000000000e+03 5.834000000000000000e+03
8.400000000000000000e+03 5.705000000000000000e+03
8.600000000000000000e+03 5.476000000000000000e+03
8.800000000000000000e+03 5.324000000000000000e+03
9.000000000000000000e+03 5.314000000000000000e+03
9.200000000000000000e+03 5.279000000000000000e+03
9.400000000000000000e+03 5.070000000000000000e+03
9.600000000000000000e+03 4.964000000000000000e+03
9.800000000000000000e+03 4.722000000000000000e+03
1.000000000000000000e+04 4.617000000000000000e+03
1.020000000000000000e+04 4.457000000000000000e+03
1.040000000000000000e+04 4.265000000000000000e+03
1.060000000000000000e+04 4.115000000000000000e+03
1.080000000000000000e+04 3.993000000000000000e+03
1.100000000000000000e+04 3.820000000000000000e+03
1.120000000000000000e+04 3.636000000000000000e+03
1.140000000000000000e+04 3.459000000000000000e+03
1.160000000000000000e+04 3.280000000000000000e+03
1.180000000000000000e+04 3.216000000000000000e+03
1.200000000000000000e+04 3.154000000000000000e+03
1.220000000000000000e+04 2.906000000000000000e+03
1.240000000000000000e+04 2.784000000000000000e+03
1.260000000000000000e+04 2.834000000000000000e+03
1.280000000000000000e+04 2.681000000000000000e+03
1.300000000000000000e+04 2.594000000000000000e+03
1.320000000000000000e+04 2.599000000000000000e+03
1.340000000000000000e+04 2.433000000000000000e+03
1.360000000000000000e+04 2.464000000000000000e+03
1.380000000000000000e+04 2.386000000000000000e+03
1.400000000000000000e+04 2.443000000000000000e+03
1.420000000000000000e+04 2.413000000000000000e+03
1.440000000000000000e+04 2.465000000000000000e+03
1.460000000000000000e+04 2.423000000000000000e+03
1.480000000000000000e+04 2.490000000000000000e+03
1.500000000000000000e+04 2.469000000000000000e+03
1.520000000000000000e+04 2.598000000000000000e+03
1.540000000000000000e+04 2.730000000000000000e+03
1.560000000000000000e+04 2.795000000000000000e+03
1.580000000000000000e+04 2.956000000000000000e+03
1.600000000000000000e+04 2.987000000000000000e+03
1.620000000000000000e+04 3.209000000000000000e+03
1.640000000000000000e+04 3.377000000000000000e+03
1.660000000000000000e+04 3.530000000000000000e+03
1.680000000000000000e+04 3.591000000000000000e+03
1.700000000000000000e+04 3.856000000000000000e+03
1.720000000000000000e+04 4.035000000000000000e+03
1.740000000000000000e+04 4.254000000000000000e+03
1.760000000000000000e+04 4.355000000000000000e+03
1.780000000000000000e+04 4.595000000000000000e+03
1.800000000000000000e+04 4.655000000000000000e+03
1.820000000000000000e+04 4.960000000000000000e+03
1.840000000000000000e+04 5.098000000000000000e+03
1.860000000000000000e+04 5.070000000000000000e+03
1.880000000000000000e+04 5.469000000000000000e+03
1.900000000000000000e+04 5.340000000000000000e+03
1.920000000000000000e+04 5.504000000000000000e+03
1.940000000000000000e+04 5.789000000000000000e+03
1.960000000000000000e+04 6.082000000000000000e+03
1.980000000000000000e+04 6.007000000000000000e+03
2.000000000000000000e+04 5.966000000000000000e+03
2.020000000000000000e+04 6.036000000000000000e+03
2.040000000000000000e+04 6.426000000000000000e+03
2.060000000000000000e+04 6.413000000000000000e+03
2.080000000000000000e+04 6.570000000000000000e+03
2.100000000000000000e+04 6.643000000000000000e+03
2.120000000000000000e+04 6.377000000000000000e+03
2.140000000000000000e+04 6.779000000000000000e+03
2.160000000000000000e+04 6.745000000000000000e+03
2.180000000000000000e+04 6.688000000000000000e+03
2.200000000000000000e+04 6.721000000000000000e+03
2.220000000000000000e+04 6.666000000000000000e+03
2.240000000000000000e+04 6.932000000000000000e+03
2.260000000000000000e+04 6.886000000000000000e+03
2.280000000000000000e+04 6.860000000000000000e+03
2.300000000000000000e+04 7.000000000000000000e+03
2.320000000000000000e+04 6.994000000000000000e+03
2.340000000000000000e+04 6.957000000000000000e+03
2.360000000000000000e+04 6.809000000000000000e+03
2.380000000000000000e+04 6.767000000000000000e+03
2.400000000000000000e+04 7.062000000000000000e+03
2.420000000000000000e+04 6.897000000000000000e+03
2.440000000000000000e+04 6.747000000000000000e+03
2.460000000000000000e+04 6.822000000000000000e+03
2.480000000000000000e+04 6.784000000000000000e+03
2.500000000000000000e+04 6.863000000000000000e+03
2.520000000000000000e+04 6.792000000000000000e+03
2.540000000000000000e+04 6.856000000000000000e+03
2.560000000000000000e+04 6.899000000000000000e+03
2.580000000000000000e+04 6.777000000000000000e+03
2.600000000000000000e+04 6.605000000000000000e+03
2.620000000000000000e+04 6.609000000000000000e+03
2.640000000000000000e+04 6.652000000000000000e+03
2.660000000000000000e+04 6.575000000000000000e+03
2.680000000000000000e+04 6.485000000000000000e+03
2.700000000000000000e+04 6.306000000000000000e+03
2.720000000000000000e+04 6.331000000000000000e+03
2.740000000000000000e+04 6.146000000000000000e+03
2.760000000000000000e+04 6.195000000000000000e+03
2.780000000000000000e+04 6.054000000000000000e+03
2.800000000000000000e+04 5.931000000000000000e+03
2.820000000000000000e+04 5.781000000000000000e+03
2.840000000000000000e+04 5.504000000000000000e+03
2.860000000000000000e+04 5.599000000000000000e+03
2.880000000000000000e+04 5.448000000000000000e+03
2.900000000000000000e+04 5.337000000000000000e+03
2.920000000000000000e+04 5.182000000000000000e+03
2.940000000000000000e+04 4.926000000000000000e+03
2.960000000000000000e+04 4.854000000000000000e+03
2.980000000000000000e+04 4.860000000000000000e+03
3.000000000000000000e+04 4.578000000000000000e+03
3.020000000000000000e+04 4.551000000000000000e+03
3.040000000000000000e+04 4.444000000000000000e+03
3.060000000000000000e+04 4.140000000000000000e+03
3.080000000000000000e+04 3.932000000000000000e+03
3.100000000000000000e+04 3.900000000000000000e+03
3.120000000000000000e+04 3.709000000000000000e+03
3.140000000000000000e+04 3.470000000000000000e+03
3.160000000000000000e+04 3.407000000000000000e+03
3.180000000000000000e+04 3.170000000000000000e+03
3.200000000000000000e+04 3.076000000000000000e+03
3.220000000000000000e+04 3.017000000000000000e+03
3.240000000000000000e+04 2.852000000000000000e+03
3.260000000000000000e+04 2.830000000000000000e+03
3.280000000000000000e+04 2.741000000000000000e+03
3.300000000000000000e+04 2.651000000000000000e+03
3.320000000000000000e+04 2.557000000000000000e+03
3.340000000000000000e+04 2.462000000000000000e+03
3.360000000000000000e+04 2.514000000000000000e+03
3.380000000000000000e+04 2.410000000000000000e+03
3.400000000000000000e+04 2.351000000000000000e+03
3.420000000000000000e+04 2.343000000000000000e+03
3.440000000000000000e+04 2.440000000000000000e+03
3.460000000000000000e+04 2.449000000000000000e+03
3.480000000000000000e+04 2.468000000000000000e+03
3.500000000000000000e+04 2.553000000000000000e+03
3.520000000000000000e+04 2.610000000000000000e+03
3.540000000000000000e+04 2.679000000000000000e+03
3.560000000000000000e+04 2.747000000000000000e+03
3.580000000000000000e+04 2.987000000000000000e+03
3.600000000000000000e+04 3.099000000000000000e+03
3.620000000000000000e+04 3.213000000000000000e+03
3.640000000000000000e+04 3.354000000000000000e+03
3.660000000000000000e+04 3.564000000000000000e+03
3.680000000000000000e+04 3.640000000000000000e+03
3.700000000000000000e+04 3.866000000000000000e+03
3.720000000000000000e+04 4.073000000000000000e+03
3.740000000000000000e+04 4.165000000000000000e+03
3.760000000000000000e+04 4.394000000000000000e+03
3.780000000000000000e+04 4.503000000000000000e+03
3.800000000000000000e+04 4.796000000000000000e+03
3.820000000000000000e+04 4.817000000000000000e+03
3.840000000000000000e+04 4.945000000000000000e+03
3.860000000000000000e+04 5.080000000000000000e+03
3.880000000000000000e+04 5.261000000000000000e+03
3.900000000000000000e+04 5.520000000000000000e+03
3.920000000000000000e+04 5.607000000000000000e+03
3.940000000000000000e+04 5.746000000000000000e+03
3.960000000000000000e+04 5.830000000000000000e+03
3.980000000000000000e+04 6.079000000000000000e+03
