0.000000000000000000e+00 6.845000000000000000e+03
3.330000000000000000e+02 6.839000000000000000e+03
6.660000000000000000e+02 7.070000000000000000e+03
9.990000000000000000e+02 7.273000000000000000e+03
1.332000000000000000e+03 7.225000000000000000e+03
1.665000000000000000e+03 7.216000000000000000e+03
1.998000000000000000e+03 7.347000000000000000e+03
2.331000000000000000e+03 7.334000000000000000e+03
2.664000000000000000e+03 7.328000000000000000e+03
2.997000000000000000e+03 7.522000000000000000e+03
3.330000000000000000e+03 7.696000000000000000e+03
3.663000000000000000e+03 7.708000000000000000e+03
3.996000000000000000e+03 7.829000000000000000e+03
4.329000000000000000e+03 7.813000000000000000e+03
4.662000000000000000e+03 7.610000000000000000e+03
4.995000000000000000e+03 7.753000000000000000e+03
5.328000000000000000e+03 7.842000000000000000e+03
5.661000000000000000e+03 7.820000000000000000e+03
5.994000000000000000e+03 8.059000000000000000e+03
6.327000000000000000e+03 7.775000000000000000e+03
6.660000000000000000e+03 7.942000000000000000e+03
6.993000000000000000e+03 7.799000000000000000e+03
7.326000000000000000e+03 7.824000000000000000e+03
7.659000000000000000e+03 7.839000000000000000e+03
7.992000000000000000e+03 7.751000000000000000e+03
8.325000000000000000e+03 7.600000000000000000e+03
8.658000000000000000e+03 7.633000000000000000e+03
8.991000000000000000e+03 7.711000000000000000e+03
9.324000000000000000e+03 7.587000000000000000e+03
9.657000000000000000e+03 7.641000000000000000e+03
9.990000000000000000e+03 7.721000000000000000e+03
1.032300000000000000e+04 7.647000000000000000e+03
1.065600000000000000e+04 7.385000000000000000e+03
1.098900000000000000e+04 7.442000000000000000e+03
1.132200000000000000e+04 7.414000000000000000e+03
1.165500000000000000e+04 7.257000000000000000e+03
1.198800000000000000e+04 7.057000000000000000e+03
1.232100000000000000e+04 6.983000000000000000e+03
1.265400000000000000e+04 6.939000000000000000e+03
1.298700000000000000e+04 6.767000000000000000e+03
1.332000000000000000e+04 6.718000000000000000e+03
1.365300000000000000e+04 6.725000000000000000e+03
1.398600000000000000e+04 6.486000000000000000e+03
1.431900000000000000e+04 6.295000000000000000e+03
1.465200000000000000e+04 6.199000000000000000e+03
1.498500000000000000e+04 5.996000000000000000e+03
1.531800000000000000e+04 5.751000000000000000e+03
1.565100000000000000e+04 5.681000000000000000e+03
1.598400000000000000e+04 5.489000000000000000e+03
1.631700000000000000e+04 5.289000000000000000e+03
1.665000000000000000e+04 5.244000000000000000e+03
1.698300000000000000e+04 4.963000000000000000e+03
1.731600000000000000e+04 4.871000000000000000e+03
1.764900000000000000e+04 4.717000000000000000e+03
1.798200000000000000e+04 4.395000000000000000e+03
1.831500000000000000e+04 4.229000000000000000e+03
1.864800000000000000e+04 4.024000000000000000e+03
1.898100000000000000e+04 3.954000000000000000e+03
1.931400000000000000e+04 3.776000000000000000e+03
1.964700000000000000e+04 3.504000000000000000e+03
1.998000000000000000e+04 3.548000000000000000e+03
2.031300000000000000e+04 3.206000000000000000e+03
2.064600000000000000e+04 3.145000000000000000e+03
2.097900000000000000e+04 2.990000000000000000e+03
2.131200000000000000e+04 2.891000000000000000e+03
2.164500000000000000e+04 2.872000000000000000e+03
2.197800000000000000e+04 2.808000000000000000e+03
2.231100000000000000e+04 2.760000000000000000e+03
2.264400000000000000e+04 2.740000000000000000e+03
2.297700000000000000e+04 2.575000000000000000e+03
2.331000000000000000e+04 2.660000000000000000e+03
2.364300000000000000e+04 2.658000000000000000e+03
2.397600000000000000e+04 2.638000000000000000e+03
2.430900000000000000e+04 2.730000000000000000e+03
2.464200000000000000e+04 2.733000000000000000e+03
2.497500000000000000e+04 2.774000000000000000e+03
2.530800000000000000e+04 3.065000000000000000e+03
2.564100000000000000e+04 3.113000000000000000e+03
2.597400000000000000e+04 3.104000000000000000e+03
2.630700000000000000e+04 3.379000000000000000e+03
2.664000000000000000e+04 3.528000000000000000e+03
2.697300000000000000e+04 3.690000000000000000e+03
2.730600000000000000e+04 3.845000000000000000e+03
2.763900000000000000e+04 3.955000000000000000e+03
2.797200000000000000e+04 4.099000000000000000e+03
2.830500000000000000e+04 4.293000000000000000e+03
2.863800000000000000e+04 4.486000000000000000e+03
2.897100000000000000e+04 4.858000000000000000e+03
2.930400000000000000e+04 5.031000000000000000e+03
2.963700000000000000e+04 5.118000000000000000e+03
2.997000000000000000e+04 5.299000000000000000e+03
3.030300000000000000e+04 5.371000000000000000e+03
3.063600000000000000e+04 5.598000000000000000e+03
3.096900000000000000e+04 5.715000000000000000e+03
3.130200000000000000e+04 5.944000000000000000e+03
3.163500000000000000e+04 6.204000000000000000e+03
3.196800000000000000e+04 6.280000000000000000e+03
3.230100000000000000e+04 6.446000000000000000e+03
3.263400000000000000e+04 6.633000000000000000e+03
3.296700000000000000e+04 6.821000000000000000e+03
3.330000000000000000e+04 6.785000000000000000e+03
3.363300000000000000e+04 7.129000000000000000e+03
3.396600000000000000e+04 7.032000000000000000e+03
3.429900000000000000e+04 7.313000000000000000e+03
3.463200000000000000e+04 7.205000000000000000e+03
3.496500000000000000e+04 7.168000000000000000e+03
3.529800000000000000e+04 7.404000000000000000e+03
3.563100000000000000e+04 7.390000000000000000e+03
3.596400000000000000e+04 7.566000000000000000e+03
3.629700000000000000e+04 7.492000000000000000e+03
3.663000000000000000e+04 7.653000000000000000e+03
3.696300000000000000e+04 7.616000000000000000e+03
3.729600000000000000e+04 7.627000000000000000e+03
3.762900000000000000e+04 7.573000000000000000e+03
3.796200000000000000e+04 7.782000000000000000e+03
3.829500000000000000e+04 7.830000000000000000e+03
3.862800000000000000e+04 7.754000000000000000e+03
3.896100000000000000e+04 7.863000000000000000e+03
3.929400000000000000e+04 7.835000000000000000e+03
3.962700000000000000e+04 7.850000000000000000e+03
3.996000000000000000e+04 7.717000000000000000e+03
4.029300000000000000e+04 7.848000000000000000e+03
4.062600000000000000e+04 7.642000000000000000e+03
4.095900000000000000e+04 7.800000000000000000e+03
4.129200000000000000e+04 7.621000000000000000e+03
4.162500000000000000e+04 7.851000000000000000e+03
4.195800000000000000e+04 7.740000000000000000e+03
4.229100000000000000e+04 7.695000000000000000e+03
4.262400000000000000e+04 7.679000000000000000e+03
4.295700000000000000e+04 7.600000000000000000e+03
4.329000000000000000e+04 7.576000000000000000e+03
4.362300000000000000e+04 7.501000000000000000e+03
4.395600000000000000e+04 7.428000000000000000e+03
4.428900000000000000e+04 7.257000000000000000e+03
4.462200000000000000e+04 7.148000000000000000e+03
4.495500000000000000e+04 7.115000000000000000e+03
4.528800000000000000e+04 7.088000000000000000e+03
4.562100000000000000e+04 7.027000000000000000e+03
4.595400000000000000e+04 6.997000000000000000e+03
4.628700000000000000e+04 6.808000000000000000e+03
4.662000000000000000e+04 6.763000000000000000e+03
4.695300000000000000e+04 6.432000000000000000e+03
4.728600000000000000e+04 6.485000000000000000e+03
4.761900000000000000e+04 6.260000000000000000e+03
4.795200000000000000e+04 6.115000000000000000e+03
4.828500000000000000e+04 5.907000000000000000e+03
4.861800000000000000e+04 5.695000000000000000e+03
4.895100000000000000e+04 5.830000000000000000e+03
4.928400000000000000e+04 5.562000000000000000e+03
4.961700000000000000e+04 5.319000000000000000e+03
4.995000000000000000e+04 5.142000000000000000e+03
5.028300000000000000e+04 5.054000000000000000e+03
5.061600000000000000e+04 4.737000000000000000e+03
5.094900000000000000e+04 4.708000000000000000e+03
5.128200000000000000e+04 4.445000000000000000e+03
5.161500000000000000e+04 4.172000000000000000e+03
5.194800000000000000e+04 4.020000000000000000e+03
5.228100000000000000e+04 3.967000000000000000e+03
5.261400000000000000e+04 3.792000000000000000e+03
5.294700000000000000e+04 3.578000000000000000e+03
5.328000000000000000e+04 3.421000000000000000e+03
5.361300000000000000e+04 3.340000000000000000e+03
5.394600000000000000e+04 3.116000000000000000e+03
5.427900000000000000e+04 3.060000000000000000e+03
5.461200000000000000e+04 2.981000000000000000e+03
5.494500000000000000e+04 2.850000000000000000e+03
5.527800000000000000e+04 2.862000000000000000e+03
5.561100000000000000e+04 2.624000000000000000e+03
5.594400000000000000e+04 2.570000000000000000e+03
5.627700000000000000e+04 2.688000000000000000e+03
5.661000000000000000e+04 2.625000000000000000e+03
5.694300000000000000e+04 2.688000000000000000e+03
5.727600000000000000e+04 2.656000000000000000e+03
5.760900000000000000e+04 2.660000000000000000e+03
5.794200000000000000e+04 2.853000000000000000e+03
5.827500000000000000e+04 2.815000000000000000e+03
5.860800000000000000e+04 2.930000000000000000e+03
5.894100000000000000e+04 2.998000000000000000e+03
5.927400000000000000e+04 3.152000000000000000e+03
5.960700000000000000e+04 3.392000000000000000e+03
5.994000000000000000e+04 3.403000000000000000e+03
6.027300000000000000e+04 3.620000000000000000e+03
6.060600000000000000e+04 3.764000000000000000e+03
6.093900000000000000e+04 3.979000000000000000e+03
6.127200000000000000e+04 4.148000000000000000e+03
6.160500000000000000e+04 4.433000000000000000e+03
6.193800000000000000e+04 4.479000000000000000e+03
6.227100000000000000e+04 4.789000000000000000e+03
6.260400000000000000e+04 4.949000000000000000e+03
6.293700000000000000e+04 5.065000000000000000e+03
6.327000000000000000e+04 5.321000000000000000e+03
6.360300000000000000e+04 5.528000000000000000e+03
6.393600000000000000e+04 5.798000000000000000e+03
6.426900000000000000e+04 5.806000000000000000e+03
6.460200000000000000e+04 6.005000000000000000e+03
6.493500000000000000e+04 6.055000000000000000e+03
6.526800000000000000e+04 6.250000000000000000e+03
6.560100000000000000e+04 6.369000000000000000e+03
6.593400000000000000e+04 6.526000000000000000e+03
6.626700000000000000e+04 6.716000000000000000e+03
