0.000000000000000000e+00 6.500000000000000000e+03
5.000000000000000000e+01 6.687000000000000000e+03
1.000000000000000000e+02 6.815000000000000000e+03
1.500000000000000000e+02 6.860000000000000000e+03
2.000000000000000000e+02 7.313000000000000000e+03
2.500000000000000000e+02 7.162000000000000000e+03
3.000000000000000000e+02 7.307000000000000000e+03
3.500000000000000000e+02 7.271000000000000000e+03
4.000000000000000000e+02 7.500000000000000000e+03
4.500000000000000000e+02 7.537000000000000000e+03
5.000000000000000000e+02 7.725000000000000000e+03
5.500000000000000000e+02 7.879000000000000000e+03
6.000000000000000000e+02 7.779000000000000000e+03
6.500000000000000000e+02 7.741000000000000000e+03
7.000000000000000000e+02 7.888000000000000000e+03
7.500000000000000000e+02 7.770000000000000000e+03
8.000000000000000000e+02 7.959000000000000000e+03
8.500000000000000000e+02 8.018000000000000000e+03
9.000000000000000000e+02 7.922000000000000000e+03
9.500000000000000000e+02 8.114000000000000000e+03
1.000000000000000000e+03 7.785000000000000000e+03
1.050000000000000000e+03 8.001000000000000000e+03
1.100000000000000000e+03 8.109000000000000000e+03
1.150000000000000000e+03 8.136000000000000000e+03
1.200000000000000000e+03 8.083000000000000000e+03
1.250000000000000000e+03 8.066000000000000000e+03
1.300000000000000000e+03 7.994000000000000000e+03
1.350000000000000000e+03 8.012000000000000000e+03
1.400000000000000000e+03 7.748000000000000000e+03
1.450000000000000000e+03 7.862000000000000000e+03
1.500000000000000000e+03 7.727000000000000000e+03
1.550000000000000000e+03 7.760000000000000000e+03
1.600000000000000000e+03 7.607000000000000000e+03
1.650000000000000000e+03 7.550000000000000000e+03
1.700000000000000000e+03 7.511000000000000000e+03
1.750000000000000000e+03 7.389000000000000000e+03
1.800000000000000000e+03 7.391000000000000000e+03
1.850000000000000000e+03 7.187000000000000000e+03
1.900000000000000000e+03 7.035000000000000000e+03
1.950000000000000000e+03 7.060000000000000000e+03
2.000000000000000000e+03 6.910000000000000000e+03
2.050000000000000000e+03 6.967000000000000000e+03
2.100000000000000000e+03 6.757000000000000000e+03
2.150000000000000000e+03 6.602000000000000000e+03
2.200000000000000000e+03 6.311000000000000000e+03
2.250000000000000000e+03 6.301000000000000000e+03
2.300000000000000000e+03 6.177000000000000000e+03
2.350000000000000000e+03 5.981000000000000000e+03
2.400000000000000000e+03 5.820000000000000000e+03
2.450000000000000000e+03 5.597000000000000000e+03
2.500000000000000000e+03 5.556000000000000000e+03
2.550000000000000000e+03 5.269000000000000000e+03
2.600000000000000000e+03 5.161000000000000000e+03
2.650000000000000000e+03 5.014000000000000000e+03
2.700000000000000000e+03 4.948000000000000000e+03
2.750000000000000000e+03 4.623000000000000000e+03
2.800000000000000000e+03 4.511000000000000000e+03
2.850000000000000000e+03 4.306000000000000000e+03
2.900000000000000000e+03 4.057000000000000000e+03
2.950000000000000000e+03 4.027000000000000000e+03
3.000000000000000000e+03 3.791000000000000000e+03
3.050000000000000000e+03 3.709000000000000000e+03
3.100000000000000000e+03 3.582000000000000000e+03
3.150000000000000000e+03 3.447000000000000000e+03
3.200000000000000000e+03 3.379000000000000000e+03
3.250000000000000000e+03 3.130000000000000000e+03
3.300000000000000000e+03 3.105000000000000000e+03
3.350000000000000000e+03 3.019000000000000000e+03
3.400000000000000000e+03 2.913000000000000000e+03
3.450000000000000000e+03 2.884000000000000000e+03
3.500000000000000000e+03 2.875000000000000000e+03
3.550000000000000000e+03 2.713000000000000000e+03
3.600000000000000000e+03 2.659000000000000000e+03
3.650000000000000000e+03 2.656000000000000000e+03
3.700000000000000000e+03 2.660000000000000000e+03
3.750000000000000000e+03 2.708000000000000000e+03
3.800000000000000000e+03 2.769000000000000000e+03
3.850000000000000000e+03 2.813000000000000000e+03
3.900000000000000000e+03 2.915000000000000000e+03
3.950000000000000000e+03 2.815000000000000000e+03
4.000000000000000000e+03 3.014000000000000000e+03
4.050000000000000000e+03 3.142000000000000000e+03
4.100000000000000000e+03 3.210000000000000000e+03
4.150000000000000000e+03 3.228000000000000000e+03
4.200000000000000000e+03 3.485000000000000000e+03
4.250000000000000000e+03 3.591000000000000000e+03
4.300000000000000000e+03 3.815000000000000000e+03
4.350000000000000000e+03 3.903000000000000000e+03
4.400000000000000000e+03 4.260000000000000000e+03
4.450000000000000000e+03 4.400000000000000000e+03
4.500000000000000000e+03 4.640000000000000000e+03
4.550000000000000000e+03 4.716000000000000000e+03
4.600000000000000000e+03 4.805000000000000000e+03
4.650000000000000000e+03 5.246000000000000000e+03
4.700000000000000000e+03 5.512000000000000000e+03
4.750000000000000000e+03 5.655000000000000000e+03
4.800000000000000000e+03 5.756000000000000000e+03
4.850000000000000000e+03 5.905000000000000000e+03
4.900000000000000000e+03 6.287000000000000000e+03
4.950000000000000000e+03 6.392000000000000000e+03
5.000000000000000000e+03 6.481000000000000000e+03
5.050000000000000000e+03 6.607000000000000000e+03
5.100000000000000000e+03 6.722000000000000000e+03
5.150000000000000000e+03 6.982000000000000000e+03
5.200000000000000000e+03 6.829000000000000000e+03
5.250000000000000000e+03 7.179000000000000000e+03
5.300000000000000000e+03 7.221000000000000000e+03
5.350000000000000000e+03 7.582000000000000000e+03
5.400000000000000000e+03 7.572000000000000000e+03
5.450000000000000000e+03 7.662000000000000000e+03
5.500000000000000000e+03 7.532000000000000000e+03
5.550000000000000000e+03 7.727000000000000000e+03
5.600000000000000000e+03 7.661000000000000000e+03
5.650000000000000000e+03 7.780000000000000000e+03
5.700000000000000000e+03 7.683000000000000000e+03
5.750000000000000000e+03 7.682000000000000000e+03
5.800000000000000000e+03 7.939000000000000000e+03
5.850000000000000000e+03 7.912000000000000000e+03
5.900000000000000000e+03 7.938000000000000000e+03
5.950000000000000000e+03 8.006000000000000000e+03
6.000000000000000000e+03 8.010000000000000000e+03
6.050000000000000000e+03 7.959000000000000000e+03
6.100000000000000000e+03 7.940000000000000000e+03
6.150000000000000000e+03 8.086000000000000000e+03
6.200000000000000000e+03 7.973000000000000000e+03
6.250000000000000000e+03 7.942000000000000000e+03
6.300000000000000000e+03 7.820000000000000000e+03
6.350000000000000000e+03 7.920000000000000000e+03
6.400000000000000000e+03 7.986000000000000000e+03
6.450000000000000000e+03 7.889000000000000000e+03
6.500000000000000000e+03 7.774000000000000000e+03
6.550000000000000000e+03 7.772000000000000000e+03
6.600000000000000000e+03 7.538000000000000000e+03
6.650000000000000000e+03 7.532000000000000000e+03
6.700000000000000000e+03 7.676000000000000000e+03
6.750000000000000000e+03 7.411000000000000000e+03
6.800000000000000000e+03 7.308000000000000000e+03
6.850000000000000000e+03 7.138000000000000000e+03
6.900000000000000000e+03 7.197000000000000000e+03
6.950000000000000000e+03 7.094000000000000000e+03
7.000000000000000000e+03 6.871000000000000000e+03
7.050000000000000000e+03 6.785000000000000000e+03
7.100000000000000000e+03 6.800000000000000000e+03
7.150000000000000000e+03 6.503000000000000000e+03
7.200000000000000000e+03 6.289000000000000000e+03
7.250000000000000000e+03 6.193000000000000000e+03
7.300000000000000000e+03 6.083000000000000000e+03
7.350000000000000000e+03 5.973000000000000000e+03
7.400000000000000000e+03 5.821000000000000000e+03
7.450000000000000000e+03 5.524000000000000000e+03
7.500000000000000000e+03 5.406000000000000000e+03
7.550000000000000000e+03 5.382000000000000000e+03
7.600000000000000000e+03 5.129000000000000000e+03
7.650000000000000000e+03 5.084000000000000000e+03
7.700000000000000000e+03 4.785000000000000000e+03
7.750000000000000000e+03 4.734000000000000000e+03
7.800000000000000000e+03 4.336000000000000000e+03
7.850000000000000000e+03 4.366000000000000000e+03
7.900000000000000000e+03 4.110000000000000000e+03
7.950000000000000000e+03 4.069000000000000000e+03
8.000000000000000000e+03 3.715000000000000000e+03
8.050000000000000000e+03 3.654000000000000000e+03
8.100000000000000000e+03 3.526000000000000000e+03
8.150000000000000000e+03 3.419000000000000000e+03
8.200000000000000000e+03 3.275000000000000000e+03
8.250000000000000000e+03 3.202000000000000000e+03
8.300000000000000000e+03 3.139000000000000000e+03
8.350000000000000000e+03 3.042000000000000000e+03
8.400000000000000000e+03 2.894000000000000000e+03
8.450000000000000000e+03 2.810000000000000000e+03
8.500000000000000000e+03 2.833000000000000000e+03
8.550000000000000000e+03 2.828000000000000000e+03
8.600000000000000000e+03 2.685000000000000000e+03
8.650000000000000000e+03 2.663000000000000000e+03
8.700000000000000000e+03 2.744000000000000000e+03
8.750000000000000000e+03 2.571000000000000000e+03
8.800000000000000000e+03 2.711000000000000000e+03
8.850000000000000000e+03 2.698000000000000000e+03
8.900000000000000000e+03 2.750000000000000000e+03
8.950000000000000000e+03 2.906000000000000000e+03
9.000000000000000000e+03 2.994000000000000000e+03
9.050000000000000000e+03 3.085000000000000000e+03
9.100000000000000000e+03 3.165000000000000000e+03
9.150000000000000000e+03 3.349000000000000000e+03
9.200000000000000000e+03 3.475000000000000000e+03
9.250000000000000000e+03 3.533000000000000000e+03
9.300000000000000000e+03 3.745000000000000000e+03
9.350000000000000000e+03 3.841000000000000000e+03
9.400000000000000000e+03 4.235000000000000000e+03
9.450000000000000000e+03 4.404000000000000000e+03
9.500000000000000000e+03 4.700000000000000000e+03
9.550000000000000000e+03 4.577000000000000000e+03
9.600000000000000000e+03 5.073000000000000000e+03
9.650000000000000000e+03 5.296000000000000000e+03
9.700000000000000000e+03 5.407000000000000000e+03
9.750000000000000000e+03 5.644000000000000000e+03
9.800000000000000000e+03 5.853000000000000000e+03
9.850000000000000000e+03 6.115000000000000000e+03
9.900000000000000000e+03 6.203000000000000000e+03
9.950000000000000000e+03 6.314000000000000000e+03
