0.000000000000000000e+00 7.708000000000000000e+03
1.000000000000000000e+03 8.218000000000000000e+03
2.000000000000000000e+03 8.162000000000000000e+03
3.000000000000000000e+03 8.343000000000000000e+03
4.000000000000000000e+03 8.387000000000000000e+03
5.000000000000000000e+03 8.408000000000000000e+03
6.000000000000000000e+03 8.581000000000000000e+03
7.000000000000000000e+03 8.807000000000000000e+03
8.000000000000000000e+03 8.775000000000000000e+03
9.000000000000000000e+03 8.737000000000000000e+03
1.000000000000000000e+04 8.787000000000000000e+03
1.100000000000000000e+04 8.890000000000000000e+03
1.200000000000000000e+04 8.972000000000000000e+03
1.300000000000000000e+04 9.184000000000000000e+03
1.400000000000000000e+04 8.994000000000000000e+03
1.500000000000000000e+04 8.994000000000000000e+03
1.600000000000000000e+04 8.945000000000000000e+03
1.700000000000000000e+04 9.031000000000000000e+03
1.800000000000000000e+04 8.771000000000000000e+03
1.900000000000000000e+04 8.987000000000000000e+03
2.000000000000000000e+04 8.974000000000000000e+03
2.100000000000000000e+04 9.134000000000000000e+03
2.200000000000000000e+04 8.961000000000000000e+03
2.300000000000000000e+04 9.171000000000000000e+03
2.400000000000000000e+04 8.895000000000000000e+03
2.500000000000000000e+04 8.953000000000000000e+03
2.600000000000000000e+04 8.968000000000000000e+03
2.700000000000000000e+04 8.961000000000000000e+03
2.800000000000000000e+04 8.791000000000000000e+03
2.900000000000000000e+04 8.843000000000000000e+03
3.000000000000000000e+04 8.728000000000000000e+03
3.100000000000000000e+04 8.838000000000000000e+03
3.200000000000000000e+04 8.544000000000000000e+03
3.300000000000000000e+04 8.578000000000000000e+03
3.400000000000000000e+04 8.270000000000000000e+03
3.500000000000000000e+04 8.315000000000000000e+03
3.600000000000000000e+04 8.198000000000000000e+03
3.700000000000000000e+04 8.338000000000000000e+03
3.800000000000000000e+04 7.899000000000000000e+03
3.900000000000000000e+04 7.917000000000000000e+03
4.000000000000000000e+04 7.729000000000000000e+03
4.100000000000000000e+04 7.538000000000000000e+03
4.200000000000000000e+04 7.435000000000000000e+03
4.300000000000000000e+04 7.201000000000000000e+03
4.400000000000000000e+04 7.114000000000000000e+03
4.500000000000000000e+04 6.881000000000000000e+03
4.600000000000000000e+04 6.693000000000000000e+03
4.700000000000000000e+04 6.495000000000000000e+03
4.800000000000000000e+04 6.146000000000000000e+03
4.900000000000000000e+04 6.005000000000000000e+03
5.000000000000000000e+04 5.954000000000000000e+03
5.100000000000000000e+04 5.587000000000000000e+03
5.200000000000000000e+04 5.492000000000000000e+03
5.300000000000000000e+04 5.307000000000000000e+03
5.400000000000000000e+04 5.030000000000000000e+03
5.500000000000000000e+04 4.908000000000000000e+03
5.600000000000000000e+04 4.723000000000000000e+03
5.700000000000000000e+04 4.374000000000000000e+03
5.800000000000000000e+04 4.218000000000000000e+03
5.900000000000000000e+04 3.994000000000000000e+03
6.000000000000000000e+04 3.979000000000000000e+03
6.100000000000000000e+04 3.633000000000000000e+03
6.200000000000000000e+04 3.472000000000000000e+03
6.300000000000000000e+04 3.324000000000000000e+03
6.400000000000000000e+04 3.309000000000000000e+03
6.500000000000000000e+04 3.190000000000000000e+03
6.600000000000000000e+04 3.118000000000000000e+03
6.700000000000000000e+04 3.095000000000000000e+03
6.800000000000000000e+04 2.969000000000000000e+03
6.900000000000000000e+04 3.046000000000000000e+03
7.000000000000000000e+04 3.118000000000000000e+03
7.100000000000000000e+04 3.035000000000000000e+03
7.200000000000000000e+04 3.067000000000000000e+03
7.300000000000000000e+04 3.241000000000000000e+03
7.400000000000000000e+04 3.176000000000000000e+03
7.500000000000000000e+04 3.349000000000000000e+03
7.600000000000000000e+04 3.492000000000000000e+03
7.700000000000000000e+04 3.619000000000000000e+03
7.800000000000000000e+04 3.759000000000000000e+03
7.900000000000000000e+04 4.010000000000000000e+03
8.000000000000000000e+04 4.065000000000000000e+03
8.100000000000000000e+04 4.289000000000000000e+03
8.200000000000000000e+04 4.333000000000000000e+03
8.300000000000000000e+04 4.741000000000000000e+03
8.400000000000000000e+04 5.008000000000000000e+03
8.500000000000000000e+04 5.130000000000000000e+03
8.600000000000000000e+04 5.265000000000000000e+03
8.700000000000000000e+04 5.445000000000000000e+03
8.800000000000000000e+04 5.672000000000000000e+03
8.900000000000000000e+04 5.850000000000000000e+03
9.000000000000000000e+04 6.161000000000000000e+03
9.100000000000000000e+04 6.562000000000000000e+03
9.200000000000000000e+04 6.696000000000000000e+03
9.300000000000000000e+04 6.770000000000000000e+03
9.400000000000000000e+04 6.979000000000000000e+03
9.500000000000000000e+04 7.185000000000000000e+03
9.600000000000000000e+04 7.344000000000000000e+03
9.700000000000000000e+04 7.493000000000000000e+03
9.800000000000000000e+04 7.800000000000000000e+03
9.900000000000000000e+04 7.720000000000000000e+03
1.000000000000000000e+05 7.731000000000000000e+03
1.010000000000000000e+05 8.079000000000000000e+03
1.020000000000000000e+05 8.115000000000000000e+03
1.030000000000000000e+05 8.369000000000000000e+03
1.040000000000000000e+05 8.394000000000000000e+03
1.050000000000000000e+05 8.423000000000000000e+03
1.060000000000000000e+05 8.596000000000000000e+03
1.070000000000000000e+05 8.728000000000000000e+03
1.080000000000000000e+05 8.690000000000000000e+03
1.090000000000000000e+05 8.781000000000000000e+03
1.100000000000000000e+05 8.645000000000000000e+03
1.110000000000000000e+05 8.738000000000000000e+03
1.120000000000000000e+05 8.814000000000000000e+03
1.130000000000000000e+05 9.073000000000000000e+03
1.140000000000000000e+05 9.145000000000000000e+03
1.150000000000000000e+05 9.054000000000000000e+03
1.160000000000000000e+05 9.024000000000000000e+03
1.170000000000000000e+05 8.941000000000000000e+03
1.180000000000000000e+05 9.107000000000000000e+03
1.190000000000000000e+05 9.218000000000000000e+03
1.200000000000000000e+05 9.010000000000000000e+03
1.210000000000000000e+05 9.065000000000000000e+03
1.220000000000000000e+05 8.908000000000000000e+03
1.230000000000000000e+05 8.970000000000000000e+03
1.240000000000000000e+05 8.975000000000000000e+03
1.250000000000000000e+05 8.965000000000000000e+03
1.260000000000000000e+05 8.813000000000000000e+03
1.270000000000000000e+05 8.900000000000000000e+03
1.280000000000000000e+05 8.723000000000000000e+03
1.290000000000000000e+05 8.715000000000000000e+03
1.300000000000000000e+05 8.616000000000000000e+03
1.310000000000000000e+05 8.705000000000000000e+03
1.320000000000000000e+05 8.518000000000000000e+03
1.330000000000000000e+05 8.542000000000000000e+03
1.340000000000000000e+05 8.585000000000000000e+03
1.350000000000000000e+05 8.451000000000000000e+03
1.360000000000000000e+05 8.230000000000000000e+03
1.370000000000000000e+05 8.112000000000000000e+03
1.380000000000000000e+05 8.045000000000000000e+03
1.390000000000000000e+05 7.730000000000000000e+03
1.400000000000000000e+05 7.657000000000000000e+03
1.410000000000000000e+05 7.595000000000000000e+03
1.420000000000000000e+05 7.475000000000000000e+03
1.430000000000000000e+05 7.253000000000000000e+03
1.440000000000000000e+05 7.051000000000000000e+03
1.450000000000000000e+05 6.709000000000000000e+03
1.460000000000000000e+05 6.735000000000000000e+03
1.470000000000000000e+05 6.397000000000000000e+03
1.480000000000000000e+05 6.291000000000000000e+03
1.490000000000000000e+05 6.001000000000000000e+03
1.500000000000000000e+05 5.853000000000000000e+03
1.510000000000000000e+05 5.693000000000000000e+03
1.520000000000000000e+05 5.428000000000000000e+03
1.530000000000000000e+05 5.171000000000000000e+03
1.540000000000000000e+05 5.041000000000000000e+03
1.550000000000000000e+05 4.760000000000000000e+03
1.560000000000000000e+05 4.614000000000000000e+03
1.570000000000000000e+05 4.575000000000000000e+03
1.580000000000000000e+05 4.261000000000000000e+03
1.590000000000000000e+05 3.991000000000000000e+03
1.600000000000000000e+05 3.918000000000000000e+03
1.610000000000000000e+05 3.656000000000000000e+03
1.620000000000000000e+05 3.487000000000000000e+03
1.630000000000000000e+05 3.530000000000000000e+03
1.640000000000000000e+05 3.380000000000000000e+03
1.650000000000000000e+05 3.200000000000000000e+03
1.660000000000000000e+05 3.021000000000000000e+03
1.670000000000000000e+05 3.074000000000000000e+03
1.680000000000000000e+05 3.104000000000000000e+03
1.690000000000000000e+05 3.096000000000000000e+03
1.700000000000000000e+05 3.003000000000000000e+03
1.710000000000000000e+05 3.122000000000000000e+03
1.720000000000000000e+05 3.175000000000000000e+03
1.730000000000000000e+05 3.146000000000000000e+03
1.740000000000000000e+05 3.292000000000000000e+03
1.750000000000000000e+05 3.413000000000000000e+03
1.760000000000000000e+05 3.478000000000000000e+03
1.770000000000000000e+05 3.625000000000000000e+03
1.780000000000000000e+05 3.796000000000000000e+03
1.790000000000000000e+05 3.947000000000000000e+03
1.800000000000000000e+05 4.100000000000000000e+03
1.810000000000000000e+05 4.360000000000000000e+03
1.820000000000000000e+05 4.542000000000000000e+03
1.830000000000000000e+05 4.776000000000000000e+03
1.840000000000000000e+05 4.731000000000000000e+03
1.850000000000000000e+05 5.139000000000000000e+03
1.860000000000000000e+05 5.338000000000000000e+03
1.870000000000000000e+05 5.591000000000000000e+03
1.880000000000000000e+05 5.757000000000000000e+03
1.890000000000000000e+05 5.997000000000000000e+03
1.900000000000000000e+05 6.049000000000000000e+03
1.910000000000000000e+05 6.417000000000000000e+03
1.920000000000000000e+05 6.763000000000000000e+03
1.930000000000000000e+05 6.832000000000000000e+03
1.940000000000000000e+05 6.826000000000000000e+03
1.950000000000000000e+05 7.138000000000000000e+03
1.960000000000000000e+05 7.258000000000000000e+03
1.970000000000000000e+05 7.454000000000000000e+03
1.980000000000000000e+05 7.709000000000000000e+03
1.990000000000000000e+05 7.754000000000000000e+03
