0.000000000000000000e+00 6.731000000000000000e+03
5.000000000000000000e+02 7.131000000000000000e+03
1.000000000000000000e+03 7.118000000000000000e+03
1.500000000000000000e+03 7.050000000000000000e+03
2.000000000000000000e+03 7.249000000000000000e+03
2.500000000000000000e+03 7.268000000000000000e+03
3.000000000000000000e+03 7.508000000000000000e+03
3.500000000000000000e+03 7.539000000000000000e+03
4.000000000000000000e+03 7.749000000000000000e+03
4.500000000000000000e+03 7.736000000000000000e+03
5.000000000000000000e+03 7.890000000000000000e+03
5.500000000000000000e+03 7.884000000000000000e+03
6.000000000000000000e+03 7.656000000000000000e+03
6.500000000000000000e+03 7.780000000000000000e+03
7.000000000000000000e+03 7.935000000000000000e+03
7.500000000000000000e+03 7.817000000000000000e+03
8.000000000000000000e+03 7.987000000000000000e+03
8.500000000000000000e+03 7.874000000000000000e+03
9.000000000000000000e+03 7.853000000000000000e+03
9.500000000000000000e+03 7.850000000000000000e+03
1.000000000000000000e+04 7.944000000000000000e+03
1.050000000000000000e+04 7.984000000000000000e+03
1.100000000000000000e+04 7.796000000000000000e+03
1.150000000000000000e+04 7.864000000000000000e+03
1.200000000000000000e+04 7.848000000000000000e+03
1.250000000000000000e+04 7.943000000000000000e+03
1.300000000000000000e+04 7.698000000000000000e+03
1.350000000000000000e+04 7.823000000000000000e+03
1.400000000000000000e+04 7.884000000000000000e+03
1.450000000000000000e+04 7.758000000000000000e+03
1.500000000000000000e+04 7.649000000000000000e+03
1.550000000000000000e+04 7.448000000000000000e+03
1.600000000000000000e+04 7.555000000000000000e+03
1.650000000000000000e+04 7.463000000000000000e+03
1.700000000000000000e+04 7.302000000000000000e+03
1.750000000000000000e+04 7.310000000000000000e+03
1.800000000000000000e+04 7.232000000000000000e+03
1.850000000000000000e+04 6.947000000000000000e+03
1.900000000000000000e+04 6.867000000000000000e+03
1.950000000000000000e+04 6.648000000000000000e+03
2.000000000000000000e+04 6.783000000000000000e+03
2.050000000000000000e+04 6.473000000000000000e+03
2.100000000000000000e+04 6.392000000000000000e+03
2.150000000000000000e+04 6.227000000000000000e+03
2.200000000000000000e+04 6.250000000000000000e+03
2.250000000000000000e+04 6.028000000000000000e+03
2.300000000000000000e+04 5.741000000000000000e+03
2.350000000000000000e+04 5.546000000000000000e+03
2.400000000000000000e+04 5.340000000000000000e+03
2.450000000000000000e+04 5.303000000000000000e+03
2.500000000000000000e+04 5.054000000000000000e+03
2.550000000000000000e+04 4.848000000000000000e+03
2.600000000000000000e+04 4.690000000000000000e+03
2.650000000000000000e+04 4.309000000000000000e+03
2.700000000000000000e+04 4.264000000000000000e+03
2.750000000000000000e+04 4.148000000000000000e+03
2.800000000000000000e+04 3.855000000000000000e+03
2.850000000000000000e+04 3.634000000000000000e+03
2.900000000000000000e+04 3.595000000000000000e+03
2.950000000000000000e+04 3.455000000000000000e+03
3.000000000000000000e+04 3.297000000000000000e+03
3.050000000000000000e+04 3.089000000000000000e+03
3.100000000000000000e+04 2.990000000000000000e+03
3.150000000000000000e+04 2.918000000000000000e+03
3.200000000000000000e+04 2.806000000000000000e+03
3.250000000000000000e+04 2.619000000000000000e+03
3.300000000000000000e+04 2.558000000000000000e+03
3.350000000000000000e+04 2.438000000000000000e+03
3.400000000000000000e+04 2.521000000000000000e+03
3.450000000000000000e+04 2.453000000000000000e+03
3.500000000000000000e+04 2.466000000000000000e+03
3.550000000000000000e+04 2.490000000000000000e+03
3.600000000000000000e+04 2.503000000000000000e+03
3.650000000000000000e+04 2.580000000000000000e+03
3.700000000000000000e+04 2.601000000000000000e+03
3.750000000000000000e+04 2.757000000000000000e+03
3.800000000000000000e+04 2.863000000000000000e+03
3.850000000000000000e+04 2.902000000000000000e+03
3.900000000000000000e+04 3.161000000000000000e+03
3.950000000000000000e+04 3.235000000000000000e+03
4.000000000000000000e+04 3.451000000000000000e+03
4.050000000000000000e+04 3.691000000000000000e+03
4.100000000000000000e+04 3.851000000000000000e+03
4.150000000000000000e+04 3.838000000000000000e+03
4.200000000000000000e+04 4.079000000000000000e+03
4.250000000000000000e+04 4.337000000000000000e+03
4.300000000000000000e+04 4.434000000000000000e+03
4.350000000000000000e+04 4.737000000000000000e+03
4.400000000000000000e+04 4.949000000000000000e+03
4.450000000000000000e+04 5.130000000000000000e+03
4.500000000000000000e+04 5.249000000000000000e+03
4.550000000000000000e+04 5.547000000000000000e+03
4.600000000000000000e+04 5.706000000000000000e+03
4.650000000000000000e+04 5.823000000000000000e+03
4.700000000000000000e+04 6.189000000000000000e+03
4.750000000000000000e+04 6.240000000000000000e+03
4.800000000000000000e+04 6.357000000000000000e+03
4.850000000000000000e+04 6.542000000000000000e+03
4.900000000000000000e+04 6.567000000000000000e+03
4.950000000000000000e+04 6.520000000000000000e+03
5.000000000000000000e+04 7.027000000000000000e+03
5.050000000000000000e+04 7.115000000000000000e+03
5.100000000000000000e+04 6.928000000000000000e+03
5.150000000000000000e+04 7.211000000000000000e+03
5.200000000000000000e+04 7.293000000000000000e+03
5.250000000000000000e+04 7.457000000000000000e+03
5.300000000000000000e+04 7.460000000000000000e+03
5.350000000000000000e+04 7.502000000000000000e+03
5.400000000000000000e+04 7.599000000000000000e+03
5.450000000000000000e+04 7.563000000000000000e+03
5.500000000000000000e+04 7.639000000000000000e+03
5.550000000000000000e+04 7.688000000000000000e+03
5.600000000000000000e+04 7.881000000000000000e+03
5.650000000000000000e+04 7.902000000000000000e+03
5.700000000000000000e+04 7.758000000000000000e+03
5.750000000000000000e+04 7.840000000000000000e+03
5.800000000000000000e+04 7.770000000000000000e+03
5.850000000000000000e+04 7.900000000000000000e+03
5.900000000000000000e+04 7.684000000000000000e+03
5.950000000000000000e+04 8.084000000000000000e+03
6.000000000000000000e+04 7.774000000000000000e+03
6.050000000000000000e+04 7.826000000000000000e+03
6.100000000000000000e+04 7.815000000000000000e+03
6.150000000000000000e+04 7.716000000000000000e+03
6.200000000000000000e+04 7.948000000000000000e+03
6.250000000000000000e+04 7.796000000000000000e+03
6.300000000000000000e+04 7.941000000000000000e+03
6.350000000000000000e+04 7.650000000000000000e+03
6.400000000000000000e+04 7.727000000000000000e+03
6.450000000000000000e+04 7.702000000000000000e+03
6.500000000000000000e+04 7.679000000000000000e+03
6.550000000000000000e+04 7.571000000000000000e+03
6.600000000000000000e+04 7.570000000000000000e+03
6.650000000000000000e+04 7.499000000000000000e+03
6.700000000000000000e+04 7.258000000000000000e+03
6.750000000000000000e+04 7.107000000000000000e+03
6.800000000000000000e+04 7.008000000000000000e+03
6.850000000000000000e+04 7.124000000000000000e+03
6.900000000000000000e+04 6.921000000000000000e+03
6.950000000000000000e+04 6.832000000000000000e+03
7.000000000000000000e+04 6.627000000000000000e+03
7.050000000000000000e+04 6.571000000000000000e+03
7.100000000000000000e+04 6.360000000000000000e+03
7.150000000000000000e+04 6.153000000000000000e+03
7.200000000000000000e+04 6.112000000000000000e+03
7.250000000000000000e+04 5.864000000000000000e+03
7.300000000000000000e+04 5.744000000000000000e+03
7.350000000000000000e+04 5.639000000000000000e+03
7.400000000000000000e+04 5.367000000000000000e+03
7.450000000000000000e+04 5.273000000000000000e+03
7.500000000000000000e+04 5.062000000000000000e+03
7.550000000000000000e+04 4.843000000000000000e+03
7.600000000000000000e+04 4.649000000000000000e+03
7.650000000000000000e+04 4.483000000000000000e+03
7.700000000000000000e+04 4.157000000000000000e+03
7.750000000000000000e+04 4.112000000000000000e+03
7.800000000000000000e+04 4.006000000000000000e+03
7.850000000000000000e+04 3.786000000000000000e+03
7.900000000000000000e+04 3.570000000000000000e+03
7.950000000000000000e+04 3.522000000000000000e+03
8.000000000000000000e+04 3.290000000000000000e+03
8.050000000000000000e+04 3.061000000000000000e+03
8.100000000000000000e+04 3.060000000000000000e+03
8.150000000000000000e+04 2.860000000000000000e+03
8.200000000000000000e+04 2.805000000000000000e+03
8.250000000000000000e+04 2.765000000000000000e+03
8.300000000000000000e+04 2.581000000000000000e+03
8.350000000000000000e+04 2.592000000000000000e+03
8.400000000000000000e+04 2.408000000000000000e+03
8.450000000000000000e+04 2.542000000000000000e+03
8.500000000000000000e+04 2.559000000000000000e+03
8.550000000000000000e+04 2.457000000000000000e+03
8.600000000000000000e+04 2.512000000000000000e+03
8.650000000000000000e+04 2.579000000000000000e+03
8.700000000000000000e+04 2.557000000000000000e+03
8.750000000000000000e+04 2.657000000000000000e+03
8.800000000000000000e+04 2.845000000000000000e+03
8.850000000000000000e+04 3.015000000000000000e+03
8.900000000000000000e+04 3.025000000000000000e+03
8.950000000000000000e+04 3.213000000000000000e+03
9.000000000000000000e+04 3.431000000000000000e+03
9.050000000000000000e+04 3.565000000000000000e+03
9.100000000000000000e+04 3.599000000000000000e+03
9.150000000000000000e+04 3.841000000000000000e+03
9.200000000000000000e+04 4.136000000000000000e+03
9.250000000000000000e+04 4.325000000000000000e+03
9.300000000000000000e+04 4.536000000000000000e+03
9.350000000000000000e+04 4.837000000000000000e+03
9.400000000000000000e+04 4.737000000000000000e+03
9.450000000000000000e+04 5.138000000000000000e+03
9.500000000000000000e+04 5.231000000000000000e+03
9.550000000000000000e+04 5.596000000000000000e+03
9.600000000000000000e+04 5.640000000000000000e+03
9.650000000000000000e+04 5.771000000000000000e+03
9.700000000000000000e+04 6.045000000000000000e+03
9.750000000000000000e+04 6.317000000000000000e+03
9.800000000000000000e+04 6.440000000000000000e+03
9.850000000000000000e+04 6.451000000000000000e+03
9.900000000000000000e+04 6.669000000000000000e+03
9.950000000000000000e+04 6.654000000000000000e+03
