0.000000000000000000e+00 5.933000000000000000e+03
3.300000000000000000e+01 6.148000000000000000e+03
6.600000000000000000e+01 6.403000000000000000e+03
9.900000000000000000e+01 6.359000000000000000e+03
1.320000000000000000e+02 6.547000000000000000e+03
1.650000000000000000e+02 6.681000000000000000e+03
1.980000000000000000e+02 6.827000000000000000e+03
2.310000000000000000e+02 6.694000000000000000e+03
2.640000000000000000e+02 6.840000000000000000e+03
2.970000000000000000e+02 7.073000000000000000e+03
3.300000000000000000e+02 7.181000000000000000e+03
3.630000000000000000e+02 7.196000000000000000e+03
3.960000000000000000e+02 7.136000000000000000e+03
4.290000000000000000e+02 7.291000000000000000e+03
4.620000000000000000e+02 7.394000000000000000e+03
4.950000000000000000e+02 7.276000000000000000e+03
5.280000000000000000e+02 7.462000000000000000e+03
5.610000000000000000e+02 7.381000000000000000e+03
5.940000000000000000e+02 7.443000000000000000e+03
6.270000000000000000e+02 7.505000000000000000e+03
6.600000000000000000e+02 7.614000000000000000e+03
6.930000000000000000e+02 7.559000000000000000e+03
7.260000000000000000e+02 7.539000000000000000e+03
7.590000000000000000e+02 7.522000000000000000e+03
7.920000000000000000e+02 7.422000000000000000e+03
8.250000000000000000e+02 7.494000000000000000e+03
8.580000000000000000e+02 7.275000000000000000e+03
8.910000000000000000e+02 7.280000000000000000e+03
9.240000000000000000e+02 7.549000000000000000e+03
9.570000000000000000e+02 7.513000000000000000e+03
9.900000000000000000e+02 7.255000000000000000e+03
1.023000000000000000e+03 7.379000000000000000e+03
1.056000000000000000e+03 7.384000000000000000e+03
1.089000000000000000e+03 7.243000000000000000e+03
1.122000000000000000e+03 7.379000000000000000e+03
1.155000000000000000e+03 7.144000000000000000e+03
1.188000000000000000e+03 7.090000000000000000e+03
1.221000000000000000e+03 6.917000000000000000e+03
1.254000000000000000e+03 6.942000000000000000e+03
1.287000000000000000e+03 6.923000000000000000e+03
1.320000000000000000e+03 6.745000000000000000e+03
1.353000000000000000e+03 6.784000000000000000e+03
1.386000000000000000e+03 6.571000000000000000e+03
1.419000000000000000e+03 6.399000000000000000e+03
1.452000000000000000e+03 6.548000000000000000e+03
1.485000000000000000e+03 6.244000000000000000e+03
1.518000000000000000e+03 6.114000000000000000e+03
1.551000000000000000e+03 6.081000000000000000e+03
1.584000000000000000e+03 5.787000000000000000e+03
1.617000000000000000e+03 5.631000000000000000e+03
1.650000000000000000e+03 5.507000000000000000e+03
1.683000000000000000e+03 5.509000000000000000e+03
1.716000000000000000e+03 5.292000000000000000e+03
1.749000000000000000e+03 5.247000000000000000e+03
1.782000000000000000e+03 5.184000000000000000e+03
1.815000000000000000e+03 4.846000000000000000e+03
1.848000000000000000e+03 4.762000000000000000e+03
1.881000000000000000e+03 4.478000000000000000e+03
1.914000000000000000e+03 4.406000000000000000e+03
1.947000000000000000e+03 4.271000000000000000e+03
1.980000000000000000e+03 4.029000000000000000e+03
2.013000000000000000e+03 4.096000000000000000e+03
2.046000000000000000e+03 3.798000000000000000e+03
2.079000000000000000e+03 3.734000000000000000e+03
2.112000000000000000e+03 3.528000000000000000e+03
2.145000000000000000e+03 3.640000000000000000e+03
2.178000000000000000e+03 3.307000000000000000e+03
2.211000000000000000e+03 3.429000000000000000e+03
2.244000000000000000e+03 3.220000000000000000e+03
2.277000000000000000e+03 3.198000000000000000e+03
2.310000000000000000e+03 3.026000000000000000e+03
2.343000000000000000e+03 3.009000000000000000e+03
2.376000000000000000e+03 3.009000000000000000e+03
2.409000000000000000e+03 2.864000000000000000e+03
2.442000000000000000e+03 2.810000000000000000e+03
2.475000000000000000e+03 2.892000000000000000e+03
2.508000000000000000e+03 2.773000000000000000e+03
2.541000000000000000e+03 2.946000000000000000e+03
2.574000000000000000e+03 2.806000000000000000e+03
2.607000000000000000e+03 2.837000000000000000e+03
2.640000000000000000e+03 3.048000000000000000e+03
2.673000000000000000e+03 2.916000000000000000e+03
2.706000000000000000e+03 3.065000000000000000e+03
2.739000000000000000e+03 3.171000000000000000e+03
2.772000000000000000e+03 3.225000000000000000e+03
2.805000000000000000e+03 3.358000000000000000e+03
2.838000000000000000e+03 3.416000000000000000e+03
2.871000000000000000e+03 3.509000000000000000e+03
2.904000000000000000e+03 3.698000000000000000e+03
2.937000000000000000e+03 3.806000000000000000e+03
2.970000000000000000e+03 4.109000000000000000e+03
3.003000000000000000e+03 4.240000000000000000e+03
3.036000000000000000e+03 4.245000000000000000e+03
3.069000000000000000e+03 4.562000000000000000e+03
3.102000000000000000e+03 4.718000000000000000e+03
3.135000000000000000e+03 4.874000000000000000e+03
3.168000000000000000e+03 5.161000000000000000e+03
3.201000000000000000e+03 5.346000000000000000e+03
3.234000000000000000e+03 5.315000000000000000e+03
3.267000000000000000e+03 5.856000000000000000e+03
3.300000000000000000e+03 5.619000000000000000e+03
3.333000000000000000e+03 6.120000000000000000e+03
3.366000000000000000e+03 6.179000000000000000e+03
3.399000000000000000e+03 6.189000000000000000e+03
3.432000000000000000e+03 6.445000000000000000e+03
3.465000000000000000e+03 6.544000000000000000e+03
3.498000000000000000e+03 6.767000000000000000e+03
3.531000000000000000e+03 6.704000000000000000e+03
3.564000000000000000e+03 6.850000000000000000e+03
3.597000000000000000e+03 6.960000000000000000e+03
3.630000000000000000e+03 6.929000000000000000e+03
3.663000000000000000e+03 7.004000000000000000e+03
3.696000000000000000e+03 7.042000000000000000e+03
3.729000000000000000e+03 7.257000000000000000e+03
3.762000000000000000e+03 7.288000000000000000e+03
3.795000000000000000e+03 7.284000000000000000e+03
3.828000000000000000e+03 7.515000000000000000e+03
3.861000000000000000e+03 7.505000000000000000e+03
3.894000000000000000e+03 7.533000000000000000e+03
3.927000000000000000e+03 7.570000000000000000e+03
3.960000000000000000e+03 7.312000000000000000e+03
3.993000000000000000e+03 7.601000000000000000e+03
4.026000000000000000e+03 7.394000000000000000e+03
4.059000000000000000e+03 7.585000000000000000e+03
4.092000000000000000e+03 7.679000000000000000e+03
4.125000000000000000e+03 7.501000000000000000e+03
4.158000000000000000e+03 7.600000000000000000e+03
4.191000000000000000e+03 7.486000000000000000e+03
4.224000000000000000e+03 7.593000000000000000e+03
4.257000000000000000e+03 7.471000000000000000e+03
4.290000000000000000e+03 7.639000000000000000e+03
4.323000000000000000e+03 7.238000000000000000e+03
4.356000000000000000e+03 7.506000000000000000e+03
4.389000000000000000e+03 7.188000000000000000e+03
4.422000000000000000e+03 7.307000000000000000e+03
4.455000000000000000e+03 7.173000000000000000e+03
4.488000000000000000e+03 7.313000000000000000e+03
4.521000000000000000e+03 7.227000000000000000e+03
4.554000000000000000e+03 6.990000000000000000e+03
4.587000000000000000e+03 7.071000000000000000e+03
4.620000000000000000e+03 6.970000000000000000e+03
4.653000000000000000e+03 6.752000000000000000e+03
4.686000000000000000e+03 6.727000000000000000e+03
4.719000000000000000e+03 6.627000000000000000e+03
4.752000000000000000e+03 6.373000000000000000e+03
4.785000000000000000e+03 6.474000000000000000e+03
4.818000000000000000e+03 6.352000000000000000e+03
4.851000000000000000e+03 6.112000000000000000e+03
4.884000000000000000e+03 6.079000000000000000e+03
4.917000000000000000e+03 5.997000000000000000e+03
4.950000000000000000e+03 5.850000000000000000e+03
4.983000000000000000e+03 5.504000000000000000e+03
5.016000000000000000e+03 5.517000000000000000e+03
5.049000000000000000e+03 5.382000000000000000e+03
5.082000000000000000e+03 5.307000000000000000e+03
5.115000000000000000e+03 4.977000000000000000e+03
5.148000000000000000e+03 4.925000000000000000e+03
5.181000000000000000e+03 4.679000000000000000e+03
5.214000000000000000e+03 4.715000000000000000e+03
5.247000000000000000e+03 4.365000000000000000e+03
5.280000000000000000e+03 4.288000000000000000e+03
5.313000000000000000e+03 4.091000000000000000e+03
5.346000000000000000e+03 4.004000000000000000e+03
5.379000000000000000e+03 3.767000000000000000e+03
5.412000000000000000e+03 3.727000000000000000e+03
5.445000000000000000e+03 3.673000000000000000e+03
5.478000000000000000e+03 3.559000000000000000e+03
5.511000000000000000e+03 3.511000000000000000e+03
5.544000000000000000e+03 3.349000000000000000e+03
5.577000000000000000e+03 3.207000000000000000e+03
5.610000000000000000e+03 3.187000000000000000e+03
5.643000000000000000e+03 3.143000000000000000e+03
5.676000000000000000e+03 3.008000000000000000e+03
5.709000000000000000e+03 2.912000000000000000e+03
5.742000000000000000e+03 2.922000000000000000e+03
5.775000000000000000e+03 2.901000000000000000e+03
5.808000000000000000e+03 2.863000000000000000e+03
5.841000000000000000e+03 2.803000000000000000e+03
5.874000000000000000e+03 2.853000000000000000e+03
5.907000000000000000e+03 2.931000000000000000e+03
5.940000000000000000e+03 2.870000000000000000e+03
5.973000000000000000e+03 2.922000000000000000e+03
6.006000000000000000e+03 2.882000000000000000e+03
6.039000000000000000e+03 3.092000000000000000e+03
6.072000000000000000e+03 3.132000000000000000e+03
6.105000000000000000e+03 3.223000000000000000e+03
6.138000000000000000e+03 3.298000000000000000e+03
6.171000000000000000e+03 3.577000000000000000e+03
6.204000000000000000e+03 3.507000000000000000e+03
6.237000000000000000e+03 3.751000000000000000e+03
6.270000000000000000e+03 3.815000000000000000e+03
6.303000000000000000e+03 3.992000000000000000e+03
6.336000000000000000e+03 4.257000000000000000e+03
6.369000000000000000e+03 4.338000000000000000e+03
6.402000000000000000e+03 4.535000000000000000e+03
6.435000000000000000e+03 4.671000000000000000e+03
6.468000000000000000e+03 4.998000000000000000e+03
6.501000000000000000e+03 5.116000000000000000e+03
6.534000000000000000e+03 5.280000000000000000e+03
6.567000000000000000e+03 5.550000000000000000e+03
6.600000000000000000e+03 5.433000000000000000e+03
6.633000000000000000e+03 5.712000000000000000e+03
