0.000000000000000000e+00 1.325600000000000000e+04
3.333000000000000000e+03 1.348900000000000000e+04
6.666000000000000000e+03 1.347600000000000000e+04
9.999000000000000000e+03 1.342600000000000000e+04
1.333200000000000000e+04 1.388200000000000000e+04
1.666500000000000000e+04 1.396100000000000000e+04
1.999800000000000000e+04 1.416400000000000000e+04
2.333100000000000000e+04 1.417100000000000000e+04
2.666400000000000000e+04 1.423200000000000000e+04
2.999700000000000000e+04 1.445800000000000000e+04
3.333000000000000000e+04 1.473900000000000000e+04
3.666300000000000000e+04 1.455700000000000000e+04
3.999600000000000000e+04 1.473400000000000000e+04
4.332900000000000000e+04 1.489200000000000000e+04
4.666200000000000000e+04 1.506900000000000000e+04
4.999500000000000000e+04 1.497000000000000000e+04
5.332800000000000000e+04 1.479100000000000000e+04
5.666100000000000000e+04 1.487600000000000000e+04
5.999400000000000000e+04 1.507000000000000000e+04
6.332700000000000000e+04 1.476000000000000000e+04
6.666000000000000000e+04 1.493800000000000000e+04
6.999300000000000000e+04 1.483300000000000000e+04
7.332600000000000000e+04 1.484900000000000000e+04
7.665900000000000000e+04 1.484700000000000000e+04
7.999200000000000000e+04 1.491900000000000000e+04
8.332500000000000000e+04 1.485500000000000000e+04
8.665800000000000000e+04 1.470600000000000000e+04
8.999100000000000000e+04 1.465000000000000000e+04
9.332400000000000000e+04 1.473100000000000000e+04
9.665700000000000000e+04 1.470200000000000000e+04
9.999000000000000000e+04 1.440800000000000000e+04
1.033230000000000000e+05 1.411600000000000000e+04
1.066560000000000000e+05 1.400300000000000000e+04
1.099890000000000000e+05 1.424400000000000000e+04
1.133220000000000000e+05 1.385200000000000000e+04
1.166550000000000000e+05 1.392400000000000000e+04
1.199880000000000000e+05 1.357300000000000000e+04
1.233210000000000000e+05 1.327300000000000000e+04
1.266540000000000000e+05 1.301500000000000000e+04
1.299870000000000000e+05 1.277400000000000000e+04
1.333200000000000000e+05 1.254800000000000000e+04
1.366530000000000000e+05 1.240700000000000000e+04
1.399860000000000000e+05 1.233700000000000000e+04
1.433190000000000000e+05 1.190900000000000000e+04
1.466520000000000000e+05 1.170300000000000000e+04
1.499850000000000000e+05 1.141600000000000000e+04
1.533180000000000000e+05 1.110500000000000000e+04
1.566510000000000000e+05 1.056300000000000000e+04
1.599840000000000000e+05 1.026900000000000000e+04
1.633170000000000000e+05 1.000600000000000000e+04
1.666500000000000000e+05 9.471000000000000000e+03
1.699830000000000000e+05 9.212000000000000000e+03
1.733160000000000000e+05 8.983000000000000000e+03
1.766490000000000000e+05 8.618000000000000000e+03
1.799820000000000000e+05 8.148000000000000000e+03
1.833150000000000000e+05 7.886000000000000000e+03
1.866480000000000000e+05 7.397000000000000000e+03
1.899810000000000000e+05 7.150000000000000000e+03
1.933140000000000000e+05 6.847000000000000000e+03
1.966470000000000000e+05 6.636000000000000000e+03
1.999800000000000000e+05 6.237000000000000000e+03
2.033130000000000000e+05 5.990000000000000000e+03
2.066460000000000000e+05 5.784000000000000000e+03
2.099790000000000000e+05 5.535000000000000000e+03
2.133120000000000000e+05 5.346000000000000000e+03
2.166450000000000000e+05 5.242000000000000000e+03
2.199780000000000000e+05 5.240000000000000000e+03
2.233110000000000000e+05 5.074000000000000000e+03
2.266440000000000000e+05 5.038000000000000000e+03
2.299770000000000000e+05 4.818000000000000000e+03
2.333100000000000000e+05 4.911000000000000000e+03
2.366430000000000000e+05 4.937000000000000000e+03
2.399760000000000000e+05 4.950000000000000000e+03
2.433090000000000000e+05 5.029000000000000000e+03
2.466420000000000000e+05 5.187000000000000000e+03
2.499750000000000000e+05 5.506000000000000000e+03
2.533080000000000000e+05 5.701000000000000000e+03
2.566410000000000000e+05 5.983000000000000000e+03
2.599740000000000000e+05 6.061000000000000000e+03
2.633070000000000000e+05 6.303000000000000000e+03
2.666400000000000000e+05 6.750000000000000000e+03
2.699730000000000000e+05 7.036000000000000000e+03
2.733060000000000000e+05 7.297000000000000000e+03
2.766390000000000000e+05 7.680000000000000000e+03
2.799720000000000000e+05 8.091000000000000000e+03
2.833050000000000000e+05 8.357000000000000000e+03
2.866380000000000000e+05 8.749000000000000000e+03
2.899710000000000000e+05 9.251000000000000000e+03
2.933040000000000000e+05 9.590000000000000000e+03
2.966370000000000000e+05 9.866000000000000000e+03
2.999700000000000000e+05 1.018300000000000000e+04
3.033030000000000000e+05 1.057400000000000000e+04
3.066360000000000000e+05 1.085000000000000000e+04
3.099690000000000000e+05 1.111600000000000000e+04
3.133020000000000000e+05 1.145700000000000000e+04
3.166350000000000000e+05 1.167100000000000000e+04
3.199680000000000000e+05 1.219900000000000000e+04
3.233010000000000000e+05 1.242800000000000000e+04
3.266340000000000000e+05 1.287400000000000000e+04
3.299670000000000000e+05 1.276000000000000000e+04
3.333000000000000000e+05 1.337700000000000000e+04
3.366330000000000000e+05 1.338500000000000000e+04
3.399660000000000000e+05 1.345800000000000000e+04
3.432990000000000000e+05 1.384900000000000000e+04
3.466320000000000000e+05 1.368000000000000000e+04
3.499650000000000000e+05 1.388200000000000000e+04
3.532980000000000000e+05 1.428100000000000000e+04
3.566310000000000000e+05 1.433700000000000000e+04
3.599640000000000000e+05 1.434700000000000000e+04
3.632970000000000000e+05 1.432100000000000000e+04
3.666300000000000000e+05 1.447000000000000000e+04
3.699630000000000000e+05 1.450100000000000000e+04
3.732960000000000000e+05 1.459600000000000000e+04
3.766290000000000000e+05 1.481000000000000000e+04
3.799620000000000000e+05 1.480600000000000000e+04
3.832950000000000000e+05 1.516400000000000000e+04
3.866280000000000000e+05 1.494700000000000000e+04
3.899610000000000000e+05 1.477700000000000000e+04
3.932940000000000000e+05 1.493700000000000000e+04
3.966270000000000000e+05 1.490100000000000000e+04
3.999600000000000000e+05 1.501300000000000000e+04
4.032930000000000000e+05 1.549400000000000000e+04
4.066260000000000000e+05 1.483200000000000000e+04
4.099590000000000000e+05 1.476800000000000000e+04
4.132920000000000000e+05 1.484700000000000000e+04
4.166250000000000000e+05 1.477900000000000000e+04
4.199580000000000000e+05 1.502300000000000000e+04
4.232910000000000000e+05 1.449000000000000000e+04
4.266240000000000000e+05 1.458100000000000000e+04
4.299570000000000000e+05 1.438500000000000000e+04
4.332900000000000000e+05 1.441700000000000000e+04
4.366230000000000000e+05 1.441700000000000000e+04
4.399560000000000000e+05 1.406100000000000000e+04
4.432890000000000000e+05 1.403300000000000000e+04
4.466220000000000000e+05 1.385400000000000000e+04
4.499550000000000000e+05 1.397100000000000000e+04
4.532880000000000000e+05 1.335200000000000000e+04
4.566210000000000000e+05 1.324400000000000000e+04
4.599540000000000000e+05 1.298700000000000000e+04
4.632870000000000000e+05 1.287600000000000000e+04
4.666200000000000000e+05 1.257900000000000000e+04
4.699530000000000000e+05 1.284600000000000000e+04
4.732860000000000000e+05 1.234900000000000000e+04
4.766190000000000000e+05 1.188200000000000000e+04
4.799520000000000000e+05 1.144900000000000000e+04
4.832850000000000000e+05 1.131200000000000000e+04
4.866180000000000000e+05 1.124000000000000000e+04
4.899510000000000000e+05 1.047500000000000000e+04
4.932840000000000000e+05 1.021600000000000000e+04
4.966170000000000000e+05 9.870000000000000000e+03
4.999500000000000000e+05 9.661000000000000000e+03
5.032830000000000000e+05 9.237000000000000000e+03
5.066160000000000000e+05 8.815000000000000000e+03
5.099490000000000000e+05 8.463000000000000000e+03
5.132820000000000000e+05 8.204000000000000000e+03
5.166150000000000000e+05 8.044000000000000000e+03
5.199480000000000000e+05 7.391000000000000000e+03
5.232810000000000000e+05 7.087000000000000000e+03
5.266140000000000000e+05 6.630000000000000000e+03
5.299470000000000000e+05 6.613000000000000000e+03
5.332800000000000000e+05 6.274000000000000000e+03
5.366130000000000000e+05 6.041000000000000000e+03
5.399460000000000000e+05 5.839000000000000000e+03
5.432790000000000000e+05 5.694000000000000000e+03
5.466120000000000000e+05 5.312000000000000000e+03
5.499450000000000000e+05 5.235000000000000000e+03
5.532780000000000000e+05 5.075000000000000000e+03
5.566110000000000000e+05 4.980000000000000000e+03
5.599440000000000000e+05 4.913000000000000000e+03
5.632770000000000000e+05 4.864000000000000000e+03
5.666100000000000000e+05 5.002000000000000000e+03
5.699430000000000000e+05 4.938000000000000000e+03
5.732760000000000000e+05 4.946000000000000000e+03
5.766090000000000000e+05 5.109000000000000000e+03
5.799420000000000000e+05 5.344000000000000000e+03
5.832750000000000000e+05 5.472000000000000000e+03
5.866080000000000000e+05 5.639000000000000000e+03
5.899410000000000000e+05 6.025000000000000000e+03
5.932740000000000000e+05 6.109000000000000000e+03
5.966070000000000000e+05 6.609000000000000000e+03
5.999400000000000000e+05 6.444000000000000000e+03
6.032730000000000000e+05 7.192000000000000000e+03
6.066060000000000000e+05 7.273000000000000000e+03
6.099390000000000000e+05 7.587000000000000000e+03
6.132720000000000000e+05 8.035000000000000000e+03
6.166050000000000000e+05 8.320000000000000000e+03
6.199380000000000000e+05 8.760000000000000000e+03
6.232710000000000000e+05 8.939000000000000000e+03
6.266040000000000000e+05 9.509000000000000000e+03
6.299370000000000000e+05 9.804000000000000000e+03
6.332700000000000000e+05 1.014400000000000000e+04
6.366030000000000000e+05 1.060600000000000000e+04
6.399360000000000000e+05 1.079800000000000000e+04
6.432690000000000000e+05 1.110000000000000000e+04
6.466020000000000000e+05 1.129600000000000000e+04
6.499350000000000000e+05 1.199300000000000000e+04
6.532680000000000000e+05 1.217600000000000000e+04
6.566010000000000000e+05 1.240300000000000000e+04
6.599340000000000000e+05 1.257500000000000000e+04
6.632670000000000000e+05 1.263700000000000000e+04
