0.000000000000000000e+00 9.169000000000000000e+03
5.000000000000000000e+03 9.458000000000000000e+03
1.000000000000000000e+04 9.554000000000000000e+03
1.500000000000000000e+04 9.644000000000000000e+03
2.000000000000000000e+04 9.998000000000000000e+03
2.500000000000000000e+04 9.856000000000000000e+03
3.000000000000000000e+04 1.006100000000000000e+04
3.500000000000000000e+04 1.012600000000000000e+04
4.000000000000000000e+04 9.988000000000000000e+03
4.500000000000000000e+04 1.013700000000000000e+04
5.000000000000000000e+04 1.022200000000000000e+04
5.500000000000000000e+04 1.032900000000000000e+04
6.000000000000000000e+04 1.026600000000000000e+04
6.500000000000000000e+04 1.059400000000000000e+04
7.000000000000000000e+04 1.034400000000000000e+04
7.500000000000000000e+04 1.076300000000000000e+04
8.000000000000000000e+04 1.053700000000000000e+04
8.500000000000000000e+04 1.046000000000000000e+04
9.000000000000000000e+04 1.069900000000000000e+04
9.500000000000000000e+04 1.053900000000000000e+04
1.000000000000000000e+05 1.069100000000000000e+04
1.050000000000000000e+05 1.042500000000000000e+04
1.100000000000000000e+05 1.042600000000000000e+04
1.150000000000000000e+05 1.040400000000000000e+04
1.200000000000000000e+05 1.058600000000000000e+04
1.250000000000000000e+05 1.062000000000000000e+04
1.300000000000000000e+05 1.050600000000000000e+04
1.350000000000000000e+05 1.036800000000000000e+04
1.400000000000000000e+05 1.028400000000000000e+04
1.450000000000000000e+05 1.019800000000000000e+04
1.500000000000000000e+05 1.021100000000000000e+04
1.550000000000000000e+05 1.008500000000000000e+04
1.600000000000000000e+05 9.924000000000000000e+03
1.650000000000000000e+05 9.868000000000000000e+03
1.700000000000000000e+05 9.860000000000000000e+03
1.750000000000000000e+05 9.714000000000000000e+03
1.800000000000000000e+05 9.415000000000000000e+03
1.850000000000000000e+05 9.284000000000000000e+03
1.900000000000000000e+05 9.369000000000000000e+03
1.950000000000000000e+05 8.956000000000000000e+03
2.000000000000000000e+05 8.808000000000000000e+03
2.050000000000000000e+05 8.678000000000000000e+03
2.100000000000000000e+05 8.598000000000000000e+03
2.150000000000000000e+05 8.227000000000000000e+03
2.200000000000000000e+05 8.176000000000000000e+03
2.250000000000000000e+05 7.981000000000000000e+03
2.300000000000000000e+05 7.687000000000000000e+03
2.350000000000000000e+05 7.699000000000000000e+03
2.400000000000000000e+05 7.222000000000000000e+03
2.450000000000000000e+05 6.840000000000000000e+03
2.500000000000000000e+05 6.646000000000000000e+03
2.550000000000000000e+05 6.634000000000000000e+03
2.600000000000000000e+05 6.120000000000000000e+03
2.650000000000000000e+05 5.918000000000000000e+03
2.700000000000000000e+05 5.705000000000000000e+03
2.750000000000000000e+05 5.493000000000000000e+03
2.800000000000000000e+05 5.026000000000000000e+03
2.850000000000000000e+05 4.954000000000000000e+03
2.900000000000000000e+05 4.689000000000000000e+03
2.950000000000000000e+05 4.524000000000000000e+03
3.000000000000000000e+05 4.298000000000000000e+03
3.050000000000000000e+05 4.056000000000000000e+03
3.100000000000000000e+05 3.941000000000000000e+03
3.150000000000000000e+05 3.840000000000000000e+03
3.200000000000000000e+05 3.560000000000000000e+03
3.250000000000000000e+05 3.587000000000000000e+03
3.300000000000000000e+05 3.485000000000000000e+03
3.350000000000000000e+05 3.445000000000000000e+03
3.400000000000000000e+05 3.322000000000000000e+03
3.450000000000000000e+05 3.287000000000000000e+03
3.500000000000000000e+05 3.347000000000000000e+03
3.550000000000000000e+05 3.370000000000000000e+03
3.600000000000000000e+05 3.394000000000000000e+03
3.650000000000000000e+05 3.492000000000000000e+03
3.700000000000000000e+05 3.613000000000000000e+03
3.750000000000000000e+05 3.835000000000000000e+03
3.800000000000000000e+05 3.942000000000000000e+03
3.850000000000000000e+05 4.095000000000000000e+03
3.900000000000000000e+05 4.245000000000000000e+03
3.950000000000000000e+05 4.411000000000000000e+03
4.000000000000000000e+05 4.594000000000000000e+03
4.050000000000000000e+05 4.849000000000000000e+03
4.100000000000000000e+05 5.075000000000000000e+03
4.150000000000000000e+05 5.461000000000000000e+03
4.200000000000000000e+05 5.620000000000000000e+03
4.250000000000000000e+05 5.797000000000000000e+03
4.300000000000000000e+05 6.134000000000000000e+03
4.350000000000000000e+05 6.344000000000000000e+03
4.400000000000000000e+05 6.602000000000000000e+03
4.450000000000000000e+05 6.874000000000000000e+03
4.500000000000000000e+05 7.312000000000000000e+03
4.550000000000000000e+05 7.305000000000000000e+03
4.600000000000000000e+05 7.607000000000000000e+03
4.650000000000000000e+05 8.007000000000000000e+03
4.700000000000000000e+05 7.865000000000000000e+03
4.750000000000000000e+05 8.389000000000000000e+03
4.800000000000000000e+05 8.250000000000000000e+03
4.850000000000000000e+05 8.696000000000000000e+03
4.900000000000000000e+05 8.937000000000000000e+03
4.950000000000000000e+05 9.111000000000000000e+03
5.000000000000000000e+05 9.226000000000000000e+03
5.050000000000000000e+05 9.354000000000000000e+03
5.100000000000000000e+05 9.459000000000000000e+03
5.150000000000000000e+05 9.647000000000000000e+03
5.200000000000000000e+05 9.775000000000000000e+03
5.250000000000000000e+05 9.746000000000000000e+03
5.300000000000000000e+05 9.833000000000000000e+03
5.350000000000000000e+05 1.006200000000000000e+04
5.400000000000000000e+05 1.013000000000000000e+04
5.450000000000000000e+05 1.021700000000000000e+04
5.500000000000000000e+05 1.026100000000000000e+04
5.550000000000000000e+05 1.036100000000000000e+04
5.600000000000000000e+05 1.035200000000000000e+04
5.650000000000000000e+05 1.027500000000000000e+04
5.700000000000000000e+05 1.047700000000000000e+04
5.750000000000000000e+05 1.047400000000000000e+04
5.800000000000000000e+05 1.053600000000000000e+04
5.850000000000000000e+05 1.045900000000000000e+04
5.900000000000000000e+05 1.061100000000000000e+04
5.950000000000000000e+05 1.053500000000000000e+04
6.000000000000000000e+05 1.046600000000000000e+04
6.050000000000000000e+05 1.071400000000000000e+04
6.100000000000000000e+05 1.045100000000000000e+04
6.150000000000000000e+05 1.036200000000000000e+04
6.200000000000000000e+05 1.040000000000000000e+04
6.250000000000000000e+05 1.026400000000000000e+04
6.300000000000000000e+05 1.043500000000000000e+04
6.350000000000000000e+05 1.033600000000000000e+04
6.400000000000000000e+05 1.014100000000000000e+04
6.450000000000000000e+05 1.032800000000000000e+04
6.500000000000000000e+05 1.020900000000000000e+04
6.550000000000000000e+05 1.007700000000000000e+04
6.600000000000000000e+05 9.954000000000000000e+03
6.650000000000000000e+05 9.864000000000000000e+03
6.700000000000000000e+05 9.643000000000000000e+03
6.750000000000000000e+05 9.576000000000000000e+03
6.800000000000000000e+05 9.491000000000000000e+03
6.850000000000000000e+05 9.370000000000000000e+03
6.900000000000000000e+05 9.116000000000000000e+03
6.950000000000000000e+05 9.115000000000000000e+03
7.000000000000000000e+05 8.921000000000000000e+03
7.050000000000000000e+05 8.780000000000000000e+03
7.100000000000000000e+05 8.716000000000000000e+03
7.150000000000000000e+05 8.267000000000000000e+03
7.200000000000000000e+05 8.152000000000000000e+03
7.250000000000000000e+05 8.077000000000000000e+03
7.300000000000000000e+05 7.784000000000000000e+03
7.350000000000000000e+05 7.421000000000000000e+03
7.400000000000000000e+05 7.199000000000000000e+03
7.450000000000000000e+05 6.997000000000000000e+03
7.500000000000000000e+05 6.756000000000000000e+03
7.550000000000000000e+05 6.463000000000000000e+03
7.600000000000000000e+05 6.239000000000000000e+03
7.650000000000000000e+05 6.088000000000000000e+03
7.700000000000000000e+05 5.477000000000000000e+03
7.750000000000000000e+05 5.262000000000000000e+03
7.800000000000000000e+05 5.074000000000000000e+03
7.850000000000000000e+05 4.926000000000000000e+03
7.900000000000000000e+05 4.579000000000000000e+03
7.950000000000000000e+05 4.514000000000000000e+03
8.000000000000000000e+05 4.351000000000000000e+03
8.050000000000000000e+05 4.123000000000000000e+03
8.100000000000000000e+05 3.933000000000000000e+03
8.150000000000000000e+05 3.802000000000000000e+03
8.200000000000000000e+05 3.696000000000000000e+03
8.250000000000000000e+05 3.629000000000000000e+03
8.300000000000000000e+05 3.510000000000000000e+03
8.350000000000000000e+05 3.418000000000000000e+03
8.400000000000000000e+05 3.420000000000000000e+03
8.450000000000000000e+05 3.409000000000000000e+03
8.500000000000000000e+05 3.310000000000000000e+03
8.550000000000000000e+05 3.457000000000000000e+03
8.600000000000000000e+05 3.491000000000000000e+03
8.650000000000000000e+05 3.569000000000000000e+03
8.700000000000000000e+05 3.589000000000000000e+03
8.750000000000000000e+05 3.787000000000000000e+03
8.800000000000000000e+05 3.729000000000000000e+03
8.850000000000000000e+05 3.953000000000000000e+03
8.900000000000000000e+05 4.192000000000000000e+03
8.950000000000000000e+05 4.402000000000000000e+03
9.000000000000000000e+05 4.578000000000000000e+03
9.050000000000000000e+05 4.904000000000000000e+03
9.100000000000000000e+05 5.043000000000000000e+03
9.150000000000000000e+05 5.235000000000000000e+03
9.200000000000000000e+05 5.569000000000000000e+03
9.250000000000000000e+05 5.832000000000000000e+03
9.300000000000000000e+05 6.066000000000000000e+03
9.350000000000000000e+05 6.360000000000000000e+03
9.400000000000000000e+05 6.456000000000000000e+03
9.450000000000000000e+05 6.874000000000000000e+03
9.500000000000000000e+05 7.146000000000000000e+03
9.550000000000000000e+05 7.372000000000000000e+03
9.600000000000000000e+05 7.631000000000000000e+03
9.650000000000000000e+05 7.767000000000000000e+03
9.700000000000000000e+05 7.951000000000000000e+03
9.750000000000000000e+05 8.338000000000000000e+03
9.800000000000000000e+05 8.525000000000000000e+03
9.850000000000000000e+05 8.741000000000000000e+03
9.900000000000000000e+05 8.907000000000000000e+03
9.950000000000000000e+05 9.242000000000000000e+03
