0.000000000000000000e+00 5.427000000000000000e+03
1.400000000000000000e+01 5.717000000000000000e+03
2.800000000000000000e+01 5.860000000000000000e+03
4.200000000000000000e+01 5.868000000000000000e+03
5.600000000000000000e+01 6.158000000000000000e+03
7.000000000000000000e+01 6.304000000000000000e+03
8.400000000000000000e+01 6.339000000000000000e+03
9.800000000000000000e+01 6.528000000000000000e+03
1.120000000000000000e+02 6.799000000000000000e+03
1.260000000000000000e+02 6.802000000000000000e+03
1.400000000000000000e+02 6.943000000000000000e+03
1.540000000000000000e+02 6.930000000000000000e+03
1.680000000000000000e+02 7.092000000000000000e+03
1.820000000000000000e+02 7.166000000000000000e+03
1.960000000000000000e+02 7.133000000000000000e+03
2.100000000000000000e+02 7.314000000000000000e+03
2.240000000000000000e+02 7.421000000000000000e+03
2.380000000000000000e+02 7.432000000000000000e+03
2.520000000000000000e+02 7.497000000000000000e+03
2.660000000000000000e+02 7.608000000000000000e+03
2.800000000000000000e+02 7.522000000000000000e+03
2.940000000000000000e+02 7.566000000000000000e+03
3.080000000000000000e+02 7.513000000000000000e+03
3.220000000000000000e+02 7.726000000000000000e+03
3.360000000000000000e+02 7.764000000000000000e+03
3.500000000000000000e+02 7.799000000000000000e+03
3.640000000000000000e+02 7.672000000000000000e+03
3.780000000000000000e+02 7.569000000000000000e+03
3.920000000000000000e+02 7.681000000000000000e+03
4.060000000000000000e+02 7.530000000000000000e+03
4.200000000000000000e+02 7.538000000000000000e+03
4.340000000000000000e+02 7.658000000000000000e+03
4.480000000000000000e+02 7.764000000000000000e+03
4.620000000000000000e+02 7.719000000000000000e+03
4.760000000000000000e+02 7.602000000000000000e+03
4.900000000000000000e+02 7.470000000000000000e+03
5.040000000000000000e+02 7.479000000000000000e+03
5.180000000000000000e+02 7.455000000000000000e+03
5.320000000000000000e+02 7.362000000000000000e+03
5.460000000000000000e+02 7.316000000000000000e+03
5.600000000000000000e+02 7.396000000000000000e+03
5.740000000000000000e+02 7.233000000000000000e+03
5.880000000000000000e+02 7.021000000000000000e+03
6.020000000000000000e+02 6.956000000000000000e+03
6.160000000000000000e+02 6.862000000000000000e+03
6.300000000000000000e+02 6.767000000000000000e+03
6.440000000000000000e+02 6.676000000000000000e+03
6.580000000000000000e+02 6.559000000000000000e+03
6.720000000000000000e+02 6.475000000000000000e+03
6.860000000000000000e+02 6.363000000000000000e+03
7.000000000000000000e+02 6.434000000000000000e+03
7.140000000000000000e+02 6.192000000000000000e+03
7.280000000000000000e+02 6.087000000000000000e+03
7.420000000000000000e+02 6.066000000000000000e+03
7.560000000000000000e+02 5.794000000000000000e+03
7.700000000000000000e+02 5.652000000000000000e+03
7.840000000000000000e+02 5.552000000000000000e+03
7.980000000000000000e+02 5.428000000000000000e+03
8.120000000000000000e+02 5.403000000000000000e+03
8.260000000000000000e+02 5.141000000000000000e+03
8.400000000000000000e+02 4.972000000000000000e+03
8.540000000000000000e+02 5.012000000000000000e+03
8.680000000000000000e+02 4.932000000000000000e+03
8.820000000000000000e+02 4.783000000000000000e+03
8.960000000000000000e+02 4.475000000000000000e+03
9.100000000000000000e+02 4.567000000000000000e+03
9.240000000000000000e+02 4.340000000000000000e+03
9.380000000000000000e+02 4.312000000000000000e+03
9.520000000000000000e+02 4.270000000000000000e+03
9.660000000000000000e+02 4.121000000000000000e+03
9.800000000000000000e+02 4.114000000000000000e+03
9.940000000000000000e+02 3.891000000000000000e+03
1.008000000000000000e+03 3.926000000000000000e+03
1.022000000000000000e+03 3.804000000000000000e+03
1.036000000000000000e+03 3.737000000000000000e+03
1.050000000000000000e+03 3.662000000000000000e+03
1.064000000000000000e+03 3.636000000000000000e+03
1.078000000000000000e+03 3.642000000000000000e+03
1.092000000000000000e+03 3.526000000000000000e+03
1.106000000000000000e+03 3.519000000000000000e+03
1.120000000000000000e+03 3.444000000000000000e+03
1.134000000000000000e+03 3.456000000000000000e+03
1.148000000000000000e+03 3.659000000000000000e+03
1.162000000000000000e+03 3.580000000000000000e+03
1.176000000000000000e+03 3.629000000000000000e+03
1.190000000000000000e+03 3.661000000000000000e+03
1.204000000000000000e+03 3.633000000000000000e+03
1.218000000000000000e+03 3.684000000000000000e+03
1.232000000000000000e+03 3.989000000000000000e+03
1.246000000000000000e+03 3.708000000000000000e+03
1.260000000000000000e+03 3.937000000000000000e+03
1.274000000000000000e+03 4.024000000000000000e+03
1.288000000000000000e+03 4.096000000000000000e+03
1.302000000000000000e+03 4.264000000000000000e+03
1.316000000000000000e+03 4.448000000000000000e+03
1.330000000000000000e+03 4.582000000000000000e+03
1.344000000000000000e+03 4.645000000000000000e+03
1.358000000000000000e+03 4.838000000000000000e+03
1.372000000000000000e+03 4.985000000000000000e+03
1.386000000000000000e+03 5.048000000000000000e+03
1.400000000000000000e+03 5.195000000000000000e+03
1.414000000000000000e+03 5.486000000000000000e+03
1.428000000000000000e+03 5.464000000000000000e+03
1.442000000000000000e+03 5.805000000000000000e+03
1.456000000000000000e+03 5.864000000000000000e+03
1.470000000000000000e+03 5.932000000000000000e+03
1.484000000000000000e+03 6.184000000000000000e+03
1.498000000000000000e+03 6.266000000000000000e+03
1.512000000000000000e+03 6.377000000000000000e+03
1.526000000000000000e+03 6.619000000000000000e+03
1.540000000000000000e+03 6.704000000000000000e+03
1.554000000000000000e+03 6.745000000000000000e+03
1.568000000000000000e+03 7.011000000000000000e+03
1.582000000000000000e+03 6.919000000000000000e+03
1.596000000000000000e+03 6.953000000000000000e+03
1.610000000000000000e+03 7.170000000000000000e+03
1.624000000000000000e+03 7.132000000000000000e+03
1.638000000000000000e+03 7.388000000000000000e+03
1.652000000000000000e+03 7.346000000000000000e+03
1.666000000000000000e+03 7.477000000000000000e+03
1.680000000000000000e+03 7.484000000000000000e+03
1.694000000000000000e+03 7.410000000000000000e+03
1.708000000000000000e+03 7.564000000000000000e+03
1.722000000000000000e+03 7.628000000000000000e+03
1.736000000000000000e+03 7.527000000000000000e+03
1.750000000000000000e+03 7.863000000000000000e+03
1.764000000000000000e+03 7.690000000000000000e+03
1.778000000000000000e+03 7.461000000000000000e+03
1.792000000000000000e+03 7.730000000000000000e+03
1.806000000000000000e+03 7.772000000000000000e+03
1.820000000000000000e+03 7.797000000000000000e+03
1.834000000000000000e+03 7.467000000000000000e+03
1.848000000000000000e+03 7.786000000000000000e+03
1.862000000000000000e+03 7.700000000000000000e+03
1.876000000000000000e+03 7.504000000000000000e+03
1.890000000000000000e+03 7.666000000000000000e+03
1.904000000000000000e+03 7.711000000000000000e+03
1.918000000000000000e+03 7.494000000000000000e+03
1.932000000000000000e+03 7.538000000000000000e+03
1.946000000000000000e+03 7.573000000000000000e+03
1.960000000000000000e+03 7.429000000000000000e+03
1.974000000000000000e+03 7.246000000000000000e+03
1.988000000000000000e+03 7.237000000000000000e+03
2.002000000000000000e+03 7.150000000000000000e+03
2.016000000000000000e+03 7.130000000000000000e+03
2.030000000000000000e+03 7.061000000000000000e+03
2.044000000000000000e+03 6.932000000000000000e+03
2.058000000000000000e+03 6.923000000000000000e+03
2.072000000000000000e+03 6.817000000000000000e+03
2.086000000000000000e+03 6.780000000000000000e+03
2.100000000000000000e+03 6.502000000000000000e+03
2.114000000000000000e+03 6.544000000000000000e+03
2.128000000000000000e+03 6.339000000000000000e+03
2.142000000000000000e+03 6.289000000000000000e+03
2.156000000000000000e+03 5.984000000000000000e+03
2.170000000000000000e+03 5.814000000000000000e+03
2.184000000000000000e+03 5.731000000000000000e+03
2.198000000000000000e+03 5.698000000000000000e+03
2.212000000000000000e+03 5.558000000000000000e+03
2.226000000000000000e+03 5.366000000000000000e+03
2.240000000000000000e+03 5.256000000000000000e+03
2.254000000000000000e+03 5.112000000000000000e+03
2.268000000000000000e+03 5.044000000000000000e+03
2.282000000000000000e+03 4.917000000000000000e+03
2.296000000000000000e+03 4.747000000000000000e+03
2.310000000000000000e+03 4.694000000000000000e+03
2.324000000000000000e+03 4.611000000000000000e+03
2.338000000000000000e+03 4.418000000000000000e+03
2.352000000000000000e+03 4.391000000000000000e+03
2.366000000000000000e+03 4.413000000000000000e+03
2.380000000000000000e+03 4.195000000000000000e+03
2.394000000000000000e+03 4.112000000000000000e+03
2.408000000000000000e+03 3.902000000000000000e+03
2.422000000000000000e+03 3.914000000000000000e+03
2.436000000000000000e+03 3.856000000000000000e+03
2.450000000000000000e+03 3.862000000000000000e+03
2.464000000000000000e+03 3.691000000000000000e+03
2.478000000000000000e+03 3.665000000000000000e+03
2.492000000000000000e+03 3.653000000000000000e+03
2.506000000000000000e+03 3.438000000000000000e+03
2.520000000000000000e+03 3.563000000000000000e+03
2.534000000000000000e+03 3.607000000000000000e+03
2.548000000000000000e+03 3.461000000000000000e+03
2.562000000000000000e+03 3.578000000000000000e+03
2.576000000000000000e+03 3.477000000000000000e+03
2.590000000000000000e+03 3.508000000000000000e+03
2.604000000000000000e+03 3.581000000000000000e+03
2.618000000000000000e+03 3.586000000000000000e+03
2.632000000000000000e+03 3.732000000000000000e+03
2.646000000000000000e+03 3.613000000000000000e+03
2.660000000000000000e+03 3.658000000000000000e+03
2.674000000000000000e+03 3.959000000000000000e+03
2.688000000000000000e+03 3.967000000000000000e+03
2.702000000000000000e+03 3.971000000000000000e+03
2.716000000000000000e+03 4.193000000000000000e+03
2.730000000000000000e+03 4.225000000000000000e+03
2.744000000000000000e+03 4.382000000000000000e+03
2.758000000000000000e+03 4.409000000000000000e+03
2.772000000000000000e+03 4.801000000000000000e+03
2.786000000000000000e+03 4.748000000000000000e+03
2.800000000000000000e+03 5.087000000000000000e+03
2.814000000000000000e+03 5.137000000000000000e+03
2.828000000000000000e+03 5.198000000000000000e+03
2.842000000000000000e+03 5.399000000000000000e+03
