0.000000000000000000e+00 5.698000000000000000e+03
2.000000000000000000e+01 5.802000000000000000e+03
4.000000000000000000e+01 5.833000000000000000e+03
6.000000000000000000e+01 6.043000000000000000e+03
8.000000000000000000e+01 6.230000000000000000e+03
1.000000000000000000e+02 6.332000000000000000e+03
1.200000000000000000e+02 6.463000000000000000e+03
1.400000000000000000e+02 6.723000000000000000e+03
1.600000000000000000e+02 6.739000000000000000e+03
1.800000000000000000e+02 6.896000000000000000e+03
2.000000000000000000e+02 7.016000000000000000e+03
2.200000000000000000e+02 7.171000000000000000e+03
2.400000000000000000e+02 7.010000000000000000e+03
2.600000000000000000e+02 7.435000000000000000e+03
2.800000000000000000e+02 7.243000000000000000e+03
3.000000000000000000e+02 7.488000000000000000e+03
3.200000000000000000e+02 7.337000000000000000e+03
3.400000000000000000e+02 7.453000000000000000e+03
3.600000000000000000e+02 7.582000000000000000e+03
3.800000000000000000e+02 7.490000000000000000e+03
4.000000000000000000e+02 7.699000000000000000e+03
4.200000000000000000e+02 7.652000000000000000e+03
4.400000000000000000e+02 7.663000000000000000e+03
4.600000000000000000e+02 7.554000000000000000e+03
4.800000000000000000e+02 7.870000000000000000e+03
5.000000000000000000e+02 7.714000000000000000e+03
5.200000000000000000e+02 7.663000000000000000e+03
5.400000000000000000e+02 7.677000000000000000e+03
5.600000000000000000e+02 7.690000000000000000e+03
5.800000000000000000e+02 7.693000000000000000e+03
6.000000000000000000e+02 7.682000000000000000e+03
6.200000000000000000e+02 7.618000000000000000e+03
6.400000000000000000e+02 7.508000000000000000e+03
6.600000000000000000e+02 7.465000000000000000e+03
6.800000000000000000e+02 7.415000000000000000e+03
7.000000000000000000e+02 7.506000000000000000e+03
7.200000000000000000e+02 7.294000000000000000e+03
7.400000000000000000e+02 7.525000000000000000e+03
7.600000000000000000e+02 7.418000000000000000e+03
7.800000000000000000e+02 7.185000000000000000e+03
8.000000000000000000e+02 7.079000000000000000e+03
8.200000000000000000e+02 7.077000000000000000e+03
8.400000000000000000e+02 6.886000000000000000e+03
8.600000000000000000e+02 6.979000000000000000e+03
8.800000000000000000e+02 6.612000000000000000e+03
9.000000000000000000e+02 6.607000000000000000e+03
9.200000000000000000e+02 6.368000000000000000e+03
9.400000000000000000e+02 6.352000000000000000e+03
9.600000000000000000e+02 6.190000000000000000e+03
9.800000000000000000e+02 6.080000000000000000e+03
1.000000000000000000e+03 5.950000000000000000e+03
1.020000000000000000e+03 5.939000000000000000e+03
1.040000000000000000e+03 5.688000000000000000e+03
1.060000000000000000e+03 5.582000000000000000e+03
1.080000000000000000e+03 5.232000000000000000e+03
1.100000000000000000e+03 5.249000000000000000e+03
1.120000000000000000e+03 5.069000000000000000e+03
1.140000000000000000e+03 5.080000000000000000e+03
1.160000000000000000e+03 4.851000000000000000e+03
1.180000000000000000e+03 4.744000000000000000e+03
1.200000000000000000e+03 4.646000000000000000e+03
1.220000000000000000e+03 4.514000000000000000e+03
1.240000000000000000e+03 4.251000000000000000e+03
1.260000000000000000e+03 4.185000000000000000e+03
1.280000000000000000e+03 3.967000000000000000e+03
1.300000000000000000e+03 3.963000000000000000e+03
1.320000000000000000e+03 3.889000000000000000e+03
1.340000000000000000e+03 3.726000000000000000e+03
1.360000000000000000e+03 3.546000000000000000e+03
1.380000000000000000e+03 3.506000000000000000e+03
1.400000000000000000e+03 3.519000000000000000e+03
1.420000000000000000e+03 3.360000000000000000e+03
1.440000000000000000e+03 3.363000000000000000e+03
1.460000000000000000e+03 3.397000000000000000e+03
1.480000000000000000e+03 3.207000000000000000e+03
1.500000000000000000e+03 3.324000000000000000e+03
1.520000000000000000e+03 3.206000000000000000e+03
1.540000000000000000e+03 3.201000000000000000e+03
1.560000000000000000e+03 3.196000000000000000e+03
1.580000000000000000e+03 3.185000000000000000e+03
1.600000000000000000e+03 3.211000000000000000e+03
1.620000000000000000e+03 3.351000000000000000e+03
1.640000000000000000e+03 3.207000000000000000e+03
1.660000000000000000e+03 3.290000000000000000e+03
1.680000000000000000e+03 3.486000000000000000e+03
1.700000000000000000e+03 3.563000000000000000e+03
1.720000000000000000e+03 3.621000000000000000e+03
1.740000000000000000e+03 3.686000000000000000e+03
1.760000000000000000e+03 3.868000000000000000e+03
1.780000000000000000e+03 3.954000000000000000e+03
1.800000000000000000e+03 4.089000000000000000e+03
1.820000000000000000e+03 4.141000000000000000e+03
1.840000000000000000e+03 4.433000000000000000e+03
1.860000000000000000e+03 4.631000000000000000e+03
1.880000000000000000e+03 4.760000000000000000e+03
1.900000000000000000e+03 4.925000000000000000e+03
1.920000000000000000e+03 5.017000000000000000e+03
1.940000000000000000e+03 5.113000000000000000e+03
1.960000000000000000e+03 5.248000000000000000e+03
1.980000000000000000e+03 5.565000000000000000e+03
2.000000000000000000e+03 5.604000000000000000e+03
2.020000000000000000e+03 5.848000000000000000e+03
2.040000000000000000e+03 5.959000000000000000e+03
2.060000000000000000e+03 6.094000000000000000e+03
2.080000000000000000e+03 6.368000000000000000e+03
2.100000000000000000e+03 6.392000000000000000e+03
2.120000000000000000e+03 6.524000000000000000e+03
2.140000000000000000e+03 6.709000000000000000e+03
2.160000000000000000e+03 6.815000000000000000e+03
2.180000000000000000e+03 6.885000000000000000e+03
2.200000000000000000e+03 7.012000000000000000e+03
2.220000000000000000e+03 7.057000000000000000e+03
2.240000000000000000e+03 7.188000000000000000e+03
2.260000000000000000e+03 7.194000000000000000e+03
2.280000000000000000e+03 7.418000000000000000e+03
2.300000000000000000e+03 7.453000000000000000e+03
2.320000000000000000e+03 7.248000000000000000e+03
2.340000000000000000e+03 7.378000000000000000e+03
2.360000000000000000e+03 7.535000000000000000e+03
2.380000000000000000e+03 7.389000000000000000e+03
2.400000000000000000e+03 7.629000000000000000e+03
2.420000000000000000e+03 7.580000000000000000e+03
2.440000000000000000e+03 7.659000000000000000e+03
2.460000000000000000e+03 7.610000000000000000e+03
2.480000000000000000e+03 7.722000000000000000e+03
2.500000000000000000e+03 7.778000000000000000e+03
2.520000000000000000e+03 7.619000000000000000e+03
2.540000000000000000e+03 7.687000000000000000e+03
2.560000000000000000e+03 7.552000000000000000e+03
2.580000000000000000e+03 7.608000000000000000e+03
2.600000000000000000e+03 7.595000000000000000e+03
2.620000000000000000e+03 7.399000000000000000e+03
2.640000000000000000e+03 7.543000000000000000e+03
2.660000000000000000e+03 7.431000000000000000e+03
2.680000000000000000e+03 7.437000000000000000e+03
2.700000000000000000e+03 7.458000000000000000e+03
2.720000000000000000e+03 7.479000000000000000e+03
2.740000000000000000e+03 7.321000000000000000e+03
2.760000000000000000e+03 7.372000000000000000e+03
2.780000000000000000e+03 7.242000000000000000e+03
2.800000000000000000e+03 7.106000000000000000e+03
2.820000000000000000e+03 7.007000000000000000e+03
2.840000000000000000e+03 6.984000000000000000e+03
2.860000000000000000e+03 6.737000000000000000e+03
2.880000000000000000e+03 6.862000000000000000e+03
2.900000000000000000e+03 6.595000000000000000e+03
2.920000000000000000e+03 6.477000000000000000e+03
2.940000000000000000e+03 6.361000000000000000e+03
2.960000000000000000e+03 6.261000000000000000e+03
2.980000000000000000e+03 6.021000000000000000e+03
3.000000000000000000e+03 5.940000000000000000e+03
3.020000000000000000e+03 5.782000000000000000e+03
3.040000000000000000e+03 5.484000000000000000e+03
3.060000000000000000e+03 5.609000000000000000e+03
3.080000000000000000e+03 5.294000000000000000e+03
3.100000000000000000e+03 5.361000000000000000e+03
3.120000000000000000e+03 5.096000000000000000e+03
3.140000000000000000e+03 5.085000000000000000e+03
3.160000000000000000e+03 4.799000000000000000e+03
3.180000000000000000e+03 4.773000000000000000e+03
3.200000000000000000e+03 4.576000000000000000e+03
3.220000000000000000e+03 4.311000000000000000e+03
3.240000000000000000e+03 4.313000000000000000e+03
3.260000000000000000e+03 4.148000000000000000e+03
3.280000000000000000e+03 4.047000000000000000e+03
3.300000000000000000e+03 3.966000000000000000e+03
3.320000000000000000e+03 3.773000000000000000e+03
3.340000000000000000e+03 3.695000000000000000e+03
3.360000000000000000e+03 3.633000000000000000e+03
3.380000000000000000e+03 3.535000000000000000e+03
3.400000000000000000e+03 3.456000000000000000e+03
3.420000000000000000e+03 3.426000000000000000e+03
3.440000000000000000e+03 3.374000000000000000e+03
3.460000000000000000e+03 3.256000000000000000e+03
3.480000000000000000e+03 3.344000000000000000e+03
3.500000000000000000e+03 3.236000000000000000e+03
3.520000000000000000e+03 3.119000000000000000e+03
3.540000000000000000e+03 3.232000000000000000e+03
3.560000000000000000e+03 3.120000000000000000e+03
3.580000000000000000e+03 3.254000000000000000e+03
3.600000000000000000e+03 3.213000000000000000e+03
3.620000000000000000e+03 3.261000000000000000e+03
3.640000000000000000e+03 3.261000000000000000e+03
3.660000000000000000e+03 3.245000000000000000e+03
3.680000000000000000e+03 3.394000000000000000e+03
3.700000000000000000e+03 3.509000000000000000e+03
3.720000000000000000e+03 3.761000000000000000e+03
3.740000000000000000e+03 3.583000000000000000e+03
3.760000000000000000e+03 3.859000000000000000e+03
3.780000000000000000e+03 4.153000000000000000e+03
3.800000000000000000e+03 4.137000000000000000e+03
3.820000000000000000e+03 4.320000000000000000e+03
3.840000000000000000e+03 4.465000000000000000e+03
3.860000000000000000e+03 4.581000000000000000e+03
3.880000000000000000e+03 4.780000000000000000e+03
3.900000000000000000e+03 4.861000000000000000e+03
3.920000000000000000e+03 5.072000000000000000e+03
3.940000000000000000e+03 5.226000000000000000e+03
3.960000000000000000e+03 5.345000000000000000e+03
3.980000000000000000e+03 5.436000000000000000e+03
