0.000000000000000000e+00 1.797000000000000000e+04
1.000000000000000000e+04 1.814600000000000000e+04
2.000000000000000000e+04 1.855500000000000000e+04
3.000000000000000000e+04 1.868300000000000000e+04
4.000000000000000000e+04 1.867200000000000000e+04
5.000000000000000000e+04 1.911700000000000000e+04
6.000000000000000000e+04 1.915200000000000000e+04
7.000000000000000000e+04 1.927400000000000000e+04
8.000000000000000000e+04 1.936600000000000000e+04
9.000000000000000000e+04 1.969700000000000000e+04
1.000000000000000000e+05 1.946000000000000000e+04
1.100000000000000000e+05 1.967400000000000000e+04
1.200000000000000000e+05 1.983500000000000000e+04
1.300000000000000000e+05 1.978200000000000000e+04
1.400000000000000000e+05 1.977400000000000000e+04
1.500000000000000000e+05 1.975900000000000000e+04
1.600000000000000000e+05 2.014500000000000000e+04
1.700000000000000000e+05 1.989800000000000000e+04
1.800000000000000000e+05 2.001000000000000000e+04
1.900000000000000000e+05 1.975200000000000000e+04
2.000000000000000000e+05 2.014900000000000000e+04
2.100000000000000000e+05 1.993700000000000000e+04
2.200000000000000000e+05 1.966500000000000000e+04
2.300000000000000000e+05 2.002700000000000000e+04
2.400000000000000000e+05 1.961500000000000000e+04
2.500000000000000000e+05 1.977000000000000000e+04
2.600000000000000000e+05 1.990600000000000000e+04
2.700000000000000000e+05 1.943300000000000000e+04
2.800000000000000000e+05 1.947900000000000000e+04
2.900000000000000000e+05 1.942600000000000000e+04
3.000000000000000000e+05 1.905200000000000000e+04
3.100000000000000000e+05 1.901100000000000000e+04
3.200000000000000000e+05 1.869700000000000000e+04
3.300000000000000000e+05 1.864800000000000000e+04
3.400000000000000000e+05 1.840400000000000000e+04
3.500000000000000000e+05 1.830900000000000000e+04
3.600000000000000000e+05 1.779200000000000000e+04
3.700000000000000000e+05 1.772900000000000000e+04
3.800000000000000000e+05 1.755700000000000000e+04
3.900000000000000000e+05 1.719000000000000000e+04
4.000000000000000000e+05 1.685000000000000000e+04
4.100000000000000000e+05 1.651500000000000000e+04
4.200000000000000000e+05 1.617900000000000000e+04
4.300000000000000000e+05 1.566600000000000000e+04
4.400000000000000000e+05 1.513100000000000000e+04
4.500000000000000000e+05 1.497000000000000000e+04
4.600000000000000000e+05 1.456900000000000000e+04
4.700000000000000000e+05 1.401600000000000000e+04
4.800000000000000000e+05 1.363200000000000000e+04
4.900000000000000000e+05 1.294400000000000000e+04
5.000000000000000000e+05 1.240500000000000000e+04
5.100000000000000000e+05 1.181100000000000000e+04
5.200000000000000000e+05 1.152800000000000000e+04
5.300000000000000000e+05 1.096300000000000000e+04
5.400000000000000000e+05 1.049400000000000000e+04
5.500000000000000000e+05 9.917000000000000000e+03
5.600000000000000000e+05 9.415000000000000000e+03
5.700000000000000000e+05 9.052000000000000000e+03
5.800000000000000000e+05 8.688000000000000000e+03
5.900000000000000000e+05 8.293000000000000000e+03
6.000000000000000000e+05 7.624000000000000000e+03
6.100000000000000000e+05 7.323000000000000000e+03
6.200000000000000000e+05 7.330000000000000000e+03
6.300000000000000000e+05 6.857000000000000000e+03
6.400000000000000000e+05 6.596000000000000000e+03
6.500000000000000000e+05 6.478000000000000000e+03
6.600000000000000000e+05 6.140000000000000000e+03
6.700000000000000000e+05 6.090000000000000000e+03
6.800000000000000000e+05 6.054000000000000000e+03
6.900000000000000000e+05 5.868000000000000000e+03
7.000000000000000000e+05 5.944000000000000000e+03
7.100000000000000000e+05 5.959000000000000000e+03
7.200000000000000000e+05 6.248000000000000000e+03
7.300000000000000000e+05 6.302000000000000000e+03
7.400000000000000000e+05 6.524000000000000000e+03
7.500000000000000000e+05 6.773000000000000000e+03
7.600000000000000000e+05 6.872000000000000000e+03
7.700000000000000000e+05 7.226000000000000000e+03
7.800000000000000000e+05 7.726000000000000000e+03
7.900000000000000000e+05 8.002000000000000000e+03
8.000000000000000000e+05 8.419000000000000000e+03
8.100000000000000000e+05 8.902000000000000000e+03
8.200000000000000000e+05 9.495000000000000000e+03
8.300000000000000000e+05 9.724000000000000000e+03
8.400000000000000000e+05 1.028900000000000000e+04
8.500000000000000000e+05 1.079000000000000000e+04
8.600000000000000000e+05 1.092700000000000000e+04
8.700000000000000000e+05 1.205600000000000000e+04
8.800000000000000000e+05 1.220700000000000000e+04
8.900000000000000000e+05 1.278100000000000000e+04
9.000000000000000000e+05 1.334100000000000000e+04
9.100000000000000000e+05 1.369100000000000000e+04
9.200000000000000000e+05 1.419100000000000000e+04
9.300000000000000000e+05 1.467800000000000000e+04
9.400000000000000000e+05 1.482300000000000000e+04
9.500000000000000000e+05 1.553100000000000000e+04
9.600000000000000000e+05 1.568700000000000000e+04
9.700000000000000000e+05 1.626000000000000000e+04
9.800000000000000000e+05 1.653200000000000000e+04
9.900000000000000000e+05 1.683100000000000000e+04
1.000000000000000000e+06 1.721500000000000000e+04
1.010000000000000000e+06 1.753900000000000000e+04
1.020000000000000000e+06 1.780400000000000000e+04
1.030000000000000000e+06 1.799900000000000000e+04
1.040000000000000000e+06 1.844100000000000000e+04
1.050000000000000000e+06 1.844900000000000000e+04
1.060000000000000000e+06 1.873200000000000000e+04
1.070000000000000000e+06 1.894100000000000000e+04
1.080000000000000000e+06 1.882800000000000000e+04
1.090000000000000000e+06 1.908800000000000000e+04
1.100000000000000000e+06 1.944500000000000000e+04
1.110000000000000000e+06 1.926400000000000000e+04
1.120000000000000000e+06 1.967400000000000000e+04
1.130000000000000000e+06 1.949000000000000000e+04
1.140000000000000000e+06 1.981900000000000000e+04
1.150000000000000000e+06 1.960800000000000000e+04
1.160000000000000000e+06 1.996600000000000000e+04
1.170000000000000000e+06 1.965400000000000000e+04
1.180000000000000000e+06 1.986300000000000000e+04
1.190000000000000000e+06 2.002400000000000000e+04
1.200000000000000000e+06 1.965000000000000000e+04
1.210000000000000000e+06 1.988000000000000000e+04
1.220000000000000000e+06 1.973600000000000000e+04
1.230000000000000000e+06 1.968300000000000000e+04
1.240000000000000000e+06 1.972400000000000000e+04
1.250000000000000000e+06 1.957800000000000000e+04
1.260000000000000000e+06 1.948800000000000000e+04
1.270000000000000000e+06 1.962600000000000000e+04
1.280000000000000000e+06 1.931200000000000000e+04
1.290000000000000000e+06 1.923700000000000000e+04
1.300000000000000000e+06 1.907200000000000000e+04
1.310000000000000000e+06 1.876200000000000000e+04
1.320000000000000000e+06 1.880900000000000000e+04
1.330000000000000000e+06 1.855900000000000000e+04
1.340000000000000000e+06 1.854300000000000000e+04
1.350000000000000000e+06 1.814000000000000000e+04
1.360000000000000000e+06 1.790300000000000000e+04
1.370000000000000000e+06 1.758600000000000000e+04
1.380000000000000000e+06 1.701900000000000000e+04
1.390000000000000000e+06 1.692200000000000000e+04
1.400000000000000000e+06 1.665800000000000000e+04
1.410000000000000000e+06 1.641000000000000000e+04
1.420000000000000000e+06 1.586200000000000000e+04
1.430000000000000000e+06 1.558900000000000000e+04
1.440000000000000000e+06 1.510000000000000000e+04
1.450000000000000000e+06 1.467200000000000000e+04
1.460000000000000000e+06 1.430500000000000000e+04
1.470000000000000000e+06 1.402400000000000000e+04
1.480000000000000000e+06 1.340400000000000000e+04
1.490000000000000000e+06 1.272900000000000000e+04
1.500000000000000000e+06 1.232600000000000000e+04
1.510000000000000000e+06 1.187700000000000000e+04
1.520000000000000000e+06 1.150500000000000000e+04
1.530000000000000000e+06 1.094000000000000000e+04
1.540000000000000000e+06 1.040400000000000000e+04
1.550000000000000000e+06 1.003600000000000000e+04
1.560000000000000000e+06 9.404000000000000000e+03
1.570000000000000000e+06 9.029000000000000000e+03
1.580000000000000000e+06 8.538000000000000000e+03
1.590000000000000000e+06 8.133000000000000000e+03
1.600000000000000000e+06 7.853000000000000000e+03
1.610000000000000000e+06 7.372000000000000000e+03
1.620000000000000000e+06 7.103000000000000000e+03
1.630000000000000000e+06 6.908000000000000000e+03
1.640000000000000000e+06 6.653000000000000000e+03
1.650000000000000000e+06 6.264000000000000000e+03
1.660000000000000000e+06 6.278000000000000000e+03
1.670000000000000000e+06 5.989000000000000000e+03
1.680000000000000000e+06 5.948000000000000000e+03
1.690000000000000000e+06 5.834000000000000000e+03
1.700000000000000000e+06 6.011000000000000000e+03
1.710000000000000000e+06 5.992000000000000000e+03
1.720000000000000000e+06 6.223000000000000000e+03
1.730000000000000000e+06 6.324000000000000000e+03
1.740000000000000000e+06 6.410000000000000000e+03
1.750000000000000000e+06 6.770000000000000000e+03
1.760000000000000000e+06 6.971000000000000000e+03
1.770000000000000000e+06 7.339000000000000000e+03
1.780000000000000000e+06 7.482000000000000000e+03
1.790000000000000000e+06 8.040000000000000000e+03
1.800000000000000000e+06 8.322000000000000000e+03
1.810000000000000000e+06 8.790000000000000000e+03
1.820000000000000000e+06 9.296000000000000000e+03
1.830000000000000000e+06 9.656000000000000000e+03
1.840000000000000000e+06 1.015500000000000000e+04
1.850000000000000000e+06 1.064200000000000000e+04
1.860000000000000000e+06 1.112000000000000000e+04
1.870000000000000000e+06 1.170100000000000000e+04
1.880000000000000000e+06 1.227300000000000000e+04
1.890000000000000000e+06 1.255300000000000000e+04
1.900000000000000000e+06 1.308200000000000000e+04
1.910000000000000000e+06 1.357900000000000000e+04
1.920000000000000000e+06 1.407100000000000000e+04
1.930000000000000000e+06 1.458200000000000000e+04
1.940000000000000000e+06 1.501700000000000000e+04
1.950000000000000000e+06 1.525500000000000000e+04
1.960000000000000000e+06 1.589800000000000000e+04
1.970000000000000000e+06 1.629000000000000000e+04
1.980000000000000000e+06 1.633200000000000000e+04
1.990000000000000000e+06 1.662400000000000000e+04
