0.000000000000000000e+00 2.348900000000000000e+04
3.333000000000000000e+03 2.433700000000000000e+04
6.666000000000000000e+03 2.493700000000000000e+04
9.999000000000000000e+03 2.585400000000000000e+04
1.333200000000000000e+04 2.650500000000000000e+04
1.666500000000000000e+04 2.726200000000000000e+04
1.999800000000000000e+04 2.777100000000000000e+04
2.333100000000000000e+04 2.826600000000000000e+04
2.666400000000000000e+04 2.888700000000000000e+04
2.999700000000000000e+04 2.920200000000000000e+04
3.333000000000000000e+04 2.999100000000000000e+04
3.666300000000000000e+04 3.014000000000000000e+04
3.999600000000000000e+04 3.090800000000000000e+04
4.332900000000000000e+04 3.115300000000000000e+04
4.666200000000000000e+04 3.089200000000000000e+04
4.999500000000000000e+04 3.161200000000000000e+04
5.332800000000000000e+04 3.157100000000000000e+04
5.666100000000000000e+04 3.129800000000000000e+04
5.999400000000000000e+04 3.156300000000000000e+04
6.332700000000000000e+04 3.141100000000000000e+04
6.666000000000000000e+04 3.163600000000000000e+04
6.999300000000000000e+04 3.174600000000000000e+04
7.332600000000000000e+04 3.154000000000000000e+04
7.665900000000000000e+04 3.123100000000000000e+04
7.999200000000000000e+04 3.107300000000000000e+04
8.332500000000000000e+04 3.103200000000000000e+04
8.665800000000000000e+04 3.064900000000000000e+04
8.999100000000000000e+04 3.029100000000000000e+04
9.332400000000000000e+04 3.011500000000000000e+04
9.665700000000000000e+04 2.925300000000000000e+04
9.999000000000000000e+04 2.930400000000000000e+04
1.033230000000000000e+05 2.846600000000000000e+04
1.066560000000000000e+05 2.776600000000000000e+04
1.099890000000000000e+05 2.775700000000000000e+04
1.133220000000000000e+05 2.672900000000000000e+04
1.166550000000000000e+05 2.595900000000000000e+04
1.199880000000000000e+05 2.544300000000000000e+04
1.233210000000000000e+05 2.474700000000000000e+04
1.266540000000000000e+05 2.375400000000000000e+04
1.299870000000000000e+05 2.275000000000000000e+04
1.333200000000000000e+05 2.159400000000000000e+04
1.366530000000000000e+05 2.096900000000000000e+04
1.399860000000000000e+05 1.999400000000000000e+04
1.433190000000000000e+05 1.884900000000000000e+04
1.466520000000000000e+05 1.828500000000000000e+04
1.499850000000000000e+05 1.695500000000000000e+04
1.533180000000000000e+05 1.611800000000000000e+04
1.566510000000000000e+05 1.508900000000000000e+04
1.599840000000000000e+05 1.410000000000000000e+04
1.633170000000000000e+05 1.314400000000000000e+04
1.666500000000000000e+05 1.214000000000000000e+04
1.699830000000000000e+05 1.154500000000000000e+04
1.733160000000000000e+05 1.072400000000000000e+04
1.766490000000000000e+05 9.823000000000000000e+03
1.799820000000000000e+05 9.202000000000000000e+03
1.833150000000000000e+05 8.253000000000000000e+03
1.866480000000000000e+05 7.647000000000000000e+03
1.899810000000000000e+05 7.060000000000000000e+03
1.933140000000000000e+05 6.526000000000000000e+03
1.966470000000000000e+05 6.000000000000000000e+03
1.999800000000000000e+05 5.487000000000000000e+03
2.033130000000000000e+05 5.095000000000000000e+03
2.066460000000000000e+05 4.730000000000000000e+03
2.099790000000000000e+05 4.665000000000000000e+03
2.133120000000000000e+05 4.377000000000000000e+03
2.166450000000000000e+05 3.903000000000000000e+03
2.199780000000000000e+05 3.977000000000000000e+03
2.233110000000000000e+05 3.937000000000000000e+03
2.266440000000000000e+05 3.682000000000000000e+03
2.299770000000000000e+05 3.694000000000000000e+03
2.333100000000000000e+05 3.678000000000000000e+03
2.366430000000000000e+05 3.717000000000000000e+03
2.399760000000000000e+05 3.799000000000000000e+03
2.433090000000000000e+05 3.976000000000000000e+03
2.466420000000000000e+05 4.098000000000000000e+03
2.499750000000000000e+05 4.407000000000000000e+03
2.533080000000000000e+05 4.641000000000000000e+03
2.566410000000000000e+05 5.058000000000000000e+03
2.599740000000000000e+05 5.270000000000000000e+03
2.633070000000000000e+05 5.989000000000000000e+03
2.666400000000000000e+05 6.213000000000000000e+03
2.699730000000000000e+05 6.692000000000000000e+03
2.733060000000000000e+05 7.325000000000000000e+03
2.766390000000000000e+05 7.944000000000000000e+03
2.799720000000000000e+05 8.794000000000000000e+03
2.833050000000000000e+05 9.485000000000000000e+03
2.866380000000000000e+05 1.014800000000000000e+04
2.899710000000000000e+05 1.110100000000000000e+04
2.933040000000000000e+05 1.212900000000000000e+04
2.966370000000000000e+05 1.280500000000000000e+04
2.999700000000000000e+05 1.348200000000000000e+04
3.033030000000000000e+05 1.481700000000000000e+04
3.066360000000000000e+05 1.565100000000000000e+04
3.099690000000000000e+05 1.651700000000000000e+04
3.133020000000000000e+05 1.760800000000000000e+04
3.166350000000000000e+05 1.873000000000000000e+04
3.199680000000000000e+05 1.951600000000000000e+04
3.233010000000000000e+05 2.048700000000000000e+04
3.266340000000000000e+05 2.152100000000000000e+04
3.299670000000000000e+05 2.252500000000000000e+04
3.333000000000000000e+05 2.312200000000000000e+04
3.366330000000000000e+05 2.438100000000000000e+04
3.399660000000000000e+05 2.523300000000000000e+04
3.432990000000000000e+05 2.585800000000000000e+04
3.466320000000000000e+05 2.660400000000000000e+04
3.499650000000000000e+05 2.754200000000000000e+04
3.532980000000000000e+05 2.770300000000000000e+04
3.566310000000000000e+05 2.812700000000000000e+04
3.599640000000000000e+05 2.934800000000000000e+04
3.632970000000000000e+05 2.946900000000000000e+04
3.666300000000000000e+05 3.017700000000000000e+04
3.699630000000000000e+05 3.050100000000000000e+04
3.732960000000000000e+05 3.072400000000000000e+04
3.766290000000000000e+05 3.087800000000000000e+04
3.799620000000000000e+05 3.098000000000000000e+04
3.832950000000000000e+05 3.117400000000000000e+04
3.866280000000000000e+05 3.126200000000000000e+04
3.899610000000000000e+05 3.163500000000000000e+04
3.932940000000000000e+05 3.183400000000000000e+04
3.966270000000000000e+05 3.158400000000000000e+04
3.999600000000000000e+05 3.162200000000000000e+04
4.032930000000000000e+05 3.143300000000000000e+04
4.066260000000000000e+05 3.152200000000000000e+04
4.099590000000000000e+05 3.145000000000000000e+04
4.132920000000000000e+05 3.131300000000000000e+04
4.166250000000000000e+05 3.089800000000000000e+04
4.199580000000000000e+05 3.091600000000000000e+04
4.232910000000000000e+05 3.051900000000000000e+04
4.266240000000000000e+05 2.982900000000000000e+04
4.299570000000000000e+05 2.961100000000000000e+04
4.332900000000000000e+05 2.909500000000000000e+04
4.366230000000000000e+05 2.859500000000000000e+04
4.399560000000000000e+05 2.805600000000000000e+04
4.432890000000000000e+05 2.757200000000000000e+04
4.466220000000000000e+05 2.661900000000000000e+04
4.499550000000000000e+05 2.557900000000000000e+04
4.532880000000000000e+05 2.530300000000000000e+04
4.566210000000000000e+05 2.443600000000000000e+04
4.599540000000000000e+05 2.338600000000000000e+04
4.632870000000000000e+05 2.286600000000000000e+04
4.666200000000000000e+05 2.183400000000000000e+04
4.699530000000000000e+05 2.111300000000000000e+04
4.732860000000000000e+05 2.018100000000000000e+04
4.766190000000000000e+05 1.911300000000000000e+04
4.799520000000000000e+05 1.780100000000000000e+04
4.832850000000000000e+05 1.721900000000000000e+04
4.866180000000000000e+05 1.604800000000000000e+04
4.899510000000000000e+05 1.524100000000000000e+04
4.932840000000000000e+05 1.411900000000000000e+04
4.966170000000000000e+05 1.326000000000000000e+04
4.999500000000000000e+05 1.220500000000000000e+04
5.032830000000000000e+05 1.148400000000000000e+04
5.066160000000000000e+05 1.056400000000000000e+04
5.099490000000000000e+05 9.682000000000000000e+03
5.132820000000000000e+05 8.832000000000000000e+03
5.166150000000000000e+05 8.299000000000000000e+03
5.199480000000000000e+05 7.546000000000000000e+03
5.232810000000000000e+05 7.027000000000000000e+03
5.266140000000000000e+05 6.436000000000000000e+03
5.299470000000000000e+05 5.972000000000000000e+03
5.332800000000000000e+05 5.210000000000000000e+03
5.366130000000000000e+05 5.220000000000000000e+03
5.399460000000000000e+05 4.865000000000000000e+03
5.432790000000000000e+05 4.423000000000000000e+03
5.466120000000000000e+05 4.302000000000000000e+03
5.499450000000000000e+05 4.076000000000000000e+03
5.532780000000000000e+05 3.898000000000000000e+03
5.566110000000000000e+05 3.817000000000000000e+03
5.599440000000000000e+05 3.871000000000000000e+03
5.632770000000000000e+05 3.683000000000000000e+03
5.666100000000000000e+05 3.588000000000000000e+03
5.699430000000000000e+05 3.789000000000000000e+03
5.732760000000000000e+05 3.881000000000000000e+03
5.766090000000000000e+05 3.971000000000000000e+03
5.799420000000000000e+05 4.142000000000000000e+03
5.832750000000000000e+05 4.430000000000000000e+03
5.866080000000000000e+05 4.629000000000000000e+03
5.899410000000000000e+05 4.925000000000000000e+03
5.932740000000000000e+05 5.268000000000000000e+03
5.966070000000000000e+05 5.786000000000000000e+03
5.999400000000000000e+05 6.121000000000000000e+03
6.032730000000000000e+05 6.770000000000000000e+03
6.066060000000000000e+05 7.289000000000000000e+03
6.099390000000000000e+05 8.045000000000000000e+03
6.132720000000000000e+05 8.550000000000000000e+03
6.166050000000000000e+05 9.442000000000000000e+03
6.199380000000000000e+05 1.025400000000000000e+04
6.232710000000000000e+05 1.094500000000000000e+04
6.266040000000000000e+05 1.202300000000000000e+04
6.299370000000000000e+05 1.287600000000000000e+04
6.332700000000000000e+05 1.370400000000000000e+04
6.366030000000000000e+05 1.449900000000000000e+04
6.399360000000000000e+05 1.559200000000000000e+04
6.432690000000000000e+05 1.666500000000000000e+04
6.466020000000000000e+05 1.768900000000000000e+04
6.499350000000000000e+05 1.854000000000000000e+04
6.532680000000000000e+05 1.946100000000000000e+04
6.566010000000000000e+05 2.043100000000000000e+04
6.599340000000000000e+05 2.125100000000000000e+04
6.632670000000000000e+05 2.263700000000000000e+04
