0.000000000000000000e+00 1.170800000000000000e+04
5.000000000000000000e+01 1.248000000000000000e+04
1.000000000000000000e+02 1.250400000000000000e+04
1.500000000000000000e+02 1.322500000000000000e+04
2.000000000000000000e+02 1.320200000000000000e+04
2.500000000000000000e+02 1.376000000000000000e+04
3.000000000000000000e+02 1.405300000000000000e+04
3.500000000000000000e+02 1.444100000000000000e+04
4.000000000000000000e+02 1.462800000000000000e+04
4.500000000000000000e+02 1.479400000000000000e+04
5.000000000000000000e+02 1.520100000000000000e+04
5.500000000000000000e+02 1.512400000000000000e+04
6.000000000000000000e+02 1.549600000000000000e+04
6.500000000000000000e+02 1.550300000000000000e+04
7.000000000000000000e+02 1.578100000000000000e+04
7.500000000000000000e+02 1.601100000000000000e+04
8.000000000000000000e+02 1.593200000000000000e+04
8.500000000000000000e+02 1.612500000000000000e+04
9.000000000000000000e+02 1.614500000000000000e+04
9.500000000000000000e+02 1.595700000000000000e+04
1.000000000000000000e+03 1.607300000000000000e+04
1.050000000000000000e+03 1.579700000000000000e+04
1.100000000000000000e+03 1.601200000000000000e+04
1.150000000000000000e+03 1.582400000000000000e+04
1.200000000000000000e+03 1.565100000000000000e+04
1.250000000000000000e+03 1.568200000000000000e+04
1.300000000000000000e+03 1.563900000000000000e+04
1.350000000000000000e+03 1.547800000000000000e+04
1.400000000000000000e+03 1.535400000000000000e+04
1.450000000000000000e+03 1.481600000000000000e+04
1.500000000000000000e+03 1.486700000000000000e+04
1.550000000000000000e+03 1.439900000000000000e+04
1.600000000000000000e+03 1.425600000000000000e+04
1.650000000000000000e+03 1.389000000000000000e+04
1.700000000000000000e+03 1.355800000000000000e+04
1.750000000000000000e+03 1.315800000000000000e+04
1.800000000000000000e+03 1.265400000000000000e+04
1.850000000000000000e+03 1.252800000000000000e+04
1.900000000000000000e+03 1.186400000000000000e+04
1.950000000000000000e+03 1.142300000000000000e+04
2.000000000000000000e+03 1.096800000000000000e+04
2.050000000000000000e+03 1.042000000000000000e+04
2.100000000000000000e+03 1.006600000000000000e+04
2.150000000000000000e+03 9.546000000000000000e+03
2.200000000000000000e+03 9.042000000000000000e+03
2.250000000000000000e+03 8.691000000000000000e+03
2.300000000000000000e+03 8.227000000000000000e+03
2.350000000000000000e+03 7.592000000000000000e+03
2.400000000000000000e+03 7.133000000000000000e+03
2.450000000000000000e+03 6.665000000000000000e+03
2.500000000000000000e+03 6.001000000000000000e+03
2.550000000000000000e+03 5.722000000000000000e+03
2.600000000000000000e+03 5.357000000000000000e+03
2.650000000000000000e+03 4.771000000000000000e+03
2.700000000000000000e+03 4.515000000000000000e+03
2.750000000000000000e+03 4.078000000000000000e+03
2.800000000000000000e+03 3.800000000000000000e+03
2.850000000000000000e+03 3.490000000000000000e+03
2.900000000000000000e+03 3.118000000000000000e+03
2.950000000000000000e+03 2.878000000000000000e+03
3.000000000000000000e+03 2.657000000000000000e+03
3.050000000000000000e+03 2.543000000000000000e+03
3.100000000000000000e+03 2.459000000000000000e+03
3.150000000000000000e+03 2.289000000000000000e+03
3.200000000000000000e+03 2.133000000000000000e+03
3.250000000000000000e+03 2.052000000000000000e+03
3.300000000000000000e+03 1.909000000000000000e+03
3.350000000000000000e+03 1.844000000000000000e+03
3.400000000000000000e+03 1.935000000000000000e+03
3.450000000000000000e+03 1.914000000000000000e+03
3.500000000000000000e+03 1.795000000000000000e+03
3.550000000000000000e+03 1.869000000000000000e+03
3.600000000000000000e+03 1.923000000000000000e+03
3.650000000000000000e+03 1.962000000000000000e+03
3.700000000000000000e+03 2.109000000000000000e+03
3.750000000000000000e+03 2.226000000000000000e+03
3.800000000000000000e+03 2.357000000000000000e+03
3.850000000000000000e+03 2.573000000000000000e+03
3.900000000000000000e+03 2.688000000000000000e+03
3.950000000000000000e+03 3.008000000000000000e+03
4.000000000000000000e+03 3.164000000000000000e+03
4.050000000000000000e+03 3.476000000000000000e+03
4.100000000000000000e+03 3.747000000000000000e+03
4.150000000000000000e+03 4.182000000000000000e+03
4.200000000000000000e+03 4.444000000000000000e+03
4.250000000000000000e+03 4.668000000000000000e+03
4.300000000000000000e+03 5.083000000000000000e+03
4.350000000000000000e+03 5.507000000000000000e+03
4.400000000000000000e+03 5.949000000000000000e+03
4.450000000000000000e+03 6.458000000000000000e+03
4.500000000000000000e+03 7.027000000000000000e+03
4.550000000000000000e+03 7.587000000000000000e+03
4.600000000000000000e+03 8.058000000000000000e+03
4.650000000000000000e+03 8.496000000000000000e+03
4.700000000000000000e+03 8.989000000000000000e+03
4.750000000000000000e+03 9.508000000000000000e+03
4.800000000000000000e+03 1.004200000000000000e+04
4.850000000000000000e+03 1.024400000000000000e+04
4.900000000000000000e+03 1.099200000000000000e+04
4.950000000000000000e+03 1.131000000000000000e+04
5.000000000000000000e+03 1.180700000000000000e+04
5.050000000000000000e+03 1.205800000000000000e+04
5.100000000000000000e+03 1.235700000000000000e+04
5.150000000000000000e+03 1.301900000000000000e+04
5.200000000000000000e+03 1.339800000000000000e+04
5.250000000000000000e+03 1.380700000000000000e+04
5.300000000000000000e+03 1.400400000000000000e+04
5.350000000000000000e+03 1.457900000000000000e+04
5.400000000000000000e+03 1.467300000000000000e+04
5.450000000000000000e+03 1.489800000000000000e+04
5.500000000000000000e+03 1.505800000000000000e+04
5.550000000000000000e+03 1.532600000000000000e+04
5.600000000000000000e+03 1.544800000000000000e+04
5.650000000000000000e+03 1.579900000000000000e+04
5.700000000000000000e+03 1.582000000000000000e+04
5.750000000000000000e+03 1.590100000000000000e+04
5.800000000000000000e+03 1.593800000000000000e+04
5.850000000000000000e+03 1.599200000000000000e+04
5.900000000000000000e+03 1.598000000000000000e+04
5.950000000000000000e+03 1.602800000000000000e+04
6.000000000000000000e+03 1.617600000000000000e+04
6.050000000000000000e+03 1.600700000000000000e+04
6.100000000000000000e+03 1.586300000000000000e+04
6.150000000000000000e+03 1.595700000000000000e+04
6.200000000000000000e+03 1.557700000000000000e+04
6.250000000000000000e+03 1.542400000000000000e+04
6.300000000000000000e+03 1.568500000000000000e+04
6.350000000000000000e+03 1.556600000000000000e+04
6.400000000000000000e+03 1.504800000000000000e+04
6.450000000000000000e+03 1.496400000000000000e+04
6.500000000000000000e+03 1.470100000000000000e+04
6.550000000000000000e+03 1.444500000000000000e+04
6.600000000000000000e+03 1.385100000000000000e+04
6.650000000000000000e+03 1.379000000000000000e+04
6.700000000000000000e+03 1.354700000000000000e+04
6.750000000000000000e+03 1.316700000000000000e+04
6.800000000000000000e+03 1.275900000000000000e+04
6.850000000000000000e+03 1.227500000000000000e+04
6.900000000000000000e+03 1.189500000000000000e+04
6.950000000000000000e+03 1.140700000000000000e+04
7.000000000000000000e+03 1.116000000000000000e+04
7.050000000000000000e+03 1.046700000000000000e+04
7.100000000000000000e+03 1.011600000000000000e+04
7.150000000000000000e+03 9.563000000000000000e+03
7.200000000000000000e+03 9.133000000000000000e+03
7.250000000000000000e+03 8.421000000000000000e+03
7.300000000000000000e+03 8.235000000000000000e+03
7.350000000000000000e+03 7.701000000000000000e+03
7.400000000000000000e+03 6.915000000000000000e+03
7.450000000000000000e+03 6.633000000000000000e+03
7.500000000000000000e+03 6.242000000000000000e+03
7.550000000000000000e+03 5.672000000000000000e+03
7.600000000000000000e+03 5.238000000000000000e+03
7.650000000000000000e+03 4.744000000000000000e+03
7.700000000000000000e+03 4.427000000000000000e+03
7.750000000000000000e+03 4.204000000000000000e+03
7.800000000000000000e+03 3.867000000000000000e+03
7.850000000000000000e+03 3.613000000000000000e+03
7.900000000000000000e+03 3.194000000000000000e+03
7.950000000000000000e+03 3.088000000000000000e+03
8.000000000000000000e+03 2.813000000000000000e+03
8.050000000000000000e+03 2.565000000000000000e+03
8.100000000000000000e+03 2.479000000000000000e+03
8.150000000000000000e+03 2.288000000000000000e+03
8.200000000000000000e+03 2.242000000000000000e+03
8.250000000000000000e+03 2.003000000000000000e+03
8.300000000000000000e+03 1.961000000000000000e+03
8.350000000000000000e+03 1.927000000000000000e+03
8.400000000000000000e+03 1.898000000000000000e+03
8.450000000000000000e+03 1.925000000000000000e+03
8.500000000000000000e+03 1.877000000000000000e+03
8.550000000000000000e+03 1.890000000000000000e+03
8.600000000000000000e+03 1.986000000000000000e+03
8.650000000000000000e+03 2.001000000000000000e+03
8.700000000000000000e+03 2.078000000000000000e+03
8.750000000000000000e+03 2.126000000000000000e+03
8.800000000000000000e+03 2.362000000000000000e+03
8.850000000000000000e+03 2.505000000000000000e+03
8.900000000000000000e+03 2.728000000000000000e+03
8.950000000000000000e+03 2.894000000000000000e+03
9.000000000000000000e+03 3.260000000000000000e+03
9.050000000000000000e+03 3.294000000000000000e+03
9.100000000000000000e+03 3.930000000000000000e+03
9.150000000000000000e+03 4.003000000000000000e+03
9.200000000000000000e+03 4.414000000000000000e+03
9.250000000000000000e+03 4.797000000000000000e+03
9.300000000000000000e+03 5.113000000000000000e+03
9.350000000000000000e+03 5.551000000000000000e+03
9.400000000000000000e+03 6.012000000000000000e+03
9.450000000000000000e+03 6.344000000000000000e+03
9.500000000000000000e+03 6.867000000000000000e+03
9.550000000000000000e+03 7.199000000000000000e+03
9.600000000000000000e+03 7.886000000000000000e+03
9.650000000000000000e+03 8.666000000000000000e+03
9.700000000000000000e+03 9.226000000000000000e+03
9.750000000000000000e+03 9.402000000000000000e+03
9.800000000000000000e+03 9.880000000000000000e+03
9.850000000000000000e+03 1.043500000000000000e+04
9.900000000000000000e+03 1.093500000000000000e+04
9.950000000000000000e+03 1.155800000000000000e+04
