0.000000000000000000e+00 3.169100000000000000e+04
1.000000000000000000e+04 3.446800000000000000e+04
2.000000000000000000e+04 3.547000000000000000e+04
3.000000000000000000e+04 3.664500000000000000e+04
4.000000000000000000e+04 3.775900000000000000e+04
5.000000000000000000e+04 3.876500000000000000e+04
6.000000000000000000e+04 3.961900000000000000e+04
7.000000000000000000e+04 4.036900000000000000e+04
8.000000000000000000e+04 4.140100000000000000e+04
9.000000000000000000e+04 4.193100000000000000e+04
1.000000000000000000e+05 4.279400000000000000e+04
1.100000000000000000e+05 4.337300000000000000e+04
1.200000000000000000e+05 4.392600000000000000e+04
1.300000000000000000e+05 4.417200000000000000e+04
1.400000000000000000e+05 4.461500000000000000e+04
1.500000000000000000e+05 4.493700000000000000e+04
1.600000000000000000e+05 4.509700000000000000e+04
1.700000000000000000e+05 4.559100000000000000e+04
1.800000000000000000e+05 4.558000000000000000e+04
1.900000000000000000e+05 4.560600000000000000e+04
2.000000000000000000e+05 4.568500000000000000e+04
2.100000000000000000e+05 4.550400000000000000e+04
2.200000000000000000e+05 4.568500000000000000e+04
2.300000000000000000e+05 4.521900000000000000e+04
2.400000000000000000e+05 4.494300000000000000e+04
2.500000000000000000e+05 4.489200000000000000e+04
2.600000000000000000e+05 4.416400000000000000e+04
2.700000000000000000e+05 4.365000000000000000e+04
2.800000000000000000e+05 4.340900000000000000e+04
2.900000000000000000e+05 4.250300000000000000e+04
3.000000000000000000e+05 4.206900000000000000e+04
3.100000000000000000e+05 4.108500000000000000e+04
3.200000000000000000e+05 4.032100000000000000e+04
3.300000000000000000e+05 3.932400000000000000e+04
3.400000000000000000e+05 3.873700000000000000e+04
3.500000000000000000e+05 3.749800000000000000e+04
3.600000000000000000e+05 3.640600000000000000e+04
3.700000000000000000e+05 3.517100000000000000e+04
3.800000000000000000e+05 3.402100000000000000e+04
3.900000000000000000e+05 3.258400000000000000e+04
4.000000000000000000e+05 3.190000000000000000e+04
4.100000000000000000e+05 2.999300000000000000e+04
4.200000000000000000e+05 2.884600000000000000e+04
4.300000000000000000e+05 2.756600000000000000e+04
4.400000000000000000e+05 2.570700000000000000e+04
4.500000000000000000e+05 2.432500000000000000e+04
4.600000000000000000e+05 2.310000000000000000e+04
4.700000000000000000e+05 2.184900000000000000e+04
4.800000000000000000e+05 2.001800000000000000e+04
4.900000000000000000e+05 1.884700000000000000e+04
5.000000000000000000e+05 1.715600000000000000e+04
5.100000000000000000e+05 1.630800000000000000e+04
5.200000000000000000e+05 1.489000000000000000e+04
5.300000000000000000e+05 1.364900000000000000e+04
5.400000000000000000e+05 1.255600000000000000e+04
5.500000000000000000e+05 1.191200000000000000e+04
5.600000000000000000e+05 1.055800000000000000e+04
5.700000000000000000e+05 9.898000000000000000e+03
5.800000000000000000e+05 9.031000000000000000e+03
5.900000000000000000e+05 8.360000000000000000e+03
6.000000000000000000e+05 7.740000000000000000e+03
6.100000000000000000e+05 7.261000000000000000e+03
6.200000000000000000e+05 6.716000000000000000e+03
6.300000000000000000e+05 6.191000000000000000e+03
6.400000000000000000e+05 5.985000000000000000e+03
6.500000000000000000e+05 5.673000000000000000e+03
6.600000000000000000e+05 5.732000000000000000e+03
6.700000000000000000e+05 5.246000000000000000e+03
6.800000000000000000e+05 5.248000000000000000e+03
6.900000000000000000e+05 4.964000000000000000e+03
7.000000000000000000e+05 5.233000000000000000e+03
7.100000000000000000e+05 5.337000000000000000e+03
7.200000000000000000e+05 5.343000000000000000e+03
7.300000000000000000e+05 5.386000000000000000e+03
7.400000000000000000e+05 6.007000000000000000e+03
7.500000000000000000e+05 6.218000000000000000e+03
7.600000000000000000e+05 6.589000000000000000e+03
7.700000000000000000e+05 6.818000000000000000e+03
7.800000000000000000e+05 7.652000000000000000e+03
7.900000000000000000e+05 8.168000000000000000e+03
8.000000000000000000e+05 8.707000000000000000e+03
8.100000000000000000e+05 9.533000000000000000e+03
8.200000000000000000e+05 1.035900000000000000e+04
8.300000000000000000e+05 1.139900000000000000e+04
8.400000000000000000e+05 1.231100000000000000e+04
8.500000000000000000e+05 1.348800000000000000e+04
8.600000000000000000e+05 1.437100000000000000e+04
8.700000000000000000e+05 1.562400000000000000e+04
8.800000000000000000e+05 1.691200000000000000e+04
8.900000000000000000e+05 1.821200000000000000e+04
9.000000000000000000e+05 1.945800000000000000e+04
9.100000000000000000e+05 2.092400000000000000e+04
9.200000000000000000e+05 2.229200000000000000e+04
9.300000000000000000e+05 2.376600000000000000e+04
9.400000000000000000e+05 2.497200000000000000e+04
9.500000000000000000e+05 2.648700000000000000e+04
9.600000000000000000e+05 2.826300000000000000e+04
9.700000000000000000e+05 2.925500000000000000e+04
9.800000000000000000e+05 3.082100000000000000e+04
9.900000000000000000e+05 3.233600000000000000e+04
1.000000000000000000e+06 3.313000000000000000e+04
1.010000000000000000e+06 3.464100000000000000e+04
1.020000000000000000e+06 3.591200000000000000e+04
1.030000000000000000e+06 3.691300000000000000e+04
1.040000000000000000e+06 3.782900000000000000e+04
1.050000000000000000e+06 3.898900000000000000e+04
1.060000000000000000e+06 4.037400000000000000e+04
1.070000000000000000e+06 4.069900000000000000e+04
1.080000000000000000e+06 4.154000000000000000e+04
1.090000000000000000e+06 4.236400000000000000e+04
1.100000000000000000e+06 4.330800000000000000e+04
1.110000000000000000e+06 4.319400000000000000e+04
1.120000000000000000e+06 4.431300000000000000e+04
1.130000000000000000e+06 4.452900000000000000e+04
1.140000000000000000e+06 4.494400000000000000e+04
1.150000000000000000e+06 4.513900000000000000e+04
1.160000000000000000e+06 4.524900000000000000e+04
1.170000000000000000e+06 4.505500000000000000e+04
1.180000000000000000e+06 4.535500000000000000e+04
1.190000000000000000e+06 4.575100000000000000e+04
1.200000000000000000e+06 4.597900000000000000e+04
1.210000000000000000e+06 4.555900000000000000e+04
1.220000000000000000e+06 4.546900000000000000e+04
1.230000000000000000e+06 4.506500000000000000e+04
1.240000000000000000e+06 4.516000000000000000e+04
1.250000000000000000e+06 4.499200000000000000e+04
1.260000000000000000e+06 4.428600000000000000e+04
1.270000000000000000e+06 4.382900000000000000e+04
1.280000000000000000e+06 4.329700000000000000e+04
1.290000000000000000e+06 4.232500000000000000e+04
1.300000000000000000e+06 4.192300000000000000e+04
1.310000000000000000e+06 4.140300000000000000e+04
1.320000000000000000e+06 4.057500000000000000e+04
1.330000000000000000e+06 3.948600000000000000e+04
1.340000000000000000e+06 3.868200000000000000e+04
1.350000000000000000e+06 3.770000000000000000e+04
1.360000000000000000e+06 3.640100000000000000e+04
1.370000000000000000e+06 3.521700000000000000e+04
1.380000000000000000e+06 3.394200000000000000e+04
1.390000000000000000e+06 3.300900000000000000e+04
1.400000000000000000e+06 3.168500000000000000e+04
1.410000000000000000e+06 2.997600000000000000e+04
1.420000000000000000e+06 2.877400000000000000e+04
1.430000000000000000e+06 2.737900000000000000e+04
1.440000000000000000e+06 2.587100000000000000e+04
1.450000000000000000e+06 2.457800000000000000e+04
1.460000000000000000e+06 2.306500000000000000e+04
1.470000000000000000e+06 2.164100000000000000e+04
1.480000000000000000e+06 2.023800000000000000e+04
1.490000000000000000e+06 1.900000000000000000e+04
1.500000000000000000e+06 1.745100000000000000e+04
1.510000000000000000e+06 1.651200000000000000e+04
1.520000000000000000e+06 1.491100000000000000e+04
1.530000000000000000e+06 1.399400000000000000e+04
1.540000000000000000e+06 1.295900000000000000e+04
1.550000000000000000e+06 1.166400000000000000e+04
1.560000000000000000e+06 1.078200000000000000e+04
1.570000000000000000e+06 9.911000000000000000e+03
1.580000000000000000e+06 9.219000000000000000e+03
1.590000000000000000e+06 8.471000000000000000e+03
1.600000000000000000e+06 7.639000000000000000e+03
1.610000000000000000e+06 7.131000000000000000e+03
1.620000000000000000e+06 6.795000000000000000e+03
1.630000000000000000e+06 6.255000000000000000e+03
1.640000000000000000e+06 5.949000000000000000e+03
1.650000000000000000e+06 5.831000000000000000e+03
1.660000000000000000e+06 5.619000000000000000e+03
1.670000000000000000e+06 5.263000000000000000e+03
1.680000000000000000e+06 5.162000000000000000e+03
1.690000000000000000e+06 5.241000000000000000e+03
1.700000000000000000e+06 5.045000000000000000e+03
1.710000000000000000e+06 5.244000000000000000e+03
1.720000000000000000e+06 5.360000000000000000e+03
1.730000000000000000e+06 5.586000000000000000e+03
1.740000000000000000e+06 5.714000000000000000e+03
1.750000000000000000e+06 6.091000000000000000e+03
1.760000000000000000e+06 6.639000000000000000e+03
1.770000000000000000e+06 7.068000000000000000e+03
1.780000000000000000e+06 7.619000000000000000e+03
1.790000000000000000e+06 8.087000000000000000e+03
1.800000000000000000e+06 9.063000000000000000e+03
1.810000000000000000e+06 9.527000000000000000e+03
1.820000000000000000e+06 1.046200000000000000e+04
1.830000000000000000e+06 1.119700000000000000e+04
1.840000000000000000e+06 1.221500000000000000e+04
1.850000000000000000e+06 1.331200000000000000e+04
1.860000000000000000e+06 1.440600000000000000e+04
1.870000000000000000e+06 1.569200000000000000e+04
1.880000000000000000e+06 1.697700000000000000e+04
1.890000000000000000e+06 1.831800000000000000e+04
1.900000000000000000e+06 1.975900000000000000e+04
1.910000000000000000e+06 2.098200000000000000e+04
1.920000000000000000e+06 2.245300000000000000e+04
1.930000000000000000e+06 2.372400000000000000e+04
1.940000000000000000e+06 2.511800000000000000e+04
1.950000000000000000e+06 2.677500000000000000e+04
1.960000000000000000e+06 2.822000000000000000e+04
1.970000000000000000e+06 2.940100000000000000e+04
1.980000000000000000e+06 3.075300000000000000e+04
1.990000000000000000e+06 3.236800000000000000e+04
