0.000000000000000000e+00 3.519000000000000000e+03
1.400000000000000000e+01 3.668000000000000000e+03
2.800000000000000000e+01 3.853000000000000000e+03
4.200000000000000000e+01 3.871000000000000000e+03
5.600000000000000000e+01 3.888000000000000000e+03
7.000000000000000000e+01 4.042000000000000000e+03
8.400000000000000000e+01 4.134000000000000000e+03
9.800000000000000000e+01 4.144000000000000000e+03
1.120000000000000000e+02 4.174000000000000000e+03
1.260000000000000000e+02 4.440000000000000000e+03
1.400000000000000000e+02 4.336000000000000000e+03
1.540000000000000000e+02 4.375000000000000000e+03
1.680000000000000000e+02 4.429000000000000000e+03
1.820000000000000000e+02 4.377000000000000000e+03
1.960000000000000000e+02 4.563000000000000000e+03
2.100000000000000000e+02 4.731000000000000000e+03
2.240000000000000000e+02 4.634000000000000000e+03
2.380000000000000000e+02 4.714000000000000000e+03
2.520000000000000000e+02 4.697000000000000000e+03
2.660000000000000000e+02 4.582000000000000000e+03
2.800000000000000000e+02 4.675000000000000000e+03
2.940000000000000000e+02 4.711000000000000000e+03
3.080000000000000000e+02 4.724000000000000000e+03
3.220000000000000000e+02 4.674000000000000000e+03
3.360000000000000000e+02 4.718000000000000000e+03
3.500000000000000000e+02 4.760000000000000000e+03
3.640000000000000000e+02 4.741000000000000000e+03
3.780000000000000000e+02 4.807000000000000000e+03
3.920000000000000000e+02 4.769000000000000000e+03
4.060000000000000000e+02 4.728000000000000000e+03
4.200000000000000000e+02 4.588000000000000000e+03
4.340000000000000000e+02 4.635000000000000000e+03
4.480000000000000000e+02 4.608000000000000000e+03
4.620000000000000000e+02 4.701000000000000000e+03
4.760000000000000000e+02 4.545000000000000000e+03
4.900000000000000000e+02 4.578000000000000000e+03
5.040000000000000000e+02 4.534000000000000000e+03
5.180000000000000000e+02 4.511000000000000000e+03
5.320000000000000000e+02 4.382000000000000000e+03
5.460000000000000000e+02 4.426000000000000000e+03
5.600000000000000000e+02 4.346000000000000000e+03
5.740000000000000000e+02 4.383000000000000000e+03
5.880000000000000000e+02 4.279000000000000000e+03
6.020000000000000000e+02 4.332000000000000000e+03
6.160000000000000000e+02 4.191000000000000000e+03
6.300000000000000000e+02 4.197000000000000000e+03
6.440000000000000000e+02 4.106000000000000000e+03
6.580000000000000000e+02 3.842000000000000000e+03
6.720000000000000000e+02 3.935000000000000000e+03
6.860000000000000000e+02 3.966000000000000000e+03
7.000000000000000000e+02 3.812000000000000000e+03
7.140000000000000000e+02 3.677000000000000000e+03
7.280000000000000000e+02 3.754000000000000000e+03
7.420000000000000000e+02 3.531000000000000000e+03
7.560000000000000000e+02 3.406000000000000000e+03
7.700000000000000000e+02 3.472000000000000000e+03
7.840000000000000000e+02 3.250000000000000000e+03
7.980000000000000000e+02 3.210000000000000000e+03
8.120000000000000000e+02 3.121000000000000000e+03
8.260000000000000000e+02 3.111000000000000000e+03
8.400000000000000000e+02 3.060000000000000000e+03
8.540000000000000000e+02 2.901000000000000000e+03
8.680000000000000000e+02 2.882000000000000000e+03
8.820000000000000000e+02 2.688000000000000000e+03
8.960000000000000000e+02 2.740000000000000000e+03
9.100000000000000000e+02 2.664000000000000000e+03
9.240000000000000000e+02 2.541000000000000000e+03
9.380000000000000000e+02 2.586000000000000000e+03
9.520000000000000000e+02 2.481000000000000000e+03
9.660000000000000000e+02 2.413000000000000000e+03
9.800000000000000000e+02 2.339000000000000000e+03
9.940000000000000000e+02 2.350000000000000000e+03
1.008000000000000000e+03 2.370000000000000000e+03
1.022000000000000000e+03 2.188000000000000000e+03
1.036000000000000000e+03 2.190000000000000000e+03
1.050000000000000000e+03 2.166000000000000000e+03
1.064000000000000000e+03 2.090000000000000000e+03
1.078000000000000000e+03 2.163000000000000000e+03
1.092000000000000000e+03 2.170000000000000000e+03
1.106000000000000000e+03 2.061000000000000000e+03
1.120000000000000000e+03 2.160000000000000000e+03
1.134000000000000000e+03 2.148000000000000000e+03
1.148000000000000000e+03 2.115000000000000000e+03
1.162000000000000000e+03 2.163000000000000000e+03
1.176000000000000000e+03 2.228000000000000000e+03
1.190000000000000000e+03 2.238000000000000000e+03
1.204000000000000000e+03 2.209000000000000000e+03
1.218000000000000000e+03 2.213000000000000000e+03
1.232000000000000000e+03 2.360000000000000000e+03
1.246000000000000000e+03 2.410000000000000000e+03
1.260000000000000000e+03 2.540000000000000000e+03
1.274000000000000000e+03 2.553000000000000000e+03
1.288000000000000000e+03 2.646000000000000000e+03
1.302000000000000000e+03 2.678000000000000000e+03
1.316000000000000000e+03 2.829000000000000000e+03
1.330000000000000000e+03 2.901000000000000000e+03
1.344000000000000000e+03 2.909000000000000000e+03
1.358000000000000000e+03 3.177000000000000000e+03
1.372000000000000000e+03 3.267000000000000000e+03
1.386000000000000000e+03 3.381000000000000000e+03
1.400000000000000000e+03 3.396000000000000000e+03
1.414000000000000000e+03 3.396000000000000000e+03
1.428000000000000000e+03 3.598000000000000000e+03
1.442000000000000000e+03 3.730000000000000000e+03
1.456000000000000000e+03 3.722000000000000000e+03
1.470000000000000000e+03 3.861000000000000000e+03
1.484000000000000000e+03 3.813000000000000000e+03
1.498000000000000000e+03 4.097000000000000000e+03
1.512000000000000000e+03 4.106000000000000000e+03
1.526000000000000000e+03 4.126000000000000000e+03
1.540000000000000000e+03 4.331000000000000000e+03
1.554000000000000000e+03 4.300000000000000000e+03
1.568000000000000000e+03 4.474000000000000000e+03
1.582000000000000000e+03 4.399000000000000000e+03
1.596000000000000000e+03 4.391000000000000000e+03
1.610000000000000000e+03 4.533000000000000000e+03
1.624000000000000000e+03 4.494000000000000000e+03
1.638000000000000000e+03 4.599000000000000000e+03
1.652000000000000000e+03 4.566000000000000000e+03
1.666000000000000000e+03 4.645000000000000000e+03
1.680000000000000000e+03 4.625000000000000000e+03
1.694000000000000000e+03 4.708000000000000000e+03
1.708000000000000000e+03 4.740000000000000000e+03
1.722000000000000000e+03 4.792000000000000000e+03
1.736000000000000000e+03 4.729000000000000000e+03
1.750000000000000000e+03 4.822000000000000000e+03
1.764000000000000000e+03 4.736000000000000000e+03
1.778000000000000000e+03 4.735000000000000000e+03
1.792000000000000000e+03 4.701000000000000000e+03
1.806000000000000000e+03 4.679000000000000000e+03
1.820000000000000000e+03 4.715000000000000000e+03
1.834000000000000000e+03 4.739000000000000000e+03
1.848000000000000000e+03 4.831000000000000000e+03
1.862000000000000000e+03 4.514000000000000000e+03
1.876000000000000000e+03 4.638000000000000000e+03
1.890000000000000000e+03 4.692000000000000000e+03
1.904000000000000000e+03 4.659000000000000000e+03
1.918000000000000000e+03 4.584000000000000000e+03
1.932000000000000000e+03 4.586000000000000000e+03
1.946000000000000000e+03 4.502000000000000000e+03
1.960000000000000000e+03 4.489000000000000000e+03
1.974000000000000000e+03 4.419000000000000000e+03
1.988000000000000000e+03 4.427000000000000000e+03
2.002000000000000000e+03 4.407000000000000000e+03
2.016000000000000000e+03 4.345000000000000000e+03
2.030000000000000000e+03 4.373000000000000000e+03
2.044000000000000000e+03 4.187000000000000000e+03
2.058000000000000000e+03 4.048000000000000000e+03
2.072000000000000000e+03 4.129000000000000000e+03
2.086000000000000000e+03 4.062000000000000000e+03
2.100000000000000000e+03 3.998000000000000000e+03
2.114000000000000000e+03 3.875000000000000000e+03
2.128000000000000000e+03 3.856000000000000000e+03
2.142000000000000000e+03 3.649000000000000000e+03
2.156000000000000000e+03 3.632000000000000000e+03
2.170000000000000000e+03 3.578000000000000000e+03
2.184000000000000000e+03 3.550000000000000000e+03
2.198000000000000000e+03 3.369000000000000000e+03
2.212000000000000000e+03 3.338000000000000000e+03
2.226000000000000000e+03 3.287000000000000000e+03
2.240000000000000000e+03 3.186000000000000000e+03
2.254000000000000000e+03 3.053000000000000000e+03
2.268000000000000000e+03 2.988000000000000000e+03
2.282000000000000000e+03 2.952000000000000000e+03
2.296000000000000000e+03 2.953000000000000000e+03
2.310000000000000000e+03 2.704000000000000000e+03
2.324000000000000000e+03 2.738000000000000000e+03
2.338000000000000000e+03 2.650000000000000000e+03
2.352000000000000000e+03 2.565000000000000000e+03
2.366000000000000000e+03 2.524000000000000000e+03
2.380000000000000000e+03 2.497000000000000000e+03
2.394000000000000000e+03 2.447000000000000000e+03
2.408000000000000000e+03 2.361000000000000000e+03
2.422000000000000000e+03 2.340000000000000000e+03
2.436000000000000000e+03 2.265000000000000000e+03
2.450000000000000000e+03 2.236000000000000000e+03
2.464000000000000000e+03 2.187000000000000000e+03
2.478000000000000000e+03 2.180000000000000000e+03
2.492000000000000000e+03 2.190000000000000000e+03
2.506000000000000000e+03 2.161000000000000000e+03
2.520000000000000000e+03 2.090000000000000000e+03
2.534000000000000000e+03 2.163000000000000000e+03
2.548000000000000000e+03 2.051000000000000000e+03
2.562000000000000000e+03 2.115000000000000000e+03
2.576000000000000000e+03 2.176000000000000000e+03
2.590000000000000000e+03 2.161000000000000000e+03
2.604000000000000000e+03 2.042000000000000000e+03
2.618000000000000000e+03 2.215000000000000000e+03
2.632000000000000000e+03 2.286000000000000000e+03
2.646000000000000000e+03 2.363000000000000000e+03
2.660000000000000000e+03 2.291000000000000000e+03
2.674000000000000000e+03 2.477000000000000000e+03
2.688000000000000000e+03 2.440000000000000000e+03
2.702000000000000000e+03 2.608000000000000000e+03
2.716000000000000000e+03 2.690000000000000000e+03
2.730000000000000000e+03 2.799000000000000000e+03
2.744000000000000000e+03 2.798000000000000000e+03
2.758000000000000000e+03 2.898000000000000000e+03
2.772000000000000000e+03 2.969000000000000000e+03
2.786000000000000000e+03 3.156000000000000000e+03
2.800000000000000000e+03 3.250000000000000000e+03
2.814000000000000000e+03 3.269000000000000000e+03
2.828000000000000000e+03 3.500000000000000000e+03
2.842000000000000000e+03 3.490000000000000000e+03
