0.000000000000000000e+00 6.575000000000000000e+03
3.330000000000000000e+02 6.876000000000000000e+03
6.660000000000000000e+02 7.026000000000000000e+03
9.990000000000000000e+02 7.101000000000000000e+03
1.332000000000000000e+03 7.245000000000000000e+03
1.665000000000000000e+03 7.190000000000000000e+03
1.998000000000000000e+03 7.285000000000000000e+03
2.331000000000000000e+03 7.403000000000000000e+03
2.664000000000000000e+03 7.547000000000000000e+03
2.997000000000000000e+03 7.653000000000000000e+03
3.330000000000000000e+03 7.633000000000000000e+03
3.663000000000000000e+03 7.658000000000000000e+03
3.996000000000000000e+03 7.819000000000000000e+03
4.329000000000000000e+03 7.699000000000000000e+03
4.662000000000000000e+03 7.779000000000000000e+03
4.995000000000000000e+03 7.669000000000000000e+03
5.328000000000000000e+03 7.557000000000000000e+03
5.661000000000000000e+03 7.618000000000000000e+03
5.994000000000000000e+03 7.755000000000000000e+03
6.327000000000000000e+03 7.763000000000000000e+03
6.660000000000000000e+03 7.803000000000000000e+03
6.993000000000000000e+03 7.827000000000000000e+03
7.326000000000000000e+03 7.760000000000000000e+03
7.659000000000000000e+03 7.666000000000000000e+03
7.992000000000000000e+03 7.759000000000000000e+03
8.325000000000000000e+03 7.685000000000000000e+03
8.658000000000000000e+03 7.668000000000000000e+03
8.991000000000000000e+03 7.682000000000000000e+03
9.324000000000000000e+03 7.805000000000000000e+03
9.657000000000000000e+03 7.587000000000000000e+03
9.990000000000000000e+03 7.361000000000000000e+03
1.032300000000000000e+04 7.477000000000000000e+03
1.065600000000000000e+04 7.392000000000000000e+03
1.098900000000000000e+04 7.347000000000000000e+03
1.132200000000000000e+04 7.352000000000000000e+03
1.165500000000000000e+04 7.015000000000000000e+03
1.198800000000000000e+04 7.110000000000000000e+03
1.232100000000000000e+04 7.007000000000000000e+03
1.265400000000000000e+04 6.968000000000000000e+03
1.298700000000000000e+04 6.816000000000000000e+03
1.332000000000000000e+04 6.579000000000000000e+03
1.365300000000000000e+04 6.510000000000000000e+03
1.398600000000000000e+04 6.449000000000000000e+03
1.431900000000000000e+04 6.263000000000000000e+03
1.465200000000000000e+04 6.193000000000000000e+03
1.498500000000000000e+04 5.960000000000000000e+03
1.531800000000000000e+04 5.633000000000000000e+03
1.565100000000000000e+04 5.561000000000000000e+03
1.598400000000000000e+04 5.448000000000000000e+03
1.631700000000000000e+04 5.115000000000000000e+03
1.665000000000000000e+04 5.091000000000000000e+03
1.698300000000000000e+04 4.882000000000000000e+03
1.731600000000000000e+04 4.674000000000000000e+03
1.764900000000000000e+04 4.455000000000000000e+03
1.798200000000000000e+04 4.302000000000000000e+03
1.831500000000000000e+04 4.148000000000000000e+03
1.864800000000000000e+04 3.931000000000000000e+03
1.898100000000000000e+04 3.935000000000000000e+03
1.931400000000000000e+04 3.613000000000000000e+03
1.964700000000000000e+04 3.488000000000000000e+03
1.998000000000000000e+04 3.436000000000000000e+03
2.031300000000000000e+04 3.282000000000000000e+03
2.064600000000000000e+04 3.116000000000000000e+03
2.097900000000000000e+04 3.033000000000000000e+03
2.131200000000000000e+04 2.902000000000000000e+03
2.164500000000000000e+04 2.799000000000000000e+03
2.197800000000000000e+04 2.744000000000000000e+03
2.231100000000000000e+04 2.729000000000000000e+03
2.264400000000000000e+04 2.572000000000000000e+03
2.297700000000000000e+04 2.615000000000000000e+03
2.331000000000000000e+04 2.470000000000000000e+03
2.364300000000000000e+04 2.570000000000000000e+03
2.397600000000000000e+04 2.641000000000000000e+03
2.430900000000000000e+04 2.708000000000000000e+03
2.464200000000000000e+04 2.796000000000000000e+03
2.497500000000000000e+04 2.820000000000000000e+03
2.530800000000000000e+04 2.898000000000000000e+03
2.564100000000000000e+04 3.038000000000000000e+03
2.597400000000000000e+04 3.139000000000000000e+03
2.630700000000000000e+04 3.354000000000000000e+03
2.664000000000000000e+04 3.432000000000000000e+03
2.697300000000000000e+04 3.610000000000000000e+03
2.730600000000000000e+04 3.872000000000000000e+03
2.763900000000000000e+04 3.885000000000000000e+03
2.797200000000000000e+04 4.034000000000000000e+03
2.830500000000000000e+04 4.285000000000000000e+03
2.863800000000000000e+04 4.559000000000000000e+03
2.897100000000000000e+04 4.668000000000000000e+03
2.930400000000000000e+04 4.828000000000000000e+03
2.963700000000000000e+04 5.088000000000000000e+03
2.997000000000000000e+04 5.398000000000000000e+03
3.030300000000000000e+04 5.448000000000000000e+03
3.063600000000000000e+04 5.657000000000000000e+03
3.096900000000000000e+04 5.901000000000000000e+03
3.130200000000000000e+04 6.084000000000000000e+03
3.163500000000000000e+04 6.192000000000000000e+03
3.196800000000000000e+04 6.257000000000000000e+03
3.230100000000000000e+04 6.379000000000000000e+03
3.263400000000000000e+04 6.431000000000000000e+03
3.296700000000000000e+04 6.656000000000000000e+03
3.330000000000000000e+04 6.622000000000000000e+03
3.363300000000000000e+04 6.895000000000000000e+03
3.396600000000000000e+04 6.981000000000000000e+03
3.429900000000000000e+04 7.095000000000000000e+03
3.463200000000000000e+04 7.233000000000000000e+03
3.496500000000000000e+04 7.305000000000000000e+03
3.529800000000000000e+04 7.478000000000000000e+03
3.563100000000000000e+04 7.415000000000000000e+03
3.596400000000000000e+04 7.468000000000000000e+03
3.629700000000000000e+04 7.464000000000000000e+03
3.663000000000000000e+04 7.662000000000000000e+03
3.696300000000000000e+04 7.643000000000000000e+03
3.729600000000000000e+04 7.793000000000000000e+03
3.762900000000000000e+04 7.748000000000000000e+03
3.796200000000000000e+04 7.858000000000000000e+03
3.829500000000000000e+04 7.608000000000000000e+03
3.862800000000000000e+04 7.554000000000000000e+03
3.896100000000000000e+04 7.801000000000000000e+03
3.929400000000000000e+04 7.830000000000000000e+03
3.962700000000000000e+04 7.826000000000000000e+03
3.996000000000000000e+04 7.636000000000000000e+03
4.029300000000000000e+04 7.758000000000000000e+03
4.062600000000000000e+04 7.858000000000000000e+03
4.095900000000000000e+04 7.648000000000000000e+03
4.129200000000000000e+04 7.800000000000000000e+03
4.162500000000000000e+04 7.799000000000000000e+03
4.195800000000000000e+04 7.696000000000000000e+03
4.229100000000000000e+04 7.693000000000000000e+03
4.262400000000000000e+04 7.773000000000000000e+03
4.295700000000000000e+04 7.728000000000000000e+03
4.329000000000000000e+04 7.547000000000000000e+03
4.362300000000000000e+04 7.522000000000000000e+03
4.395600000000000000e+04 7.277000000000000000e+03
4.428900000000000000e+04 7.308000000000000000e+03
4.462200000000000000e+04 7.226000000000000000e+03
4.495500000000000000e+04 7.232000000000000000e+03
4.528800000000000000e+04 7.120000000000000000e+03
4.562100000000000000e+04 6.958000000000000000e+03
4.595400000000000000e+04 6.805000000000000000e+03
4.628700000000000000e+04 6.875000000000000000e+03
4.662000000000000000e+04 6.561000000000000000e+03
4.695300000000000000e+04 6.577000000000000000e+03
4.728600000000000000e+04 6.523000000000000000e+03
4.761900000000000000e+04 6.198000000000000000e+03
4.795200000000000000e+04 5.980000000000000000e+03
4.828500000000000000e+04 6.006000000000000000e+03
4.861800000000000000e+04 5.675000000000000000e+03
4.895100000000000000e+04 5.659000000000000000e+03
4.928400000000000000e+04 5.410000000000000000e+03
4.961700000000000000e+04 5.241000000000000000e+03
4.995000000000000000e+04 4.986000000000000000e+03
5.028300000000000000e+04 4.963000000000000000e+03
5.061600000000000000e+04 4.740000000000000000e+03
5.094900000000000000e+04 4.697000000000000000e+03
5.128200000000000000e+04 4.435000000000000000e+03
5.161500000000000000e+04 4.141000000000000000e+03
5.194800000000000000e+04 3.921000000000000000e+03
5.228100000000000000e+04 3.889000000000000000e+03
5.261400000000000000e+04 3.773000000000000000e+03
5.294700000000000000e+04 3.495000000000000000e+03
5.328000000000000000e+04 3.416000000000000000e+03
5.361300000000000000e+04 3.269000000000000000e+03
5.394600000000000000e+04 3.137000000000000000e+03
5.427900000000000000e+04 3.029000000000000000e+03
5.461200000000000000e+04 2.951000000000000000e+03
5.494500000000000000e+04 2.775000000000000000e+03
5.527800000000000000e+04 2.670000000000000000e+03
5.561100000000000000e+04 2.698000000000000000e+03
5.594400000000000000e+04 2.567000000000000000e+03
5.627700000000000000e+04 2.599000000000000000e+03
5.661000000000000000e+04 2.618000000000000000e+03
5.694300000000000000e+04 2.618000000000000000e+03
5.727600000000000000e+04 2.515000000000000000e+03
5.760900000000000000e+04 2.585000000000000000e+03
5.794200000000000000e+04 2.752000000000000000e+03
5.827500000000000000e+04 2.805000000000000000e+03
5.860800000000000000e+04 2.922000000000000000e+03
5.894100000000000000e+04 3.019000000000000000e+03
5.927400000000000000e+04 3.182000000000000000e+03
5.960700000000000000e+04 3.266000000000000000e+03
5.994000000000000000e+04 3.579000000000000000e+03
6.027300000000000000e+04 3.611000000000000000e+03
6.060600000000000000e+04 3.678000000000000000e+03
6.093900000000000000e+04 3.859000000000000000e+03
6.127200000000000000e+04 4.159000000000000000e+03
6.160500000000000000e+04 4.234000000000000000e+03
6.193800000000000000e+04 4.503000000000000000e+03
6.227100000000000000e+04 4.646000000000000000e+03
6.260400000000000000e+04 4.774000000000000000e+03
6.293700000000000000e+04 4.915000000000000000e+03
6.327000000000000000e+04 5.384000000000000000e+03
6.360300000000000000e+04 5.427000000000000000e+03
6.393600000000000000e+04 5.705000000000000000e+03
6.426900000000000000e+04 5.848000000000000000e+03
6.460200000000000000e+04 6.102000000000000000e+03
6.493500000000000000e+04 6.050000000000000000e+03
6.526800000000000000e+04 6.175000000000000000e+03
6.560100000000000000e+04 6.319000000000000000e+03
6.593400000000000000e+04 6.539000000000000000e+03
6.626700000000000000e+04 6.656000000000000000e+03
