0.000000000000000000e+00 4.440000000000000000e+03
3.300000000000000000e+01 4.636000000000000000e+03
6.600000000000000000e+01 4.620000000000000000e+03
9.900000000000000000e+01 4.625000000000000000e+03
1.320000000000000000e+02 4.851000000000000000e+03
1.650000000000000000e+02 4.877000000000000000e+03
1.980000000000000000e+02 4.999000000000000000e+03
2.310000000000000000e+02 4.990000000000000000e+03
2.640000000000000000e+02 4.765000000000000000e+03
2.970000000000000000e+02 5.181000000000000000e+03
3.300000000000000000e+02 5.032000000000000000e+03
3.630000000000000000e+02 5.151000000000000000e+03
3.960000000000000000e+02 5.086000000000000000e+03
4.290000000000000000e+02 5.340000000000000000e+03
4.620000000000000000e+02 5.233000000000000000e+03
4.950000000000000000e+02 5.177000000000000000e+03
5.280000000000000000e+02 5.237000000000000000e+03
5.610000000000000000e+02 5.371000000000000000e+03
5.940000000000000000e+02 5.373000000000000000e+03
6.270000000000000000e+02 5.426000000000000000e+03
6.600000000000000000e+02 5.394000000000000000e+03
6.930000000000000000e+02 5.417000000000000000e+03
7.260000000000000000e+02 5.372000000000000000e+03
7.590000000000000000e+02 5.466000000000000000e+03
7.920000000000000000e+02 5.109000000000000000e+03
8.250000000000000000e+02 5.338000000000000000e+03
8.580000000000000000e+02 5.305000000000000000e+03
8.910000000000000000e+02 5.435000000000000000e+03
9.240000000000000000e+02 5.349000000000000000e+03
9.570000000000000000e+02 5.205000000000000000e+03
9.900000000000000000e+02 5.220000000000000000e+03
1.023000000000000000e+03 5.421000000000000000e+03
1.056000000000000000e+03 5.251000000000000000e+03
1.089000000000000000e+03 5.139000000000000000e+03
1.122000000000000000e+03 5.198000000000000000e+03
1.155000000000000000e+03 4.971000000000000000e+03
1.188000000000000000e+03 5.051000000000000000e+03
1.221000000000000000e+03 5.013000000000000000e+03
1.254000000000000000e+03 4.901000000000000000e+03
1.287000000000000000e+03 4.861000000000000000e+03
1.320000000000000000e+03 4.739000000000000000e+03
1.353000000000000000e+03 4.607000000000000000e+03
1.386000000000000000e+03 4.725000000000000000e+03
1.419000000000000000e+03 4.676000000000000000e+03
1.452000000000000000e+03 4.553000000000000000e+03
1.485000000000000000e+03 4.428000000000000000e+03
1.518000000000000000e+03 4.351000000000000000e+03
1.551000000000000000e+03 4.293000000000000000e+03
1.584000000000000000e+03 4.175000000000000000e+03
1.617000000000000000e+03 4.154000000000000000e+03
1.650000000000000000e+03 3.920000000000000000e+03
1.683000000000000000e+03 3.767000000000000000e+03
1.716000000000000000e+03 3.786000000000000000e+03
1.749000000000000000e+03 3.576000000000000000e+03
1.782000000000000000e+03 3.562000000000000000e+03
1.815000000000000000e+03 3.399000000000000000e+03
1.848000000000000000e+03 3.290000000000000000e+03
1.881000000000000000e+03 3.217000000000000000e+03
1.914000000000000000e+03 3.127000000000000000e+03
1.947000000000000000e+03 3.061000000000000000e+03
1.980000000000000000e+03 2.918000000000000000e+03
2.013000000000000000e+03 2.734000000000000000e+03
2.046000000000000000e+03 2.652000000000000000e+03
2.079000000000000000e+03 2.649000000000000000e+03
2.112000000000000000e+03 2.426000000000000000e+03
2.145000000000000000e+03 2.465000000000000000e+03
2.178000000000000000e+03 2.419000000000000000e+03
2.211000000000000000e+03 2.254000000000000000e+03
2.244000000000000000e+03 2.207000000000000000e+03
2.277000000000000000e+03 2.227000000000000000e+03
2.310000000000000000e+03 2.105000000000000000e+03
2.343000000000000000e+03 2.085000000000000000e+03
2.376000000000000000e+03 2.119000000000000000e+03
2.409000000000000000e+03 2.042000000000000000e+03
2.442000000000000000e+03 1.995000000000000000e+03
2.475000000000000000e+03 2.055000000000000000e+03
2.508000000000000000e+03 2.111000000000000000e+03
2.541000000000000000e+03 2.038000000000000000e+03
2.574000000000000000e+03 2.027000000000000000e+03
2.607000000000000000e+03 2.079000000000000000e+03
2.640000000000000000e+03 2.141000000000000000e+03
2.673000000000000000e+03 2.231000000000000000e+03
2.706000000000000000e+03 2.179000000000000000e+03
2.739000000000000000e+03 2.254000000000000000e+03
2.772000000000000000e+03 2.409000000000000000e+03
2.805000000000000000e+03 2.536000000000000000e+03
2.838000000000000000e+03 2.707000000000000000e+03
2.871000000000000000e+03 2.686000000000000000e+03
2.904000000000000000e+03 2.860000000000000000e+03
2.937000000000000000e+03 2.820000000000000000e+03
2.970000000000000000e+03 3.119000000000000000e+03
3.003000000000000000e+03 3.353000000000000000e+03
3.036000000000000000e+03 3.386000000000000000e+03
3.069000000000000000e+03 3.483000000000000000e+03
3.102000000000000000e+03 3.533000000000000000e+03
3.135000000000000000e+03 3.572000000000000000e+03
3.168000000000000000e+03 3.875000000000000000e+03
3.201000000000000000e+03 3.830000000000000000e+03
3.234000000000000000e+03 3.977000000000000000e+03
3.267000000000000000e+03 4.254000000000000000e+03
3.300000000000000000e+03 4.253000000000000000e+03
3.333000000000000000e+03 4.292000000000000000e+03
3.366000000000000000e+03 4.448000000000000000e+03
3.399000000000000000e+03 4.648000000000000000e+03
3.432000000000000000e+03 4.659000000000000000e+03
3.465000000000000000e+03 4.702000000000000000e+03
3.498000000000000000e+03 4.852000000000000000e+03
3.531000000000000000e+03 4.776000000000000000e+03
3.564000000000000000e+03 4.976000000000000000e+03
3.597000000000000000e+03 5.005000000000000000e+03
3.630000000000000000e+03 5.023000000000000000e+03
3.663000000000000000e+03 5.185000000000000000e+03
3.696000000000000000e+03 5.137000000000000000e+03
3.729000000000000000e+03 5.179000000000000000e+03
3.762000000000000000e+03 5.348000000000000000e+03
3.795000000000000000e+03 5.315000000000000000e+03
3.828000000000000000e+03 5.362000000000000000e+03
3.861000000000000000e+03 5.360000000000000000e+03
3.894000000000000000e+03 5.403000000000000000e+03
3.927000000000000000e+03 5.434000000000000000e+03
3.960000000000000000e+03 5.440000000000000000e+03
3.993000000000000000e+03 5.366000000000000000e+03
4.026000000000000000e+03 5.353000000000000000e+03
4.059000000000000000e+03 5.463000000000000000e+03
4.092000000000000000e+03 5.295000000000000000e+03
4.125000000000000000e+03 5.506000000000000000e+03
4.158000000000000000e+03 5.399000000000000000e+03
4.191000000000000000e+03 5.309000000000000000e+03
4.224000000000000000e+03 5.179000000000000000e+03
4.257000000000000000e+03 5.257000000000000000e+03
4.290000000000000000e+03 5.333000000000000000e+03
4.323000000000000000e+03 5.185000000000000000e+03
4.356000000000000000e+03 5.247000000000000000e+03
4.389000000000000000e+03 5.140000000000000000e+03
4.422000000000000000e+03 5.101000000000000000e+03
4.455000000000000000e+03 5.310000000000000000e+03
4.488000000000000000e+03 5.234000000000000000e+03
4.521000000000000000e+03 4.986000000000000000e+03
4.554000000000000000e+03 5.064000000000000000e+03
4.587000000000000000e+03 4.855000000000000000e+03
4.620000000000000000e+03 4.856000000000000000e+03
4.653000000000000000e+03 4.926000000000000000e+03
4.686000000000000000e+03 4.868000000000000000e+03
4.719000000000000000e+03 4.816000000000000000e+03
4.752000000000000000e+03 4.580000000000000000e+03
4.785000000000000000e+03 4.641000000000000000e+03
4.818000000000000000e+03 4.616000000000000000e+03
4.851000000000000000e+03 4.373000000000000000e+03
4.884000000000000000e+03 4.371000000000000000e+03
4.917000000000000000e+03 4.081000000000000000e+03
4.950000000000000000e+03 4.080000000000000000e+03
4.983000000000000000e+03 3.914000000000000000e+03
5.016000000000000000e+03 3.954000000000000000e+03
5.049000000000000000e+03 3.873000000000000000e+03
5.082000000000000000e+03 3.636000000000000000e+03
5.115000000000000000e+03 3.513000000000000000e+03
5.148000000000000000e+03 3.483000000000000000e+03
5.181000000000000000e+03 3.251000000000000000e+03
5.214000000000000000e+03 3.162000000000000000e+03
5.247000000000000000e+03 3.043000000000000000e+03
5.280000000000000000e+03 3.078000000000000000e+03
5.313000000000000000e+03 2.941000000000000000e+03
5.346000000000000000e+03 2.931000000000000000e+03
5.379000000000000000e+03 2.644000000000000000e+03
5.412000000000000000e+03 2.570000000000000000e+03
5.445000000000000000e+03 2.535000000000000000e+03
5.478000000000000000e+03 2.445000000000000000e+03
5.511000000000000000e+03 2.382000000000000000e+03
5.544000000000000000e+03 2.280000000000000000e+03
5.577000000000000000e+03 2.199000000000000000e+03
5.610000000000000000e+03 2.097000000000000000e+03
5.643000000000000000e+03 2.102000000000000000e+03
5.676000000000000000e+03 2.058000000000000000e+03
5.709000000000000000e+03 2.106000000000000000e+03
5.742000000000000000e+03 2.062000000000000000e+03
5.775000000000000000e+03 1.950000000000000000e+03
5.808000000000000000e+03 2.032000000000000000e+03
5.841000000000000000e+03 1.975000000000000000e+03
5.874000000000000000e+03 2.028000000000000000e+03
5.907000000000000000e+03 2.121000000000000000e+03
5.940000000000000000e+03 2.073000000000000000e+03
5.973000000000000000e+03 2.091000000000000000e+03
6.006000000000000000e+03 2.168000000000000000e+03
6.039000000000000000e+03 2.237000000000000000e+03
6.072000000000000000e+03 2.309000000000000000e+03
6.105000000000000000e+03 2.412000000000000000e+03
6.138000000000000000e+03 2.485000000000000000e+03
6.171000000000000000e+03 2.539000000000000000e+03
6.204000000000000000e+03 2.667000000000000000e+03
6.237000000000000000e+03 2.729000000000000000e+03
6.270000000000000000e+03 2.885000000000000000e+03
6.303000000000000000e+03 2.986000000000000000e+03
6.336000000000000000e+03 3.193000000000000000e+03
6.369000000000000000e+03 3.226000000000000000e+03
6.402000000000000000e+03 3.433000000000000000e+03
6.435000000000000000e+03 3.594000000000000000e+03
6.468000000000000000e+03 3.758000000000000000e+03
6.501000000000000000e+03 3.940000000000000000e+03
6.534000000000000000e+03 3.927000000000000000e+03
6.567000000000000000e+03 4.131000000000000000e+03
6.600000000000000000e+03 4.206000000000000000e+03
6.633000000000000000e+03 4.424000000000000000e+03
