0.000000000000000000e+00 6.606000000000000000e+03
1.000000000000000000e+03 6.703000000000000000e+03
2.000000000000000000e+03 7.076000000000000000e+03
3.000000000000000000e+03 7.056000000000000000e+03
4.000000000000000000e+03 7.131000000000000000e+03
5.000000000000000000e+03 7.134000000000000000e+03
6.000000000000000000e+03 7.259000000000000000e+03
7.000000000000000000e+03 7.461000000000000000e+03
8.000000000000000000e+03 7.682000000000000000e+03
9.000000000000000000e+03 7.355000000000000000e+03
1.000000000000000000e+04 7.530000000000000000e+03
1.100000000000000000e+04 7.607000000000000000e+03
1.200000000000000000e+04 7.628000000000000000e+03
1.300000000000000000e+04 7.558000000000000000e+03
1.400000000000000000e+04 7.837000000000000000e+03
1.500000000000000000e+04 7.614000000000000000e+03
1.600000000000000000e+04 7.555000000000000000e+03
1.700000000000000000e+04 7.521000000000000000e+03
1.800000000000000000e+04 7.855000000000000000e+03
1.900000000000000000e+04 7.670000000000000000e+03
2.000000000000000000e+04 7.654000000000000000e+03
2.100000000000000000e+04 7.452000000000000000e+03
2.200000000000000000e+04 7.616000000000000000e+03
2.300000000000000000e+04 7.596000000000000000e+03
2.400000000000000000e+04 7.597000000000000000e+03
2.500000000000000000e+04 7.732000000000000000e+03
2.600000000000000000e+04 7.608000000000000000e+03
2.700000000000000000e+04 7.548000000000000000e+03
2.800000000000000000e+04 7.473000000000000000e+03
2.900000000000000000e+04 7.400000000000000000e+03
3.000000000000000000e+04 7.591000000000000000e+03
3.100000000000000000e+04 7.465000000000000000e+03
3.200000000000000000e+04 7.198000000000000000e+03
3.300000000000000000e+04 7.141000000000000000e+03
3.400000000000000000e+04 7.218000000000000000e+03
3.500000000000000000e+04 6.966000000000000000e+03
3.600000000000000000e+04 6.974000000000000000e+03
3.700000000000000000e+04 6.685000000000000000e+03
3.800000000000000000e+04 6.699000000000000000e+03
3.900000000000000000e+04 6.668000000000000000e+03
4.000000000000000000e+04 6.543000000000000000e+03
4.100000000000000000e+04 6.353000000000000000e+03
4.200000000000000000e+04 6.282000000000000000e+03
4.300000000000000000e+04 6.135000000000000000e+03
4.400000000000000000e+04 5.790000000000000000e+03
4.500000000000000000e+04 5.806000000000000000e+03
4.600000000000000000e+04 5.574000000000000000e+03
4.700000000000000000e+04 5.476000000000000000e+03
4.800000000000000000e+04 5.348000000000000000e+03
4.900000000000000000e+04 5.146000000000000000e+03
5.000000000000000000e+04 4.876000000000000000e+03
5.100000000000000000e+04 4.656000000000000000e+03
5.200000000000000000e+04 4.673000000000000000e+03
5.300000000000000000e+04 4.399000000000000000e+03
5.400000000000000000e+04 4.181000000000000000e+03
5.500000000000000000e+04 4.167000000000000000e+03
5.600000000000000000e+04 3.849000000000000000e+03
5.700000000000000000e+04 3.716000000000000000e+03
5.800000000000000000e+04 3.481000000000000000e+03
5.900000000000000000e+04 3.409000000000000000e+03
6.000000000000000000e+04 3.240000000000000000e+03
6.100000000000000000e+04 3.077000000000000000e+03
6.200000000000000000e+04 2.959000000000000000e+03
6.300000000000000000e+04 2.884000000000000000e+03
6.400000000000000000e+04 2.742000000000000000e+03
6.500000000000000000e+04 2.595000000000000000e+03
6.600000000000000000e+04 2.560000000000000000e+03
6.700000000000000000e+04 2.489000000000000000e+03
6.800000000000000000e+04 2.510000000000000000e+03
6.900000000000000000e+04 2.530000000000000000e+03
7.000000000000000000e+04 2.619000000000000000e+03
7.100000000000000000e+04 2.629000000000000000e+03
7.200000000000000000e+04 2.581000000000000000e+03
7.300000000000000000e+04 2.639000000000000000e+03
7.400000000000000000e+04 2.745000000000000000e+03
7.500000000000000000e+04 2.852000000000000000e+03
7.600000000000000000e+04 2.945000000000000000e+03
7.700000000000000000e+04 3.072000000000000000e+03
7.800000000000000000e+04 3.095000000000000000e+03
7.900000000000000000e+04 3.350000000000000000e+03
8.000000000000000000e+04 3.489000000000000000e+03
8.100000000000000000e+04 3.492000000000000000e+03
8.200000000000000000e+04 3.785000000000000000e+03
8.300000000000000000e+04 3.865000000000000000e+03
8.400000000000000000e+04 4.017000000000000000e+03
8.500000000000000000e+04 4.222000000000000000e+03
8.600000000000000000e+04 4.330000000000000000e+03
8.700000000000000000e+04 4.642000000000000000e+03
8.800000000000000000e+04 4.840000000000000000e+03
8.900000000000000000e+04 4.990000000000000000e+03
9.000000000000000000e+04 5.249000000000000000e+03
9.100000000000000000e+04 5.393000000000000000e+03
9.200000000000000000e+04 5.746000000000000000e+03
9.300000000000000000e+04 5.681000000000000000e+03
9.400000000000000000e+04 5.930000000000000000e+03
9.500000000000000000e+04 6.042000000000000000e+03
9.600000000000000000e+04 6.300000000000000000e+03
9.700000000000000000e+04 6.423000000000000000e+03
9.800000000000000000e+04 6.525000000000000000e+03
9.900000000000000000e+04 6.640000000000000000e+03
1.000000000000000000e+05 6.646000000000000000e+03
1.010000000000000000e+05 6.982000000000000000e+03
1.020000000000000000e+05 6.878000000000000000e+03
1.030000000000000000e+05 7.139000000000000000e+03
1.040000000000000000e+05 7.258000000000000000e+03
1.050000000000000000e+05 7.188000000000000000e+03
1.060000000000000000e+05 7.238000000000000000e+03
1.070000000000000000e+05 7.344000000000000000e+03
1.080000000000000000e+05 7.360000000000000000e+03
1.090000000000000000e+05 7.481000000000000000e+03
1.100000000000000000e+05 7.497000000000000000e+03
1.110000000000000000e+05 7.494000000000000000e+03
1.120000000000000000e+05 7.603000000000000000e+03
1.130000000000000000e+05 7.464000000000000000e+03
1.140000000000000000e+05 7.703000000000000000e+03
1.150000000000000000e+05 7.670000000000000000e+03
1.160000000000000000e+05 7.712000000000000000e+03
1.170000000000000000e+05 7.649000000000000000e+03
1.180000000000000000e+05 7.796000000000000000e+03
1.190000000000000000e+05 7.629000000000000000e+03
1.200000000000000000e+05 7.730000000000000000e+03
1.210000000000000000e+05 7.597000000000000000e+03
1.220000000000000000e+05 7.817000000000000000e+03
1.230000000000000000e+05 7.658000000000000000e+03
1.240000000000000000e+05 7.676000000000000000e+03
1.250000000000000000e+05 7.602000000000000000e+03
1.260000000000000000e+05 7.719000000000000000e+03
1.270000000000000000e+05 7.451000000000000000e+03
1.280000000000000000e+05 7.443000000000000000e+03
1.290000000000000000e+05 7.641000000000000000e+03
1.300000000000000000e+05 7.572000000000000000e+03
1.310000000000000000e+05 7.162000000000000000e+03
1.320000000000000000e+05 7.186000000000000000e+03
1.330000000000000000e+05 7.150000000000000000e+03
1.340000000000000000e+05 7.050000000000000000e+03
1.350000000000000000e+05 7.081000000000000000e+03
1.360000000000000000e+05 6.999000000000000000e+03
1.370000000000000000e+05 6.756000000000000000e+03
1.380000000000000000e+05 6.791000000000000000e+03
1.390000000000000000e+05 6.513000000000000000e+03
1.400000000000000000e+05 6.565000000000000000e+03
1.410000000000000000e+05 6.390000000000000000e+03
1.420000000000000000e+05 6.265000000000000000e+03
1.430000000000000000e+05 6.129000000000000000e+03
1.440000000000000000e+05 5.897000000000000000e+03
1.450000000000000000e+05 5.840000000000000000e+03
1.460000000000000000e+05 5.757000000000000000e+03
1.470000000000000000e+05 5.506000000000000000e+03
1.480000000000000000e+05 5.185000000000000000e+03
1.490000000000000000e+05 5.187000000000000000e+03
1.500000000000000000e+05 4.898000000000000000e+03
1.510000000000000000e+05 4.719000000000000000e+03
1.520000000000000000e+05 4.737000000000000000e+03
1.530000000000000000e+05 4.285000000000000000e+03
1.540000000000000000e+05 4.245000000000000000e+03
1.550000000000000000e+05 4.059000000000000000e+03
1.560000000000000000e+05 3.857000000000000000e+03
1.570000000000000000e+05 3.767000000000000000e+03
1.580000000000000000e+05 3.605000000000000000e+03
1.590000000000000000e+05 3.364000000000000000e+03
1.600000000000000000e+05 3.317000000000000000e+03
1.610000000000000000e+05 3.122000000000000000e+03
1.620000000000000000e+05 2.926000000000000000e+03
1.630000000000000000e+05 2.815000000000000000e+03
1.640000000000000000e+05 2.744000000000000000e+03
1.650000000000000000e+05 2.720000000000000000e+03
1.660000000000000000e+05 2.688000000000000000e+03
1.670000000000000000e+05 2.531000000000000000e+03
1.680000000000000000e+05 2.629000000000000000e+03
1.690000000000000000e+05 2.545000000000000000e+03
1.700000000000000000e+05 2.569000000000000000e+03
1.710000000000000000e+05 2.588000000000000000e+03
1.720000000000000000e+05 2.531000000000000000e+03
1.730000000000000000e+05 2.560000000000000000e+03
1.740000000000000000e+05 2.700000000000000000e+03
1.750000000000000000e+05 2.831000000000000000e+03
1.760000000000000000e+05 2.978000000000000000e+03
1.770000000000000000e+05 2.953000000000000000e+03
1.780000000000000000e+05 3.207000000000000000e+03
1.790000000000000000e+05 3.262000000000000000e+03
1.800000000000000000e+05 3.523000000000000000e+03
1.810000000000000000e+05 3.536000000000000000e+03
1.820000000000000000e+05 3.735000000000000000e+03
1.830000000000000000e+05 3.850000000000000000e+03
1.840000000000000000e+05 4.106000000000000000e+03
1.850000000000000000e+05 4.287000000000000000e+03
1.860000000000000000e+05 4.507000000000000000e+03
1.870000000000000000e+05 4.785000000000000000e+03
1.880000000000000000e+05 4.909000000000000000e+03
1.890000000000000000e+05 5.112000000000000000e+03
1.900000000000000000e+05 5.306000000000000000e+03
1.910000000000000000e+05 5.357000000000000000e+03
1.920000000000000000e+05 5.689000000000000000e+03
1.930000000000000000e+05 5.521000000000000000e+03
1.940000000000000000e+05 5.943000000000000000e+03
1.950000000000000000e+05 6.129000000000000000e+03
1.960000000000000000e+05 6.235000000000000000e+03
1.970000000000000000e+05 6.403000000000000000e+03
1.980000000000000000e+05 6.497000000000000000e+03
1.990000000000000000e+05 6.643000000000000000e+03
