0.000000000000000000e+00 1.024800000000000000e+04
5.000000000000000000e+03 1.031100000000000000e+04
1.000000000000000000e+04 1.063600000000000000e+04
1.500000000000000000e+04 1.037800000000000000e+04
2.000000000000000000e+04 1.053700000000000000e+04
2.500000000000000000e+04 1.105300000000000000e+04
3.000000000000000000e+04 1.106000000000000000e+04
3.500000000000000000e+04 1.113300000000000000e+04
4.000000000000000000e+04 1.122200000000000000e+04
4.500000000000000000e+04 1.123800000000000000e+04
5.000000000000000000e+04 1.141600000000000000e+04
5.500000000000000000e+04 1.138100000000000000e+04
6.000000000000000000e+04 1.136500000000000000e+04
6.500000000000000000e+04 1.149800000000000000e+04
7.000000000000000000e+04 1.190000000000000000e+04
7.500000000000000000e+04 1.159700000000000000e+04
8.000000000000000000e+04 1.162100000000000000e+04
8.500000000000000000e+04 1.151500000000000000e+04
9.000000000000000000e+04 1.157500000000000000e+04
9.500000000000000000e+04 1.146600000000000000e+04
1.000000000000000000e+05 1.165500000000000000e+04
1.050000000000000000e+05 1.187700000000000000e+04
1.100000000000000000e+05 1.173100000000000000e+04
1.150000000000000000e+05 1.177900000000000000e+04
1.200000000000000000e+05 1.161500000000000000e+04
1.250000000000000000e+05 1.146500000000000000e+04
1.300000000000000000e+05 1.131000000000000000e+04
1.350000000000000000e+05 1.132800000000000000e+04
1.400000000000000000e+05 1.145800000000000000e+04
1.450000000000000000e+05 1.109700000000000000e+04
1.500000000000000000e+05 1.093500000000000000e+04
1.550000000000000000e+05 1.106800000000000000e+04
1.600000000000000000e+05 1.088100000000000000e+04
1.650000000000000000e+05 1.078300000000000000e+04
1.700000000000000000e+05 1.101800000000000000e+04
1.750000000000000000e+05 1.063900000000000000e+04
1.800000000000000000e+05 1.033600000000000000e+04
1.850000000000000000e+05 1.021300000000000000e+04
1.900000000000000000e+05 1.028600000000000000e+04
1.950000000000000000e+05 1.014100000000000000e+04
2.000000000000000000e+05 9.856000000000000000e+03
2.050000000000000000e+05 9.473000000000000000e+03
2.100000000000000000e+05 9.362000000000000000e+03
2.150000000000000000e+05 9.018000000000000000e+03
2.200000000000000000e+05 8.973000000000000000e+03
2.250000000000000000e+05 8.733000000000000000e+03
2.300000000000000000e+05 8.452000000000000000e+03
2.350000000000000000e+05 8.264000000000000000e+03
2.400000000000000000e+05 7.776000000000000000e+03
2.450000000000000000e+05 7.765000000000000000e+03
2.500000000000000000e+05 7.244000000000000000e+03
2.550000000000000000e+05 7.115000000000000000e+03
2.600000000000000000e+05 6.806000000000000000e+03
2.650000000000000000e+05 6.518000000000000000e+03
2.700000000000000000e+05 6.340000000000000000e+03
2.750000000000000000e+05 5.826000000000000000e+03
2.800000000000000000e+05 5.778000000000000000e+03
2.850000000000000000e+05 5.555000000000000000e+03
2.900000000000000000e+05 5.215000000000000000e+03
2.950000000000000000e+05 4.850000000000000000e+03
3.000000000000000000e+05 4.855000000000000000e+03
3.050000000000000000e+05 4.678000000000000000e+03
3.100000000000000000e+05 4.328000000000000000e+03
3.150000000000000000e+05 4.134000000000000000e+03
3.200000000000000000e+05 4.166000000000000000e+03
3.250000000000000000e+05 3.916000000000000000e+03
3.300000000000000000e+05 3.971000000000000000e+03
3.350000000000000000e+05 3.920000000000000000e+03
3.400000000000000000e+05 3.599000000000000000e+03
3.450000000000000000e+05 3.724000000000000000e+03
3.500000000000000000e+05 3.704000000000000000e+03
3.550000000000000000e+05 3.871000000000000000e+03
3.600000000000000000e+05 3.983000000000000000e+03
3.650000000000000000e+05 3.983000000000000000e+03
3.700000000000000000e+05 4.088000000000000000e+03
3.750000000000000000e+05 4.103000000000000000e+03
3.800000000000000000e+05 4.357000000000000000e+03
3.850000000000000000e+05 4.471000000000000000e+03
3.900000000000000000e+05 4.663000000000000000e+03
3.950000000000000000e+05 4.805000000000000000e+03
4.000000000000000000e+05 5.205000000000000000e+03
4.050000000000000000e+05 5.449000000000000000e+03
4.100000000000000000e+05 5.625000000000000000e+03
4.150000000000000000e+05 5.934000000000000000e+03
4.200000000000000000e+05 6.077000000000000000e+03
4.250000000000000000e+05 6.537000000000000000e+03
4.300000000000000000e+05 6.792000000000000000e+03
4.350000000000000000e+05 6.963000000000000000e+03
4.400000000000000000e+05 7.428000000000000000e+03
4.450000000000000000e+05 7.677000000000000000e+03
4.500000000000000000e+05 7.831000000000000000e+03
4.550000000000000000e+05 8.143000000000000000e+03
4.600000000000000000e+05 8.477000000000000000e+03
4.650000000000000000e+05 8.487000000000000000e+03
4.700000000000000000e+05 9.008000000000000000e+03
4.750000000000000000e+05 9.161000000000000000e+03
4.800000000000000000e+05 9.426000000000000000e+03
4.850000000000000000e+05 9.340000000000000000e+03
4.900000000000000000e+05 9.621000000000000000e+03
4.950000000000000000e+05 9.932000000000000000e+03
5.000000000000000000e+05 1.016000000000000000e+04
5.050000000000000000e+05 1.019800000000000000e+04
5.100000000000000000e+05 1.058100000000000000e+04
5.150000000000000000e+05 1.060700000000000000e+04
5.200000000000000000e+05 1.076400000000000000e+04
5.250000000000000000e+05 1.071200000000000000e+04
5.300000000000000000e+05 1.079800000000000000e+04
5.350000000000000000e+05 1.111400000000000000e+04
5.400000000000000000e+05 1.115200000000000000e+04
5.450000000000000000e+05 1.118800000000000000e+04
5.500000000000000000e+05 1.127200000000000000e+04
5.550000000000000000e+05 1.136700000000000000e+04
5.600000000000000000e+05 1.122300000000000000e+04
5.650000000000000000e+05 1.151300000000000000e+04
5.700000000000000000e+05 1.161000000000000000e+04
5.750000000000000000e+05 1.152300000000000000e+04
5.800000000000000000e+05 1.157700000000000000e+04
5.850000000000000000e+05 1.157800000000000000e+04
5.900000000000000000e+05 1.153200000000000000e+04
5.950000000000000000e+05 1.159100000000000000e+04
6.000000000000000000e+05 1.165100000000000000e+04
6.050000000000000000e+05 1.155300000000000000e+04
6.100000000000000000e+05 1.153700000000000000e+04
6.150000000000000000e+05 1.162200000000000000e+04
6.200000000000000000e+05 1.144500000000000000e+04
6.250000000000000000e+05 1.152600000000000000e+04
6.300000000000000000e+05 1.152400000000000000e+04
6.350000000000000000e+05 1.123000000000000000e+04
6.400000000000000000e+05 1.120900000000000000e+04
6.450000000000000000e+05 1.124200000000000000e+04
6.500000000000000000e+05 1.114900000000000000e+04
6.550000000000000000e+05 1.101300000000000000e+04
6.600000000000000000e+05 1.109400000000000000e+04
6.650000000000000000e+05 1.097800000000000000e+04
6.700000000000000000e+05 1.087800000000000000e+04
6.750000000000000000e+05 1.062700000000000000e+04
6.800000000000000000e+05 1.055100000000000000e+04
6.850000000000000000e+05 1.024500000000000000e+04
6.900000000000000000e+05 1.020100000000000000e+04
6.950000000000000000e+05 9.885000000000000000e+03
7.000000000000000000e+05 9.815000000000000000e+03
7.050000000000000000e+05 9.713000000000000000e+03
7.100000000000000000e+05 9.533000000000000000e+03
7.150000000000000000e+05 9.083000000000000000e+03
7.200000000000000000e+05 8.954000000000000000e+03
7.250000000000000000e+05 8.741000000000000000e+03
7.300000000000000000e+05 8.433000000000000000e+03
7.350000000000000000e+05 8.143000000000000000e+03
7.400000000000000000e+05 8.079000000000000000e+03
7.450000000000000000e+05 7.752000000000000000e+03
7.500000000000000000e+05 7.381000000000000000e+03
7.550000000000000000e+05 7.225000000000000000e+03
7.600000000000000000e+05 6.847000000000000000e+03
7.650000000000000000e+05 6.543000000000000000e+03
7.700000000000000000e+05 6.218000000000000000e+03
7.750000000000000000e+05 5.951000000000000000e+03
7.800000000000000000e+05 5.629000000000000000e+03
7.850000000000000000e+05 5.528000000000000000e+03
7.900000000000000000e+05 5.266000000000000000e+03
7.950000000000000000e+05 4.942000000000000000e+03
8.000000000000000000e+05 4.781000000000000000e+03
8.050000000000000000e+05 4.583000000000000000e+03
8.100000000000000000e+05 4.511000000000000000e+03
8.150000000000000000e+05 4.237000000000000000e+03
8.200000000000000000e+05 4.096000000000000000e+03
8.250000000000000000e+05 4.012000000000000000e+03
8.300000000000000000e+05 3.911000000000000000e+03
8.350000000000000000e+05 3.844000000000000000e+03
8.400000000000000000e+05 3.676000000000000000e+03
8.450000000000000000e+05 3.788000000000000000e+03
8.500000000000000000e+05 3.685000000000000000e+03
8.550000000000000000e+05 3.735000000000000000e+03
8.600000000000000000e+05 3.907000000000000000e+03
8.650000000000000000e+05 4.062000000000000000e+03
8.700000000000000000e+05 4.036000000000000000e+03
8.750000000000000000e+05 4.115000000000000000e+03
8.800000000000000000e+05 4.252000000000000000e+03
8.850000000000000000e+05 4.488000000000000000e+03
8.900000000000000000e+05 4.645000000000000000e+03
8.950000000000000000e+05 4.942000000000000000e+03
9.000000000000000000e+05 5.180000000000000000e+03
9.050000000000000000e+05 5.537000000000000000e+03
9.100000000000000000e+05 5.657000000000000000e+03
9.150000000000000000e+05 5.946000000000000000e+03
9.200000000000000000e+05 6.168000000000000000e+03
9.250000000000000000e+05 6.470000000000000000e+03
9.300000000000000000e+05 6.703000000000000000e+03
9.350000000000000000e+05 7.183000000000000000e+03
9.400000000000000000e+05 7.253000000000000000e+03
9.450000000000000000e+05 7.578000000000000000e+03
9.500000000000000000e+05 7.750000000000000000e+03
9.550000000000000000e+05 8.044000000000000000e+03
9.600000000000000000e+05 8.365000000000000000e+03
9.650000000000000000e+05 8.728000000000000000e+03
9.700000000000000000e+05 8.850000000000000000e+03
9.750000000000000000e+05 9.275000000000000000e+03
9.800000000000000000e+05 9.363000000000000000e+03
9.850000000000000000e+05 9.619000000000000000e+03
9.900000000000000000e+05 9.762000000000000000e+03
9.950000000000000000e+05 9.999000000000000000e+03
