0.000000000000000000e+00 5.838000000000000000e+03
2.000000000000000000e+02 5.985000000000000000e+03
4.000000000000000000e+02 6.083000000000000000e+03
6.000000000000000000e+02 6.225000000000000000e+03
8.000000000000000000e+02 6.256000000000000000e+03
1.000000000000000000e+03 6.382000000000000000e+03
1.200000000000000000e+03 6.228000000000000000e+03
1.400000000000000000e+03 6.463000000000000000e+03
1.600000000000000000e+03 6.568000000000000000e+03
1.800000000000000000e+03 6.376000000000000000e+03
2.000000000000000000e+03 6.490000000000000000e+03
2.200000000000000000e+03 6.638000000000000000e+03
2.400000000000000000e+03 6.519000000000000000e+03
2.600000000000000000e+03 6.529000000000000000e+03
2.800000000000000000e+03 6.611000000000000000e+03
3.000000000000000000e+03 6.563000000000000000e+03
3.200000000000000000e+03 6.712000000000000000e+03
3.400000000000000000e+03 6.660000000000000000e+03
3.600000000000000000e+03 6.850000000000000000e+03
3.800000000000000000e+03 6.804000000000000000e+03
4.000000000000000000e+03 6.833000000000000000e+03
4.200000000000000000e+03 6.820000000000000000e+03
4.400000000000000000e+03 6.757000000000000000e+03
4.600000000000000000e+03 6.608000000000000000e+03
4.800000000000000000e+03 6.747000000000000000e+03
5.000000000000000000e+03 6.510000000000000000e+03
5.200000000000000000e+03 6.779000000000000000e+03
5.400000000000000000e+03 6.547000000000000000e+03
5.600000000000000000e+03 6.522000000000000000e+03
5.800000000000000000e+03 6.442000000000000000e+03
6.000000000000000000e+03 6.464000000000000000e+03
6.200000000000000000e+03 6.333000000000000000e+03
6.400000000000000000e+03 6.480000000000000000e+03
6.600000000000000000e+03 6.374000000000000000e+03
6.800000000000000000e+03 6.265000000000000000e+03
7.000000000000000000e+03 6.172000000000000000e+03
7.200000000000000000e+03 6.122000000000000000e+03
7.400000000000000000e+03 5.955000000000000000e+03
7.600000000000000000e+03 6.179000000000000000e+03
7.800000000000000000e+03 5.798000000000000000e+03
8.000000000000000000e+03 5.612000000000000000e+03
8.200000000000000000e+03 5.623000000000000000e+03
8.400000000000000000e+03 5.514000000000000000e+03
8.600000000000000000e+03 5.498000000000000000e+03
8.800000000000000000e+03 5.138000000000000000e+03
9.000000000000000000e+03 5.130000000000000000e+03
9.200000000000000000e+03 4.954000000000000000e+03
9.400000000000000000e+03 4.635000000000000000e+03
9.600000000000000000e+03 4.613000000000000000e+03
9.800000000000000000e+03 4.586000000000000000e+03
1.000000000000000000e+04 4.369000000000000000e+03
1.020000000000000000e+04 4.231000000000000000e+03
1.040000000000000000e+04 4.015000000000000000e+03
1.060000000000000000e+04 3.843000000000000000e+03
1.080000000000000000e+04 3.830000000000000000e+03
1.100000000000000000e+04 3.628000000000000000e+03
1.120000000000000000e+04 3.458000000000000000e+03
1.140000000000000000e+04 3.278000000000000000e+03
1.160000000000000000e+04 3.061000000000000000e+03
1.180000000000000000e+04 2.997000000000000000e+03
1.200000000000000000e+04 2.854000000000000000e+03
1.220000000000000000e+04 2.736000000000000000e+03
1.240000000000000000e+04 2.575000000000000000e+03
1.260000000000000000e+04 2.495000000000000000e+03
1.280000000000000000e+04 2.454000000000000000e+03
1.300000000000000000e+04 2.362000000000000000e+03
1.320000000000000000e+04 2.287000000000000000e+03
1.340000000000000000e+04 2.365000000000000000e+03
1.360000000000000000e+04 2.165000000000000000e+03
1.380000000000000000e+04 2.098000000000000000e+03
1.400000000000000000e+04 2.181000000000000000e+03
1.420000000000000000e+04 2.103000000000000000e+03
1.440000000000000000e+04 2.287000000000000000e+03
1.460000000000000000e+04 2.210000000000000000e+03
1.480000000000000000e+04 2.238000000000000000e+03
1.500000000000000000e+04 2.343000000000000000e+03
1.520000000000000000e+04 2.413000000000000000e+03
1.540000000000000000e+04 2.525000000000000000e+03
1.560000000000000000e+04 2.579000000000000000e+03
1.580000000000000000e+04 2.752000000000000000e+03
1.600000000000000000e+04 2.764000000000000000e+03
1.620000000000000000e+04 2.977000000000000000e+03
1.640000000000000000e+04 3.051000000000000000e+03
1.660000000000000000e+04 3.257000000000000000e+03
1.680000000000000000e+04 3.423000000000000000e+03
1.700000000000000000e+04 3.608000000000000000e+03
1.720000000000000000e+04 3.876000000000000000e+03
1.740000000000000000e+04 4.014000000000000000e+03
1.760000000000000000e+04 4.075000000000000000e+03
1.780000000000000000e+04 4.208000000000000000e+03
1.800000000000000000e+04 4.465000000000000000e+03
1.820000000000000000e+04 4.538000000000000000e+03
1.840000000000000000e+04 4.771000000000000000e+03
1.860000000000000000e+04 4.911000000000000000e+03
1.880000000000000000e+04 5.150000000000000000e+03
1.900000000000000000e+04 5.179000000000000000e+03
1.920000000000000000e+04 5.385000000000000000e+03
1.940000000000000000e+04 5.454000000000000000e+03
1.960000000000000000e+04 5.584000000000000000e+03
1.980000000000000000e+04 5.823000000000000000e+03
2.000000000000000000e+04 5.884000000000000000e+03
2.020000000000000000e+04 5.893000000000000000e+03
2.040000000000000000e+04 5.988000000000000000e+03
2.060000000000000000e+04 6.175000000000000000e+03
2.080000000000000000e+04 6.265000000000000000e+03
2.100000000000000000e+04 6.295000000000000000e+03
2.120000000000000000e+04 6.318000000000000000e+03
2.140000000000000000e+04 6.416000000000000000e+03
2.160000000000000000e+04 6.463000000000000000e+03
2.180000000000000000e+04 6.581000000000000000e+03
2.200000000000000000e+04 6.449000000000000000e+03
2.220000000000000000e+04 6.506000000000000000e+03
2.240000000000000000e+04 6.626000000000000000e+03
2.260000000000000000e+04 6.481000000000000000e+03
2.280000000000000000e+04 6.667000000000000000e+03
2.300000000000000000e+04 6.609000000000000000e+03
2.320000000000000000e+04 6.705000000000000000e+03
2.340000000000000000e+04 6.716000000000000000e+03
2.360000000000000000e+04 6.839000000000000000e+03
2.380000000000000000e+04 6.938000000000000000e+03
2.400000000000000000e+04 6.737000000000000000e+03
2.420000000000000000e+04 6.841000000000000000e+03
2.440000000000000000e+04 6.795000000000000000e+03
2.460000000000000000e+04 6.737000000000000000e+03
2.480000000000000000e+04 6.625000000000000000e+03
2.500000000000000000e+04 6.775000000000000000e+03
2.520000000000000000e+04 6.666000000000000000e+03
2.540000000000000000e+04 6.655000000000000000e+03
2.560000000000000000e+04 6.470000000000000000e+03
2.580000000000000000e+04 6.544000000000000000e+03
2.600000000000000000e+04 6.487000000000000000e+03
2.620000000000000000e+04 6.426000000000000000e+03
2.640000000000000000e+04 6.316000000000000000e+03
2.660000000000000000e+04 6.270000000000000000e+03
2.680000000000000000e+04 6.360000000000000000e+03
2.700000000000000000e+04 6.207000000000000000e+03
2.720000000000000000e+04 6.149000000000000000e+03
2.740000000000000000e+04 6.067000000000000000e+03
2.760000000000000000e+04 6.125000000000000000e+03
2.780000000000000000e+04 5.887000000000000000e+03
2.800000000000000000e+04 5.639000000000000000e+03
2.820000000000000000e+04 5.532000000000000000e+03
2.840000000000000000e+04 5.378000000000000000e+03
2.860000000000000000e+04 5.443000000000000000e+03
2.880000000000000000e+04 5.349000000000000000e+03
2.900000000000000000e+04 5.118000000000000000e+03
2.920000000000000000e+04 4.821000000000000000e+03
2.940000000000000000e+04 4.951000000000000000e+03
2.960000000000000000e+04 4.535000000000000000e+03
2.980000000000000000e+04 4.480000000000000000e+03
3.000000000000000000e+04 4.496000000000000000e+03
3.020000000000000000e+04 4.211000000000000000e+03
3.040000000000000000e+04 4.054000000000000000e+03
3.060000000000000000e+04 3.880000000000000000e+03
3.080000000000000000e+04 3.809000000000000000e+03
3.100000000000000000e+04 3.731000000000000000e+03
3.120000000000000000e+04 3.496000000000000000e+03
3.140000000000000000e+04 3.363000000000000000e+03
3.160000000000000000e+04 3.058000000000000000e+03
3.180000000000000000e+04 3.021000000000000000e+03
3.200000000000000000e+04 2.866000000000000000e+03
3.220000000000000000e+04 2.684000000000000000e+03
3.240000000000000000e+04 2.599000000000000000e+03
3.260000000000000000e+04 2.546000000000000000e+03
3.280000000000000000e+04 2.447000000000000000e+03
3.300000000000000000e+04 2.339000000000000000e+03
3.320000000000000000e+04 2.269000000000000000e+03
3.340000000000000000e+04 2.282000000000000000e+03
3.360000000000000000e+04 2.149000000000000000e+03
3.380000000000000000e+04 2.204000000000000000e+03
3.400000000000000000e+04 2.105000000000000000e+03
3.420000000000000000e+04 2.046000000000000000e+03
3.440000000000000000e+04 2.174000000000000000e+03
3.460000000000000000e+04 2.263000000000000000e+03
3.480000000000000000e+04 2.185000000000000000e+03
3.500000000000000000e+04 2.302000000000000000e+03
3.520000000000000000e+04 2.450000000000000000e+03
3.540000000000000000e+04 2.456000000000000000e+03
3.560000000000000000e+04 2.631000000000000000e+03
3.580000000000000000e+04 2.709000000000000000e+03
3.600000000000000000e+04 2.830000000000000000e+03
3.620000000000000000e+04 2.934000000000000000e+03
3.640000000000000000e+04 3.093000000000000000e+03
3.660000000000000000e+04 3.367000000000000000e+03
3.680000000000000000e+04 3.442000000000000000e+03
3.700000000000000000e+04 3.656000000000000000e+03
3.720000000000000000e+04 3.765000000000000000e+03
3.740000000000000000e+04 3.982000000000000000e+03
3.760000000000000000e+04 4.167000000000000000e+03
3.780000000000000000e+04 4.337000000000000000e+03
3.800000000000000000e+04 4.326000000000000000e+03
3.820000000000000000e+04 4.646000000000000000e+03
3.840000000000000000e+04 4.818000000000000000e+03
3.860000000000000000e+04 4.889000000000000000e+03
3.880000000000000000e+04 5.120000000000000000e+03
3.900000000000000000e+04 5.272000000000000000e+03
3.920000000000000000e+04 5.319000000000000000e+03
3.940000000000000000e+04 5.421000000000000000e+03
3.960000000000000000e+04 5.670000000000000000e+03
3.980000000000000000e+04 5.621000000000000000e+03
