0.000000000000000000e+00 4.755000000000000000e+03
5.000000000000000000e+01 4.956000000000000000e+03
1.000000000000000000e+02 4.863000000000000000e+03
1.500000000000000000e+02 5.024000000000000000e+03
2.000000000000000000e+02 5.172000000000000000e+03
2.500000000000000000e+02 5.155000000000000000e+03
3.000000000000000000e+02 5.432000000000000000e+03
3.500000000000000000e+02 5.337000000000000000e+03
4.000000000000000000e+02 5.435000000000000000e+03
4.500000000000000000e+02 5.563000000000000000e+03
5.000000000000000000e+02 5.745000000000000000e+03
5.500000000000000000e+02 5.509000000000000000e+03
6.000000000000000000e+02 5.576000000000000000e+03
6.500000000000000000e+02 5.735000000000000000e+03
7.000000000000000000e+02 5.590000000000000000e+03
7.500000000000000000e+02 5.667000000000000000e+03
8.000000000000000000e+02 5.758000000000000000e+03
8.500000000000000000e+02 5.628000000000000000e+03
9.000000000000000000e+02 5.637000000000000000e+03
9.500000000000000000e+02 5.848000000000000000e+03
1.000000000000000000e+03 5.768000000000000000e+03
1.050000000000000000e+03 5.753000000000000000e+03
1.100000000000000000e+03 5.982000000000000000e+03
1.150000000000000000e+03 5.738000000000000000e+03
1.200000000000000000e+03 5.789000000000000000e+03
1.250000000000000000e+03 5.627000000000000000e+03
1.300000000000000000e+03 5.893000000000000000e+03
1.350000000000000000e+03 5.709000000000000000e+03
1.400000000000000000e+03 5.696000000000000000e+03
1.450000000000000000e+03 5.593000000000000000e+03
1.500000000000000000e+03 5.637000000000000000e+03
1.550000000000000000e+03 5.642000000000000000e+03
1.600000000000000000e+03 5.453000000000000000e+03
1.650000000000000000e+03 5.585000000000000000e+03
1.700000000000000000e+03 5.381000000000000000e+03
1.750000000000000000e+03 5.272000000000000000e+03
1.800000000000000000e+03 5.356000000000000000e+03
1.850000000000000000e+03 5.155000000000000000e+03
1.900000000000000000e+03 5.030000000000000000e+03
1.950000000000000000e+03 5.183000000000000000e+03
2.000000000000000000e+03 4.939000000000000000e+03
2.050000000000000000e+03 4.912000000000000000e+03
2.100000000000000000e+03 4.726000000000000000e+03
2.150000000000000000e+03 4.651000000000000000e+03
2.200000000000000000e+03 4.673000000000000000e+03
2.250000000000000000e+03 4.404000000000000000e+03
2.300000000000000000e+03 4.255000000000000000e+03
2.350000000000000000e+03 4.311000000000000000e+03
2.400000000000000000e+03 4.201000000000000000e+03
2.450000000000000000e+03 4.049000000000000000e+03
2.500000000000000000e+03 3.958000000000000000e+03
2.550000000000000000e+03 3.673000000000000000e+03
2.600000000000000000e+03 3.588000000000000000e+03
2.650000000000000000e+03 3.572000000000000000e+03
2.700000000000000000e+03 3.387000000000000000e+03
2.750000000000000000e+03 3.262000000000000000e+03
2.800000000000000000e+03 3.085000000000000000e+03
2.850000000000000000e+03 3.009000000000000000e+03
2.900000000000000000e+03 2.889000000000000000e+03
2.950000000000000000e+03 2.870000000000000000e+03
3.000000000000000000e+03 2.704000000000000000e+03
3.050000000000000000e+03 2.571000000000000000e+03
3.100000000000000000e+03 2.502000000000000000e+03
3.150000000000000000e+03 2.380000000000000000e+03
3.200000000000000000e+03 2.271000000000000000e+03
3.250000000000000000e+03 2.244000000000000000e+03
3.300000000000000000e+03 2.196000000000000000e+03
3.350000000000000000e+03 2.085000000000000000e+03
3.400000000000000000e+03 2.011000000000000000e+03
3.450000000000000000e+03 1.951000000000000000e+03
3.500000000000000000e+03 1.920000000000000000e+03
3.550000000000000000e+03 1.927000000000000000e+03
3.600000000000000000e+03 1.910000000000000000e+03
3.650000000000000000e+03 1.860000000000000000e+03
3.700000000000000000e+03 1.918000000000000000e+03
3.750000000000000000e+03 1.895000000000000000e+03
3.800000000000000000e+03 1.964000000000000000e+03
3.850000000000000000e+03 1.987000000000000000e+03
3.900000000000000000e+03 2.041000000000000000e+03
3.950000000000000000e+03 2.002000000000000000e+03
4.000000000000000000e+03 2.049000000000000000e+03
4.050000000000000000e+03 2.244000000000000000e+03
4.100000000000000000e+03 2.224000000000000000e+03
4.150000000000000000e+03 2.442000000000000000e+03
4.200000000000000000e+03 2.570000000000000000e+03
4.250000000000000000e+03 2.568000000000000000e+03
4.300000000000000000e+03 2.705000000000000000e+03
4.350000000000000000e+03 2.839000000000000000e+03
4.400000000000000000e+03 3.083000000000000000e+03
4.450000000000000000e+03 3.178000000000000000e+03
4.500000000000000000e+03 3.406000000000000000e+03
4.550000000000000000e+03 3.579000000000000000e+03
4.600000000000000000e+03 3.582000000000000000e+03
4.650000000000000000e+03 3.808000000000000000e+03
4.700000000000000000e+03 3.922000000000000000e+03
4.750000000000000000e+03 4.161000000000000000e+03
4.800000000000000000e+03 4.103000000000000000e+03
4.850000000000000000e+03 4.237000000000000000e+03
4.900000000000000000e+03 4.567000000000000000e+03
4.950000000000000000e+03 4.660000000000000000e+03
5.000000000000000000e+03 4.609000000000000000e+03
5.050000000000000000e+03 4.766000000000000000e+03
5.100000000000000000e+03 4.808000000000000000e+03
5.150000000000000000e+03 5.049000000000000000e+03
5.200000000000000000e+03 5.033000000000000000e+03
5.250000000000000000e+03 5.160000000000000000e+03
5.300000000000000000e+03 5.346000000000000000e+03
5.350000000000000000e+03 5.512000000000000000e+03
5.400000000000000000e+03 5.508000000000000000e+03
5.450000000000000000e+03 5.468000000000000000e+03
5.500000000000000000e+03 5.614000000000000000e+03
5.550000000000000000e+03 5.664000000000000000e+03
5.600000000000000000e+03 5.636000000000000000e+03
5.650000000000000000e+03 5.672000000000000000e+03
5.700000000000000000e+03 5.845000000000000000e+03
5.750000000000000000e+03 5.694000000000000000e+03
5.800000000000000000e+03 5.629000000000000000e+03
5.850000000000000000e+03 5.878000000000000000e+03
5.900000000000000000e+03 5.817000000000000000e+03
5.950000000000000000e+03 5.788000000000000000e+03
6.000000000000000000e+03 5.775000000000000000e+03
6.050000000000000000e+03 5.759000000000000000e+03
6.100000000000000000e+03 5.757000000000000000e+03
6.150000000000000000e+03 5.770000000000000000e+03
6.200000000000000000e+03 5.816000000000000000e+03
6.250000000000000000e+03 5.680000000000000000e+03
6.300000000000000000e+03 5.762000000000000000e+03
6.350000000000000000e+03 5.681000000000000000e+03
6.400000000000000000e+03 5.700000000000000000e+03
6.450000000000000000e+03 5.545000000000000000e+03
6.500000000000000000e+03 5.739000000000000000e+03
6.550000000000000000e+03 5.587000000000000000e+03
6.600000000000000000e+03 5.603000000000000000e+03
6.650000000000000000e+03 5.402000000000000000e+03
6.700000000000000000e+03 5.287000000000000000e+03
6.750000000000000000e+03 5.364000000000000000e+03
6.800000000000000000e+03 5.251000000000000000e+03
6.850000000000000000e+03 5.082000000000000000e+03
6.900000000000000000e+03 5.207000000000000000e+03
6.950000000000000000e+03 4.991000000000000000e+03
7.000000000000000000e+03 4.985000000000000000e+03
7.050000000000000000e+03 4.912000000000000000e+03
7.100000000000000000e+03 4.725000000000000000e+03
7.150000000000000000e+03 4.609000000000000000e+03
7.200000000000000000e+03 4.595000000000000000e+03
7.250000000000000000e+03 4.450000000000000000e+03
7.300000000000000000e+03 4.314000000000000000e+03
7.350000000000000000e+03 4.110000000000000000e+03
7.400000000000000000e+03 4.176000000000000000e+03
7.450000000000000000e+03 4.040000000000000000e+03
7.500000000000000000e+03 3.929000000000000000e+03
7.550000000000000000e+03 3.751000000000000000e+03
7.600000000000000000e+03 3.436000000000000000e+03
7.650000000000000000e+03 3.508000000000000000e+03
7.700000000000000000e+03 3.427000000000000000e+03
7.750000000000000000e+03 3.336000000000000000e+03
7.800000000000000000e+03 3.151000000000000000e+03
7.850000000000000000e+03 3.021000000000000000e+03
7.900000000000000000e+03 2.917000000000000000e+03
7.950000000000000000e+03 2.860000000000000000e+03
8.000000000000000000e+03 2.581000000000000000e+03
8.050000000000000000e+03 2.514000000000000000e+03
8.100000000000000000e+03 2.433000000000000000e+03
8.150000000000000000e+03 2.357000000000000000e+03
8.200000000000000000e+03 2.364000000000000000e+03
8.250000000000000000e+03 2.158000000000000000e+03
8.300000000000000000e+03 2.227000000000000000e+03
8.350000000000000000e+03 2.035000000000000000e+03
8.400000000000000000e+03 2.054000000000000000e+03
8.450000000000000000e+03 2.005000000000000000e+03
8.500000000000000000e+03 1.902000000000000000e+03
8.550000000000000000e+03 1.875000000000000000e+03
8.600000000000000000e+03 1.941000000000000000e+03
8.650000000000000000e+03 1.833000000000000000e+03
8.700000000000000000e+03 1.844000000000000000e+03
8.750000000000000000e+03 1.964000000000000000e+03
8.800000000000000000e+03 1.921000000000000000e+03
8.850000000000000000e+03 1.920000000000000000e+03
8.900000000000000000e+03 1.954000000000000000e+03
8.950000000000000000e+03 2.022000000000000000e+03
9.000000000000000000e+03 2.162000000000000000e+03
9.050000000000000000e+03 2.140000000000000000e+03
9.100000000000000000e+03 2.343000000000000000e+03
9.150000000000000000e+03 2.301000000000000000e+03
9.200000000000000000e+03 2.565000000000000000e+03
9.250000000000000000e+03 2.655000000000000000e+03
9.300000000000000000e+03 2.749000000000000000e+03
9.350000000000000000e+03 2.887000000000000000e+03
9.400000000000000000e+03 3.083000000000000000e+03
9.450000000000000000e+03 3.169000000000000000e+03
9.500000000000000000e+03 3.447000000000000000e+03
9.550000000000000000e+03 3.502000000000000000e+03
9.600000000000000000e+03 3.631000000000000000e+03
9.650000000000000000e+03 3.868000000000000000e+03
9.700000000000000000e+03 4.043000000000000000e+03
9.750000000000000000e+03 4.040000000000000000e+03
9.800000000000000000e+03 4.312000000000000000e+03
9.850000000000000000e+03 4.373000000000000000e+03
9.900000000000000000e+03 4.373000000000000000e+03
9.950000000000000000e+03 4.632000000000000000e+03
