0.000000000000000000e+00 1.340900000000000000e+04
1.000000000000000000e+04 1.391300000000000000e+04
2.000000000000000000e+04 1.422900000000000000e+04
3.000000000000000000e+04 1.431900000000000000e+04
4.000000000000000000e+04 1.431900000000000000e+04
5.000000000000000000e+04 1.428900000000000000e+04
6.000000000000000000e+04 1.458100000000000000e+04
7.000000000000000000e+04 1.478200000000000000e+04
8.000000000000000000e+04 1.471500000000000000e+04
9.000000000000000000e+04 1.493200000000000000e+04
1.000000000000000000e+05 1.450700000000000000e+04
1.100000000000000000e+05 1.515600000000000000e+04
1.200000000000000000e+05 1.489900000000000000e+04
1.300000000000000000e+05 1.508100000000000000e+04
1.400000000000000000e+05 1.526700000000000000e+04
1.500000000000000000e+05 1.519000000000000000e+04
1.600000000000000000e+05 1.516100000000000000e+04
1.700000000000000000e+05 1.550900000000000000e+04
1.800000000000000000e+05 1.551800000000000000e+04
1.900000000000000000e+05 1.543400000000000000e+04
2.000000000000000000e+05 1.539700000000000000e+04
2.100000000000000000e+05 1.543200000000000000e+04
2.200000000000000000e+05 1.549000000000000000e+04
2.300000000000000000e+05 1.548400000000000000e+04
2.400000000000000000e+05 1.544500000000000000e+04
2.500000000000000000e+05 1.517600000000000000e+04
2.600000000000000000e+05 1.546600000000000000e+04
2.700000000000000000e+05 1.524000000000000000e+04
2.800000000000000000e+05 1.501700000000000000e+04
2.900000000000000000e+05 1.489800000000000000e+04
3.000000000000000000e+05 1.474200000000000000e+04
3.100000000000000000e+05 1.463400000000000000e+04
3.200000000000000000e+05 1.443700000000000000e+04
3.300000000000000000e+05 1.450600000000000000e+04
3.400000000000000000e+05 1.452900000000000000e+04
3.500000000000000000e+05 1.412600000000000000e+04
3.600000000000000000e+05 1.410200000000000000e+04
3.700000000000000000e+05 1.374100000000000000e+04
3.800000000000000000e+05 1.355000000000000000e+04
3.900000000000000000e+05 1.331600000000000000e+04
4.000000000000000000e+05 1.300400000000000000e+04
4.100000000000000000e+05 1.279900000000000000e+04
4.200000000000000000e+05 1.230100000000000000e+04
4.300000000000000000e+05 1.205400000000000000e+04
4.400000000000000000e+05 1.136500000000000000e+04
4.500000000000000000e+05 1.138000000000000000e+04
4.600000000000000000e+05 1.087800000000000000e+04
4.700000000000000000e+05 1.055400000000000000e+04
4.800000000000000000e+05 1.028600000000000000e+04
4.900000000000000000e+05 9.915000000000000000e+03
5.000000000000000000e+05 9.392000000000000000e+03
5.100000000000000000e+05 9.179000000000000000e+03
5.200000000000000000e+05 8.843000000000000000e+03
5.300000000000000000e+05 8.275000000000000000e+03
5.400000000000000000e+05 7.844000000000000000e+03
5.500000000000000000e+05 7.446000000000000000e+03
5.600000000000000000e+05 7.272000000000000000e+03
5.700000000000000000e+05 6.619000000000000000e+03
5.800000000000000000e+05 6.382000000000000000e+03
5.900000000000000000e+05 6.124000000000000000e+03
6.000000000000000000e+05 5.870000000000000000e+03
6.100000000000000000e+05 5.475000000000000000e+03
6.200000000000000000e+05 5.193000000000000000e+03
6.300000000000000000e+05 5.010000000000000000e+03
6.400000000000000000e+05 4.801000000000000000e+03
6.500000000000000000e+05 4.630000000000000000e+03
6.600000000000000000e+05 4.545000000000000000e+03
6.700000000000000000e+05 4.408000000000000000e+03
6.800000000000000000e+05 4.520000000000000000e+03
6.900000000000000000e+05 4.401000000000000000e+03
7.000000000000000000e+05 4.392000000000000000e+03
7.100000000000000000e+05 4.312000000000000000e+03
7.200000000000000000e+05 4.577000000000000000e+03
7.300000000000000000e+05 4.617000000000000000e+03
7.400000000000000000e+05 4.826000000000000000e+03
7.500000000000000000e+05 4.853000000000000000e+03
7.600000000000000000e+05 5.162000000000000000e+03
7.700000000000000000e+05 5.329000000000000000e+03
7.800000000000000000e+05 5.617000000000000000e+03
7.900000000000000000e+05 5.764000000000000000e+03
8.000000000000000000e+05 6.069000000000000000e+03
8.100000000000000000e+05 6.283000000000000000e+03
8.200000000000000000e+05 6.647000000000000000e+03
8.300000000000000000e+05 7.085000000000000000e+03
8.400000000000000000e+05 7.417000000000000000e+03
8.500000000000000000e+05 8.028000000000000000e+03
8.600000000000000000e+05 8.364000000000000000e+03
8.700000000000000000e+05 8.544000000000000000e+03
8.800000000000000000e+05 8.948000000000000000e+03
8.900000000000000000e+05 9.381000000000000000e+03
9.000000000000000000e+05 9.672000000000000000e+03
9.100000000000000000e+05 1.022100000000000000e+04
9.200000000000000000e+05 1.038200000000000000e+04
9.300000000000000000e+05 1.099000000000000000e+04
9.400000000000000000e+05 1.113600000000000000e+04
9.500000000000000000e+05 1.158300000000000000e+04
9.600000000000000000e+05 1.175900000000000000e+04
9.700000000000000000e+05 1.230000000000000000e+04
9.800000000000000000e+05 1.254800000000000000e+04
9.900000000000000000e+05 1.256100000000000000e+04
1.000000000000000000e+06 1.305900000000000000e+04
1.010000000000000000e+06 1.320600000000000000e+04
1.020000000000000000e+06 1.316300000000000000e+04
1.030000000000000000e+06 1.358000000000000000e+04
1.040000000000000000e+06 1.394400000000000000e+04
1.050000000000000000e+06 1.426100000000000000e+04
1.060000000000000000e+06 1.414100000000000000e+04
1.070000000000000000e+06 1.430100000000000000e+04
1.080000000000000000e+06 1.456900000000000000e+04
1.090000000000000000e+06 1.472700000000000000e+04
1.100000000000000000e+06 1.483900000000000000e+04
1.110000000000000000e+06 1.460500000000000000e+04
1.120000000000000000e+06 1.480000000000000000e+04
1.130000000000000000e+06 1.469500000000000000e+04
1.140000000000000000e+06 1.492000000000000000e+04
1.150000000000000000e+06 1.504500000000000000e+04
1.160000000000000000e+06 1.488000000000000000e+04
1.170000000000000000e+06 1.504800000000000000e+04
1.180000000000000000e+06 1.499100000000000000e+04
1.190000000000000000e+06 1.481200000000000000e+04
1.200000000000000000e+06 1.511800000000000000e+04
1.210000000000000000e+06 1.529200000000000000e+04
1.220000000000000000e+06 1.497600000000000000e+04
1.230000000000000000e+06 1.482900000000000000e+04
1.240000000000000000e+06 1.495800000000000000e+04
1.250000000000000000e+06 1.477900000000000000e+04
1.260000000000000000e+06 1.493800000000000000e+04
1.270000000000000000e+06 1.472600000000000000e+04
1.280000000000000000e+06 1.493300000000000000e+04
1.290000000000000000e+06 1.470200000000000000e+04
1.300000000000000000e+06 1.453700000000000000e+04
1.310000000000000000e+06 1.435900000000000000e+04
1.320000000000000000e+06 1.424800000000000000e+04
1.330000000000000000e+06 1.411600000000000000e+04
1.340000000000000000e+06 1.408500000000000000e+04
1.350000000000000000e+06 1.396500000000000000e+04
1.360000000000000000e+06 1.356100000000000000e+04
1.370000000000000000e+06 1.344900000000000000e+04
1.380000000000000000e+06 1.339900000000000000e+04
1.390000000000000000e+06 1.315000000000000000e+04
1.400000000000000000e+06 1.289200000000000000e+04
1.410000000000000000e+06 1.239300000000000000e+04
1.420000000000000000e+06 1.225000000000000000e+04
1.430000000000000000e+06 1.177000000000000000e+04
1.440000000000000000e+06 1.154400000000000000e+04
1.450000000000000000e+06 1.104300000000000000e+04
1.460000000000000000e+06 1.090800000000000000e+04
1.470000000000000000e+06 1.055400000000000000e+04
1.480000000000000000e+06 1.013700000000000000e+04
1.490000000000000000e+06 9.797000000000000000e+03
1.500000000000000000e+06 9.424000000000000000e+03
1.510000000000000000e+06 9.015000000000000000e+03
1.520000000000000000e+06 8.751000000000000000e+03
1.530000000000000000e+06 8.230000000000000000e+03
1.540000000000000000e+06 7.920000000000000000e+03
1.550000000000000000e+06 7.484000000000000000e+03
1.560000000000000000e+06 6.982000000000000000e+03
1.570000000000000000e+06 6.730000000000000000e+03
1.580000000000000000e+06 6.376000000000000000e+03
1.590000000000000000e+06 6.162000000000000000e+03
1.600000000000000000e+06 5.740000000000000000e+03
1.610000000000000000e+06 5.508000000000000000e+03
1.620000000000000000e+06 5.182000000000000000e+03
1.630000000000000000e+06 5.014000000000000000e+03
1.640000000000000000e+06 4.781000000000000000e+03
1.650000000000000000e+06 4.528000000000000000e+03
1.660000000000000000e+06 4.622000000000000000e+03
1.670000000000000000e+06 4.343000000000000000e+03
1.680000000000000000e+06 4.343000000000000000e+03
1.690000000000000000e+06 4.371000000000000000e+03
1.700000000000000000e+06 4.197000000000000000e+03
1.710000000000000000e+06 4.284000000000000000e+03
1.720000000000000000e+06 4.473000000000000000e+03
1.730000000000000000e+06 4.607000000000000000e+03
1.740000000000000000e+06 4.752000000000000000e+03
1.750000000000000000e+06 4.808000000000000000e+03
1.760000000000000000e+06 4.944000000000000000e+03
1.770000000000000000e+06 5.124000000000000000e+03
1.780000000000000000e+06 5.569000000000000000e+03
1.790000000000000000e+06 5.796000000000000000e+03
1.800000000000000000e+06 6.101000000000000000e+03
1.810000000000000000e+06 6.426000000000000000e+03
1.820000000000000000e+06 6.899000000000000000e+03
1.830000000000000000e+06 7.316000000000000000e+03
1.840000000000000000e+06 7.634000000000000000e+03
1.850000000000000000e+06 7.955000000000000000e+03
1.860000000000000000e+06 8.275000000000000000e+03
1.870000000000000000e+06 8.862000000000000000e+03
1.880000000000000000e+06 9.008000000000000000e+03
1.890000000000000000e+06 9.564000000000000000e+03
1.900000000000000000e+06 9.872000000000000000e+03
1.910000000000000000e+06 1.034700000000000000e+04
1.920000000000000000e+06 1.073100000000000000e+04
1.930000000000000000e+06 1.098500000000000000e+04
1.940000000000000000e+06 1.138300000000000000e+04
1.950000000000000000e+06 1.166100000000000000e+04
1.960000000000000000e+06 1.187100000000000000e+04
1.970000000000000000e+06 1.213700000000000000e+04
1.980000000000000000e+06 1.233700000000000000e+04
1.990000000000000000e+06 1.265100000000000000e+04
