0.000000000000000000e+00 1.293300000000000000e+04
3.333000000000000000e+03 1.307600000000000000e+04
6.666000000000000000e+03 1.315100000000000000e+04
9.999000000000000000e+03 1.366900000000000000e+04
1.333200000000000000e+04 1.365000000000000000e+04
1.666500000000000000e+04 1.411700000000000000e+04
1.999800000000000000e+04 1.405300000000000000e+04
2.333100000000000000e+04 1.426100000000000000e+04
2.666400000000000000e+04 1.437200000000000000e+04
2.999700000000000000e+04 1.434700000000000000e+04
3.333000000000000000e+04 1.449000000000000000e+04
3.666300000000000000e+04 1.456900000000000000e+04
3.999600000000000000e+04 1.457600000000000000e+04
4.332900000000000000e+04 1.486800000000000000e+04
4.666200000000000000e+04 1.491400000000000000e+04
4.999500000000000000e+04 1.466100000000000000e+04
5.332800000000000000e+04 1.502200000000000000e+04
5.666100000000000000e+04 1.494800000000000000e+04
5.999400000000000000e+04 1.480500000000000000e+04
6.332700000000000000e+04 1.498200000000000000e+04
6.666000000000000000e+04 1.499700000000000000e+04
6.999300000000000000e+04 1.495400000000000000e+04
7.332600000000000000e+04 1.498500000000000000e+04
7.665900000000000000e+04 1.486700000000000000e+04
7.999200000000000000e+04 1.494900000000000000e+04
8.332500000000000000e+04 1.489800000000000000e+04
8.665800000000000000e+04 1.457400000000000000e+04
8.999100000000000000e+04 1.464700000000000000e+04
9.332400000000000000e+04 1.428600000000000000e+04
9.665700000000000000e+04 1.464700000000000000e+04
9.999000000000000000e+04 1.443900000000000000e+04
1.033230000000000000e+05 1.442500000000000000e+04
1.066560000000000000e+05 1.415000000000000000e+04
1.099890000000000000e+05 1.410300000000000000e+04
1.133220000000000000e+05 1.386200000000000000e+04
1.166550000000000000e+05 1.386200000000000000e+04
1.199880000000000000e+05 1.342000000000000000e+04
1.233210000000000000e+05 1.328400000000000000e+04
1.266540000000000000e+05 1.306100000000000000e+04
1.299870000000000000e+05 1.253100000000000000e+04
1.333200000000000000e+05 1.248100000000000000e+04
1.366530000000000000e+05 1.221600000000000000e+04
1.399860000000000000e+05 1.203500000000000000e+04
1.433190000000000000e+05 1.179700000000000000e+04
1.466520000000000000e+05 1.132500000000000000e+04
1.499850000000000000e+05 1.130700000000000000e+04
1.533180000000000000e+05 1.074300000000000000e+04
1.566510000000000000e+05 1.052500000000000000e+04
1.599840000000000000e+05 1.010400000000000000e+04
1.633170000000000000e+05 9.559000000000000000e+03
1.666500000000000000e+05 9.498000000000000000e+03
1.699830000000000000e+05 9.276000000000000000e+03
1.733160000000000000e+05 8.665000000000000000e+03
1.766490000000000000e+05 8.365000000000000000e+03
1.799820000000000000e+05 7.953000000000000000e+03
1.833150000000000000e+05 7.517000000000000000e+03
1.866480000000000000e+05 7.308000000000000000e+03
1.899810000000000000e+05 6.876000000000000000e+03
1.933140000000000000e+05 6.430000000000000000e+03
1.966470000000000000e+05 6.300000000000000000e+03
1.999800000000000000e+05 6.126000000000000000e+03
2.033130000000000000e+05 5.678000000000000000e+03
2.066460000000000000e+05 5.349000000000000000e+03
2.099790000000000000e+05 5.285000000000000000e+03
2.133120000000000000e+05 4.974000000000000000e+03
2.166450000000000000e+05 4.988000000000000000e+03
2.199780000000000000e+05 4.909000000000000000e+03
2.233110000000000000e+05 4.651000000000000000e+03
2.266440000000000000e+05 4.672000000000000000e+03
2.299770000000000000e+05 4.543000000000000000e+03
2.333100000000000000e+05 4.613000000000000000e+03
2.366430000000000000e+05 4.663000000000000000e+03
2.399760000000000000e+05 4.888000000000000000e+03
2.433090000000000000e+05 4.852000000000000000e+03
2.466420000000000000e+05 5.027000000000000000e+03
2.499750000000000000e+05 5.003000000000000000e+03
2.533080000000000000e+05 5.314000000000000000e+03
2.566410000000000000e+05 5.662000000000000000e+03
2.599740000000000000e+05 5.845000000000000000e+03
2.633070000000000000e+05 5.954000000000000000e+03
2.666400000000000000e+05 6.315000000000000000e+03
2.699730000000000000e+05 6.750000000000000000e+03
2.733060000000000000e+05 7.080000000000000000e+03
2.766390000000000000e+05 7.311000000000000000e+03
2.799720000000000000e+05 7.831000000000000000e+03
2.833050000000000000e+05 8.208000000000000000e+03
2.866380000000000000e+05 8.405000000000000000e+03
2.899710000000000000e+05 8.776000000000000000e+03
2.933040000000000000e+05 9.349000000000000000e+03
2.966370000000000000e+05 9.529000000000000000e+03
2.999700000000000000e+05 1.003800000000000000e+04
3.033030000000000000e+05 1.025400000000000000e+04
3.066360000000000000e+05 1.086900000000000000e+04
3.099690000000000000e+05 1.117300000000000000e+04
3.133020000000000000e+05 1.144600000000000000e+04
3.166350000000000000e+05 1.154700000000000000e+04
3.199680000000000000e+05 1.196500000000000000e+04
3.233010000000000000e+05 1.238300000000000000e+04
3.266340000000000000e+05 1.255300000000000000e+04
3.299670000000000000e+05 1.274500000000000000e+04
3.333000000000000000e+05 1.311200000000000000e+04
3.366330000000000000e+05 1.325900000000000000e+04
3.399660000000000000e+05 1.352300000000000000e+04
3.432990000000000000e+05 1.355600000000000000e+04
3.466320000000000000e+05 1.375800000000000000e+04
3.499650000000000000e+05 1.384500000000000000e+04
3.532980000000000000e+05 1.404400000000000000e+04
3.566310000000000000e+05 1.416400000000000000e+04
3.599640000000000000e+05 1.430300000000000000e+04
3.632970000000000000e+05 1.425000000000000000e+04
3.666300000000000000e+05 1.456700000000000000e+04
3.699630000000000000e+05 1.452600000000000000e+04
3.732960000000000000e+05 1.443100000000000000e+04
3.766290000000000000e+05 1.469100000000000000e+04
3.799620000000000000e+05 1.524200000000000000e+04
3.832950000000000000e+05 1.474700000000000000e+04
3.866280000000000000e+05 1.465400000000000000e+04
3.899610000000000000e+05 1.490000000000000000e+04
3.932940000000000000e+05 1.516800000000000000e+04
3.966270000000000000e+05 1.496400000000000000e+04
3.999600000000000000e+05 1.502700000000000000e+04
4.032930000000000000e+05 1.494100000000000000e+04
4.066260000000000000e+05 1.515200000000000000e+04
4.099590000000000000e+05 1.478600000000000000e+04
4.132920000000000000e+05 1.453400000000000000e+04
4.166250000000000000e+05 1.504400000000000000e+04
4.199580000000000000e+05 1.460200000000000000e+04
4.232910000000000000e+05 1.456300000000000000e+04
4.266240000000000000e+05 1.454600000000000000e+04
4.299570000000000000e+05 1.453600000000000000e+04
4.332900000000000000e+05 1.439900000000000000e+04
4.366230000000000000e+05 1.419800000000000000e+04
4.399560000000000000e+05 1.403600000000000000e+04
4.432890000000000000e+05 1.400400000000000000e+04
4.466220000000000000e+05 1.378800000000000000e+04
4.499550000000000000e+05 1.349800000000000000e+04
4.532880000000000000e+05 1.349600000000000000e+04
4.566210000000000000e+05 1.325100000000000000e+04
4.599540000000000000e+05 1.314400000000000000e+04
4.632870000000000000e+05 1.258900000000000000e+04
4.666200000000000000e+05 1.265600000000000000e+04
4.699530000000000000e+05 1.224000000000000000e+04
4.732860000000000000e+05 1.187200000000000000e+04
4.766190000000000000e+05 1.172500000000000000e+04
4.799520000000000000e+05 1.138100000000000000e+04
4.832850000000000000e+05 1.129900000000000000e+04
4.866180000000000000e+05 1.064900000000000000e+04
4.899510000000000000e+05 1.049800000000000000e+04
4.932840000000000000e+05 1.018500000000000000e+04
4.966170000000000000e+05 9.660000000000000000e+03
4.999500000000000000e+05 9.431000000000000000e+03
5.032830000000000000e+05 9.017000000000000000e+03
5.066160000000000000e+05 8.538000000000000000e+03
5.099490000000000000e+05 8.297000000000000000e+03
5.132820000000000000e+05 7.878000000000000000e+03
5.166150000000000000e+05 7.470000000000000000e+03
5.199480000000000000e+05 7.325000000000000000e+03
5.232810000000000000e+05 6.963000000000000000e+03
5.266140000000000000e+05 6.494000000000000000e+03
5.299470000000000000e+05 6.277000000000000000e+03
5.332800000000000000e+05 6.058000000000000000e+03
5.366130000000000000e+05 5.700000000000000000e+03
5.399460000000000000e+05 5.470000000000000000e+03
5.432790000000000000e+05 5.175000000000000000e+03
5.466120000000000000e+05 5.172000000000000000e+03
5.499450000000000000e+05 4.998000000000000000e+03
5.532780000000000000e+05 4.732000000000000000e+03
5.566110000000000000e+05 4.718000000000000000e+03
5.599440000000000000e+05 4.631000000000000000e+03
5.632770000000000000e+05 4.649000000000000000e+03
5.666100000000000000e+05 4.635000000000000000e+03
5.699430000000000000e+05 4.705000000000000000e+03
5.732760000000000000e+05 4.712000000000000000e+03
5.766090000000000000e+05 4.955000000000000000e+03
5.799420000000000000e+05 4.946000000000000000e+03
5.832750000000000000e+05 5.129000000000000000e+03
5.866080000000000000e+05 5.335000000000000000e+03
5.899410000000000000e+05 5.549000000000000000e+03
5.932740000000000000e+05 5.856000000000000000e+03
5.966070000000000000e+05 6.011000000000000000e+03
5.999400000000000000e+05 6.323000000000000000e+03
6.032730000000000000e+05 6.744000000000000000e+03
6.066060000000000000e+05 6.988000000000000000e+03
6.099390000000000000e+05 7.450000000000000000e+03
6.132720000000000000e+05 7.702000000000000000e+03
6.166050000000000000e+05 8.106000000000000000e+03
6.199380000000000000e+05 8.466000000000000000e+03
6.232710000000000000e+05 8.867000000000000000e+03
6.266040000000000000e+05 9.225000000000000000e+03
6.299370000000000000e+05 9.864000000000000000e+03
6.332700000000000000e+05 1.009200000000000000e+04
6.366030000000000000e+05 1.030500000000000000e+04
6.399360000000000000e+05 1.054900000000000000e+04
6.432690000000000000e+05 1.097600000000000000e+04
6.466020000000000000e+05 1.129700000000000000e+04
6.499350000000000000e+05 1.166200000000000000e+04
6.532680000000000000e+05 1.174900000000000000e+04
6.566010000000000000e+05 1.218000000000000000e+04
6.599340000000000000e+05 1.262500000000000000e+04
6.632670000000000000e+05 1.273000000000000000e+04
