0.000000000000000000e+00 7.425000000000000000e+03
1.428000000000000000e+03 7.637000000000000000e+03
2.856000000000000000e+03 7.631000000000000000e+03
4.284000000000000000e+03 7.639000000000000000e+03
5.712000000000000000e+03 7.950000000000000000e+03
7.140000000000000000e+03 8.138000000000000000e+03
8.568000000000000000e+03 8.005000000000000000e+03
9.996000000000000000e+03 8.097000000000000000e+03
1.142400000000000000e+04 8.149000000000000000e+03
1.285200000000000000e+04 8.243000000000000000e+03
1.428000000000000000e+04 8.414000000000000000e+03
1.570800000000000000e+04 8.394000000000000000e+03
1.713600000000000000e+04 8.246000000000000000e+03
1.856400000000000000e+04 8.420000000000000000e+03
1.999200000000000000e+04 8.464000000000000000e+03
2.142000000000000000e+04 8.520000000000000000e+03
2.284800000000000000e+04 8.604000000000000000e+03
2.427600000000000000e+04 8.678000000000000000e+03
2.570400000000000000e+04 8.468000000000000000e+03
2.713200000000000000e+04 8.604000000000000000e+03
2.856000000000000000e+04 8.542000000000000000e+03
2.998800000000000000e+04 8.532000000000000000e+03
3.141600000000000000e+04 8.449000000000000000e+03
3.284400000000000000e+04 8.301000000000000000e+03
3.427200000000000000e+04 8.587000000000000000e+03
3.570000000000000000e+04 8.680000000000000000e+03
3.712800000000000000e+04 8.560000000000000000e+03
3.855600000000000000e+04 8.342000000000000000e+03
3.998400000000000000e+04 8.506000000000000000e+03
4.141200000000000000e+04 8.176000000000000000e+03
4.284000000000000000e+04 8.309000000000000000e+03
4.426800000000000000e+04 8.141000000000000000e+03
4.569600000000000000e+04 8.042000000000000000e+03
4.712400000000000000e+04 8.028000000000000000e+03
4.855200000000000000e+04 7.800000000000000000e+03
4.998000000000000000e+04 7.862000000000000000e+03
5.140800000000000000e+04 7.652000000000000000e+03
5.283600000000000000e+04 7.628000000000000000e+03
5.426400000000000000e+04 7.644000000000000000e+03
5.569200000000000000e+04 7.411000000000000000e+03
5.712000000000000000e+04 7.247000000000000000e+03
5.854800000000000000e+04 7.206000000000000000e+03
5.997600000000000000e+04 7.112000000000000000e+03
6.140400000000000000e+04 6.760000000000000000e+03
6.283200000000000000e+04 6.491000000000000000e+03
6.426000000000000000e+04 6.375000000000000000e+03
6.568800000000000000e+04 6.244000000000000000e+03
6.711600000000000000e+04 6.049000000000000000e+03
6.854400000000000000e+04 5.837000000000000000e+03
6.997200000000000000e+04 5.713000000000000000e+03
7.140000000000000000e+04 5.382000000000000000e+03
7.282800000000000000e+04 5.210000000000000000e+03
7.425600000000000000e+04 4.951000000000000000e+03
7.568400000000000000e+04 4.760000000000000000e+03
7.711200000000000000e+04 4.702000000000000000e+03
7.854000000000000000e+04 4.501000000000000000e+03
7.996800000000000000e+04 4.249000000000000000e+03
8.139600000000000000e+04 4.051000000000000000e+03
8.282400000000000000e+04 3.813000000000000000e+03
8.425200000000000000e+04 3.665000000000000000e+03
8.568000000000000000e+04 3.546000000000000000e+03
8.710800000000000000e+04 3.320000000000000000e+03
8.853600000000000000e+04 3.230000000000000000e+03
8.996400000000000000e+04 3.218000000000000000e+03
9.139200000000000000e+04 2.981000000000000000e+03
9.282000000000000000e+04 2.865000000000000000e+03
9.424800000000000000e+04 2.902000000000000000e+03
9.567600000000000000e+04 2.788000000000000000e+03
9.710400000000000000e+04 2.678000000000000000e+03
9.853200000000000000e+04 2.816000000000000000e+03
9.996000000000000000e+04 2.694000000000000000e+03
1.013880000000000000e+05 2.779000000000000000e+03
1.028160000000000000e+05 2.872000000000000000e+03
1.042440000000000000e+05 2.928000000000000000e+03
1.056720000000000000e+05 2.904000000000000000e+03
1.071000000000000000e+05 2.991000000000000000e+03
1.085280000000000000e+05 3.222000000000000000e+03
1.099560000000000000e+05 3.347000000000000000e+03
1.113840000000000000e+05 3.580000000000000000e+03
1.128120000000000000e+05 3.662000000000000000e+03
1.142400000000000000e+05 3.764000000000000000e+03
1.156680000000000000e+05 3.890000000000000000e+03
1.170960000000000000e+05 4.228000000000000000e+03
1.185240000000000000e+05 4.193000000000000000e+03
1.199520000000000000e+05 4.614000000000000000e+03
1.213800000000000000e+05 4.823000000000000000e+03
1.228080000000000000e+05 5.047000000000000000e+03
1.242360000000000000e+05 5.172000000000000000e+03
1.256640000000000000e+05 5.397000000000000000e+03
1.270920000000000000e+05 5.521000000000000000e+03
1.285200000000000000e+05 5.667000000000000000e+03
1.299480000000000000e+05 6.178000000000000000e+03
1.313760000000000000e+05 6.319000000000000000e+03
1.328040000000000000e+05 6.279000000000000000e+03
1.342320000000000000e+05 6.577000000000000000e+03
1.356600000000000000e+05 6.698000000000000000e+03
1.370880000000000000e+05 6.999000000000000000e+03
1.385160000000000000e+05 6.939000000000000000e+03
1.399440000000000000e+05 7.091000000000000000e+03
1.413720000000000000e+05 7.298000000000000000e+03
1.428000000000000000e+05 7.415000000000000000e+03
1.442280000000000000e+05 7.510000000000000000e+03
1.456560000000000000e+05 7.697000000000000000e+03
1.470840000000000000e+05 7.814000000000000000e+03
1.485120000000000000e+05 8.049000000000000000e+03
1.499400000000000000e+05 7.935000000000000000e+03
1.513680000000000000e+05 8.217000000000000000e+03
1.527960000000000000e+05 8.047000000000000000e+03
1.542240000000000000e+05 8.184000000000000000e+03
1.556520000000000000e+05 8.260000000000000000e+03
1.570800000000000000e+05 8.175000000000000000e+03
1.585080000000000000e+05 8.349000000000000000e+03
1.599360000000000000e+05 8.457000000000000000e+03
1.613640000000000000e+05 8.362000000000000000e+03
1.627920000000000000e+05 8.528000000000000000e+03
1.642200000000000000e+05 8.466000000000000000e+03
1.656480000000000000e+05 8.600000000000000000e+03
1.670760000000000000e+05 8.659000000000000000e+03
1.685040000000000000e+05 8.594000000000000000e+03
1.699320000000000000e+05 8.494000000000000000e+03
1.713600000000000000e+05 8.649000000000000000e+03
1.727880000000000000e+05 8.584000000000000000e+03
1.742160000000000000e+05 8.615000000000000000e+03
1.756440000000000000e+05 8.740000000000000000e+03
1.770720000000000000e+05 8.437000000000000000e+03
1.785000000000000000e+05 8.268000000000000000e+03
1.799280000000000000e+05 8.548000000000000000e+03
1.813560000000000000e+05 8.436000000000000000e+03
1.827840000000000000e+05 8.422000000000000000e+03
1.842120000000000000e+05 8.417000000000000000e+03
1.856400000000000000e+05 8.260000000000000000e+03
1.870680000000000000e+05 8.155000000000000000e+03
1.884960000000000000e+05 8.224000000000000000e+03
1.899240000000000000e+05 8.086000000000000000e+03
1.913520000000000000e+05 7.869000000000000000e+03
1.927800000000000000e+05 7.929000000000000000e+03
1.942080000000000000e+05 7.760000000000000000e+03
1.956360000000000000e+05 7.679000000000000000e+03
1.970640000000000000e+05 7.532000000000000000e+03
1.984920000000000000e+05 7.672000000000000000e+03
1.999200000000000000e+05 7.210000000000000000e+03
2.013480000000000000e+05 7.095000000000000000e+03
2.027760000000000000e+05 6.916000000000000000e+03
2.042040000000000000e+05 6.590000000000000000e+03
2.056320000000000000e+05 6.616000000000000000e+03
2.070600000000000000e+05 6.505000000000000000e+03
2.084880000000000000e+05 6.147000000000000000e+03
2.099160000000000000e+05 6.079000000000000000e+03
2.113440000000000000e+05 5.806000000000000000e+03
2.127720000000000000e+05 5.727000000000000000e+03
2.142000000000000000e+05 5.529000000000000000e+03
2.156280000000000000e+05 5.459000000000000000e+03
2.170560000000000000e+05 5.111000000000000000e+03
2.184840000000000000e+05 4.877000000000000000e+03
2.199120000000000000e+05 4.552000000000000000e+03
2.213400000000000000e+05 4.350000000000000000e+03
2.227680000000000000e+05 4.229000000000000000e+03
2.241960000000000000e+05 4.122000000000000000e+03
2.256240000000000000e+05 3.874000000000000000e+03
2.270520000000000000e+05 3.753000000000000000e+03
2.284800000000000000e+05 3.600000000000000000e+03
2.299080000000000000e+05 3.358000000000000000e+03
2.313360000000000000e+05 3.171000000000000000e+03
2.327640000000000000e+05 3.136000000000000000e+03
2.341920000000000000e+05 3.015000000000000000e+03
2.356200000000000000e+05 2.967000000000000000e+03
2.370480000000000000e+05 2.853000000000000000e+03
2.384760000000000000e+05 2.877000000000000000e+03
2.399040000000000000e+05 2.795000000000000000e+03
2.413320000000000000e+05 2.719000000000000000e+03
2.427600000000000000e+05 2.734000000000000000e+03
2.441880000000000000e+05 2.795000000000000000e+03
2.456160000000000000e+05 2.840000000000000000e+03
2.470440000000000000e+05 2.873000000000000000e+03
2.484720000000000000e+05 2.985000000000000000e+03
2.499000000000000000e+05 3.056000000000000000e+03
2.513280000000000000e+05 3.251000000000000000e+03
2.527560000000000000e+05 3.313000000000000000e+03
2.541840000000000000e+05 3.350000000000000000e+03
2.556120000000000000e+05 3.640000000000000000e+03
2.570400000000000000e+05 3.790000000000000000e+03
2.584680000000000000e+05 3.949000000000000000e+03
2.598960000000000000e+05 4.167000000000000000e+03
2.613240000000000000e+05 4.523000000000000000e+03
2.627520000000000000e+05 4.543000000000000000e+03
2.641800000000000000e+05 4.798000000000000000e+03
2.656080000000000000e+05 4.961000000000000000e+03
2.670360000000000000e+05 5.144000000000000000e+03
2.684640000000000000e+05 5.397000000000000000e+03
2.698920000000000000e+05 5.648000000000000000e+03
2.713200000000000000e+05 5.846000000000000000e+03
2.727480000000000000e+05 6.033000000000000000e+03
2.741760000000000000e+05 6.106000000000000000e+03
2.756040000000000000e+05 6.387000000000000000e+03
2.770320000000000000e+05 6.597000000000000000e+03
2.784600000000000000e+05 6.751000000000000000e+03
2.798880000000000000e+05 6.871000000000000000e+03
2.813160000000000000e+05 7.091000000000000000e+03
2.827440000000000000e+05 7.296000000000000000e+03
2.841720000000000000e+05 7.363000000000000000e+03
