0.000000000000000000e+00 5.219000000000000000e+03
1.420000000000000000e+02 5.458000000000000000e+03
2.840000000000000000e+02 5.555000000000000000e+03
4.260000000000000000e+02 5.787000000000000000e+03
5.680000000000000000e+02 5.793000000000000000e+03
7.100000000000000000e+02 5.762000000000000000e+03
8.520000000000000000e+02 5.881000000000000000e+03
9.940000000000000000e+02 5.884000000000000000e+03
1.136000000000000000e+03 5.901000000000000000e+03
1.278000000000000000e+03 5.897000000000000000e+03
1.420000000000000000e+03 5.938000000000000000e+03
1.562000000000000000e+03 6.013000000000000000e+03
1.704000000000000000e+03 6.155000000000000000e+03
1.846000000000000000e+03 6.041000000000000000e+03
1.988000000000000000e+03 6.135000000000000000e+03
2.130000000000000000e+03 6.120000000000000000e+03
2.272000000000000000e+03 6.226000000000000000e+03
2.414000000000000000e+03 6.290000000000000000e+03
2.556000000000000000e+03 6.193000000000000000e+03
2.698000000000000000e+03 6.216000000000000000e+03
2.840000000000000000e+03 6.204000000000000000e+03
2.982000000000000000e+03 6.188000000000000000e+03
3.124000000000000000e+03 6.108000000000000000e+03
3.266000000000000000e+03 6.116000000000000000e+03
3.408000000000000000e+03 6.276000000000000000e+03
3.550000000000000000e+03 6.190000000000000000e+03
3.692000000000000000e+03 6.137000000000000000e+03
3.834000000000000000e+03 6.271000000000000000e+03
3.976000000000000000e+03 6.258000000000000000e+03
4.118000000000000000e+03 6.030000000000000000e+03
4.260000000000000000e+03 6.080000000000000000e+03
4.402000000000000000e+03 5.948000000000000000e+03
4.544000000000000000e+03 5.860000000000000000e+03
4.686000000000000000e+03 5.794000000000000000e+03
4.828000000000000000e+03 5.799000000000000000e+03
4.970000000000000000e+03 5.662000000000000000e+03
5.112000000000000000e+03 5.461000000000000000e+03
5.254000000000000000e+03 5.594000000000000000e+03
5.396000000000000000e+03 5.345000000000000000e+03
5.538000000000000000e+03 5.407000000000000000e+03
5.680000000000000000e+03 5.349000000000000000e+03
5.822000000000000000e+03 5.202000000000000000e+03
5.964000000000000000e+03 5.124000000000000000e+03
6.106000000000000000e+03 5.036000000000000000e+03
6.248000000000000000e+03 4.933000000000000000e+03
6.390000000000000000e+03 4.837000000000000000e+03
6.532000000000000000e+03 4.632000000000000000e+03
6.674000000000000000e+03 4.412000000000000000e+03
6.816000000000000000e+03 4.278000000000000000e+03
6.958000000000000000e+03 4.230000000000000000e+03
7.100000000000000000e+03 3.967000000000000000e+03
7.242000000000000000e+03 3.988000000000000000e+03
7.384000000000000000e+03 3.861000000000000000e+03
7.526000000000000000e+03 3.648000000000000000e+03
7.668000000000000000e+03 3.715000000000000000e+03
7.810000000000000000e+03 3.461000000000000000e+03
7.952000000000000000e+03 3.326000000000000000e+03
8.094000000000000000e+03 3.115000000000000000e+03
8.236000000000000000e+03 3.007000000000000000e+03
8.378000000000000000e+03 2.945000000000000000e+03
8.520000000000000000e+03 2.787000000000000000e+03
8.662000000000000000e+03 2.679000000000000000e+03
8.804000000000000000e+03 2.485000000000000000e+03
8.946000000000000000e+03 2.422000000000000000e+03
9.088000000000000000e+03 2.377000000000000000e+03
9.230000000000000000e+03 2.276000000000000000e+03
9.372000000000000000e+03 2.226000000000000000e+03
9.514000000000000000e+03 2.184000000000000000e+03
9.656000000000000000e+03 2.167000000000000000e+03
9.798000000000000000e+03 2.104000000000000000e+03
9.940000000000000000e+03 2.035000000000000000e+03
1.008200000000000000e+04 2.082000000000000000e+03
1.022400000000000000e+04 2.127000000000000000e+03
1.036600000000000000e+04 2.098000000000000000e+03
1.050800000000000000e+04 2.064000000000000000e+03
1.065000000000000000e+04 2.146000000000000000e+03
1.079200000000000000e+04 2.197000000000000000e+03
1.093400000000000000e+04 2.253000000000000000e+03
1.107600000000000000e+04 2.398000000000000000e+03
1.121800000000000000e+04 2.513000000000000000e+03
1.136000000000000000e+04 2.590000000000000000e+03
1.150200000000000000e+04 2.847000000000000000e+03
1.164400000000000000e+04 2.869000000000000000e+03
1.178600000000000000e+04 3.007000000000000000e+03
1.192800000000000000e+04 3.111000000000000000e+03
1.207000000000000000e+04 3.248000000000000000e+03
1.221200000000000000e+04 3.451000000000000000e+03
1.235400000000000000e+04 3.456000000000000000e+03
1.249600000000000000e+04 3.656000000000000000e+03
1.263800000000000000e+04 3.924000000000000000e+03
1.278000000000000000e+04 4.048000000000000000e+03
1.292200000000000000e+04 4.184000000000000000e+03
1.306400000000000000e+04 4.327000000000000000e+03
1.320600000000000000e+04 4.509000000000000000e+03
1.334800000000000000e+04 4.691000000000000000e+03
1.349000000000000000e+04 4.691000000000000000e+03
1.363200000000000000e+04 4.790000000000000000e+03
1.377400000000000000e+04 5.073000000000000000e+03
1.391600000000000000e+04 5.101000000000000000e+03
1.405800000000000000e+04 5.194000000000000000e+03
1.420000000000000000e+04 5.418000000000000000e+03
1.434200000000000000e+04 5.486000000000000000e+03
1.448400000000000000e+04 5.410000000000000000e+03
1.462600000000000000e+04 5.681000000000000000e+03
1.476800000000000000e+04 5.810000000000000000e+03
1.491000000000000000e+04 5.785000000000000000e+03
1.505200000000000000e+04 5.788000000000000000e+03
1.519400000000000000e+04 5.902000000000000000e+03
1.533600000000000000e+04 5.936000000000000000e+03
1.547800000000000000e+04 5.761000000000000000e+03
1.562000000000000000e+04 5.936000000000000000e+03
1.576200000000000000e+04 6.049000000000000000e+03
1.590400000000000000e+04 6.140000000000000000e+03
1.604600000000000000e+04 6.128000000000000000e+03
1.618800000000000000e+04 5.978000000000000000e+03
1.633000000000000000e+04 6.141000000000000000e+03
1.647200000000000000e+04 6.292000000000000000e+03
1.661400000000000000e+04 6.094000000000000000e+03
1.675600000000000000e+04 6.055000000000000000e+03
1.689800000000000000e+04 6.175000000000000000e+03
1.704000000000000000e+04 6.138000000000000000e+03
1.718200000000000000e+04 6.275000000000000000e+03
1.732400000000000000e+04 6.191000000000000000e+03
1.746600000000000000e+04 6.162000000000000000e+03
1.760800000000000000e+04 6.060000000000000000e+03
1.775000000000000000e+04 6.295000000000000000e+03
1.789200000000000000e+04 6.193000000000000000e+03
1.803400000000000000e+04 6.124000000000000000e+03
1.817600000000000000e+04 6.151000000000000000e+03
1.831800000000000000e+04 6.145000000000000000e+03
1.846000000000000000e+04 5.923000000000000000e+03
1.860200000000000000e+04 5.884000000000000000e+03
1.874400000000000000e+04 6.167000000000000000e+03
1.888600000000000000e+04 5.786000000000000000e+03
1.902800000000000000e+04 5.736000000000000000e+03
1.917000000000000000e+04 5.727000000000000000e+03
1.931200000000000000e+04 5.493000000000000000e+03
1.945400000000000000e+04 5.518000000000000000e+03
1.959600000000000000e+04 5.676000000000000000e+03
1.973800000000000000e+04 5.468000000000000000e+03
1.988000000000000000e+04 5.342000000000000000e+03
2.002200000000000000e+04 5.176000000000000000e+03
2.016400000000000000e+04 5.085000000000000000e+03
2.030600000000000000e+04 5.055000000000000000e+03
2.044800000000000000e+04 4.967000000000000000e+03
2.059000000000000000e+04 4.903000000000000000e+03
2.073200000000000000e+04 4.657000000000000000e+03
2.087400000000000000e+04 4.432000000000000000e+03
2.101600000000000000e+04 4.311000000000000000e+03
2.115800000000000000e+04 4.200000000000000000e+03
2.130000000000000000e+04 4.188000000000000000e+03
2.144200000000000000e+04 4.030000000000000000e+03
2.158400000000000000e+04 3.849000000000000000e+03
2.172600000000000000e+04 3.816000000000000000e+03
2.186800000000000000e+04 3.651000000000000000e+03
2.201000000000000000e+04 3.620000000000000000e+03
2.215200000000000000e+04 3.476000000000000000e+03
2.229400000000000000e+04 3.301000000000000000e+03
2.243600000000000000e+04 3.190000000000000000e+03
2.257800000000000000e+04 3.023000000000000000e+03
2.272000000000000000e+04 2.872000000000000000e+03
2.286200000000000000e+04 2.751000000000000000e+03
2.300400000000000000e+04 2.600000000000000000e+03
2.314600000000000000e+04 2.442000000000000000e+03
2.328800000000000000e+04 2.412000000000000000e+03
2.343000000000000000e+04 2.445000000000000000e+03
2.357200000000000000e+04 2.288000000000000000e+03
2.371400000000000000e+04 2.157000000000000000e+03
2.385600000000000000e+04 2.185000000000000000e+03
2.399800000000000000e+04 2.059000000000000000e+03
2.414000000000000000e+04 2.087000000000000000e+03
2.428200000000000000e+04 2.157000000000000000e+03
2.442400000000000000e+04 2.129000000000000000e+03
2.456600000000000000e+04 2.040000000000000000e+03
2.470800000000000000e+04 2.053000000000000000e+03
2.485000000000000000e+04 2.092000000000000000e+03
2.499200000000000000e+04 2.149000000000000000e+03
2.513400000000000000e+04 2.206000000000000000e+03
2.527600000000000000e+04 2.400000000000000000e+03
2.541800000000000000e+04 2.416000000000000000e+03
2.556000000000000000e+04 2.481000000000000000e+03
2.570200000000000000e+04 2.677000000000000000e+03
2.584400000000000000e+04 2.679000000000000000e+03
2.598600000000000000e+04 2.948000000000000000e+03
2.612800000000000000e+04 3.050000000000000000e+03
2.627000000000000000e+04 3.249000000000000000e+03
2.641200000000000000e+04 3.302000000000000000e+03
2.655400000000000000e+04 3.571000000000000000e+03
2.669600000000000000e+04 3.585000000000000000e+03
2.683800000000000000e+04 3.737000000000000000e+03
2.698000000000000000e+04 3.975000000000000000e+03
2.712200000000000000e+04 4.250000000000000000e+03
2.726400000000000000e+04 4.252000000000000000e+03
2.740600000000000000e+04 4.302000000000000000e+03
2.754800000000000000e+04 4.541000000000000000e+03
2.769000000000000000e+04 4.520000000000000000e+03
2.783200000000000000e+04 4.728000000000000000e+03
2.797400000000000000e+04 4.790000000000000000e+03
2.811600000000000000e+04 4.989000000000000000e+03
2.825800000000000000e+04 5.238000000000000000e+03
2.840000000000000000e+04 5.325000000000000000e+03
