0.000000000000000000e+00 8.031000000000000000e+03
2.000000000000000000e+03 8.293000000000000000e+03
4.000000000000000000e+03 8.375000000000000000e+03
6.000000000000000000e+03 8.374000000000000000e+03
8.000000000000000000e+03 8.550000000000000000e+03
1.000000000000000000e+04 8.551000000000000000e+03
1.200000000000000000e+04 8.510000000000000000e+03
1.400000000000000000e+04 8.603000000000000000e+03
1.600000000000000000e+04 8.839000000000000000e+03
1.800000000000000000e+04 8.960000000000000000e+03
2.000000000000000000e+04 9.140000000000000000e+03
2.200000000000000000e+04 9.284000000000000000e+03
2.400000000000000000e+04 9.123000000000000000e+03
2.600000000000000000e+04 9.180000000000000000e+03
2.800000000000000000e+04 9.165000000000000000e+03
3.000000000000000000e+04 8.977000000000000000e+03
3.200000000000000000e+04 9.398000000000000000e+03
3.400000000000000000e+04 9.194000000000000000e+03
3.600000000000000000e+04 9.102000000000000000e+03
3.800000000000000000e+04 9.263000000000000000e+03
4.000000000000000000e+04 9.340000000000000000e+03
4.200000000000000000e+04 9.464000000000000000e+03
4.400000000000000000e+04 9.150000000000000000e+03
4.600000000000000000e+04 9.151000000000000000e+03
4.800000000000000000e+04 9.121000000000000000e+03
5.000000000000000000e+04 8.963000000000000000e+03
5.200000000000000000e+04 9.098000000000000000e+03
5.400000000000000000e+04 9.095000000000000000e+03
5.600000000000000000e+04 8.855000000000000000e+03
5.800000000000000000e+04 8.983000000000000000e+03
6.000000000000000000e+04 9.098000000000000000e+03
6.200000000000000000e+04 8.740000000000000000e+03
6.400000000000000000e+04 8.678000000000000000e+03
6.600000000000000000e+04 8.630000000000000000e+03
6.800000000000000000e+04 8.478000000000000000e+03
7.000000000000000000e+04 8.718000000000000000e+03
7.200000000000000000e+04 8.328000000000000000e+03
7.400000000000000000e+04 8.207000000000000000e+03
7.600000000000000000e+04 8.149000000000000000e+03
7.800000000000000000e+04 8.028000000000000000e+03
8.000000000000000000e+04 7.690000000000000000e+03
8.200000000000000000e+04 7.676000000000000000e+03
8.400000000000000000e+04 7.660000000000000000e+03
8.600000000000000000e+04 7.221000000000000000e+03
8.800000000000000000e+04 7.046000000000000000e+03
9.000000000000000000e+04 6.950000000000000000e+03
9.200000000000000000e+04 6.785000000000000000e+03
9.400000000000000000e+04 6.592000000000000000e+03
9.600000000000000000e+04 6.388000000000000000e+03
9.800000000000000000e+04 5.988000000000000000e+03
1.000000000000000000e+05 5.868000000000000000e+03
1.020000000000000000e+05 5.625000000000000000e+03
1.040000000000000000e+05 5.472000000000000000e+03
1.060000000000000000e+05 5.264000000000000000e+03
1.080000000000000000e+05 4.978000000000000000e+03
1.100000000000000000e+05 4.770000000000000000e+03
1.120000000000000000e+05 4.619000000000000000e+03
1.140000000000000000e+05 4.408000000000000000e+03
1.160000000000000000e+05 4.178000000000000000e+03
1.180000000000000000e+05 4.034000000000000000e+03
1.200000000000000000e+05 3.767000000000000000e+03
1.220000000000000000e+05 3.714000000000000000e+03
1.240000000000000000e+05 3.483000000000000000e+03
1.260000000000000000e+05 3.442000000000000000e+03
1.280000000000000000e+05 3.357000000000000000e+03
1.300000000000000000e+05 3.160000000000000000e+03
1.320000000000000000e+05 3.111000000000000000e+03
1.340000000000000000e+05 3.074000000000000000e+03
1.360000000000000000e+05 2.995000000000000000e+03
1.380000000000000000e+05 2.957000000000000000e+03
1.400000000000000000e+05 3.042000000000000000e+03
1.420000000000000000e+05 3.089000000000000000e+03
1.440000000000000000e+05 3.092000000000000000e+03
1.460000000000000000e+05 2.945000000000000000e+03
1.480000000000000000e+05 3.228000000000000000e+03
1.500000000000000000e+05 3.385000000000000000e+03
1.520000000000000000e+05 3.416000000000000000e+03
1.540000000000000000e+05 3.674000000000000000e+03
1.560000000000000000e+05 3.742000000000000000e+03
1.580000000000000000e+05 3.912000000000000000e+03
1.600000000000000000e+05 4.154000000000000000e+03
1.620000000000000000e+05 4.244000000000000000e+03
1.640000000000000000e+05 4.538000000000000000e+03
1.660000000000000000e+05 4.776000000000000000e+03
1.680000000000000000e+05 4.923000000000000000e+03
1.700000000000000000e+05 5.221000000000000000e+03
1.720000000000000000e+05 5.522000000000000000e+03
1.740000000000000000e+05 5.664000000000000000e+03
1.760000000000000000e+05 5.915000000000000000e+03
1.780000000000000000e+05 6.096000000000000000e+03
1.800000000000000000e+05 6.208000000000000000e+03
1.820000000000000000e+05 6.291000000000000000e+03
1.840000000000000000e+05 6.639000000000000000e+03
1.860000000000000000e+05 6.980000000000000000e+03
1.880000000000000000e+05 7.121000000000000000e+03
1.900000000000000000e+05 7.376000000000000000e+03
1.920000000000000000e+05 7.489000000000000000e+03
1.940000000000000000e+05 7.594000000000000000e+03
1.960000000000000000e+05 7.685000000000000000e+03
1.980000000000000000e+05 7.928000000000000000e+03
2.000000000000000000e+05 8.354000000000000000e+03
2.020000000000000000e+05 8.238000000000000000e+03
2.040000000000000000e+05 8.376000000000000000e+03
2.060000000000000000e+05 8.426000000000000000e+03
2.080000000000000000e+05 8.714000000000000000e+03
2.100000000000000000e+05 8.701000000000000000e+03
2.120000000000000000e+05 8.777000000000000000e+03
2.140000000000000000e+05 9.005000000000000000e+03
2.160000000000000000e+05 8.923000000000000000e+03
2.180000000000000000e+05 8.971000000000000000e+03
2.200000000000000000e+05 8.959000000000000000e+03
2.220000000000000000e+05 8.907000000000000000e+03
2.240000000000000000e+05 9.121000000000000000e+03
2.260000000000000000e+05 9.207000000000000000e+03
2.280000000000000000e+05 8.986000000000000000e+03
2.300000000000000000e+05 9.141000000000000000e+03
2.320000000000000000e+05 9.151000000000000000e+03
2.340000000000000000e+05 9.152000000000000000e+03
2.360000000000000000e+05 9.294000000000000000e+03
2.380000000000000000e+05 9.174000000000000000e+03
2.400000000000000000e+05 9.278000000000000000e+03
2.420000000000000000e+05 9.068000000000000000e+03
2.440000000000000000e+05 9.193000000000000000e+03
2.460000000000000000e+05 9.023000000000000000e+03
2.480000000000000000e+05 9.325000000000000000e+03
2.500000000000000000e+05 9.187000000000000000e+03
2.520000000000000000e+05 9.131000000000000000e+03
2.540000000000000000e+05 9.042000000000000000e+03
2.560000000000000000e+05 9.128000000000000000e+03
2.580000000000000000e+05 8.878000000000000000e+03
2.600000000000000000e+05 8.868000000000000000e+03
2.620000000000000000e+05 8.864000000000000000e+03
2.640000000000000000e+05 8.781000000000000000e+03
2.660000000000000000e+05 8.770000000000000000e+03
2.680000000000000000e+05 8.747000000000000000e+03
2.700000000000000000e+05 8.384000000000000000e+03
2.720000000000000000e+05 8.420000000000000000e+03
2.740000000000000000e+05 8.155000000000000000e+03
2.760000000000000000e+05 8.202000000000000000e+03
2.780000000000000000e+05 8.058000000000000000e+03
2.800000000000000000e+05 7.701000000000000000e+03
2.820000000000000000e+05 7.603000000000000000e+03
2.840000000000000000e+05 7.525000000000000000e+03
2.860000000000000000e+05 7.390000000000000000e+03
2.880000000000000000e+05 7.252000000000000000e+03
2.900000000000000000e+05 6.962000000000000000e+03
2.920000000000000000e+05 6.711000000000000000e+03
2.940000000000000000e+05 6.501000000000000000e+03
2.960000000000000000e+05 6.417000000000000000e+03
2.980000000000000000e+05 6.136000000000000000e+03
3.000000000000000000e+05 5.836000000000000000e+03
3.020000000000000000e+05 5.872000000000000000e+03
3.040000000000000000e+05 5.559000000000000000e+03
3.060000000000000000e+05 5.332000000000000000e+03
3.080000000000000000e+05 5.094000000000000000e+03
3.100000000000000000e+05 4.728000000000000000e+03
3.120000000000000000e+05 4.606000000000000000e+03
3.140000000000000000e+05 4.381000000000000000e+03
3.160000000000000000e+05 4.075000000000000000e+03
3.180000000000000000e+05 4.078000000000000000e+03
3.200000000000000000e+05 3.870000000000000000e+03
3.220000000000000000e+05 3.749000000000000000e+03
3.240000000000000000e+05 3.526000000000000000e+03
3.260000000000000000e+05 3.427000000000000000e+03
3.280000000000000000e+05 3.338000000000000000e+03
3.300000000000000000e+05 3.143000000000000000e+03
3.320000000000000000e+05 3.143000000000000000e+03
3.340000000000000000e+05 3.090000000000000000e+03
3.360000000000000000e+05 3.101000000000000000e+03
3.380000000000000000e+05 3.064000000000000000e+03
3.400000000000000000e+05 2.983000000000000000e+03
3.420000000000000000e+05 3.033000000000000000e+03
3.440000000000000000e+05 3.114000000000000000e+03
3.460000000000000000e+05 3.134000000000000000e+03
3.480000000000000000e+05 3.282000000000000000e+03
3.500000000000000000e+05 3.419000000000000000e+03
3.520000000000000000e+05 3.374000000000000000e+03
3.540000000000000000e+05 3.630000000000000000e+03
3.560000000000000000e+05 3.696000000000000000e+03
3.580000000000000000e+05 3.946000000000000000e+03
3.600000000000000000e+05 4.103000000000000000e+03
3.620000000000000000e+05 4.218000000000000000e+03
3.640000000000000000e+05 4.406000000000000000e+03
3.660000000000000000e+05 4.754000000000000000e+03
3.680000000000000000e+05 4.733000000000000000e+03
3.700000000000000000e+05 5.057000000000000000e+03
3.720000000000000000e+05 5.349000000000000000e+03
3.740000000000000000e+05 5.735000000000000000e+03
3.760000000000000000e+05 5.924000000000000000e+03
3.780000000000000000e+05 6.069000000000000000e+03
3.800000000000000000e+05 6.311000000000000000e+03
3.820000000000000000e+05 6.534000000000000000e+03
3.840000000000000000e+05 6.684000000000000000e+03
3.860000000000000000e+05 6.790000000000000000e+03
3.880000000000000000e+05 7.196000000000000000e+03
3.900000000000000000e+05 7.234000000000000000e+03
3.920000000000000000e+05 7.550000000000000000e+03
3.940000000000000000e+05 7.579000000000000000e+03
3.960000000000000000e+05 7.887000000000000000e+03
3.980000000000000000e+05 7.984000000000000000e+03
