0.000000000000000000e+00 5.854000000000000000e+03
5.000000000000000000e+02 6.029000000000000000e+03
1.000000000000000000e+03 6.229000000000000000e+03
1.500000000000000000e+03 6.245000000000000000e+03
2.000000000000000000e+03 6.400000000000000000e+03
2.500000000000000000e+03 6.295000000000000000e+03
3.000000000000000000e+03 6.394000000000000000e+03
3.500000000000000000e+03 6.503000000000000000e+03
4.000000000000000000e+03 6.455000000000000000e+03
4.500000000000000000e+03 6.590000000000000000e+03
5.000000000000000000e+03 6.568000000000000000e+03
5.500000000000000000e+03 6.674000000000000000e+03
6.000000000000000000e+03 6.699000000000000000e+03
6.500000000000000000e+03 6.764000000000000000e+03
7.000000000000000000e+03 6.766000000000000000e+03
7.500000000000000000e+03 6.822000000000000000e+03
8.000000000000000000e+03 6.998000000000000000e+03
8.500000000000000000e+03 6.695000000000000000e+03
9.000000000000000000e+03 6.724000000000000000e+03
9.500000000000000000e+03 6.828000000000000000e+03
1.000000000000000000e+04 6.756000000000000000e+03
1.050000000000000000e+04 6.637000000000000000e+03
1.100000000000000000e+04 6.899000000000000000e+03
1.150000000000000000e+04 6.902000000000000000e+03
1.200000000000000000e+04 6.848000000000000000e+03
1.250000000000000000e+04 6.732000000000000000e+03
1.300000000000000000e+04 6.644000000000000000e+03
1.350000000000000000e+04 6.703000000000000000e+03
1.400000000000000000e+04 6.539000000000000000e+03
1.450000000000000000e+04 6.574000000000000000e+03
1.500000000000000000e+04 6.556000000000000000e+03
1.550000000000000000e+04 6.598000000000000000e+03
1.600000000000000000e+04 6.561000000000000000e+03
1.650000000000000000e+04 6.389000000000000000e+03
1.700000000000000000e+04 6.320000000000000000e+03
1.750000000000000000e+04 6.311000000000000000e+03
1.800000000000000000e+04 6.210000000000000000e+03
1.850000000000000000e+04 6.126000000000000000e+03
1.900000000000000000e+04 5.941000000000000000e+03
1.950000000000000000e+04 5.917000000000000000e+03
2.000000000000000000e+04 5.729000000000000000e+03
2.050000000000000000e+04 5.627000000000000000e+03
2.100000000000000000e+04 5.558000000000000000e+03
2.150000000000000000e+04 5.470000000000000000e+03
2.200000000000000000e+04 5.305000000000000000e+03
2.250000000000000000e+04 5.074000000000000000e+03
2.300000000000000000e+04 5.092000000000000000e+03
2.350000000000000000e+04 5.042000000000000000e+03
2.400000000000000000e+04 4.743000000000000000e+03
2.450000000000000000e+04 4.557000000000000000e+03
2.500000000000000000e+04 4.368000000000000000e+03
2.550000000000000000e+04 4.263000000000000000e+03
2.600000000000000000e+04 4.244000000000000000e+03
2.650000000000000000e+04 3.916000000000000000e+03
2.700000000000000000e+04 3.824000000000000000e+03
2.750000000000000000e+04 3.655000000000000000e+03
2.800000000000000000e+04 3.432000000000000000e+03
2.850000000000000000e+04 3.359000000000000000e+03
2.900000000000000000e+04 3.144000000000000000e+03
2.950000000000000000e+04 3.135000000000000000e+03
3.000000000000000000e+04 2.950000000000000000e+03
3.050000000000000000e+04 2.864000000000000000e+03
3.100000000000000000e+04 2.710000000000000000e+03
3.150000000000000000e+04 2.667000000000000000e+03
3.200000000000000000e+04 2.516000000000000000e+03
3.250000000000000000e+04 2.484000000000000000e+03
3.300000000000000000e+04 2.489000000000000000e+03
3.350000000000000000e+04 2.401000000000000000e+03
3.400000000000000000e+04 2.302000000000000000e+03
3.450000000000000000e+04 2.384000000000000000e+03
3.500000000000000000e+04 2.278000000000000000e+03
3.550000000000000000e+04 2.274000000000000000e+03
3.600000000000000000e+04 2.325000000000000000e+03
3.650000000000000000e+04 2.315000000000000000e+03
3.700000000000000000e+04 2.471000000000000000e+03
3.750000000000000000e+04 2.515000000000000000e+03
3.800000000000000000e+04 2.582000000000000000e+03
3.850000000000000000e+04 2.668000000000000000e+03
3.900000000000000000e+04 2.773000000000000000e+03
3.950000000000000000e+04 3.006000000000000000e+03
4.000000000000000000e+04 3.136000000000000000e+03
4.050000000000000000e+04 3.163000000000000000e+03
4.100000000000000000e+04 3.383000000000000000e+03
4.150000000000000000e+04 3.548000000000000000e+03
4.200000000000000000e+04 3.637000000000000000e+03
4.250000000000000000e+04 3.833000000000000000e+03
4.300000000000000000e+04 3.969000000000000000e+03
4.350000000000000000e+04 4.161000000000000000e+03
4.400000000000000000e+04 4.446000000000000000e+03
4.450000000000000000e+04 4.443000000000000000e+03
4.500000000000000000e+04 4.651000000000000000e+03
4.550000000000000000e+04 4.799000000000000000e+03
4.600000000000000000e+04 5.104000000000000000e+03
4.650000000000000000e+04 5.200000000000000000e+03
4.700000000000000000e+04 5.192000000000000000e+03
4.750000000000000000e+04 5.395000000000000000e+03
4.800000000000000000e+04 5.524000000000000000e+03
4.850000000000000000e+04 5.637000000000000000e+03
4.900000000000000000e+04 5.684000000000000000e+03
4.950000000000000000e+04 5.906000000000000000e+03
5.000000000000000000e+04 5.934000000000000000e+03
5.050000000000000000e+04 5.905000000000000000e+03
5.100000000000000000e+04 6.168000000000000000e+03
5.150000000000000000e+04 6.350000000000000000e+03
5.200000000000000000e+04 6.143000000000000000e+03
5.250000000000000000e+04 6.499000000000000000e+03
5.300000000000000000e+04 6.370000000000000000e+03
5.350000000000000000e+04 6.583000000000000000e+03
5.400000000000000000e+04 6.422000000000000000e+03
5.450000000000000000e+04 6.631000000000000000e+03
5.500000000000000000e+04 6.656000000000000000e+03
5.550000000000000000e+04 6.691000000000000000e+03
5.600000000000000000e+04 6.560000000000000000e+03
5.650000000000000000e+04 6.713000000000000000e+03
5.700000000000000000e+04 6.645000000000000000e+03
5.750000000000000000e+04 7.105000000000000000e+03
5.800000000000000000e+04 6.701000000000000000e+03
5.850000000000000000e+04 6.830000000000000000e+03
5.900000000000000000e+04 6.708000000000000000e+03
5.950000000000000000e+04 6.752000000000000000e+03
6.000000000000000000e+04 6.742000000000000000e+03
6.050000000000000000e+04 6.758000000000000000e+03
6.100000000000000000e+04 6.839000000000000000e+03
6.150000000000000000e+04 6.864000000000000000e+03
6.200000000000000000e+04 6.813000000000000000e+03
6.250000000000000000e+04 6.830000000000000000e+03
6.300000000000000000e+04 6.708000000000000000e+03
6.350000000000000000e+04 6.721000000000000000e+03
6.400000000000000000e+04 6.717000000000000000e+03
6.450000000000000000e+04 6.594000000000000000e+03
6.500000000000000000e+04 6.475000000000000000e+03
6.550000000000000000e+04 6.630000000000000000e+03
6.600000000000000000e+04 6.524000000000000000e+03
6.650000000000000000e+04 6.428000000000000000e+03
6.700000000000000000e+04 6.376000000000000000e+03
6.750000000000000000e+04 6.399000000000000000e+03
6.800000000000000000e+04 6.307000000000000000e+03
6.850000000000000000e+04 6.137000000000000000e+03
6.900000000000000000e+04 6.021000000000000000e+03
6.950000000000000000e+04 5.936000000000000000e+03
7.000000000000000000e+04 5.786000000000000000e+03
7.050000000000000000e+04 5.674000000000000000e+03
7.100000000000000000e+04 5.450000000000000000e+03
7.150000000000000000e+04 5.383000000000000000e+03
7.200000000000000000e+04 5.307000000000000000e+03
7.250000000000000000e+04 5.251000000000000000e+03
7.300000000000000000e+04 4.956000000000000000e+03
7.350000000000000000e+04 4.852000000000000000e+03
7.400000000000000000e+04 4.664000000000000000e+03
7.450000000000000000e+04 4.507000000000000000e+03
7.500000000000000000e+04 4.356000000000000000e+03
7.550000000000000000e+04 4.300000000000000000e+03
7.600000000000000000e+04 4.081000000000000000e+03
7.650000000000000000e+04 3.927000000000000000e+03
7.700000000000000000e+04 3.646000000000000000e+03
7.750000000000000000e+04 3.585000000000000000e+03
7.800000000000000000e+04 3.420000000000000000e+03
7.850000000000000000e+04 3.390000000000000000e+03
7.900000000000000000e+04 3.174000000000000000e+03
7.950000000000000000e+04 3.037000000000000000e+03
8.000000000000000000e+04 2.978000000000000000e+03
8.050000000000000000e+04 2.779000000000000000e+03
8.100000000000000000e+04 2.630000000000000000e+03
8.150000000000000000e+04 2.592000000000000000e+03
8.200000000000000000e+04 2.477000000000000000e+03
8.250000000000000000e+04 2.508000000000000000e+03
8.300000000000000000e+04 2.403000000000000000e+03
8.350000000000000000e+04 2.349000000000000000e+03
8.400000000000000000e+04 2.340000000000000000e+03
8.450000000000000000e+04 2.244000000000000000e+03
8.500000000000000000e+04 2.246000000000000000e+03
8.550000000000000000e+04 2.285000000000000000e+03
8.600000000000000000e+04 2.307000000000000000e+03
8.650000000000000000e+04 2.384000000000000000e+03
8.700000000000000000e+04 2.387000000000000000e+03
8.750000000000000000e+04 2.449000000000000000e+03
8.800000000000000000e+04 2.540000000000000000e+03
8.850000000000000000e+04 2.637000000000000000e+03
8.900000000000000000e+04 2.903000000000000000e+03
8.950000000000000000e+04 2.955000000000000000e+03
9.000000000000000000e+04 3.089000000000000000e+03
9.050000000000000000e+04 3.159000000000000000e+03
9.100000000000000000e+04 3.186000000000000000e+03
9.150000000000000000e+04 3.441000000000000000e+03
9.200000000000000000e+04 3.620000000000000000e+03
9.250000000000000000e+04 3.862000000000000000e+03
9.300000000000000000e+04 4.059000000000000000e+03
9.350000000000000000e+04 4.168000000000000000e+03
9.400000000000000000e+04 4.316000000000000000e+03
9.450000000000000000e+04 4.567000000000000000e+03
9.500000000000000000e+04 4.659000000000000000e+03
9.550000000000000000e+04 4.831000000000000000e+03
9.600000000000000000e+04 5.029000000000000000e+03
9.650000000000000000e+04 5.011000000000000000e+03
9.700000000000000000e+04 5.153000000000000000e+03
9.750000000000000000e+04 5.429000000000000000e+03
9.800000000000000000e+04 5.661000000000000000e+03
9.850000000000000000e+04 5.690000000000000000e+03
9.900000000000000000e+04 5.810000000000000000e+03
9.950000000000000000e+04 5.845000000000000000e+03
