0.000000000000000000e+00 1.561400000000000000e+04
3.333000000000000000e+03 1.604500000000000000e+04
6.666000000000000000e+03 1.625200000000000000e+04
9.999000000000000000e+03 1.649200000000000000e+04
1.333200000000000000e+04 1.683100000000000000e+04
1.666500000000000000e+04 1.695100000000000000e+04
1.999800000000000000e+04 1.719800000000000000e+04
2.333100000000000000e+04 1.735200000000000000e+04
2.666400000000000000e+04 1.742300000000000000e+04
2.999700000000000000e+04 1.793700000000000000e+04
3.333000000000000000e+04 1.795500000000000000e+04
3.666300000000000000e+04 1.789600000000000000e+04
3.999600000000000000e+04 1.797900000000000000e+04
4.332900000000000000e+04 1.791700000000000000e+04
4.666200000000000000e+04 1.793300000000000000e+04
4.999500000000000000e+04 1.811600000000000000e+04
5.332800000000000000e+04 1.811700000000000000e+04
5.666100000000000000e+04 1.794500000000000000e+04
5.999400000000000000e+04 1.811500000000000000e+04
6.332700000000000000e+04 1.822100000000000000e+04
6.666000000000000000e+04 1.818900000000000000e+04
6.999300000000000000e+04 1.827100000000000000e+04
7.332600000000000000e+04 1.809100000000000000e+04
7.665900000000000000e+04 1.846000000000000000e+04
7.999200000000000000e+04 1.792800000000000000e+04
8.332500000000000000e+04 1.791600000000000000e+04
8.665800000000000000e+04 1.796800000000000000e+04
8.999100000000000000e+04 1.793500000000000000e+04
9.332400000000000000e+04 1.786500000000000000e+04
9.665700000000000000e+04 1.763500000000000000e+04
9.999000000000000000e+04 1.737500000000000000e+04
1.033230000000000000e+05 1.735300000000000000e+04
1.066560000000000000e+05 1.695200000000000000e+04
1.099890000000000000e+05 1.682400000000000000e+04
1.133220000000000000e+05 1.684200000000000000e+04
1.166550000000000000e+05 1.658900000000000000e+04
1.199880000000000000e+05 1.652700000000000000e+04
1.233210000000000000e+05 1.609300000000000000e+04
1.266540000000000000e+05 1.576100000000000000e+04
1.299870000000000000e+05 1.560800000000000000e+04
1.333200000000000000e+05 1.533700000000000000e+04
1.366530000000000000e+05 1.516200000000000000e+04
1.399860000000000000e+05 1.466300000000000000e+04
1.433190000000000000e+05 1.445700000000000000e+04
1.466520000000000000e+05 1.425900000000000000e+04
1.499850000000000000e+05 1.375500000000000000e+04
1.533180000000000000e+05 1.326400000000000000e+04
1.566510000000000000e+05 1.307900000000000000e+04
1.599840000000000000e+05 1.240400000000000000e+04
1.633170000000000000e+05 1.210000000000000000e+04
1.666500000000000000e+05 1.170400000000000000e+04
1.699830000000000000e+05 1.124500000000000000e+04
1.733160000000000000e+05 1.084300000000000000e+04
1.766490000000000000e+05 1.020000000000000000e+04
1.799820000000000000e+05 9.985000000000000000e+03
1.833150000000000000e+05 9.566000000000000000e+03
1.866480000000000000e+05 9.260000000000000000e+03
1.899810000000000000e+05 8.812000000000000000e+03
1.933140000000000000e+05 8.269000000000000000e+03
1.966470000000000000e+05 7.828000000000000000e+03
1.999800000000000000e+05 7.619000000000000000e+03
2.033130000000000000e+05 7.427000000000000000e+03
2.066460000000000000e+05 6.906000000000000000e+03
2.099790000000000000e+05 6.771000000000000000e+03
2.133120000000000000e+05 6.643000000000000000e+03
2.166450000000000000e+05 6.495000000000000000e+03
2.199780000000000000e+05 6.215000000000000000e+03
2.233110000000000000e+05 6.227000000000000000e+03
2.266440000000000000e+05 6.158000000000000000e+03
2.299770000000000000e+05 5.957000000000000000e+03
2.333100000000000000e+05 5.965000000000000000e+03
2.366430000000000000e+05 6.012000000000000000e+03
2.399760000000000000e+05 6.157000000000000000e+03
2.433090000000000000e+05 6.433000000000000000e+03
2.466420000000000000e+05 6.518000000000000000e+03
2.499750000000000000e+05 6.765000000000000000e+03
2.533080000000000000e+05 6.904000000000000000e+03
2.566410000000000000e+05 7.290000000000000000e+03
2.599740000000000000e+05 7.642000000000000000e+03
2.633070000000000000e+05 7.888000000000000000e+03
2.666400000000000000e+05 8.313000000000000000e+03
2.699730000000000000e+05 8.448000000000000000e+03
2.733060000000000000e+05 8.987000000000000000e+03
2.766390000000000000e+05 9.187000000000000000e+03
2.799720000000000000e+05 9.805000000000000000e+03
2.833050000000000000e+05 1.022300000000000000e+04
2.866380000000000000e+05 1.049800000000000000e+04
2.899710000000000000e+05 1.115400000000000000e+04
2.933040000000000000e+05 1.154100000000000000e+04
2.966370000000000000e+05 1.196100000000000000e+04
2.999700000000000000e+05 1.251600000000000000e+04
3.033030000000000000e+05 1.280700000000000000e+04
3.066360000000000000e+05 1.321900000000000000e+04
3.099690000000000000e+05 1.351100000000000000e+04
3.133020000000000000e+05 1.399800000000000000e+04
3.166350000000000000e+05 1.448500000000000000e+04
3.199680000000000000e+05 1.482400000000000000e+04
3.233010000000000000e+05 1.517000000000000000e+04
3.266340000000000000e+05 1.529600000000000000e+04
3.299670000000000000e+05 1.569200000000000000e+04
3.333000000000000000e+05 1.589000000000000000e+04
3.366330000000000000e+05 1.618600000000000000e+04
3.399660000000000000e+05 1.631300000000000000e+04
3.432990000000000000e+05 1.679700000000000000e+04
3.466320000000000000e+05 1.677200000000000000e+04
3.499650000000000000e+05 1.707800000000000000e+04
3.532980000000000000e+05 1.728800000000000000e+04
3.566310000000000000e+05 1.761600000000000000e+04
3.599640000000000000e+05 1.758400000000000000e+04
3.632970000000000000e+05 1.763900000000000000e+04
3.666300000000000000e+05 1.762400000000000000e+04
3.699630000000000000e+05 1.807300000000000000e+04
3.732960000000000000e+05 1.780700000000000000e+04
3.766290000000000000e+05 1.771500000000000000e+04
3.799620000000000000e+05 1.795400000000000000e+04
3.832950000000000000e+05 1.830500000000000000e+04
3.866280000000000000e+05 1.838300000000000000e+04
3.899610000000000000e+05 1.852200000000000000e+04
3.932940000000000000e+05 1.822800000000000000e+04
3.966270000000000000e+05 1.824400000000000000e+04
3.999600000000000000e+05 1.841300000000000000e+04
4.032930000000000000e+05 1.810300000000000000e+04
4.066260000000000000e+05 1.821000000000000000e+04
4.099590000000000000e+05 1.827300000000000000e+04
4.132920000000000000e+05 1.827800000000000000e+04
4.166250000000000000e+05 1.808600000000000000e+04
4.199580000000000000e+05 1.819100000000000000e+04
4.232910000000000000e+05 1.783400000000000000e+04
4.266240000000000000e+05 1.791300000000000000e+04
4.299570000000000000e+05 1.773800000000000000e+04
4.332900000000000000e+05 1.752000000000000000e+04
4.366230000000000000e+05 1.727700000000000000e+04
4.399560000000000000e+05 1.713000000000000000e+04
4.432890000000000000e+05 1.720200000000000000e+04
4.466220000000000000e+05 1.704700000000000000e+04
4.499550000000000000e+05 1.665000000000000000e+04
4.532880000000000000e+05 1.652400000000000000e+04
4.566210000000000000e+05 1.613800000000000000e+04
4.599540000000000000e+05 1.605300000000000000e+04
4.632870000000000000e+05 1.554000000000000000e+04
4.666200000000000000e+05 1.525300000000000000e+04
4.699530000000000000e+05 1.527400000000000000e+04
4.732860000000000000e+05 1.483200000000000000e+04
4.766190000000000000e+05 1.459300000000000000e+04
4.799520000000000000e+05 1.411500000000000000e+04
4.832850000000000000e+05 1.354300000000000000e+04
4.866180000000000000e+05 1.333600000000000000e+04
4.899510000000000000e+05 1.253900000000000000e+04
4.932840000000000000e+05 1.227500000000000000e+04
4.966170000000000000e+05 1.180600000000000000e+04
4.999500000000000000e+05 1.153600000000000000e+04
5.032830000000000000e+05 1.133200000000000000e+04
5.066160000000000000e+05 1.087200000000000000e+04
5.099490000000000000e+05 1.026000000000000000e+04
5.132820000000000000e+05 9.974000000000000000e+03
5.166150000000000000e+05 9.296000000000000000e+03
5.199480000000000000e+05 9.167000000000000000e+03
5.232810000000000000e+05 8.575000000000000000e+03
5.266140000000000000e+05 8.547000000000000000e+03
5.299470000000000000e+05 8.155000000000000000e+03
5.332800000000000000e+05 7.648000000000000000e+03
5.366130000000000000e+05 7.432000000000000000e+03
5.399460000000000000e+05 7.036000000000000000e+03
5.432790000000000000e+05 6.855000000000000000e+03
5.466120000000000000e+05 6.635000000000000000e+03
5.499450000000000000e+05 6.300000000000000000e+03
5.532780000000000000e+05 6.304000000000000000e+03
5.566110000000000000e+05 6.232000000000000000e+03
5.599440000000000000e+05 5.901000000000000000e+03
5.632770000000000000e+05 5.924000000000000000e+03
5.666100000000000000e+05 6.060000000000000000e+03
5.699430000000000000e+05 6.086000000000000000e+03
5.732760000000000000e+05 6.229000000000000000e+03
5.766090000000000000e+05 6.233000000000000000e+03
5.799420000000000000e+05 6.458000000000000000e+03
5.832750000000000000e+05 6.702000000000000000e+03
5.866080000000000000e+05 6.992000000000000000e+03
5.899410000000000000e+05 7.069000000000000000e+03
5.932740000000000000e+05 7.448000000000000000e+03
5.966070000000000000e+05 7.841000000000000000e+03
5.999400000000000000e+05 8.219000000000000000e+03
6.032730000000000000e+05 8.490000000000000000e+03
6.066060000000000000e+05 8.961000000000000000e+03
6.099390000000000000e+05 9.360000000000000000e+03
6.132720000000000000e+05 9.704000000000000000e+03
6.166050000000000000e+05 1.020600000000000000e+04
6.199380000000000000e+05 1.039100000000000000e+04
6.232710000000000000e+05 1.094700000000000000e+04
6.266040000000000000e+05 1.124300000000000000e+04
6.299370000000000000e+05 1.194300000000000000e+04
6.332700000000000000e+05 1.226600000000000000e+04
6.366030000000000000e+05 1.287200000000000000e+04
6.399360000000000000e+05 1.308900000000000000e+04
6.432690000000000000e+05 1.366600000000000000e+04
6.466020000000000000e+05 1.407700000000000000e+04
6.499350000000000000e+05 1.436600000000000000e+04
6.532680000000000000e+05 1.446000000000000000e+04
6.566010000000000000e+05 1.509000000000000000e+04
6.599340000000000000e+05 1.539500000000000000e+04
6.632670000000000000e+05 1.547100000000000000e+04
