0.000000000000000000e+00 7.671000000000000000e+03
5.000000000000000000e+01 8.006000000000000000e+03
1.000000000000000000e+02 7.814000000000000000e+03
1.500000000000000000e+02 8.093000000000000000e+03
2.000000000000000000e+02 8.398000000000000000e+03
2.500000000000000000e+02 8.658000000000000000e+03
3.000000000000000000e+02 8.740000000000000000e+03
3.500000000000000000e+02 8.925000000000000000e+03
4.000000000000000000e+02 9.004000000000000000e+03
4.500000000000000000e+02 9.134000000000000000e+03
5.000000000000000000e+02 9.182000000000000000e+03
5.500000000000000000e+02 9.268000000000000000e+03
6.000000000000000000e+02 9.332000000000000000e+03
6.500000000000000000e+02 9.431000000000000000e+03
7.000000000000000000e+02 9.447000000000000000e+03
7.500000000000000000e+02 9.606000000000000000e+03
8.000000000000000000e+02 9.620000000000000000e+03
8.500000000000000000e+02 9.633000000000000000e+03
9.000000000000000000e+02 9.541000000000000000e+03
9.500000000000000000e+02 9.634000000000000000e+03
1.000000000000000000e+03 9.501000000000000000e+03
1.050000000000000000e+03 9.632000000000000000e+03
1.100000000000000000e+03 9.524000000000000000e+03
1.150000000000000000e+03 9.804000000000000000e+03
1.200000000000000000e+03 9.681000000000000000e+03
1.250000000000000000e+03 9.634000000000000000e+03
1.300000000000000000e+03 9.428000000000000000e+03
1.350000000000000000e+03 9.476000000000000000e+03
1.400000000000000000e+03 9.381000000000000000e+03
1.450000000000000000e+03 9.296000000000000000e+03
1.500000000000000000e+03 9.263000000000000000e+03
1.550000000000000000e+03 9.237000000000000000e+03
1.600000000000000000e+03 9.340000000000000000e+03
1.650000000000000000e+03 9.166000000000000000e+03
1.700000000000000000e+03 9.025000000000000000e+03
1.750000000000000000e+03 8.833000000000000000e+03
1.800000000000000000e+03 8.890000000000000000e+03
1.850000000000000000e+03 8.693000000000000000e+03
1.900000000000000000e+03 8.450000000000000000e+03
1.950000000000000000e+03 8.569000000000000000e+03
2.000000000000000000e+03 8.271000000000000000e+03
2.050000000000000000e+03 7.962000000000000000e+03
2.100000000000000000e+03 7.913000000000000000e+03
2.150000000000000000e+03 7.758000000000000000e+03
2.200000000000000000e+03 7.589000000000000000e+03
2.250000000000000000e+03 7.500000000000000000e+03
2.300000000000000000e+03 7.121000000000000000e+03
2.350000000000000000e+03 6.940000000000000000e+03
2.400000000000000000e+03 6.782000000000000000e+03
2.450000000000000000e+03 6.776000000000000000e+03
2.500000000000000000e+03 6.447000000000000000e+03
2.550000000000000000e+03 6.279000000000000000e+03
2.600000000000000000e+03 5.980000000000000000e+03
2.650000000000000000e+03 5.755000000000000000e+03
2.700000000000000000e+03 5.524000000000000000e+03
2.750000000000000000e+03 5.244000000000000000e+03
2.800000000000000000e+03 5.308000000000000000e+03
2.850000000000000000e+03 5.042000000000000000e+03
2.900000000000000000e+03 4.746000000000000000e+03
2.950000000000000000e+03 4.533000000000000000e+03
3.000000000000000000e+03 4.350000000000000000e+03
3.050000000000000000e+03 4.209000000000000000e+03
3.100000000000000000e+03 4.124000000000000000e+03
3.150000000000000000e+03 3.894000000000000000e+03
3.200000000000000000e+03 3.821000000000000000e+03
3.250000000000000000e+03 3.631000000000000000e+03
3.300000000000000000e+03 3.471000000000000000e+03
3.350000000000000000e+03 3.460000000000000000e+03
3.400000000000000000e+03 3.375000000000000000e+03
3.450000000000000000e+03 3.264000000000000000e+03
3.500000000000000000e+03 3.216000000000000000e+03
3.550000000000000000e+03 3.093000000000000000e+03
3.600000000000000000e+03 3.176000000000000000e+03
3.650000000000000000e+03 3.129000000000000000e+03
3.700000000000000000e+03 3.041000000000000000e+03
3.750000000000000000e+03 3.157000000000000000e+03
3.800000000000000000e+03 3.000000000000000000e+03
3.850000000000000000e+03 3.212000000000000000e+03
3.900000000000000000e+03 3.159000000000000000e+03
3.950000000000000000e+03 3.309000000000000000e+03
4.000000000000000000e+03 3.395000000000000000e+03
4.050000000000000000e+03 3.590000000000000000e+03
4.100000000000000000e+03 3.728000000000000000e+03
4.150000000000000000e+03 3.835000000000000000e+03
4.200000000000000000e+03 4.123000000000000000e+03
4.250000000000000000e+03 4.161000000000000000e+03
4.300000000000000000e+03 4.439000000000000000e+03
4.350000000000000000e+03 4.525000000000000000e+03
4.400000000000000000e+03 4.908000000000000000e+03
4.450000000000000000e+03 5.069000000000000000e+03
4.500000000000000000e+03 5.402000000000000000e+03
4.550000000000000000e+03 5.590000000000000000e+03
4.600000000000000000e+03 5.848000000000000000e+03
4.650000000000000000e+03 6.154000000000000000e+03
4.700000000000000000e+03 6.378000000000000000e+03
4.750000000000000000e+03 6.703000000000000000e+03
4.800000000000000000e+03 6.803000000000000000e+03
4.850000000000000000e+03 6.997000000000000000e+03
4.900000000000000000e+03 7.413000000000000000e+03
4.950000000000000000e+03 7.677000000000000000e+03
5.000000000000000000e+03 8.042000000000000000e+03
5.050000000000000000e+03 7.911000000000000000e+03
5.100000000000000000e+03 8.076000000000000000e+03
5.150000000000000000e+03 8.160000000000000000e+03
5.200000000000000000e+03 8.251000000000000000e+03
5.250000000000000000e+03 8.459000000000000000e+03
5.300000000000000000e+03 8.645000000000000000e+03
5.350000000000000000e+03 8.743000000000000000e+03
5.400000000000000000e+03 8.921000000000000000e+03
5.450000000000000000e+03 8.793000000000000000e+03
5.500000000000000000e+03 9.083000000000000000e+03
5.550000000000000000e+03 9.246000000000000000e+03
5.600000000000000000e+03 9.260000000000000000e+03
5.650000000000000000e+03 9.596000000000000000e+03
5.700000000000000000e+03 9.416000000000000000e+03
5.750000000000000000e+03 9.355000000000000000e+03
5.800000000000000000e+03 9.459000000000000000e+03
5.850000000000000000e+03 9.539000000000000000e+03
5.900000000000000000e+03 9.564000000000000000e+03
5.950000000000000000e+03 9.599000000000000000e+03
6.000000000000000000e+03 9.627000000000000000e+03
6.050000000000000000e+03 9.621000000000000000e+03
6.100000000000000000e+03 9.634000000000000000e+03
6.150000000000000000e+03 9.578000000000000000e+03
6.200000000000000000e+03 9.435000000000000000e+03
6.250000000000000000e+03 9.400000000000000000e+03
6.300000000000000000e+03 9.569000000000000000e+03
6.350000000000000000e+03 9.349000000000000000e+03
6.400000000000000000e+03 9.643000000000000000e+03
6.450000000000000000e+03 9.460000000000000000e+03
6.500000000000000000e+03 9.373000000000000000e+03
6.550000000000000000e+03 9.381000000000000000e+03
6.600000000000000000e+03 9.277000000000000000e+03
6.650000000000000000e+03 9.066000000000000000e+03
6.700000000000000000e+03 9.106000000000000000e+03
6.750000000000000000e+03 8.929000000000000000e+03
6.800000000000000000e+03 8.708000000000000000e+03
6.850000000000000000e+03 8.505000000000000000e+03
6.900000000000000000e+03 8.460000000000000000e+03
6.950000000000000000e+03 8.342000000000000000e+03
7.000000000000000000e+03 8.417000000000000000e+03
7.050000000000000000e+03 8.228000000000000000e+03
7.100000000000000000e+03 7.932000000000000000e+03
7.150000000000000000e+03 7.830000000000000000e+03
7.200000000000000000e+03 7.577000000000000000e+03
7.250000000000000000e+03 7.300000000000000000e+03
7.300000000000000000e+03 7.260000000000000000e+03
7.350000000000000000e+03 7.090000000000000000e+03
7.400000000000000000e+03 6.940000000000000000e+03
7.450000000000000000e+03 6.739000000000000000e+03
7.500000000000000000e+03 6.565000000000000000e+03
7.550000000000000000e+03 6.255000000000000000e+03
7.600000000000000000e+03 5.915000000000000000e+03
7.650000000000000000e+03 5.835000000000000000e+03
7.700000000000000000e+03 5.708000000000000000e+03
7.750000000000000000e+03 5.279000000000000000e+03
7.800000000000000000e+03 5.155000000000000000e+03
7.850000000000000000e+03 5.042000000000000000e+03
7.900000000000000000e+03 4.802000000000000000e+03
7.950000000000000000e+03 4.535000000000000000e+03
8.000000000000000000e+03 4.451000000000000000e+03
8.050000000000000000e+03 4.281000000000000000e+03
8.100000000000000000e+03 4.112000000000000000e+03
8.150000000000000000e+03 3.970000000000000000e+03
8.200000000000000000e+03 3.725000000000000000e+03
8.250000000000000000e+03 3.721000000000000000e+03
8.300000000000000000e+03 3.606000000000000000e+03
8.350000000000000000e+03 3.434000000000000000e+03
8.400000000000000000e+03 3.307000000000000000e+03
8.450000000000000000e+03 3.347000000000000000e+03
8.500000000000000000e+03 3.268000000000000000e+03
8.550000000000000000e+03 3.070000000000000000e+03
8.600000000000000000e+03 3.094000000000000000e+03
8.650000000000000000e+03 3.010000000000000000e+03
8.700000000000000000e+03 3.073000000000000000e+03
8.750000000000000000e+03 3.115000000000000000e+03
8.800000000000000000e+03 3.130000000000000000e+03
8.850000000000000000e+03 3.076000000000000000e+03
8.900000000000000000e+03 3.272000000000000000e+03
8.950000000000000000e+03 3.259000000000000000e+03
9.000000000000000000e+03 3.425000000000000000e+03
9.050000000000000000e+03 3.550000000000000000e+03
9.100000000000000000e+03 3.712000000000000000e+03
9.150000000000000000e+03 3.840000000000000000e+03
9.200000000000000000e+03 4.033000000000000000e+03
9.250000000000000000e+03 4.270000000000000000e+03
9.300000000000000000e+03 4.482000000000000000e+03
9.350000000000000000e+03 4.587000000000000000e+03
9.400000000000000000e+03 4.911000000000000000e+03
9.450000000000000000e+03 5.122000000000000000e+03
9.500000000000000000e+03 5.394000000000000000e+03
9.550000000000000000e+03 5.601000000000000000e+03
9.600000000000000000e+03 5.976000000000000000e+03
9.650000000000000000e+03 6.171000000000000000e+03
9.700000000000000000e+03 6.375000000000000000e+03
9.750000000000000000e+03 6.553000000000000000e+03
9.800000000000000000e+03 6.948000000000000000e+03
9.850000000000000000e+03 7.358000000000000000e+03
9.900000000000000000e+03 7.221000000000000000e+03
9.950000000000000000e+03 7.318000000000000000e+03
