0.000000000000000000e+00 2.804000000000000000e+03
1.400000000000000000e+01 2.986000000000000000e+03
2.800000000000000000e+01 2.966000000000000000e+03
4.200000000000000000e+01 3.187000000000000000e+03
5.600000000000000000e+01 3.224000000000000000e+03
7.000000000000000000e+01 3.306000000000000000e+03
8.400000000000000000e+01 3.349000000000000000e+03
9.800000000000000000e+01 3.426000000000000000e+03
1.120000000000000000e+02 3.482000000000000000e+03
1.260000000000000000e+02 3.489000000000000000e+03
1.400000000000000000e+02 3.614000000000000000e+03
1.540000000000000000e+02 3.760000000000000000e+03
1.680000000000000000e+02 3.662000000000000000e+03
1.820000000000000000e+02 3.667000000000000000e+03
1.960000000000000000e+02 3.725000000000000000e+03
2.100000000000000000e+02 3.667000000000000000e+03
2.240000000000000000e+02 3.756000000000000000e+03
2.380000000000000000e+02 3.790000000000000000e+03
2.520000000000000000e+02 3.786000000000000000e+03
2.660000000000000000e+02 3.870000000000000000e+03
2.800000000000000000e+02 3.838000000000000000e+03
2.940000000000000000e+02 3.961000000000000000e+03
3.080000000000000000e+02 3.927000000000000000e+03
3.220000000000000000e+02 3.855000000000000000e+03
3.360000000000000000e+02 3.907000000000000000e+03
3.500000000000000000e+02 3.837000000000000000e+03
3.640000000000000000e+02 3.778000000000000000e+03
3.780000000000000000e+02 3.958000000000000000e+03
3.920000000000000000e+02 3.978000000000000000e+03
4.060000000000000000e+02 3.880000000000000000e+03
4.200000000000000000e+02 3.726000000000000000e+03
4.340000000000000000e+02 3.891000000000000000e+03
4.480000000000000000e+02 3.760000000000000000e+03
4.620000000000000000e+02 3.748000000000000000e+03
4.760000000000000000e+02 3.896000000000000000e+03
4.900000000000000000e+02 3.686000000000000000e+03
5.040000000000000000e+02 3.857000000000000000e+03
5.180000000000000000e+02 3.751000000000000000e+03
5.320000000000000000e+02 3.740000000000000000e+03
5.460000000000000000e+02 3.759000000000000000e+03
5.600000000000000000e+02 3.636000000000000000e+03
5.740000000000000000e+02 3.662000000000000000e+03
5.880000000000000000e+02 3.517000000000000000e+03
6.020000000000000000e+02 3.405000000000000000e+03
6.160000000000000000e+02 3.424000000000000000e+03
6.300000000000000000e+02 3.510000000000000000e+03
6.440000000000000000e+02 3.433000000000000000e+03
6.580000000000000000e+02 3.355000000000000000e+03
6.720000000000000000e+02 3.309000000000000000e+03
6.860000000000000000e+02 3.265000000000000000e+03
7.000000000000000000e+02 3.147000000000000000e+03
7.140000000000000000e+02 3.193000000000000000e+03
7.280000000000000000e+02 3.114000000000000000e+03
7.420000000000000000e+02 2.964000000000000000e+03
7.560000000000000000e+02 3.023000000000000000e+03
7.700000000000000000e+02 2.769000000000000000e+03
7.840000000000000000e+02 2.808000000000000000e+03
7.980000000000000000e+02 2.630000000000000000e+03
8.120000000000000000e+02 2.619000000000000000e+03
8.260000000000000000e+02 2.665000000000000000e+03
8.400000000000000000e+02 2.617000000000000000e+03
8.540000000000000000e+02 2.550000000000000000e+03
8.680000000000000000e+02 2.456000000000000000e+03
8.820000000000000000e+02 2.342000000000000000e+03
8.960000000000000000e+02 2.280000000000000000e+03
9.100000000000000000e+02 2.263000000000000000e+03
9.240000000000000000e+02 2.196000000000000000e+03
9.380000000000000000e+02 2.208000000000000000e+03
9.520000000000000000e+02 2.066000000000000000e+03
9.660000000000000000e+02 2.025000000000000000e+03
9.800000000000000000e+02 1.980000000000000000e+03
9.940000000000000000e+02 2.043000000000000000e+03
1.008000000000000000e+03 1.937000000000000000e+03
1.022000000000000000e+03 1.880000000000000000e+03
1.036000000000000000e+03 1.880000000000000000e+03
1.050000000000000000e+03 1.871000000000000000e+03
1.064000000000000000e+03 1.854000000000000000e+03
1.078000000000000000e+03 1.775000000000000000e+03
1.092000000000000000e+03 1.814000000000000000e+03
1.106000000000000000e+03 1.864000000000000000e+03
1.120000000000000000e+03 1.767000000000000000e+03
1.134000000000000000e+03 1.817000000000000000e+03
1.148000000000000000e+03 1.758000000000000000e+03
1.162000000000000000e+03 1.819000000000000000e+03
1.176000000000000000e+03 1.756000000000000000e+03
1.190000000000000000e+03 1.881000000000000000e+03
1.204000000000000000e+03 1.823000000000000000e+03
1.218000000000000000e+03 1.917000000000000000e+03
1.232000000000000000e+03 1.930000000000000000e+03
1.246000000000000000e+03 2.022000000000000000e+03
1.260000000000000000e+03 2.073000000000000000e+03
1.274000000000000000e+03 2.064000000000000000e+03
1.288000000000000000e+03 2.207000000000000000e+03
1.302000000000000000e+03 2.248000000000000000e+03
1.316000000000000000e+03 2.203000000000000000e+03
1.330000000000000000e+03 2.391000000000000000e+03
1.344000000000000000e+03 2.523000000000000000e+03
1.358000000000000000e+03 2.568000000000000000e+03
1.372000000000000000e+03 2.579000000000000000e+03
1.386000000000000000e+03 2.755000000000000000e+03
1.400000000000000000e+03 2.833000000000000000e+03
1.414000000000000000e+03 2.959000000000000000e+03
1.428000000000000000e+03 2.922000000000000000e+03
1.442000000000000000e+03 3.052000000000000000e+03
1.456000000000000000e+03 3.156000000000000000e+03
1.470000000000000000e+03 3.059000000000000000e+03
1.484000000000000000e+03 3.215000000000000000e+03
1.498000000000000000e+03 3.287000000000000000e+03
1.512000000000000000e+03 3.323000000000000000e+03
1.526000000000000000e+03 3.351000000000000000e+03
1.540000000000000000e+03 3.554000000000000000e+03
1.554000000000000000e+03 3.444000000000000000e+03
1.568000000000000000e+03 3.437000000000000000e+03
1.582000000000000000e+03 3.507000000000000000e+03
1.596000000000000000e+03 3.734000000000000000e+03
1.610000000000000000e+03 3.625000000000000000e+03
1.624000000000000000e+03 3.723000000000000000e+03
1.638000000000000000e+03 3.780000000000000000e+03
1.652000000000000000e+03 3.765000000000000000e+03
1.666000000000000000e+03 3.754000000000000000e+03
1.680000000000000000e+03 3.701000000000000000e+03
1.694000000000000000e+03 3.754000000000000000e+03
1.708000000000000000e+03 3.894000000000000000e+03
1.722000000000000000e+03 3.831000000000000000e+03
1.736000000000000000e+03 3.871000000000000000e+03
1.750000000000000000e+03 3.943000000000000000e+03
1.764000000000000000e+03 3.912000000000000000e+03
1.778000000000000000e+03 4.029000000000000000e+03
1.792000000000000000e+03 3.931000000000000000e+03
1.806000000000000000e+03 3.917000000000000000e+03
1.820000000000000000e+03 3.864000000000000000e+03
1.834000000000000000e+03 3.939000000000000000e+03
1.848000000000000000e+03 3.892000000000000000e+03
1.862000000000000000e+03 3.787000000000000000e+03
1.876000000000000000e+03 3.797000000000000000e+03
1.890000000000000000e+03 3.747000000000000000e+03
1.904000000000000000e+03 3.911000000000000000e+03
1.918000000000000000e+03 3.885000000000000000e+03
1.932000000000000000e+03 3.685000000000000000e+03
1.946000000000000000e+03 3.756000000000000000e+03
1.960000000000000000e+03 3.710000000000000000e+03
1.974000000000000000e+03 3.642000000000000000e+03
1.988000000000000000e+03 3.583000000000000000e+03
2.002000000000000000e+03 3.589000000000000000e+03
2.016000000000000000e+03 3.564000000000000000e+03
2.030000000000000000e+03 3.513000000000000000e+03
2.044000000000000000e+03 3.533000000000000000e+03
2.058000000000000000e+03 3.403000000000000000e+03
2.072000000000000000e+03 3.377000000000000000e+03
2.086000000000000000e+03 3.355000000000000000e+03
2.100000000000000000e+03 3.205000000000000000e+03
2.114000000000000000e+03 3.134000000000000000e+03
2.128000000000000000e+03 3.114000000000000000e+03
2.142000000000000000e+03 3.009000000000000000e+03
2.156000000000000000e+03 3.135000000000000000e+03
2.170000000000000000e+03 2.887000000000000000e+03
2.184000000000000000e+03 2.880000000000000000e+03
2.198000000000000000e+03 2.892000000000000000e+03
2.212000000000000000e+03 2.730000000000000000e+03
2.226000000000000000e+03 2.643000000000000000e+03
2.240000000000000000e+03 2.672000000000000000e+03
2.254000000000000000e+03 2.591000000000000000e+03
2.268000000000000000e+03 2.499000000000000000e+03
2.282000000000000000e+03 2.446000000000000000e+03
2.296000000000000000e+03 2.522000000000000000e+03
2.310000000000000000e+03 2.388000000000000000e+03
2.324000000000000000e+03 2.251000000000000000e+03
2.338000000000000000e+03 2.190000000000000000e+03
2.352000000000000000e+03 2.172000000000000000e+03
2.366000000000000000e+03 2.068000000000000000e+03
2.380000000000000000e+03 2.010000000000000000e+03
2.394000000000000000e+03 2.000000000000000000e+03
2.408000000000000000e+03 1.971000000000000000e+03
2.422000000000000000e+03 2.052000000000000000e+03
2.436000000000000000e+03 1.902000000000000000e+03
2.450000000000000000e+03 1.902000000000000000e+03
2.464000000000000000e+03 1.799000000000000000e+03
2.478000000000000000e+03 1.741000000000000000e+03
2.492000000000000000e+03 1.733000000000000000e+03
2.506000000000000000e+03 1.750000000000000000e+03
2.520000000000000000e+03 1.738000000000000000e+03
2.534000000000000000e+03 1.770000000000000000e+03
2.548000000000000000e+03 1.772000000000000000e+03
2.562000000000000000e+03 1.781000000000000000e+03
2.576000000000000000e+03 1.778000000000000000e+03
2.590000000000000000e+03 1.812000000000000000e+03
2.604000000000000000e+03 1.828000000000000000e+03
2.618000000000000000e+03 1.862000000000000000e+03
2.632000000000000000e+03 1.811000000000000000e+03
2.646000000000000000e+03 1.904000000000000000e+03
2.660000000000000000e+03 1.888000000000000000e+03
2.674000000000000000e+03 1.981000000000000000e+03
2.688000000000000000e+03 2.094000000000000000e+03
2.702000000000000000e+03 2.037000000000000000e+03
2.716000000000000000e+03 2.182000000000000000e+03
2.730000000000000000e+03 2.141000000000000000e+03
2.744000000000000000e+03 2.261000000000000000e+03
2.758000000000000000e+03 2.304000000000000000e+03
2.772000000000000000e+03 2.481000000000000000e+03
2.786000000000000000e+03 2.457000000000000000e+03
2.800000000000000000e+03 2.621000000000000000e+03
2.814000000000000000e+03 2.592000000000000000e+03
2.828000000000000000e+03 2.720000000000000000e+03
2.842000000000000000e+03 2.816000000000000000e+03
