0.000000000000000000e+00 3.531000000000000000e+03
1.000000000000000000e+02 3.445000000000000000e+03
2.000000000000000000e+02 3.590000000000000000e+03
3.000000000000000000e+02 3.693000000000000000e+03
4.000000000000000000e+02 3.685000000000000000e+03
5.000000000000000000e+02 3.601000000000000000e+03
6.000000000000000000e+02 3.853000000000000000e+03
7.000000000000000000e+02 3.727000000000000000e+03
8.000000000000000000e+02 3.942000000000000000e+03
9.000000000000000000e+02 3.893000000000000000e+03
1.000000000000000000e+03 3.914000000000000000e+03
1.100000000000000000e+03 3.979000000000000000e+03
1.200000000000000000e+03 4.001000000000000000e+03
1.300000000000000000e+03 3.918000000000000000e+03
1.400000000000000000e+03 3.978000000000000000e+03
1.500000000000000000e+03 4.026000000000000000e+03
1.600000000000000000e+03 4.041000000000000000e+03
1.700000000000000000e+03 4.105000000000000000e+03
1.800000000000000000e+03 3.939000000000000000e+03
1.900000000000000000e+03 4.033000000000000000e+03
2.000000000000000000e+03 3.982000000000000000e+03
2.100000000000000000e+03 4.018000000000000000e+03
2.200000000000000000e+03 4.090000000000000000e+03
2.300000000000000000e+03 4.059000000000000000e+03
2.400000000000000000e+03 3.978000000000000000e+03
2.500000000000000000e+03 3.954000000000000000e+03
2.600000000000000000e+03 3.937000000000000000e+03
2.700000000000000000e+03 4.009000000000000000e+03
2.800000000000000000e+03 3.903000000000000000e+03
2.900000000000000000e+03 3.850000000000000000e+03
3.000000000000000000e+03 3.951000000000000000e+03
3.100000000000000000e+03 3.993000000000000000e+03
3.200000000000000000e+03 3.782000000000000000e+03
3.300000000000000000e+03 3.826000000000000000e+03
3.400000000000000000e+03 3.795000000000000000e+03
3.500000000000000000e+03 3.668000000000000000e+03
3.600000000000000000e+03 3.652000000000000000e+03
3.700000000000000000e+03 3.574000000000000000e+03
3.800000000000000000e+03 3.549000000000000000e+03
3.900000000000000000e+03 3.517000000000000000e+03
4.000000000000000000e+03 3.427000000000000000e+03
4.100000000000000000e+03 3.471000000000000000e+03
4.200000000000000000e+03 3.349000000000000000e+03
4.300000000000000000e+03 3.191000000000000000e+03
4.400000000000000000e+03 3.214000000000000000e+03
4.500000000000000000e+03 3.032000000000000000e+03
4.600000000000000000e+03 3.032000000000000000e+03
4.700000000000000000e+03 2.943000000000000000e+03
4.800000000000000000e+03 2.844000000000000000e+03
4.900000000000000000e+03 2.807000000000000000e+03
5.000000000000000000e+03 2.691000000000000000e+03
5.100000000000000000e+03 2.627000000000000000e+03
5.200000000000000000e+03 2.565000000000000000e+03
5.300000000000000000e+03 2.457000000000000000e+03
5.400000000000000000e+03 2.233000000000000000e+03
5.500000000000000000e+03 2.250000000000000000e+03
5.600000000000000000e+03 2.039000000000000000e+03
5.700000000000000000e+03 2.083000000000000000e+03
5.800000000000000000e+03 1.986000000000000000e+03
5.900000000000000000e+03 1.895000000000000000e+03
6.000000000000000000e+03 1.794000000000000000e+03
6.100000000000000000e+03 1.713000000000000000e+03
6.200000000000000000e+03 1.650000000000000000e+03
6.300000000000000000e+03 1.547000000000000000e+03
6.400000000000000000e+03 1.574000000000000000e+03
6.500000000000000000e+03 1.477000000000000000e+03
6.600000000000000000e+03 1.383000000000000000e+03
6.700000000000000000e+03 1.347000000000000000e+03
6.800000000000000000e+03 1.327000000000000000e+03
6.900000000000000000e+03 1.405000000000000000e+03
7.000000000000000000e+03 1.323000000000000000e+03
7.100000000000000000e+03 1.289000000000000000e+03
7.200000000000000000e+03 1.352000000000000000e+03
7.300000000000000000e+03 1.252000000000000000e+03
7.400000000000000000e+03 1.322000000000000000e+03
7.500000000000000000e+03 1.273000000000000000e+03
7.600000000000000000e+03 1.332000000000000000e+03
7.700000000000000000e+03 1.458000000000000000e+03
7.800000000000000000e+03 1.451000000000000000e+03
7.900000000000000000e+03 1.505000000000000000e+03
8.000000000000000000e+03 1.511000000000000000e+03
8.100000000000000000e+03 1.614000000000000000e+03
8.200000000000000000e+03 1.714000000000000000e+03
8.300000000000000000e+03 1.855000000000000000e+03
8.400000000000000000e+03 1.935000000000000000e+03
8.500000000000000000e+03 2.009000000000000000e+03
8.600000000000000000e+03 2.146000000000000000e+03
8.700000000000000000e+03 2.176000000000000000e+03
8.800000000000000000e+03 2.361000000000000000e+03
8.900000000000000000e+03 2.501000000000000000e+03
9.000000000000000000e+03 2.620000000000000000e+03
9.100000000000000000e+03 2.702000000000000000e+03
9.200000000000000000e+03 2.733000000000000000e+03
9.300000000000000000e+03 2.883000000000000000e+03
9.400000000000000000e+03 2.949000000000000000e+03
9.500000000000000000e+03 3.132000000000000000e+03
9.600000000000000000e+03 3.093000000000000000e+03
9.700000000000000000e+03 3.327000000000000000e+03
9.800000000000000000e+03 3.378000000000000000e+03
9.900000000000000000e+03 3.290000000000000000e+03
1.000000000000000000e+04 3.501000000000000000e+03
1.010000000000000000e+04 3.559000000000000000e+03
1.020000000000000000e+04 3.572000000000000000e+03
1.030000000000000000e+04 3.557000000000000000e+03
1.040000000000000000e+04 3.692000000000000000e+03
1.050000000000000000e+04 3.702000000000000000e+03
1.060000000000000000e+04 3.779000000000000000e+03
1.070000000000000000e+04 3.915000000000000000e+03
1.080000000000000000e+04 3.882000000000000000e+03
1.090000000000000000e+04 3.938000000000000000e+03
1.100000000000000000e+04 3.891000000000000000e+03
1.110000000000000000e+04 3.969000000000000000e+03
1.120000000000000000e+04 3.914000000000000000e+03
1.130000000000000000e+04 3.996000000000000000e+03
1.140000000000000000e+04 3.929000000000000000e+03
1.150000000000000000e+04 4.038000000000000000e+03
1.160000000000000000e+04 3.931000000000000000e+03
1.170000000000000000e+04 3.924000000000000000e+03
1.180000000000000000e+04 3.922000000000000000e+03
1.190000000000000000e+04 4.038000000000000000e+03
1.200000000000000000e+04 4.116000000000000000e+03
1.210000000000000000e+04 3.885000000000000000e+03
1.220000000000000000e+04 4.051000000000000000e+03
1.230000000000000000e+04 4.036000000000000000e+03
1.240000000000000000e+04 4.010000000000000000e+03
1.250000000000000000e+04 4.120000000000000000e+03
1.260000000000000000e+04 4.016000000000000000e+03
1.270000000000000000e+04 4.046000000000000000e+03
1.280000000000000000e+04 3.966000000000000000e+03
1.290000000000000000e+04 3.935000000000000000e+03
1.300000000000000000e+04 3.915000000000000000e+03
1.310000000000000000e+04 3.828000000000000000e+03
1.320000000000000000e+04 3.958000000000000000e+03
1.330000000000000000e+04 3.801000000000000000e+03
1.340000000000000000e+04 3.829000000000000000e+03
1.350000000000000000e+04 3.719000000000000000e+03
1.360000000000000000e+04 3.681000000000000000e+03
1.370000000000000000e+04 3.660000000000000000e+03
1.380000000000000000e+04 3.620000000000000000e+03
1.390000000000000000e+04 3.502000000000000000e+03
1.400000000000000000e+04 3.393000000000000000e+03
1.410000000000000000e+04 3.368000000000000000e+03
1.420000000000000000e+04 3.316000000000000000e+03
1.430000000000000000e+04 3.383000000000000000e+03
1.440000000000000000e+04 3.170000000000000000e+03
1.450000000000000000e+04 3.212000000000000000e+03
1.460000000000000000e+04 2.946000000000000000e+03
1.470000000000000000e+04 2.936000000000000000e+03
1.480000000000000000e+04 2.925000000000000000e+03
1.490000000000000000e+04 2.813000000000000000e+03
1.500000000000000000e+04 2.736000000000000000e+03
1.510000000000000000e+04 2.510000000000000000e+03
1.520000000000000000e+04 2.446000000000000000e+03
1.530000000000000000e+04 2.393000000000000000e+03
1.540000000000000000e+04 2.319000000000000000e+03
1.550000000000000000e+04 2.239000000000000000e+03
1.560000000000000000e+04 2.055000000000000000e+03
1.570000000000000000e+04 2.044000000000000000e+03
1.580000000000000000e+04 1.957000000000000000e+03
1.590000000000000000e+04 1.913000000000000000e+03
1.600000000000000000e+04 1.809000000000000000e+03
1.610000000000000000e+04 1.677000000000000000e+03
1.620000000000000000e+04 1.660000000000000000e+03
1.630000000000000000e+04 1.597000000000000000e+03
1.640000000000000000e+04 1.480000000000000000e+03
1.650000000000000000e+04 1.512000000000000000e+03
1.660000000000000000e+04 1.470000000000000000e+03
1.670000000000000000e+04 1.449000000000000000e+03
1.680000000000000000e+04 1.427000000000000000e+03
1.690000000000000000e+04 1.402000000000000000e+03
1.700000000000000000e+04 1.333000000000000000e+03
1.710000000000000000e+04 1.369000000000000000e+03
1.720000000000000000e+04 1.295000000000000000e+03
1.730000000000000000e+04 1.304000000000000000e+03
1.740000000000000000e+04 1.287000000000000000e+03
1.750000000000000000e+04 1.362000000000000000e+03
1.760000000000000000e+04 1.349000000000000000e+03
1.770000000000000000e+04 1.456000000000000000e+03
1.780000000000000000e+04 1.490000000000000000e+03
1.790000000000000000e+04 1.487000000000000000e+03
1.800000000000000000e+04 1.640000000000000000e+03
1.810000000000000000e+04 1.670000000000000000e+03
1.820000000000000000e+04 1.729000000000000000e+03
1.830000000000000000e+04 1.778000000000000000e+03
1.840000000000000000e+04 2.012000000000000000e+03
1.850000000000000000e+04 2.097000000000000000e+03
1.860000000000000000e+04 2.108000000000000000e+03
1.870000000000000000e+04 2.220000000000000000e+03
1.880000000000000000e+04 2.335000000000000000e+03
1.890000000000000000e+04 2.490000000000000000e+03
1.900000000000000000e+04 2.594000000000000000e+03
1.910000000000000000e+04 2.617000000000000000e+03
1.920000000000000000e+04 2.722000000000000000e+03
1.930000000000000000e+04 2.923000000000000000e+03
1.940000000000000000e+04 2.982000000000000000e+03
1.950000000000000000e+04 3.087000000000000000e+03
1.960000000000000000e+04 3.171000000000000000e+03
1.970000000000000000e+04 3.162000000000000000e+03
1.980000000000000000e+04 3.323000000000000000e+03
1.990000000000000000e+04 3.389000000000000000e+03
