0.000000000000000000e+00 6.158000000000000000e+03
2.000000000000000000e+03 6.352000000000000000e+03
4.000000000000000000e+03 6.439000000000000000e+03
6.000000000000000000e+03 6.240000000000000000e+03
8.000000000000000000e+03 6.560000000000000000e+03
1.000000000000000000e+04 6.613000000000000000e+03
1.200000000000000000e+04 6.729000000000000000e+03
1.400000000000000000e+04 6.592000000000000000e+03
1.600000000000000000e+04 6.908000000000000000e+03
1.800000000000000000e+04 6.768000000000000000e+03
2.000000000000000000e+04 6.797000000000000000e+03
2.200000000000000000e+04 6.921000000000000000e+03
2.400000000000000000e+04 6.878000000000000000e+03
2.600000000000000000e+04 7.240000000000000000e+03
2.800000000000000000e+04 7.131000000000000000e+03
3.000000000000000000e+04 7.268000000000000000e+03
3.200000000000000000e+04 7.003000000000000000e+03
3.400000000000000000e+04 6.972000000000000000e+03
3.600000000000000000e+04 7.068000000000000000e+03
3.800000000000000000e+04 7.211000000000000000e+03
4.000000000000000000e+04 7.038000000000000000e+03
4.200000000000000000e+04 7.023000000000000000e+03
4.400000000000000000e+04 7.054000000000000000e+03
4.600000000000000000e+04 7.022000000000000000e+03
4.800000000000000000e+04 7.081000000000000000e+03
5.000000000000000000e+04 6.979000000000000000e+03
5.200000000000000000e+04 6.979000000000000000e+03
5.400000000000000000e+04 6.881000000000000000e+03
5.600000000000000000e+04 6.916000000000000000e+03
5.800000000000000000e+04 6.787000000000000000e+03
6.000000000000000000e+04 6.851000000000000000e+03
6.200000000000000000e+04 6.778000000000000000e+03
6.400000000000000000e+04 6.354000000000000000e+03
6.600000000000000000e+04 6.667000000000000000e+03
6.800000000000000000e+04 6.590000000000000000e+03
7.000000000000000000e+04 6.474000000000000000e+03
7.200000000000000000e+04 6.374000000000000000e+03
7.400000000000000000e+04 6.284000000000000000e+03
7.600000000000000000e+04 6.156000000000000000e+03
7.800000000000000000e+04 6.133000000000000000e+03
8.000000000000000000e+04 6.050000000000000000e+03
8.200000000000000000e+04 5.842000000000000000e+03
8.400000000000000000e+04 5.801000000000000000e+03
8.600000000000000000e+04 5.398000000000000000e+03
8.800000000000000000e+04 5.448000000000000000e+03
9.000000000000000000e+04 5.296000000000000000e+03
9.200000000000000000e+04 5.147000000000000000e+03
9.400000000000000000e+04 5.076000000000000000e+03
9.600000000000000000e+04 4.710000000000000000e+03
9.800000000000000000e+04 4.709000000000000000e+03
1.000000000000000000e+05 4.475000000000000000e+03
1.020000000000000000e+05 4.338000000000000000e+03
1.040000000000000000e+05 4.078000000000000000e+03
1.060000000000000000e+05 3.943000000000000000e+03
1.080000000000000000e+05 3.822000000000000000e+03
1.100000000000000000e+05 3.649000000000000000e+03
1.120000000000000000e+05 3.418000000000000000e+03
1.140000000000000000e+05 3.212000000000000000e+03
1.160000000000000000e+05 3.217000000000000000e+03
1.180000000000000000e+05 3.072000000000000000e+03
1.200000000000000000e+05 2.844000000000000000e+03
1.220000000000000000e+05 2.873000000000000000e+03
1.240000000000000000e+05 2.698000000000000000e+03
1.260000000000000000e+05 2.519000000000000000e+03
1.280000000000000000e+05 2.524000000000000000e+03
1.300000000000000000e+05 2.345000000000000000e+03
1.320000000000000000e+05 2.318000000000000000e+03
1.340000000000000000e+05 2.328000000000000000e+03
1.360000000000000000e+05 2.250000000000000000e+03
1.380000000000000000e+05 2.197000000000000000e+03
1.400000000000000000e+05 2.177000000000000000e+03
1.420000000000000000e+05 2.237000000000000000e+03
1.440000000000000000e+05 2.384000000000000000e+03
1.460000000000000000e+05 2.387000000000000000e+03
1.480000000000000000e+05 2.428000000000000000e+03
1.500000000000000000e+05 2.572000000000000000e+03
1.520000000000000000e+05 2.577000000000000000e+03
1.540000000000000000e+05 2.625000000000000000e+03
1.560000000000000000e+05 2.707000000000000000e+03
1.580000000000000000e+05 2.942000000000000000e+03
1.600000000000000000e+05 3.050000000000000000e+03
1.620000000000000000e+05 3.270000000000000000e+03
1.640000000000000000e+05 3.455000000000000000e+03
1.660000000000000000e+05 3.544000000000000000e+03
1.680000000000000000e+05 3.799000000000000000e+03
1.700000000000000000e+05 3.911000000000000000e+03
1.720000000000000000e+05 4.094000000000000000e+03
1.740000000000000000e+05 4.301000000000000000e+03
1.760000000000000000e+05 4.270000000000000000e+03
1.780000000000000000e+05 4.604000000000000000e+03
1.800000000000000000e+05 4.655000000000000000e+03
1.820000000000000000e+05 4.934000000000000000e+03
1.840000000000000000e+05 5.144000000000000000e+03
1.860000000000000000e+05 5.227000000000000000e+03
1.880000000000000000e+05 5.486000000000000000e+03
1.900000000000000000e+05 5.401000000000000000e+03
1.920000000000000000e+05 5.717000000000000000e+03
1.940000000000000000e+05 5.852000000000000000e+03
1.960000000000000000e+05 5.872000000000000000e+03
1.980000000000000000e+05 6.216000000000000000e+03
2.000000000000000000e+05 6.031000000000000000e+03
2.020000000000000000e+05 6.320000000000000000e+03
2.040000000000000000e+05 6.338000000000000000e+03
2.060000000000000000e+05 6.485000000000000000e+03
2.080000000000000000e+05 6.486000000000000000e+03
2.100000000000000000e+05 6.612000000000000000e+03
2.120000000000000000e+05 6.600000000000000000e+03
2.140000000000000000e+05 6.733000000000000000e+03
2.160000000000000000e+05 6.811000000000000000e+03
2.180000000000000000e+05 6.927000000000000000e+03
2.200000000000000000e+05 6.845000000000000000e+03
2.220000000000000000e+05 7.008000000000000000e+03
2.240000000000000000e+05 6.885000000000000000e+03
2.260000000000000000e+05 7.080000000000000000e+03
2.280000000000000000e+05 7.036000000000000000e+03
2.300000000000000000e+05 7.041000000000000000e+03
2.320000000000000000e+05 7.154000000000000000e+03
2.340000000000000000e+05 7.064000000000000000e+03
2.360000000000000000e+05 7.100000000000000000e+03
2.380000000000000000e+05 7.016000000000000000e+03
2.400000000000000000e+05 7.000000000000000000e+03
2.420000000000000000e+05 7.046000000000000000e+03
2.440000000000000000e+05 7.050000000000000000e+03
2.460000000000000000e+05 7.007000000000000000e+03
2.480000000000000000e+05 7.079000000000000000e+03
2.500000000000000000e+05 7.009000000000000000e+03
2.520000000000000000e+05 6.952000000000000000e+03
2.540000000000000000e+05 7.025000000000000000e+03
2.560000000000000000e+05 6.883000000000000000e+03
2.580000000000000000e+05 6.906000000000000000e+03
2.600000000000000000e+05 6.849000000000000000e+03
2.620000000000000000e+05 6.865000000000000000e+03
2.640000000000000000e+05 6.550000000000000000e+03
2.660000000000000000e+05 6.711000000000000000e+03
2.680000000000000000e+05 6.475000000000000000e+03
2.700000000000000000e+05 6.445000000000000000e+03
2.720000000000000000e+05 6.370000000000000000e+03
2.740000000000000000e+05 6.270000000000000000e+03
2.760000000000000000e+05 6.399000000000000000e+03
2.780000000000000000e+05 6.046000000000000000e+03
2.800000000000000000e+05 5.867000000000000000e+03
2.820000000000000000e+05 5.750000000000000000e+03
2.840000000000000000e+05 5.772000000000000000e+03
2.860000000000000000e+05 5.455000000000000000e+03
2.880000000000000000e+05 5.401000000000000000e+03
2.900000000000000000e+05 5.187000000000000000e+03
2.920000000000000000e+05 5.169000000000000000e+03
2.940000000000000000e+05 4.950000000000000000e+03
2.960000000000000000e+05 4.769000000000000000e+03
2.980000000000000000e+05 4.616000000000000000e+03
3.000000000000000000e+05 4.412000000000000000e+03
3.020000000000000000e+05 4.342000000000000000e+03
3.040000000000000000e+05 4.121000000000000000e+03
3.060000000000000000e+05 4.038000000000000000e+03
3.080000000000000000e+05 3.738000000000000000e+03
3.100000000000000000e+05 3.666000000000000000e+03
3.120000000000000000e+05 3.480000000000000000e+03
3.140000000000000000e+05 3.282000000000000000e+03
3.160000000000000000e+05 3.191000000000000000e+03
3.180000000000000000e+05 3.036000000000000000e+03
3.200000000000000000e+05 2.856000000000000000e+03
3.220000000000000000e+05 2.818000000000000000e+03
3.240000000000000000e+05 2.609000000000000000e+03
3.260000000000000000e+05 2.587000000000000000e+03
3.280000000000000000e+05 2.425000000000000000e+03
3.300000000000000000e+05 2.448000000000000000e+03
3.320000000000000000e+05 2.267000000000000000e+03
3.340000000000000000e+05 2.117000000000000000e+03
3.360000000000000000e+05 2.168000000000000000e+03
3.380000000000000000e+05 2.270000000000000000e+03
3.400000000000000000e+05 2.167000000000000000e+03
3.420000000000000000e+05 2.259000000000000000e+03
3.440000000000000000e+05 2.225000000000000000e+03
3.460000000000000000e+05 2.339000000000000000e+03
3.480000000000000000e+05 2.409000000000000000e+03
3.500000000000000000e+05 2.478000000000000000e+03
3.520000000000000000e+05 2.562000000000000000e+03
3.540000000000000000e+05 2.701000000000000000e+03
3.560000000000000000e+05 2.771000000000000000e+03
3.580000000000000000e+05 2.889000000000000000e+03
3.600000000000000000e+05 3.061000000000000000e+03
3.620000000000000000e+05 3.300000000000000000e+03
3.640000000000000000e+05 3.358000000000000000e+03
3.660000000000000000e+05 3.593000000000000000e+03
3.680000000000000000e+05 3.643000000000000000e+03
3.700000000000000000e+05 3.822000000000000000e+03
3.720000000000000000e+05 4.060000000000000000e+03
3.740000000000000000e+05 4.229000000000000000e+03
3.760000000000000000e+05 4.431000000000000000e+03
3.780000000000000000e+05 4.649000000000000000e+03
3.800000000000000000e+05 4.700000000000000000e+03
3.820000000000000000e+05 5.031000000000000000e+03
3.840000000000000000e+05 4.962000000000000000e+03
3.860000000000000000e+05 5.257000000000000000e+03
3.880000000000000000e+05 5.340000000000000000e+03
3.900000000000000000e+05 5.432000000000000000e+03
3.920000000000000000e+05 5.528000000000000000e+03
3.940000000000000000e+05 5.676000000000000000e+03
3.960000000000000000e+05 5.882000000000000000e+03
3.980000000000000000e+05 6.058000000000000000e+03
