0.000000000000000000e+00 3.975000000000000000e+03
1.420000000000000000e+02 4.128000000000000000e+03
2.840000000000000000e+02 4.299000000000000000e+03
4.260000000000000000e+02 4.370000000000000000e+03
5.680000000000000000e+02 4.138000000000000000e+03
7.100000000000000000e+02 4.338000000000000000e+03
8.520000000000000000e+02 4.462000000000000000e+03
9.940000000000000000e+02 4.457000000000000000e+03
1.136000000000000000e+03 4.445000000000000000e+03
1.278000000000000000e+03 4.450000000000000000e+03
1.420000000000000000e+03 4.624000000000000000e+03
1.562000000000000000e+03 4.395000000000000000e+03
1.704000000000000000e+03 4.584000000000000000e+03
1.846000000000000000e+03 4.646000000000000000e+03
1.988000000000000000e+03 4.641000000000000000e+03
2.130000000000000000e+03 4.734000000000000000e+03
2.272000000000000000e+03 4.668000000000000000e+03
2.414000000000000000e+03 4.756000000000000000e+03
2.556000000000000000e+03 4.690000000000000000e+03
2.698000000000000000e+03 4.692000000000000000e+03
2.840000000000000000e+03 4.638000000000000000e+03
2.982000000000000000e+03 4.673000000000000000e+03
3.124000000000000000e+03 4.622000000000000000e+03
3.266000000000000000e+03 4.713000000000000000e+03
3.408000000000000000e+03 4.549000000000000000e+03
3.550000000000000000e+03 4.680000000000000000e+03
3.692000000000000000e+03 4.727000000000000000e+03
3.834000000000000000e+03 4.574000000000000000e+03
3.976000000000000000e+03 4.492000000000000000e+03
4.118000000000000000e+03 4.604000000000000000e+03
4.260000000000000000e+03 4.539000000000000000e+03
4.402000000000000000e+03 4.714000000000000000e+03
4.544000000000000000e+03 4.510000000000000000e+03
4.686000000000000000e+03 4.352000000000000000e+03
4.828000000000000000e+03 4.445000000000000000e+03
4.970000000000000000e+03 4.297000000000000000e+03
5.112000000000000000e+03 4.265000000000000000e+03
5.254000000000000000e+03 4.192000000000000000e+03
5.396000000000000000e+03 4.031000000000000000e+03
5.538000000000000000e+03 4.106000000000000000e+03
5.680000000000000000e+03 3.955000000000000000e+03
5.822000000000000000e+03 3.886000000000000000e+03
5.964000000000000000e+03 3.847000000000000000e+03
6.106000000000000000e+03 3.816000000000000000e+03
6.248000000000000000e+03 3.635000000000000000e+03
6.390000000000000000e+03 3.742000000000000000e+03
6.532000000000000000e+03 3.417000000000000000e+03
6.674000000000000000e+03 3.470000000000000000e+03
6.816000000000000000e+03 3.346000000000000000e+03
6.958000000000000000e+03 3.157000000000000000e+03
7.100000000000000000e+03 3.127000000000000000e+03
7.242000000000000000e+03 2.987000000000000000e+03
7.384000000000000000e+03 2.814000000000000000e+03
7.526000000000000000e+03 2.828000000000000000e+03
7.668000000000000000e+03 2.723000000000000000e+03
7.810000000000000000e+03 2.504000000000000000e+03
7.952000000000000000e+03 2.452000000000000000e+03
8.094000000000000000e+03 2.391000000000000000e+03
8.236000000000000000e+03 2.327000000000000000e+03
8.378000000000000000e+03 2.173000000000000000e+03
8.520000000000000000e+03 2.041000000000000000e+03
8.662000000000000000e+03 2.106000000000000000e+03
8.804000000000000000e+03 1.958000000000000000e+03
8.946000000000000000e+03 1.867000000000000000e+03
9.088000000000000000e+03 1.815000000000000000e+03
9.230000000000000000e+03 1.692000000000000000e+03
9.372000000000000000e+03 1.710000000000000000e+03
9.514000000000000000e+03 1.624000000000000000e+03
9.656000000000000000e+03 1.608000000000000000e+03
9.798000000000000000e+03 1.514000000000000000e+03
9.940000000000000000e+03 1.563000000000000000e+03
1.008200000000000000e+04 1.553000000000000000e+03
1.022400000000000000e+04 1.696000000000000000e+03
1.036600000000000000e+04 1.515000000000000000e+03
1.050800000000000000e+04 1.568000000000000000e+03
1.065000000000000000e+04 1.617000000000000000e+03
1.079200000000000000e+04 1.611000000000000000e+03
1.093400000000000000e+04 1.660000000000000000e+03
1.107600000000000000e+04 1.716000000000000000e+03
1.121800000000000000e+04 1.868000000000000000e+03
1.136000000000000000e+04 1.956000000000000000e+03
1.150200000000000000e+04 1.991000000000000000e+03
1.164400000000000000e+04 2.159000000000000000e+03
1.178600000000000000e+04 2.254000000000000000e+03
1.192800000000000000e+04 2.286000000000000000e+03
1.207000000000000000e+04 2.415000000000000000e+03
1.221200000000000000e+04 2.560000000000000000e+03
1.235400000000000000e+04 2.749000000000000000e+03
1.249600000000000000e+04 2.838000000000000000e+03
1.263800000000000000e+04 3.013000000000000000e+03
1.278000000000000000e+04 3.001000000000000000e+03
1.292200000000000000e+04 3.025000000000000000e+03
1.306400000000000000e+04 3.280000000000000000e+03
1.320600000000000000e+04 3.408000000000000000e+03
1.334800000000000000e+04 3.480000000000000000e+03
1.349000000000000000e+04 3.495000000000000000e+03
1.363200000000000000e+04 3.771000000000000000e+03
1.377400000000000000e+04 3.659000000000000000e+03
1.391600000000000000e+04 3.823000000000000000e+03
1.405800000000000000e+04 3.970000000000000000e+03
1.420000000000000000e+04 3.992000000000000000e+03
1.434200000000000000e+04 4.109000000000000000e+03
1.448400000000000000e+04 4.236000000000000000e+03
1.462600000000000000e+04 4.050000000000000000e+03
1.476800000000000000e+04 4.206000000000000000e+03
1.491000000000000000e+04 4.260000000000000000e+03
1.505200000000000000e+04 4.584000000000000000e+03
1.519400000000000000e+04 4.396000000000000000e+03
1.533600000000000000e+04 4.441000000000000000e+03
1.547800000000000000e+04 4.443000000000000000e+03
1.562000000000000000e+04 4.382000000000000000e+03
1.576200000000000000e+04 4.576000000000000000e+03
1.590400000000000000e+04 4.565000000000000000e+03
1.604600000000000000e+04 4.540000000000000000e+03
1.618800000000000000e+04 4.595000000000000000e+03
1.633000000000000000e+04 4.713000000000000000e+03
1.647200000000000000e+04 4.689000000000000000e+03
1.661400000000000000e+04 4.768000000000000000e+03
1.675600000000000000e+04 4.702000000000000000e+03
1.689800000000000000e+04 4.664000000000000000e+03
1.704000000000000000e+04 4.783000000000000000e+03
1.718200000000000000e+04 4.721000000000000000e+03
1.732400000000000000e+04 4.610000000000000000e+03
1.746600000000000000e+04 4.633000000000000000e+03
1.760800000000000000e+04 4.621000000000000000e+03
1.775000000000000000e+04 4.695000000000000000e+03
1.789200000000000000e+04 4.638000000000000000e+03
1.803400000000000000e+04 4.602000000000000000e+03
1.817600000000000000e+04 4.560000000000000000e+03
1.831800000000000000e+04 4.604000000000000000e+03
1.846000000000000000e+04 4.678000000000000000e+03
1.860200000000000000e+04 4.519000000000000000e+03
1.874400000000000000e+04 4.532000000000000000e+03
1.888600000000000000e+04 4.509000000000000000e+03
1.902800000000000000e+04 4.329000000000000000e+03
1.917000000000000000e+04 4.407000000000000000e+03
1.931200000000000000e+04 4.284000000000000000e+03
1.945400000000000000e+04 4.192000000000000000e+03
1.959600000000000000e+04 4.179000000000000000e+03
1.973800000000000000e+04 4.174000000000000000e+03
1.988000000000000000e+04 4.048000000000000000e+03
2.002200000000000000e+04 4.015000000000000000e+03
2.016400000000000000e+04 3.994000000000000000e+03
2.030600000000000000e+04 3.945000000000000000e+03
2.044800000000000000e+04 3.851000000000000000e+03
2.059000000000000000e+04 3.830000000000000000e+03
2.073200000000000000e+04 3.662000000000000000e+03
2.087400000000000000e+04 3.462000000000000000e+03
2.101600000000000000e+04 3.351000000000000000e+03
2.115800000000000000e+04 3.359000000000000000e+03
2.130000000000000000e+04 3.204000000000000000e+03
2.144200000000000000e+04 3.146000000000000000e+03
2.158400000000000000e+04 3.110000000000000000e+03
2.172600000000000000e+04 2.882000000000000000e+03
2.186800000000000000e+04 2.800000000000000000e+03
2.201000000000000000e+04 2.640000000000000000e+03
2.215200000000000000e+04 2.528000000000000000e+03
2.229400000000000000e+04 2.439000000000000000e+03
2.243600000000000000e+04 2.325000000000000000e+03
2.257800000000000000e+04 2.308000000000000000e+03
2.272000000000000000e+04 2.143000000000000000e+03
2.286200000000000000e+04 2.093000000000000000e+03
2.300400000000000000e+04 1.963000000000000000e+03
2.314600000000000000e+04 1.880000000000000000e+03
2.328800000000000000e+04 1.923000000000000000e+03
2.343000000000000000e+04 1.727000000000000000e+03
2.357200000000000000e+04 1.696000000000000000e+03
2.371400000000000000e+04 1.708000000000000000e+03
2.385600000000000000e+04 1.626000000000000000e+03
2.399800000000000000e+04 1.572000000000000000e+03
2.414000000000000000e+04 1.604000000000000000e+03
2.428200000000000000e+04 1.593000000000000000e+03
2.442400000000000000e+04 1.532000000000000000e+03
2.456600000000000000e+04 1.577000000000000000e+03
2.470800000000000000e+04 1.594000000000000000e+03
2.485000000000000000e+04 1.575000000000000000e+03
2.499200000000000000e+04 1.664000000000000000e+03
2.513400000000000000e+04 1.711000000000000000e+03
2.527600000000000000e+04 1.756000000000000000e+03
2.541800000000000000e+04 1.705000000000000000e+03
2.556000000000000000e+04 1.947000000000000000e+03
2.570200000000000000e+04 1.956000000000000000e+03
2.584400000000000000e+04 2.083000000000000000e+03
2.598600000000000000e+04 2.141000000000000000e+03
2.612800000000000000e+04 2.251000000000000000e+03
2.627000000000000000e+04 2.318000000000000000e+03
2.641200000000000000e+04 2.612000000000000000e+03
2.655400000000000000e+04 2.618000000000000000e+03
2.669600000000000000e+04 2.782000000000000000e+03
2.683800000000000000e+04 2.773000000000000000e+03
2.698000000000000000e+04 3.000000000000000000e+03
2.712200000000000000e+04 3.074000000000000000e+03
2.726400000000000000e+04 3.290000000000000000e+03
2.740600000000000000e+04 3.173000000000000000e+03
2.754800000000000000e+04 3.295000000000000000e+03
2.769000000000000000e+04 3.451000000000000000e+03
2.783200000000000000e+04 3.574000000000000000e+03
2.797400000000000000e+04 3.667000000000000000e+03
2.811600000000000000e+04 3.759000000000000000e+03
2.825800000000000000e+04 3.763000000000000000e+03
2.840000000000000000e+04 4.072000000000000000e+03
