0.000000000000000000e+00 3.378000000000000000e+03
3.300000000000000000e+01 3.466000000000000000e+03
6.600000000000000000e+01 3.584000000000000000e+03
9.900000000000000000e+01 3.639000000000000000e+03
1.320000000000000000e+02 3.754000000000000000e+03
1.650000000000000000e+02 3.724000000000000000e+03
1.980000000000000000e+02 3.893000000000000000e+03
2.310000000000000000e+02 3.914000000000000000e+03
2.640000000000000000e+02 4.006000000000000000e+03
2.970000000000000000e+02 3.914000000000000000e+03
3.300000000000000000e+02 4.008000000000000000e+03
3.630000000000000000e+02 4.069000000000000000e+03
3.960000000000000000e+02 4.038000000000000000e+03
4.290000000000000000e+02 4.156000000000000000e+03
4.620000000000000000e+02 4.146000000000000000e+03
4.950000000000000000e+02 4.013000000000000000e+03
5.280000000000000000e+02 4.158000000000000000e+03
5.610000000000000000e+02 4.165000000000000000e+03
5.940000000000000000e+02 4.117000000000000000e+03
6.270000000000000000e+02 4.303000000000000000e+03
6.600000000000000000e+02 4.238000000000000000e+03
6.930000000000000000e+02 4.197000000000000000e+03
7.260000000000000000e+02 4.157000000000000000e+03
7.590000000000000000e+02 4.247000000000000000e+03
7.920000000000000000e+02 4.172000000000000000e+03
8.250000000000000000e+02 4.286000000000000000e+03
8.580000000000000000e+02 4.208000000000000000e+03
8.910000000000000000e+02 4.247000000000000000e+03
9.240000000000000000e+02 4.132000000000000000e+03
9.570000000000000000e+02 4.072000000000000000e+03
9.900000000000000000e+02 4.218000000000000000e+03
1.023000000000000000e+03 4.203000000000000000e+03
1.056000000000000000e+03 4.263000000000000000e+03
1.089000000000000000e+03 4.161000000000000000e+03
1.122000000000000000e+03 4.113000000000000000e+03
1.155000000000000000e+03 4.084000000000000000e+03
1.188000000000000000e+03 3.923000000000000000e+03
1.221000000000000000e+03 3.985000000000000000e+03
1.254000000000000000e+03 4.062000000000000000e+03
1.287000000000000000e+03 3.905000000000000000e+03
1.320000000000000000e+03 3.889000000000000000e+03
1.353000000000000000e+03 3.762000000000000000e+03
1.386000000000000000e+03 3.747000000000000000e+03
1.419000000000000000e+03 3.639000000000000000e+03
1.452000000000000000e+03 3.606000000000000000e+03
1.485000000000000000e+03 3.440000000000000000e+03
1.518000000000000000e+03 3.474000000000000000e+03
1.551000000000000000e+03 3.476000000000000000e+03
1.584000000000000000e+03 3.331000000000000000e+03
1.617000000000000000e+03 3.241000000000000000e+03
1.650000000000000000e+03 3.095000000000000000e+03
1.683000000000000000e+03 3.033000000000000000e+03
1.716000000000000000e+03 2.984000000000000000e+03
1.749000000000000000e+03 2.879000000000000000e+03
1.782000000000000000e+03 2.904000000000000000e+03
1.815000000000000000e+03 2.775000000000000000e+03
1.848000000000000000e+03 2.584000000000000000e+03
1.881000000000000000e+03 2.598000000000000000e+03
1.914000000000000000e+03 2.468000000000000000e+03
1.947000000000000000e+03 2.434000000000000000e+03
1.980000000000000000e+03 2.413000000000000000e+03
2.013000000000000000e+03 2.259000000000000000e+03
2.046000000000000000e+03 2.161000000000000000e+03
2.079000000000000000e+03 2.134000000000000000e+03
2.112000000000000000e+03 2.041000000000000000e+03
2.145000000000000000e+03 2.056000000000000000e+03
2.178000000000000000e+03 1.883000000000000000e+03
2.211000000000000000e+03 1.811000000000000000e+03
2.244000000000000000e+03 1.819000000000000000e+03
2.277000000000000000e+03 1.778000000000000000e+03
2.310000000000000000e+03 1.687000000000000000e+03
2.343000000000000000e+03 1.660000000000000000e+03
2.376000000000000000e+03 1.683000000000000000e+03
2.409000000000000000e+03 1.614000000000000000e+03
2.442000000000000000e+03 1.727000000000000000e+03
2.475000000000000000e+03 1.593000000000000000e+03
2.508000000000000000e+03 1.605000000000000000e+03
2.541000000000000000e+03 1.623000000000000000e+03
2.574000000000000000e+03 1.661000000000000000e+03
2.607000000000000000e+03 1.738000000000000000e+03
2.640000000000000000e+03 1.644000000000000000e+03
2.673000000000000000e+03 1.729000000000000000e+03
2.706000000000000000e+03 1.774000000000000000e+03
2.739000000000000000e+03 1.782000000000000000e+03
2.772000000000000000e+03 1.903000000000000000e+03
2.805000000000000000e+03 2.003000000000000000e+03
2.838000000000000000e+03 2.010000000000000000e+03
2.871000000000000000e+03 2.125000000000000000e+03
2.904000000000000000e+03 2.224000000000000000e+03
2.937000000000000000e+03 2.236000000000000000e+03
2.970000000000000000e+03 2.344000000000000000e+03
3.003000000000000000e+03 2.526000000000000000e+03
3.036000000000000000e+03 2.532000000000000000e+03
3.069000000000000000e+03 2.836000000000000000e+03
3.102000000000000000e+03 2.850000000000000000e+03
3.135000000000000000e+03 2.795000000000000000e+03
3.168000000000000000e+03 3.019000000000000000e+03
3.201000000000000000e+03 3.067000000000000000e+03
3.234000000000000000e+03 3.250000000000000000e+03
3.267000000000000000e+03 3.220000000000000000e+03
3.300000000000000000e+03 3.295000000000000000e+03
3.333000000000000000e+03 3.376000000000000000e+03
3.366000000000000000e+03 3.501000000000000000e+03
3.399000000000000000e+03 3.493000000000000000e+03
3.432000000000000000e+03 3.705000000000000000e+03
3.465000000000000000e+03 3.718000000000000000e+03
3.498000000000000000e+03 3.808000000000000000e+03
3.531000000000000000e+03 3.767000000000000000e+03
3.564000000000000000e+03 3.873000000000000000e+03
3.597000000000000000e+03 3.910000000000000000e+03
3.630000000000000000e+03 3.954000000000000000e+03
3.663000000000000000e+03 3.982000000000000000e+03
3.696000000000000000e+03 4.119000000000000000e+03
3.729000000000000000e+03 4.096000000000000000e+03
3.762000000000000000e+03 4.010000000000000000e+03
3.795000000000000000e+03 4.170000000000000000e+03
3.828000000000000000e+03 4.135000000000000000e+03
3.861000000000000000e+03 4.226000000000000000e+03
3.894000000000000000e+03 4.186000000000000000e+03
3.927000000000000000e+03 4.071000000000000000e+03
3.960000000000000000e+03 4.245000000000000000e+03
3.993000000000000000e+03 4.264000000000000000e+03
4.026000000000000000e+03 4.230000000000000000e+03
4.059000000000000000e+03 4.218000000000000000e+03
4.092000000000000000e+03 4.323000000000000000e+03
4.125000000000000000e+03 4.228000000000000000e+03
4.158000000000000000e+03 4.161000000000000000e+03
4.191000000000000000e+03 4.214000000000000000e+03
4.224000000000000000e+03 4.126000000000000000e+03
4.257000000000000000e+03 4.402000000000000000e+03
4.290000000000000000e+03 4.225000000000000000e+03
4.323000000000000000e+03 4.248000000000000000e+03
4.356000000000000000e+03 4.016000000000000000e+03
4.389000000000000000e+03 4.133000000000000000e+03
4.422000000000000000e+03 4.092000000000000000e+03
4.455000000000000000e+03 3.982000000000000000e+03
4.488000000000000000e+03 3.900000000000000000e+03
4.521000000000000000e+03 4.009000000000000000e+03
4.554000000000000000e+03 4.063000000000000000e+03
4.587000000000000000e+03 3.909000000000000000e+03
4.620000000000000000e+03 3.950000000000000000e+03
4.653000000000000000e+03 3.887000000000000000e+03
4.686000000000000000e+03 3.931000000000000000e+03
4.719000000000000000e+03 3.736000000000000000e+03
4.752000000000000000e+03 3.585000000000000000e+03
4.785000000000000000e+03 3.652000000000000000e+03
4.818000000000000000e+03 3.603000000000000000e+03
4.851000000000000000e+03 3.494000000000000000e+03
4.884000000000000000e+03 3.375000000000000000e+03
4.917000000000000000e+03 3.268000000000000000e+03
4.950000000000000000e+03 3.255000000000000000e+03
4.983000000000000000e+03 3.186000000000000000e+03
5.016000000000000000e+03 3.001000000000000000e+03
5.049000000000000000e+03 3.038000000000000000e+03
5.082000000000000000e+03 2.906000000000000000e+03
5.115000000000000000e+03 2.921000000000000000e+03
5.148000000000000000e+03 2.842000000000000000e+03
5.181000000000000000e+03 2.725000000000000000e+03
5.214000000000000000e+03 2.543000000000000000e+03
5.247000000000000000e+03 2.508000000000000000e+03
5.280000000000000000e+03 2.356000000000000000e+03
5.313000000000000000e+03 2.393000000000000000e+03
5.346000000000000000e+03 2.317000000000000000e+03
5.379000000000000000e+03 2.213000000000000000e+03
5.412000000000000000e+03 2.097000000000000000e+03
5.445000000000000000e+03 2.047000000000000000e+03
5.478000000000000000e+03 1.977000000000000000e+03
5.511000000000000000e+03 1.904000000000000000e+03
5.544000000000000000e+03 1.920000000000000000e+03
5.577000000000000000e+03 1.791000000000000000e+03
5.610000000000000000e+03 1.823000000000000000e+03
5.643000000000000000e+03 1.720000000000000000e+03
5.676000000000000000e+03 1.706000000000000000e+03
5.709000000000000000e+03 1.658000000000000000e+03
5.742000000000000000e+03 1.569000000000000000e+03
5.775000000000000000e+03 1.660000000000000000e+03
5.808000000000000000e+03 1.588000000000000000e+03
5.841000000000000000e+03 1.624000000000000000e+03
5.874000000000000000e+03 1.640000000000000000e+03
5.907000000000000000e+03 1.601000000000000000e+03
5.940000000000000000e+03 1.718000000000000000e+03
5.973000000000000000e+03 1.660000000000000000e+03
6.006000000000000000e+03 1.746000000000000000e+03
6.039000000000000000e+03 1.784000000000000000e+03
6.072000000000000000e+03 1.838000000000000000e+03
6.105000000000000000e+03 1.828000000000000000e+03
6.138000000000000000e+03 1.960000000000000000e+03
6.171000000000000000e+03 2.042000000000000000e+03
6.204000000000000000e+03 2.108000000000000000e+03
6.237000000000000000e+03 2.249000000000000000e+03
6.270000000000000000e+03 2.248000000000000000e+03
6.303000000000000000e+03 2.310000000000000000e+03
6.336000000000000000e+03 2.530000000000000000e+03
6.369000000000000000e+03 2.585000000000000000e+03
6.402000000000000000e+03 2.784000000000000000e+03
6.435000000000000000e+03 2.766000000000000000e+03
6.468000000000000000e+03 2.891000000000000000e+03
6.501000000000000000e+03 2.898000000000000000e+03
6.534000000000000000e+03 3.070000000000000000e+03
6.567000000000000000e+03 3.187000000000000000e+03
6.600000000000000000e+03 3.309000000000000000e+03
6.633000000000000000e+03 3.374000000000000000e+03
