0.000000000000000000e+00 1.382100000000000000e+04
1.000000000000000000e+04 1.428600000000000000e+04
2.000000000000000000e+04 1.439200000000000000e+04
3.000000000000000000e+04 1.445600000000000000e+04
4.000000000000000000e+04 1.456100000000000000e+04
5.000000000000000000e+04 1.480500000000000000e+04
6.000000000000000000e+04 1.497200000000000000e+04
7.000000000000000000e+04 1.509800000000000000e+04
8.000000000000000000e+04 1.523700000000000000e+04
9.000000000000000000e+04 1.500400000000000000e+04
1.000000000000000000e+05 1.535100000000000000e+04
1.100000000000000000e+05 1.568500000000000000e+04
1.200000000000000000e+05 1.562000000000000000e+04
1.300000000000000000e+05 1.537700000000000000e+04
1.400000000000000000e+05 1.538200000000000000e+04
1.500000000000000000e+05 1.562500000000000000e+04
1.600000000000000000e+05 1.583800000000000000e+04
1.700000000000000000e+05 1.573300000000000000e+04
1.800000000000000000e+05 1.557100000000000000e+04
1.900000000000000000e+05 1.567800000000000000e+04
2.000000000000000000e+05 1.585400000000000000e+04
2.100000000000000000e+05 1.537500000000000000e+04
2.200000000000000000e+05 1.564400000000000000e+04
2.300000000000000000e+05 1.557900000000000000e+04
2.400000000000000000e+05 1.541600000000000000e+04
2.500000000000000000e+05 1.559200000000000000e+04
2.600000000000000000e+05 1.550100000000000000e+04
2.700000000000000000e+05 1.526000000000000000e+04
2.800000000000000000e+05 1.510400000000000000e+04
2.900000000000000000e+05 1.513100000000000000e+04
3.000000000000000000e+05 1.499400000000000000e+04
3.100000000000000000e+05 1.474400000000000000e+04
3.200000000000000000e+05 1.500000000000000000e+04
3.300000000000000000e+05 1.456100000000000000e+04
3.400000000000000000e+05 1.427600000000000000e+04
3.500000000000000000e+05 1.425200000000000000e+04
3.600000000000000000e+05 1.407700000000000000e+04
3.700000000000000000e+05 1.377800000000000000e+04
3.800000000000000000e+05 1.354200000000000000e+04
3.900000000000000000e+05 1.320400000000000000e+04
4.000000000000000000e+05 1.285400000000000000e+04
4.100000000000000000e+05 1.280800000000000000e+04
4.200000000000000000e+05 1.255000000000000000e+04
4.300000000000000000e+05 1.233600000000000000e+04
4.400000000000000000e+05 1.182500000000000000e+04
4.500000000000000000e+05 1.162300000000000000e+04
4.600000000000000000e+05 1.128500000000000000e+04
4.700000000000000000e+05 1.085000000000000000e+04
4.800000000000000000e+05 1.033200000000000000e+04
4.900000000000000000e+05 9.925000000000000000e+03
5.000000000000000000e+05 9.727000000000000000e+03
5.100000000000000000e+05 9.338000000000000000e+03
5.200000000000000000e+05 8.729000000000000000e+03
5.300000000000000000e+05 8.441000000000000000e+03
5.400000000000000000e+05 8.016000000000000000e+03
5.500000000000000000e+05 7.692000000000000000e+03
5.600000000000000000e+05 7.199000000000000000e+03
5.700000000000000000e+05 6.838000000000000000e+03
5.800000000000000000e+05 6.610000000000000000e+03
5.900000000000000000e+05 6.288000000000000000e+03
6.000000000000000000e+05 5.932000000000000000e+03
6.100000000000000000e+05 5.729000000000000000e+03
6.200000000000000000e+05 5.499000000000000000e+03
6.300000000000000000e+05 5.254000000000000000e+03
6.400000000000000000e+05 4.868000000000000000e+03
6.500000000000000000e+05 4.929000000000000000e+03
6.600000000000000000e+05 4.789000000000000000e+03
6.700000000000000000e+05 4.563000000000000000e+03
6.800000000000000000e+05 4.596000000000000000e+03
6.900000000000000000e+05 4.380000000000000000e+03
7.000000000000000000e+05 4.505000000000000000e+03
7.100000000000000000e+05 4.565000000000000000e+03
7.200000000000000000e+05 4.648000000000000000e+03
7.300000000000000000e+05 4.810000000000000000e+03
7.400000000000000000e+05 4.909000000000000000e+03
7.500000000000000000e+05 5.022000000000000000e+03
7.600000000000000000e+05 5.340000000000000000e+03
7.700000000000000000e+05 5.540000000000000000e+03
7.800000000000000000e+05 5.805000000000000000e+03
7.900000000000000000e+05 6.134000000000000000e+03
8.000000000000000000e+05 6.213000000000000000e+03
8.100000000000000000e+05 6.859000000000000000e+03
8.200000000000000000e+05 7.045000000000000000e+03
8.300000000000000000e+05 7.460000000000000000e+03
8.400000000000000000e+05 7.829000000000000000e+03
8.500000000000000000e+05 8.222000000000000000e+03
8.600000000000000000e+05 8.555000000000000000e+03
8.700000000000000000e+05 8.940000000000000000e+03
8.800000000000000000e+05 9.359000000000000000e+03
8.900000000000000000e+05 9.638000000000000000e+03
9.000000000000000000e+05 1.013400000000000000e+04
9.100000000000000000e+05 1.066100000000000000e+04
9.200000000000000000e+05 1.106400000000000000e+04
9.300000000000000000e+05 1.132800000000000000e+04
9.400000000000000000e+05 1.165600000000000000e+04
9.500000000000000000e+05 1.193600000000000000e+04
9.600000000000000000e+05 1.236700000000000000e+04
9.700000000000000000e+05 1.275300000000000000e+04
9.800000000000000000e+05 1.303700000000000000e+04
9.900000000000000000e+05 1.322300000000000000e+04
1.000000000000000000e+06 1.352400000000000000e+04
1.010000000000000000e+06 1.377200000000000000e+04
1.020000000000000000e+06 1.396600000000000000e+04
1.030000000000000000e+06 1.397200000000000000e+04
1.040000000000000000e+06 1.422600000000000000e+04
1.050000000000000000e+06 1.448400000000000000e+04
1.060000000000000000e+06 1.497400000000000000e+04
1.070000000000000000e+06 1.490000000000000000e+04
1.080000000000000000e+06 1.486500000000000000e+04
1.090000000000000000e+06 1.500700000000000000e+04
1.100000000000000000e+06 1.516800000000000000e+04
1.110000000000000000e+06 1.521400000000000000e+04
1.120000000000000000e+06 1.554800000000000000e+04
1.130000000000000000e+06 1.538200000000000000e+04
1.140000000000000000e+06 1.556200000000000000e+04
1.150000000000000000e+06 1.534800000000000000e+04
1.160000000000000000e+06 1.538900000000000000e+04
1.170000000000000000e+06 1.561800000000000000e+04
1.180000000000000000e+06 1.542000000000000000e+04
1.190000000000000000e+06 1.567700000000000000e+04
1.200000000000000000e+06 1.569200000000000000e+04
1.210000000000000000e+06 1.583200000000000000e+04
1.220000000000000000e+06 1.550500000000000000e+04
1.230000000000000000e+06 1.529900000000000000e+04
1.240000000000000000e+06 1.547500000000000000e+04
1.250000000000000000e+06 1.544900000000000000e+04
1.260000000000000000e+06 1.544700000000000000e+04
1.270000000000000000e+06 1.502000000000000000e+04
1.280000000000000000e+06 1.528400000000000000e+04
1.290000000000000000e+06 1.506000000000000000e+04
1.300000000000000000e+06 1.516900000000000000e+04
1.310000000000000000e+06 1.490700000000000000e+04
1.320000000000000000e+06 1.478700000000000000e+04
1.330000000000000000e+06 1.454600000000000000e+04
1.340000000000000000e+06 1.443300000000000000e+04
1.350000000000000000e+06 1.414800000000000000e+04
1.360000000000000000e+06 1.401200000000000000e+04
1.370000000000000000e+06 1.383900000000000000e+04
1.380000000000000000e+06 1.376800000000000000e+04
1.390000000000000000e+06 1.320900000000000000e+04
1.400000000000000000e+06 1.309600000000000000e+04
1.410000000000000000e+06 1.290900000000000000e+04
1.420000000000000000e+06 1.254400000000000000e+04
1.430000000000000000e+06 1.221900000000000000e+04
1.440000000000000000e+06 1.162200000000000000e+04
1.450000000000000000e+06 1.160600000000000000e+04
1.460000000000000000e+06 1.114600000000000000e+04
1.470000000000000000e+06 1.079000000000000000e+04
1.480000000000000000e+06 1.031900000000000000e+04
1.490000000000000000e+06 9.842000000000000000e+03
1.500000000000000000e+06 9.590000000000000000e+03
1.510000000000000000e+06 9.297000000000000000e+03
1.520000000000000000e+06 8.957000000000000000e+03
1.530000000000000000e+06 8.356000000000000000e+03
1.540000000000000000e+06 7.907000000000000000e+03
1.550000000000000000e+06 7.756000000000000000e+03
1.560000000000000000e+06 7.323000000000000000e+03
1.570000000000000000e+06 6.682000000000000000e+03
1.580000000000000000e+06 6.527000000000000000e+03
1.590000000000000000e+06 6.214000000000000000e+03
1.600000000000000000e+06 5.887000000000000000e+03
1.610000000000000000e+06 5.652000000000000000e+03
1.620000000000000000e+06 5.287000000000000000e+03
1.630000000000000000e+06 5.208000000000000000e+03
1.640000000000000000e+06 5.001000000000000000e+03
1.650000000000000000e+06 4.823000000000000000e+03
1.660000000000000000e+06 4.683000000000000000e+03
1.670000000000000000e+06 4.548000000000000000e+03
1.680000000000000000e+06 4.593000000000000000e+03
1.690000000000000000e+06 4.463000000000000000e+03
1.700000000000000000e+06 4.331000000000000000e+03
1.710000000000000000e+06 4.569000000000000000e+03
1.720000000000000000e+06 4.639000000000000000e+03
1.730000000000000000e+06 4.808000000000000000e+03
1.740000000000000000e+06 4.834000000000000000e+03
1.750000000000000000e+06 4.954000000000000000e+03
1.760000000000000000e+06 5.370000000000000000e+03
1.770000000000000000e+06 5.516000000000000000e+03
1.780000000000000000e+06 5.910000000000000000e+03
1.790000000000000000e+06 6.135000000000000000e+03
1.800000000000000000e+06 6.333000000000000000e+03
1.810000000000000000e+06 6.822000000000000000e+03
1.820000000000000000e+06 7.178000000000000000e+03
1.830000000000000000e+06 7.461000000000000000e+03
1.840000000000000000e+06 7.815000000000000000e+03
1.850000000000000000e+06 8.179000000000000000e+03
1.860000000000000000e+06 8.711000000000000000e+03
1.870000000000000000e+06 8.889000000000000000e+03
1.880000000000000000e+06 9.548000000000000000e+03
1.890000000000000000e+06 9.861000000000000000e+03
1.900000000000000000e+06 1.014900000000000000e+04
1.910000000000000000e+06 1.060900000000000000e+04
1.920000000000000000e+06 1.097200000000000000e+04
1.930000000000000000e+06 1.120300000000000000e+04
1.940000000000000000e+06 1.179400000000000000e+04
1.950000000000000000e+06 1.190900000000000000e+04
1.960000000000000000e+06 1.232500000000000000e+04
1.970000000000000000e+06 1.239300000000000000e+04
1.980000000000000000e+06 1.291400000000000000e+04
1.990000000000000000e+06 1.310000000000000000e+04
