0.000000000000000000e+00 7.144000000000000000e+03
5.000000000000000000e+03 7.329000000000000000e+03
1.000000000000000000e+04 7.499000000000000000e+03
1.500000000000000000e+04 7.578000000000000000e+03
2.000000000000000000e+04 7.799000000000000000e+03
2.500000000000000000e+04 7.825000000000000000e+03
3.000000000000000000e+04 7.850000000000000000e+03
3.500000000000000000e+04 7.918000000000000000e+03
4.000000000000000000e+04 7.869000000000000000e+03
4.500000000000000000e+04 8.205000000000000000e+03
5.000000000000000000e+04 8.229000000000000000e+03
5.500000000000000000e+04 8.174000000000000000e+03
6.000000000000000000e+04 8.334000000000000000e+03
6.500000000000000000e+04 8.213000000000000000e+03
7.000000000000000000e+04 8.244000000000000000e+03
7.500000000000000000e+04 8.373000000000000000e+03
8.000000000000000000e+04 8.245000000000000000e+03
8.500000000000000000e+04 8.400000000000000000e+03
9.000000000000000000e+04 8.287000000000000000e+03
9.500000000000000000e+04 8.430000000000000000e+03
1.000000000000000000e+05 8.419000000000000000e+03
1.050000000000000000e+05 8.418000000000000000e+03
1.100000000000000000e+05 8.338000000000000000e+03
1.150000000000000000e+05 8.456000000000000000e+03
1.200000000000000000e+05 8.197000000000000000e+03
1.250000000000000000e+05 8.469000000000000000e+03
1.300000000000000000e+05 8.381000000000000000e+03
1.350000000000000000e+05 8.218000000000000000e+03
1.400000000000000000e+05 8.116000000000000000e+03
1.450000000000000000e+05 8.072000000000000000e+03
1.500000000000000000e+05 7.967000000000000000e+03
1.550000000000000000e+05 8.041000000000000000e+03
1.600000000000000000e+05 7.843000000000000000e+03
1.650000000000000000e+05 7.926000000000000000e+03
1.700000000000000000e+05 7.688000000000000000e+03
1.750000000000000000e+05 7.615000000000000000e+03
1.800000000000000000e+05 7.435000000000000000e+03
1.850000000000000000e+05 7.268000000000000000e+03
1.900000000000000000e+05 7.398000000000000000e+03
1.950000000000000000e+05 7.165000000000000000e+03
2.000000000000000000e+05 7.022000000000000000e+03
2.050000000000000000e+05 6.889000000000000000e+03
2.100000000000000000e+05 6.745000000000000000e+03
2.150000000000000000e+05 6.512000000000000000e+03
2.200000000000000000e+05 6.333000000000000000e+03
2.250000000000000000e+05 6.188000000000000000e+03
2.300000000000000000e+05 5.939000000000000000e+03
2.350000000000000000e+05 5.770000000000000000e+03
2.400000000000000000e+05 5.672000000000000000e+03
2.450000000000000000e+05 5.407000000000000000e+03
2.500000000000000000e+05 5.219000000000000000e+03
2.550000000000000000e+05 5.076000000000000000e+03
2.600000000000000000e+05 4.791000000000000000e+03
2.650000000000000000e+05 4.594000000000000000e+03
2.700000000000000000e+05 4.275000000000000000e+03
2.750000000000000000e+05 4.191000000000000000e+03
2.800000000000000000e+05 4.068000000000000000e+03
2.850000000000000000e+05 3.804000000000000000e+03
2.900000000000000000e+05 3.715000000000000000e+03
2.950000000000000000e+05 3.513000000000000000e+03
3.000000000000000000e+05 3.334000000000000000e+03
3.050000000000000000e+05 3.070000000000000000e+03
3.100000000000000000e+05 2.970000000000000000e+03
3.150000000000000000e+05 2.927000000000000000e+03
3.200000000000000000e+05 2.751000000000000000e+03
3.250000000000000000e+05 2.661000000000000000e+03
3.300000000000000000e+05 2.588000000000000000e+03
3.350000000000000000e+05 2.554000000000000000e+03
3.400000000000000000e+05 2.512000000000000000e+03
3.450000000000000000e+05 2.528000000000000000e+03
3.500000000000000000e+05 2.401000000000000000e+03
3.550000000000000000e+05 2.587000000000000000e+03
3.600000000000000000e+05 2.653000000000000000e+03
3.650000000000000000e+05 2.593000000000000000e+03
3.700000000000000000e+05 2.796000000000000000e+03
3.750000000000000000e+05 2.944000000000000000e+03
3.800000000000000000e+05 2.803000000000000000e+03
3.850000000000000000e+05 2.962000000000000000e+03
3.900000000000000000e+05 3.213000000000000000e+03
3.950000000000000000e+05 3.333000000000000000e+03
4.000000000000000000e+05 3.494000000000000000e+03
4.050000000000000000e+05 3.754000000000000000e+03
4.100000000000000000e+05 3.913000000000000000e+03
4.150000000000000000e+05 4.147000000000000000e+03
4.200000000000000000e+05 4.402000000000000000e+03
4.250000000000000000e+05 4.587000000000000000e+03
4.300000000000000000e+05 4.710000000000000000e+03
4.350000000000000000e+05 4.930000000000000000e+03
4.400000000000000000e+05 5.261000000000000000e+03
4.450000000000000000e+05 5.411000000000000000e+03
4.500000000000000000e+05 5.581000000000000000e+03
4.550000000000000000e+05 5.779000000000000000e+03
4.600000000000000000e+05 5.896000000000000000e+03
4.650000000000000000e+05 6.218000000000000000e+03
4.700000000000000000e+05 6.372000000000000000e+03
4.750000000000000000e+05 6.556000000000000000e+03
4.800000000000000000e+05 6.739000000000000000e+03
4.850000000000000000e+05 6.955000000000000000e+03
4.900000000000000000e+05 7.037000000000000000e+03
4.950000000000000000e+05 7.147000000000000000e+03
5.000000000000000000e+05 7.204000000000000000e+03
5.050000000000000000e+05 7.321000000000000000e+03
5.100000000000000000e+05 7.516000000000000000e+03
5.150000000000000000e+05 7.594000000000000000e+03
5.200000000000000000e+05 7.544000000000000000e+03
5.250000000000000000e+05 7.853000000000000000e+03
5.300000000000000000e+05 8.054000000000000000e+03
5.350000000000000000e+05 8.021000000000000000e+03
5.400000000000000000e+05 7.947000000000000000e+03
5.450000000000000000e+05 8.046000000000000000e+03
5.500000000000000000e+05 8.031000000000000000e+03
5.550000000000000000e+05 8.179000000000000000e+03
5.600000000000000000e+05 8.249000000000000000e+03
5.650000000000000000e+05 8.212000000000000000e+03
5.700000000000000000e+05 8.245000000000000000e+03
5.750000000000000000e+05 8.281000000000000000e+03
5.800000000000000000e+05 8.133000000000000000e+03
5.850000000000000000e+05 8.195000000000000000e+03
5.900000000000000000e+05 8.359000000000000000e+03
5.950000000000000000e+05 8.282000000000000000e+03
6.000000000000000000e+05 8.285000000000000000e+03
6.050000000000000000e+05 8.332000000000000000e+03
6.100000000000000000e+05 8.282000000000000000e+03
6.150000000000000000e+05 8.267000000000000000e+03
6.200000000000000000e+05 8.281000000000000000e+03
6.250000000000000000e+05 8.144000000000000000e+03
6.300000000000000000e+05 8.294000000000000000e+03
6.350000000000000000e+05 8.206000000000000000e+03
6.400000000000000000e+05 8.186000000000000000e+03
6.450000000000000000e+05 8.122000000000000000e+03
6.500000000000000000e+05 7.919000000000000000e+03
6.550000000000000000e+05 8.138000000000000000e+03
6.600000000000000000e+05 7.824000000000000000e+03
6.650000000000000000e+05 7.794000000000000000e+03
6.700000000000000000e+05 7.592000000000000000e+03
6.750000000000000000e+05 7.554000000000000000e+03
6.800000000000000000e+05 7.612000000000000000e+03
6.850000000000000000e+05 7.251000000000000000e+03
6.900000000000000000e+05 7.288000000000000000e+03
6.950000000000000000e+05 7.203000000000000000e+03
7.000000000000000000e+05 6.954000000000000000e+03
7.050000000000000000e+05 6.820000000000000000e+03
7.100000000000000000e+05 6.710000000000000000e+03
7.150000000000000000e+05 6.409000000000000000e+03
7.200000000000000000e+05 6.377000000000000000e+03
7.250000000000000000e+05 6.179000000000000000e+03
7.300000000000000000e+05 5.996000000000000000e+03
7.350000000000000000e+05 5.783000000000000000e+03
7.400000000000000000e+05 5.492000000000000000e+03
7.450000000000000000e+05 5.297000000000000000e+03
7.500000000000000000e+05 5.221000000000000000e+03
7.550000000000000000e+05 5.059000000000000000e+03
7.600000000000000000e+05 4.905000000000000000e+03
7.650000000000000000e+05 4.591000000000000000e+03
7.700000000000000000e+05 4.263000000000000000e+03
7.750000000000000000e+05 4.127000000000000000e+03
7.800000000000000000e+05 4.068000000000000000e+03
7.850000000000000000e+05 3.877000000000000000e+03
7.900000000000000000e+05 3.551000000000000000e+03
7.950000000000000000e+05 3.431000000000000000e+03
8.000000000000000000e+05 3.280000000000000000e+03
8.050000000000000000e+05 3.075000000000000000e+03
8.100000000000000000e+05 2.984000000000000000e+03
8.150000000000000000e+05 2.919000000000000000e+03
8.200000000000000000e+05 2.875000000000000000e+03
8.250000000000000000e+05 2.753000000000000000e+03
8.300000000000000000e+05 2.758000000000000000e+03
8.350000000000000000e+05 2.560000000000000000e+03
8.400000000000000000e+05 2.497000000000000000e+03
8.450000000000000000e+05 2.479000000000000000e+03
8.500000000000000000e+05 2.480000000000000000e+03
8.550000000000000000e+05 2.596000000000000000e+03
8.600000000000000000e+05 2.548000000000000000e+03
8.650000000000000000e+05 2.730000000000000000e+03
8.700000000000000000e+05 2.625000000000000000e+03
8.750000000000000000e+05 2.868000000000000000e+03
8.800000000000000000e+05 2.884000000000000000e+03
8.850000000000000000e+05 3.070000000000000000e+03
8.900000000000000000e+05 3.125000000000000000e+03
8.950000000000000000e+05 3.281000000000000000e+03
9.000000000000000000e+05 3.551000000000000000e+03
9.050000000000000000e+05 3.720000000000000000e+03
9.100000000000000000e+05 4.016000000000000000e+03
9.150000000000000000e+05 4.177000000000000000e+03
9.200000000000000000e+05 4.308000000000000000e+03
9.250000000000000000e+05 4.736000000000000000e+03
9.300000000000000000e+05 4.684000000000000000e+03
9.350000000000000000e+05 4.826000000000000000e+03
9.400000000000000000e+05 5.175000000000000000e+03
9.450000000000000000e+05 5.292000000000000000e+03
9.500000000000000000e+05 5.568000000000000000e+03
9.550000000000000000e+05 5.841000000000000000e+03
9.600000000000000000e+05 6.155000000000000000e+03
9.650000000000000000e+05 6.204000000000000000e+03
9.700000000000000000e+05 6.307000000000000000e+03
9.750000000000000000e+05 6.520000000000000000e+03
9.800000000000000000e+05 6.668000000000000000e+03
9.850000000000000000e+05 6.801000000000000000e+03
9.900000000000000000e+05 6.788000000000000000e+03
9.950000000000000000e+05 7.087000000000000000e+03
