0.000000000000000000e+00 6.254000000000000000e+03
1.428000000000000000e+03 6.303000000000000000e+03
2.856000000000000000e+03 6.481000000000000000e+03
4.284000000000000000e+03 6.605000000000000000e+03
5.712000000000000000e+03 6.588000000000000000e+03
7.140000000000000000e+03 6.584000000000000000e+03
8.568000000000000000e+03 6.695000000000000000e+03
9.996000000000000000e+03 6.706000000000000000e+03
1.142400000000000000e+04 6.760000000000000000e+03
1.285200000000000000e+04 6.829000000000000000e+03
1.428000000000000000e+04 7.017000000000000000e+03
1.570800000000000000e+04 7.047000000000000000e+03
1.713600000000000000e+04 6.991000000000000000e+03
1.856400000000000000e+04 7.068000000000000000e+03
1.999200000000000000e+04 7.154000000000000000e+03
2.142000000000000000e+04 6.960000000000000000e+03
2.284800000000000000e+04 7.189000000000000000e+03
2.427600000000000000e+04 7.123000000000000000e+03
2.570400000000000000e+04 7.274000000000000000e+03
2.713200000000000000e+04 7.203000000000000000e+03
2.856000000000000000e+04 7.188000000000000000e+03
2.998800000000000000e+04 7.203000000000000000e+03
3.141600000000000000e+04 7.150000000000000000e+03
3.284400000000000000e+04 6.942000000000000000e+03
3.427200000000000000e+04 7.018000000000000000e+03
3.570000000000000000e+04 7.093000000000000000e+03
3.712800000000000000e+04 6.848000000000000000e+03
3.855600000000000000e+04 7.009000000000000000e+03
3.998400000000000000e+04 7.047000000000000000e+03
4.141200000000000000e+04 7.048000000000000000e+03
4.284000000000000000e+04 6.861000000000000000e+03
4.426800000000000000e+04 6.833000000000000000e+03
4.569600000000000000e+04 6.761000000000000000e+03
4.712400000000000000e+04 6.860000000000000000e+03
4.855200000000000000e+04 6.481000000000000000e+03
4.998000000000000000e+04 6.564000000000000000e+03
5.140800000000000000e+04 6.402000000000000000e+03
5.283600000000000000e+04 6.464000000000000000e+03
5.426400000000000000e+04 6.405000000000000000e+03
5.569200000000000000e+04 6.245000000000000000e+03
5.712000000000000000e+04 6.033000000000000000e+03
5.854800000000000000e+04 5.876000000000000000e+03
5.997600000000000000e+04 5.857000000000000000e+03
6.140400000000000000e+04 5.844000000000000000e+03
6.283200000000000000e+04 5.365000000000000000e+03
6.426000000000000000e+04 5.535000000000000000e+03
6.568800000000000000e+04 5.346000000000000000e+03
6.711600000000000000e+04 5.019000000000000000e+03
6.854400000000000000e+04 4.744000000000000000e+03
6.997200000000000000e+04 4.761000000000000000e+03
7.140000000000000000e+04 4.568000000000000000e+03
7.282800000000000000e+04 4.324000000000000000e+03
7.425600000000000000e+04 4.193000000000000000e+03
7.568400000000000000e+04 4.104000000000000000e+03
7.711200000000000000e+04 3.893000000000000000e+03
7.854000000000000000e+04 3.705000000000000000e+03
7.996800000000000000e+04 3.661000000000000000e+03
8.139600000000000000e+04 3.382000000000000000e+03
8.282400000000000000e+04 3.293000000000000000e+03
8.425200000000000000e+04 3.170000000000000000e+03
8.568000000000000000e+04 2.934000000000000000e+03
8.710800000000000000e+04 2.855000000000000000e+03
8.853600000000000000e+04 2.711000000000000000e+03
8.996400000000000000e+04 2.681000000000000000e+03
9.139200000000000000e+04 2.550000000000000000e+03
9.282000000000000000e+04 2.395000000000000000e+03
9.424800000000000000e+04 2.399000000000000000e+03
9.567600000000000000e+04 2.209000000000000000e+03
9.710400000000000000e+04 2.409000000000000000e+03
9.853200000000000000e+04 2.274000000000000000e+03
9.996000000000000000e+04 2.277000000000000000e+03
1.013880000000000000e+05 2.360000000000000000e+03
1.028160000000000000e+05 2.344000000000000000e+03
1.042440000000000000e+05 2.382000000000000000e+03
1.056720000000000000e+05 2.426000000000000000e+03
1.071000000000000000e+05 2.454000000000000000e+03
1.085280000000000000e+05 2.588000000000000000e+03
1.099560000000000000e+05 2.704000000000000000e+03
1.113840000000000000e+05 2.902000000000000000e+03
1.128120000000000000e+05 2.923000000000000000e+03
1.142400000000000000e+05 3.183000000000000000e+03
1.156680000000000000e+05 3.289000000000000000e+03
1.170960000000000000e+05 3.493000000000000000e+03
1.185240000000000000e+05 3.688000000000000000e+03
1.199520000000000000e+05 3.843000000000000000e+03
1.213800000000000000e+05 3.929000000000000000e+03
1.228080000000000000e+05 4.143000000000000000e+03
1.242360000000000000e+05 4.408000000000000000e+03
1.256640000000000000e+05 4.468000000000000000e+03
1.270920000000000000e+05 4.535000000000000000e+03
1.285200000000000000e+05 4.758000000000000000e+03
1.299480000000000000e+05 4.835000000000000000e+03
1.313760000000000000e+05 5.077000000000000000e+03
1.328040000000000000e+05 5.216000000000000000e+03
1.342320000000000000e+05 5.375000000000000000e+03
1.356600000000000000e+05 5.560000000000000000e+03
1.370880000000000000e+05 5.668000000000000000e+03
1.385160000000000000e+05 5.696000000000000000e+03
1.399440000000000000e+05 5.985000000000000000e+03
1.413720000000000000e+05 6.080000000000000000e+03
1.428000000000000000e+05 6.203000000000000000e+03
1.442280000000000000e+05 6.362000000000000000e+03
1.456560000000000000e+05 6.396000000000000000e+03
1.470840000000000000e+05 6.607000000000000000e+03
1.485120000000000000e+05 6.541000000000000000e+03
1.499400000000000000e+05 6.763000000000000000e+03
1.513680000000000000e+05 6.763000000000000000e+03
1.527960000000000000e+05 6.802000000000000000e+03
1.542240000000000000e+05 6.684000000000000000e+03
1.556520000000000000e+05 6.880000000000000000e+03
1.570800000000000000e+05 6.955000000000000000e+03
1.585080000000000000e+05 6.932000000000000000e+03
1.599360000000000000e+05 7.109000000000000000e+03
1.613640000000000000e+05 7.125000000000000000e+03
1.627920000000000000e+05 7.059000000000000000e+03
1.642200000000000000e+05 7.114000000000000000e+03
1.656480000000000000e+05 7.054000000000000000e+03
1.670760000000000000e+05 7.063000000000000000e+03
1.685040000000000000e+05 7.056000000000000000e+03
1.699320000000000000e+05 7.033000000000000000e+03
1.713600000000000000e+05 7.278000000000000000e+03
1.727880000000000000e+05 7.188000000000000000e+03
1.742160000000000000e+05 7.176000000000000000e+03
1.756440000000000000e+05 7.115000000000000000e+03
1.770720000000000000e+05 7.115000000000000000e+03
1.785000000000000000e+05 7.058000000000000000e+03
1.799280000000000000e+05 7.004000000000000000e+03
1.813560000000000000e+05 6.941000000000000000e+03
1.827840000000000000e+05 6.911000000000000000e+03
1.842120000000000000e+05 6.958000000000000000e+03
1.856400000000000000e+05 6.790000000000000000e+03
1.870680000000000000e+05 6.888000000000000000e+03
1.884960000000000000e+05 6.664000000000000000e+03
1.899240000000000000e+05 6.505000000000000000e+03
1.913520000000000000e+05 6.623000000000000000e+03
1.927800000000000000e+05 6.407000000000000000e+03
1.942080000000000000e+05 6.486000000000000000e+03
1.956360000000000000e+05 6.227000000000000000e+03
1.970640000000000000e+05 6.294000000000000000e+03
1.984920000000000000e+05 6.158000000000000000e+03
1.999200000000000000e+05 6.173000000000000000e+03
2.013480000000000000e+05 6.029000000000000000e+03
2.027760000000000000e+05 5.813000000000000000e+03
2.042040000000000000e+05 5.709000000000000000e+03
2.056320000000000000e+05 5.397000000000000000e+03
2.070600000000000000e+05 5.323000000000000000e+03
2.084880000000000000e+05 5.215000000000000000e+03
2.099160000000000000e+05 5.083000000000000000e+03
2.113440000000000000e+05 4.878000000000000000e+03
2.127720000000000000e+05 4.620000000000000000e+03
2.142000000000000000e+05 4.468000000000000000e+03
2.156280000000000000e+05 4.375000000000000000e+03
2.170560000000000000e+05 4.196000000000000000e+03
2.184840000000000000e+05 4.094000000000000000e+03
2.199120000000000000e+05 3.884000000000000000e+03
2.213400000000000000e+05 3.729000000000000000e+03
2.227680000000000000e+05 3.614000000000000000e+03
2.241960000000000000e+05 3.381000000000000000e+03
2.256240000000000000e+05 3.299000000000000000e+03
2.270520000000000000e+05 3.075000000000000000e+03
2.284800000000000000e+05 2.885000000000000000e+03
2.299080000000000000e+05 2.827000000000000000e+03
2.313360000000000000e+05 2.893000000000000000e+03
2.327640000000000000e+05 2.565000000000000000e+03
2.341920000000000000e+05 2.559000000000000000e+03
2.356200000000000000e+05 2.539000000000000000e+03
2.370480000000000000e+05 2.345000000000000000e+03
2.384760000000000000e+05 2.376000000000000000e+03
2.399040000000000000e+05 2.348000000000000000e+03
2.413320000000000000e+05 2.350000000000000000e+03
2.427600000000000000e+05 2.284000000000000000e+03
2.441880000000000000e+05 2.375000000000000000e+03
2.456160000000000000e+05 2.326000000000000000e+03
2.470440000000000000e+05 2.456000000000000000e+03
2.484720000000000000e+05 2.398000000000000000e+03
2.499000000000000000e+05 2.564000000000000000e+03
2.513280000000000000e+05 2.627000000000000000e+03
2.527560000000000000e+05 2.716000000000000000e+03
2.541840000000000000e+05 2.820000000000000000e+03
2.556120000000000000e+05 2.926000000000000000e+03
2.570400000000000000e+05 3.090000000000000000e+03
2.584680000000000000e+05 3.361000000000000000e+03
2.598960000000000000e+05 3.338000000000000000e+03
2.613240000000000000e+05 3.630000000000000000e+03
2.627520000000000000e+05 3.705000000000000000e+03
2.641800000000000000e+05 3.918000000000000000e+03
2.656080000000000000e+05 4.122000000000000000e+03
2.670360000000000000e+05 4.270000000000000000e+03
2.684640000000000000e+05 4.566000000000000000e+03
2.698920000000000000e+05 4.666000000000000000e+03
2.713200000000000000e+05 4.918000000000000000e+03
2.727480000000000000e+05 4.961000000000000000e+03
2.741760000000000000e+05 4.981000000000000000e+03
2.756040000000000000e+05 5.388000000000000000e+03
2.770320000000000000e+05 5.356000000000000000e+03
2.784600000000000000e+05 5.407000000000000000e+03
2.798880000000000000e+05 5.803000000000000000e+03
2.813160000000000000e+05 5.889000000000000000e+03
2.827440000000000000e+05 6.086000000000000000e+03
2.841720000000000000e+05 6.099000000000000000e+03
