0.000000000000000000e+00 8.317000000000000000e+03
3.333000000000000000e+03 8.574000000000000000e+03
6.666000000000000000e+03 8.686000000000000000e+03
9.999000000000000000e+03 8.758000000000000000e+03
1.333200000000000000e+04 8.771000000000000000e+03
1.666500000000000000e+04 8.914000000000000000e+03
1.999800000000000000e+04 9.191000000000000000e+03
2.333100000000000000e+04 9.249000000000000000e+03
2.666400000000000000e+04 9.109000000000000000e+03
2.999700000000000000e+04 9.211000000000000000e+03
3.333000000000000000e+04 9.476000000000000000e+03
3.666300000000000000e+04 9.500000000000000000e+03
3.999600000000000000e+04 9.508000000000000000e+03
4.332900000000000000e+04 9.643000000000000000e+03
4.666200000000000000e+04 9.417000000000000000e+03
4.999500000000000000e+04 9.662000000000000000e+03
5.332800000000000000e+04 9.611000000000000000e+03
5.666100000000000000e+04 9.551000000000000000e+03
5.999400000000000000e+04 9.467000000000000000e+03
6.332700000000000000e+04 9.448000000000000000e+03
6.666000000000000000e+04 9.604000000000000000e+03
6.999300000000000000e+04 9.584000000000000000e+03
7.332600000000000000e+04 9.819000000000000000e+03
7.665900000000000000e+04 9.574000000000000000e+03
7.999200000000000000e+04 9.557000000000000000e+03
8.332500000000000000e+04 9.596000000000000000e+03
8.665800000000000000e+04 9.464000000000000000e+03
8.999100000000000000e+04 9.392000000000000000e+03
9.332400000000000000e+04 9.437000000000000000e+03
9.665700000000000000e+04 9.207000000000000000e+03
9.999000000000000000e+04 9.241000000000000000e+03
1.033230000000000000e+05 9.324000000000000000e+03
1.066560000000000000e+05 8.996000000000000000e+03
1.099890000000000000e+05 8.882000000000000000e+03
1.133220000000000000e+05 8.998000000000000000e+03
1.166550000000000000e+05 8.736000000000000000e+03
1.199880000000000000e+05 8.622000000000000000e+03
1.233210000000000000e+05 8.684000000000000000e+03
1.266540000000000000e+05 8.315000000000000000e+03
1.299870000000000000e+05 8.134000000000000000e+03
1.333200000000000000e+05 7.894000000000000000e+03
1.366530000000000000e+05 7.911000000000000000e+03
1.399860000000000000e+05 7.696000000000000000e+03
1.433190000000000000e+05 7.530000000000000000e+03
1.466520000000000000e+05 7.189000000000000000e+03
1.499850000000000000e+05 7.055000000000000000e+03
1.533180000000000000e+05 6.890000000000000000e+03
1.566510000000000000e+05 6.675000000000000000e+03
1.599840000000000000e+05 6.345000000000000000e+03
1.633170000000000000e+05 6.174000000000000000e+03
1.666500000000000000e+05 5.927000000000000000e+03
1.699830000000000000e+05 5.788000000000000000e+03
1.733160000000000000e+05 5.489000000000000000e+03
1.766490000000000000e+05 5.362000000000000000e+03
1.799820000000000000e+05 5.033000000000000000e+03
1.833150000000000000e+05 4.749000000000000000e+03
1.866480000000000000e+05 4.400000000000000000e+03
1.899810000000000000e+05 4.425000000000000000e+03
1.933140000000000000e+05 4.140000000000000000e+03
1.966470000000000000e+05 3.911000000000000000e+03
1.999800000000000000e+05 3.716000000000000000e+03
2.033130000000000000e+05 3.561000000000000000e+03
2.066460000000000000e+05 3.585000000000000000e+03
2.099790000000000000e+05 3.345000000000000000e+03
2.133120000000000000e+05 3.099000000000000000e+03
2.166450000000000000e+05 3.023000000000000000e+03
2.199780000000000000e+05 3.048000000000000000e+03
2.233110000000000000e+05 2.964000000000000000e+03
2.266440000000000000e+05 2.933000000000000000e+03
2.299770000000000000e+05 2.932000000000000000e+03
2.333100000000000000e+05 2.879000000000000000e+03
2.366430000000000000e+05 2.969000000000000000e+03
2.399760000000000000e+05 3.007000000000000000e+03
2.433090000000000000e+05 3.010000000000000000e+03
2.466420000000000000e+05 3.146000000000000000e+03
2.499750000000000000e+05 3.319000000000000000e+03
2.533080000000000000e+05 3.346000000000000000e+03
2.566410000000000000e+05 3.462000000000000000e+03
2.599740000000000000e+05 3.651000000000000000e+03
2.633070000000000000e+05 3.940000000000000000e+03
2.666400000000000000e+05 4.047000000000000000e+03
2.699730000000000000e+05 4.275000000000000000e+03
2.733060000000000000e+05 4.460000000000000000e+03
2.766390000000000000e+05 4.715000000000000000e+03
2.799720000000000000e+05 5.013000000000000000e+03
2.833050000000000000e+05 5.074000000000000000e+03
2.866380000000000000e+05 5.469000000000000000e+03
2.899710000000000000e+05 5.717000000000000000e+03
2.933040000000000000e+05 5.914000000000000000e+03
2.966370000000000000e+05 6.084000000000000000e+03
2.999700000000000000e+05 6.378000000000000000e+03
3.033030000000000000e+05 6.691000000000000000e+03
3.066360000000000000e+05 6.806000000000000000e+03
3.099690000000000000e+05 7.150000000000000000e+03
3.133020000000000000e+05 7.376000000000000000e+03
3.166350000000000000e+05 7.456000000000000000e+03
3.199680000000000000e+05 7.727000000000000000e+03
3.233010000000000000e+05 7.959000000000000000e+03
3.266340000000000000e+05 7.910000000000000000e+03
3.299670000000000000e+05 8.069000000000000000e+03
3.333000000000000000e+05 8.360000000000000000e+03
3.366330000000000000e+05 8.515000000000000000e+03
3.399660000000000000e+05 8.511000000000000000e+03
3.432990000000000000e+05 8.749000000000000000e+03
3.466320000000000000e+05 8.732000000000000000e+03
3.499650000000000000e+05 8.987000000000000000e+03
3.532980000000000000e+05 8.978000000000000000e+03
3.566310000000000000e+05 9.120000000000000000e+03
3.599640000000000000e+05 9.288000000000000000e+03
3.632970000000000000e+05 9.408000000000000000e+03
3.666300000000000000e+05 9.288000000000000000e+03
3.699630000000000000e+05 9.467000000000000000e+03
3.732960000000000000e+05 9.601000000000000000e+03
3.766290000000000000e+05 9.555000000000000000e+03
3.799620000000000000e+05 9.563000000000000000e+03
3.832950000000000000e+05 9.568000000000000000e+03
3.866280000000000000e+05 9.390000000000000000e+03
3.899610000000000000e+05 9.689000000000000000e+03
3.932940000000000000e+05 9.606000000000000000e+03
3.966270000000000000e+05 9.456000000000000000e+03
3.999600000000000000e+05 9.561000000000000000e+03
4.032930000000000000e+05 9.760000000000000000e+03
4.066260000000000000e+05 9.519000000000000000e+03
4.099590000000000000e+05 9.505000000000000000e+03
4.132920000000000000e+05 9.686000000000000000e+03
4.166250000000000000e+05 9.505000000000000000e+03
4.199580000000000000e+05 9.709000000000000000e+03
4.232910000000000000e+05 9.495000000000000000e+03
4.266240000000000000e+05 9.603000000000000000e+03
4.299570000000000000e+05 9.279000000000000000e+03
4.332900000000000000e+05 9.240000000000000000e+03
4.366230000000000000e+05 9.026000000000000000e+03
4.399560000000000000e+05 9.174000000000000000e+03
4.432890000000000000e+05 8.906000000000000000e+03
4.466220000000000000e+05 8.948000000000000000e+03
4.499550000000000000e+05 8.907000000000000000e+03
4.532880000000000000e+05 8.510000000000000000e+03
4.566210000000000000e+05 8.305000000000000000e+03
4.599540000000000000e+05 8.498000000000000000e+03
4.632870000000000000e+05 8.096000000000000000e+03
4.666200000000000000e+05 8.160000000000000000e+03
4.699530000000000000e+05 7.901000000000000000e+03
4.732860000000000000e+05 7.802000000000000000e+03
4.766190000000000000e+05 7.534000000000000000e+03
4.799520000000000000e+05 7.190000000000000000e+03
4.832850000000000000e+05 7.175000000000000000e+03
4.866180000000000000e+05 6.887000000000000000e+03
4.899510000000000000e+05 6.762000000000000000e+03
4.932840000000000000e+05 6.484000000000000000e+03
4.966170000000000000e+05 6.246000000000000000e+03
4.999500000000000000e+05 6.098000000000000000e+03
5.032830000000000000e+05 5.802000000000000000e+03
5.066160000000000000e+05 5.512000000000000000e+03
5.099490000000000000e+05 5.360000000000000000e+03
5.132820000000000000e+05 5.048000000000000000e+03
5.166150000000000000e+05 4.771000000000000000e+03
5.199480000000000000e+05 4.678000000000000000e+03
5.232810000000000000e+05 4.473000000000000000e+03
5.266140000000000000e+05 4.233000000000000000e+03
5.299470000000000000e+05 3.978000000000000000e+03
5.332800000000000000e+05 3.838000000000000000e+03
5.366130000000000000e+05 3.629000000000000000e+03
5.399460000000000000e+05 3.403000000000000000e+03
5.432790000000000000e+05 3.306000000000000000e+03
5.466120000000000000e+05 3.062000000000000000e+03
5.499450000000000000e+05 3.094000000000000000e+03
5.532780000000000000e+05 3.046000000000000000e+03
5.566110000000000000e+05 2.872000000000000000e+03
5.599440000000000000e+05 2.968000000000000000e+03
5.632770000000000000e+05 2.901000000000000000e+03
5.666100000000000000e+05 2.929000000000000000e+03
5.699430000000000000e+05 2.909000000000000000e+03
5.732760000000000000e+05 2.960000000000000000e+03
5.766090000000000000e+05 3.060000000000000000e+03
5.799420000000000000e+05 3.166000000000000000e+03
5.832750000000000000e+05 3.141000000000000000e+03
5.866080000000000000e+05 3.216000000000000000e+03
5.899410000000000000e+05 3.542000000000000000e+03
5.932740000000000000e+05 3.600000000000000000e+03
5.966070000000000000e+05 3.897000000000000000e+03
5.999400000000000000e+05 4.090000000000000000e+03
6.032730000000000000e+05 4.316000000000000000e+03
6.066060000000000000e+05 4.596000000000000000e+03
6.099390000000000000e+05 4.794000000000000000e+03
6.132720000000000000e+05 4.953000000000000000e+03
6.166050000000000000e+05 5.228000000000000000e+03
6.199380000000000000e+05 5.572000000000000000e+03
6.232710000000000000e+05 5.712000000000000000e+03
6.266040000000000000e+05 5.996000000000000000e+03
6.299370000000000000e+05 6.259000000000000000e+03
6.332700000000000000e+05 6.431000000000000000e+03
6.366030000000000000e+05 6.571000000000000000e+03
6.399360000000000000e+05 6.828000000000000000e+03
6.432690000000000000e+05 7.316000000000000000e+03
6.466020000000000000e+05 7.171000000000000000e+03
6.499350000000000000e+05 7.619000000000000000e+03
6.532680000000000000e+05 7.612000000000000000e+03
6.566010000000000000e+05 7.865000000000000000e+03
6.599340000000000000e+05 7.876000000000000000e+03
6.632670000000000000e+05 8.269000000000000000e+03
