0.000000000000000000e+00 4.598000000000000000e+03
2.000000000000000000e+02 4.814000000000000000e+03
4.000000000000000000e+02 4.720000000000000000e+03
6.000000000000000000e+02 4.875000000000000000e+03
8.000000000000000000e+02 5.034000000000000000e+03
1.000000000000000000e+03 4.932000000000000000e+03
1.200000000000000000e+03 4.997000000000000000e+03
1.400000000000000000e+03 5.070000000000000000e+03
1.600000000000000000e+03 5.126000000000000000e+03
1.800000000000000000e+03 5.140000000000000000e+03
2.000000000000000000e+03 5.030000000000000000e+03
2.200000000000000000e+03 5.212000000000000000e+03
2.400000000000000000e+03 5.149000000000000000e+03
2.600000000000000000e+03 5.316000000000000000e+03
2.800000000000000000e+03 5.201000000000000000e+03
3.000000000000000000e+03 5.342000000000000000e+03
3.200000000000000000e+03 5.323000000000000000e+03
3.400000000000000000e+03 5.286000000000000000e+03
3.600000000000000000e+03 5.326000000000000000e+03
3.800000000000000000e+03 5.336000000000000000e+03
4.000000000000000000e+03 5.349000000000000000e+03
4.200000000000000000e+03 5.227000000000000000e+03
4.400000000000000000e+03 5.201000000000000000e+03
4.600000000000000000e+03 5.228000000000000000e+03
4.800000000000000000e+03 5.304000000000000000e+03
5.000000000000000000e+03 5.289000000000000000e+03
5.200000000000000000e+03 5.365000000000000000e+03
5.400000000000000000e+03 5.256000000000000000e+03
5.600000000000000000e+03 5.152000000000000000e+03
5.800000000000000000e+03 5.242000000000000000e+03
6.000000000000000000e+03 5.176000000000000000e+03
6.200000000000000000e+03 4.964000000000000000e+03
6.400000000000000000e+03 4.978000000000000000e+03
6.600000000000000000e+03 4.939000000000000000e+03
6.800000000000000000e+03 4.923000000000000000e+03
7.000000000000000000e+03 4.970000000000000000e+03
7.200000000000000000e+03 4.698000000000000000e+03
7.400000000000000000e+03 4.713000000000000000e+03
7.600000000000000000e+03 4.817000000000000000e+03
7.800000000000000000e+03 4.650000000000000000e+03
8.000000000000000000e+03 4.444000000000000000e+03
8.200000000000000000e+03 4.296000000000000000e+03
8.400000000000000000e+03 4.455000000000000000e+03
8.600000000000000000e+03 4.222000000000000000e+03
8.800000000000000000e+03 4.266000000000000000e+03
9.000000000000000000e+03 4.112000000000000000e+03
9.200000000000000000e+03 3.985000000000000000e+03
9.400000000000000000e+03 3.958000000000000000e+03
9.600000000000000000e+03 3.748000000000000000e+03
9.800000000000000000e+03 3.650000000000000000e+03
1.000000000000000000e+04 3.567000000000000000e+03
1.020000000000000000e+04 3.418000000000000000e+03
1.040000000000000000e+04 3.319000000000000000e+03
1.060000000000000000e+04 3.236000000000000000e+03
1.080000000000000000e+04 3.064000000000000000e+03
1.100000000000000000e+04 2.916000000000000000e+03
1.120000000000000000e+04 2.758000000000000000e+03
1.140000000000000000e+04 2.574000000000000000e+03
1.160000000000000000e+04 2.496000000000000000e+03
1.180000000000000000e+04 2.399000000000000000e+03
1.200000000000000000e+04 2.254000000000000000e+03
1.220000000000000000e+04 2.287000000000000000e+03
1.240000000000000000e+04 2.176000000000000000e+03
1.260000000000000000e+04 2.072000000000000000e+03
1.280000000000000000e+04 1.966000000000000000e+03
1.300000000000000000e+04 2.010000000000000000e+03
1.320000000000000000e+04 1.929000000000000000e+03
1.340000000000000000e+04 1.941000000000000000e+03
1.360000000000000000e+04 1.859000000000000000e+03
1.380000000000000000e+04 1.801000000000000000e+03
1.400000000000000000e+04 1.853000000000000000e+03
1.420000000000000000e+04 1.763000000000000000e+03
1.440000000000000000e+04 1.767000000000000000e+03
1.460000000000000000e+04 1.800000000000000000e+03
1.480000000000000000e+04 1.875000000000000000e+03
1.500000000000000000e+04 1.937000000000000000e+03
1.520000000000000000e+04 1.941000000000000000e+03
1.540000000000000000e+04 2.086000000000000000e+03
1.560000000000000000e+04 2.113000000000000000e+03
1.580000000000000000e+04 2.058000000000000000e+03
1.600000000000000000e+04 2.313000000000000000e+03
1.620000000000000000e+04 2.465000000000000000e+03
1.640000000000000000e+04 2.544000000000000000e+03
1.660000000000000000e+04 2.660000000000000000e+03
1.680000000000000000e+04 2.886000000000000000e+03
1.700000000000000000e+04 3.003000000000000000e+03
1.720000000000000000e+04 3.125000000000000000e+03
1.740000000000000000e+04 3.227000000000000000e+03
1.760000000000000000e+04 3.308000000000000000e+03
1.780000000000000000e+04 3.524000000000000000e+03
1.800000000000000000e+04 3.660000000000000000e+03
1.820000000000000000e+04 3.762000000000000000e+03
1.840000000000000000e+04 3.914000000000000000e+03
1.860000000000000000e+04 4.022000000000000000e+03
1.880000000000000000e+04 3.954000000000000000e+03
1.900000000000000000e+04 4.246000000000000000e+03
1.920000000000000000e+04 4.277000000000000000e+03
1.940000000000000000e+04 4.355000000000000000e+03
1.960000000000000000e+04 4.554000000000000000e+03
1.980000000000000000e+04 4.503000000000000000e+03
2.000000000000000000e+04 4.524000000000000000e+03
2.020000000000000000e+04 4.815000000000000000e+03
2.040000000000000000e+04 4.869000000000000000e+03
2.060000000000000000e+04 4.899000000000000000e+03
2.080000000000000000e+04 5.057000000000000000e+03
2.100000000000000000e+04 4.899000000000000000e+03
2.120000000000000000e+04 4.976000000000000000e+03
2.140000000000000000e+04 5.061000000000000000e+03
2.160000000000000000e+04 5.092000000000000000e+03
2.180000000000000000e+04 5.195000000000000000e+03
2.200000000000000000e+04 5.215000000000000000e+03
2.220000000000000000e+04 5.170000000000000000e+03
2.240000000000000000e+04 5.244000000000000000e+03
2.260000000000000000e+04 5.371000000000000000e+03
2.280000000000000000e+04 5.261000000000000000e+03
2.300000000000000000e+04 5.310000000000000000e+03
2.320000000000000000e+04 5.219000000000000000e+03
2.340000000000000000e+04 5.346000000000000000e+03
2.360000000000000000e+04 5.195000000000000000e+03
2.380000000000000000e+04 5.324000000000000000e+03
2.400000000000000000e+04 5.365000000000000000e+03
2.420000000000000000e+04 5.267000000000000000e+03
2.440000000000000000e+04 5.379000000000000000e+03
2.460000000000000000e+04 5.334000000000000000e+03
2.480000000000000000e+04 5.176000000000000000e+03
2.500000000000000000e+04 5.316000000000000000e+03
2.520000000000000000e+04 5.174000000000000000e+03
2.540000000000000000e+04 5.336000000000000000e+03
2.560000000000000000e+04 5.149000000000000000e+03
2.580000000000000000e+04 5.187000000000000000e+03
2.600000000000000000e+04 5.127000000000000000e+03
2.620000000000000000e+04 5.133000000000000000e+03
2.640000000000000000e+04 5.130000000000000000e+03
2.660000000000000000e+04 5.005000000000000000e+03
2.680000000000000000e+04 4.844000000000000000e+03
2.700000000000000000e+04 4.877000000000000000e+03
2.720000000000000000e+04 4.850000000000000000e+03
2.740000000000000000e+04 4.884000000000000000e+03
2.760000000000000000e+04 4.582000000000000000e+03
2.780000000000000000e+04 4.631000000000000000e+03
2.800000000000000000e+04 4.455000000000000000e+03
2.820000000000000000e+04 4.494000000000000000e+03
2.840000000000000000e+04 4.413000000000000000e+03
2.860000000000000000e+04 4.386000000000000000e+03
2.880000000000000000e+04 4.192000000000000000e+03
2.900000000000000000e+04 4.042000000000000000e+03
2.920000000000000000e+04 4.012000000000000000e+03
2.940000000000000000e+04 3.776000000000000000e+03
2.960000000000000000e+04 3.767000000000000000e+03
2.980000000000000000e+04 3.649000000000000000e+03
3.000000000000000000e+04 3.480000000000000000e+03
3.020000000000000000e+04 3.437000000000000000e+03
3.040000000000000000e+04 3.269000000000000000e+03
3.060000000000000000e+04 3.152000000000000000e+03
3.080000000000000000e+04 3.121000000000000000e+03
3.100000000000000000e+04 2.894000000000000000e+03
3.120000000000000000e+04 2.672000000000000000e+03
3.140000000000000000e+04 2.684000000000000000e+03
3.160000000000000000e+04 2.493000000000000000e+03
3.180000000000000000e+04 2.474000000000000000e+03
3.200000000000000000e+04 2.262000000000000000e+03
3.220000000000000000e+04 2.335000000000000000e+03
3.240000000000000000e+04 2.170000000000000000e+03
3.260000000000000000e+04 2.119000000000000000e+03
3.280000000000000000e+04 2.067000000000000000e+03
3.300000000000000000e+04 1.984000000000000000e+03
3.320000000000000000e+04 1.948000000000000000e+03
3.340000000000000000e+04 1.883000000000000000e+03
3.360000000000000000e+04 1.875000000000000000e+03
3.380000000000000000e+04 1.854000000000000000e+03
3.400000000000000000e+04 1.783000000000000000e+03
3.420000000000000000e+04 1.823000000000000000e+03
3.440000000000000000e+04 1.862000000000000000e+03
3.460000000000000000e+04 1.838000000000000000e+03
3.480000000000000000e+04 1.806000000000000000e+03
3.500000000000000000e+04 1.895000000000000000e+03
3.520000000000000000e+04 2.038000000000000000e+03
3.540000000000000000e+04 2.130000000000000000e+03
3.560000000000000000e+04 2.093000000000000000e+03
3.580000000000000000e+04 2.306000000000000000e+03
3.600000000000000000e+04 2.372000000000000000e+03
3.620000000000000000e+04 2.389000000000000000e+03
3.640000000000000000e+04 2.579000000000000000e+03
3.660000000000000000e+04 2.665000000000000000e+03
3.680000000000000000e+04 2.839000000000000000e+03
3.700000000000000000e+04 2.963000000000000000e+03
3.720000000000000000e+04 3.157000000000000000e+03
3.740000000000000000e+04 3.224000000000000000e+03
3.760000000000000000e+04 3.328000000000000000e+03
3.780000000000000000e+04 3.547000000000000000e+03
3.800000000000000000e+04 3.585000000000000000e+03
3.820000000000000000e+04 3.736000000000000000e+03
3.840000000000000000e+04 3.746000000000000000e+03
3.860000000000000000e+04 3.910000000000000000e+03
3.880000000000000000e+04 4.060000000000000000e+03
3.900000000000000000e+04 4.193000000000000000e+03
3.920000000000000000e+04 4.170000000000000000e+03
3.940000000000000000e+04 4.354000000000000000e+03
3.960000000000000000e+04 4.444000000000000000e+03
3.980000000000000000e+04 4.480000000000000000e+03
