0.000000000000000000e+00 8.549000000000000000e+03
3.333000000000000000e+03 8.806000000000000000e+03
6.666000000000000000e+03 8.936000000000000000e+03
9.999000000000000000e+03 9.180000000000000000e+03
1.333200000000000000e+04 9.174000000000000000e+03
1.666500000000000000e+04 9.140000000000000000e+03
1.999800000000000000e+04 9.290000000000000000e+03
2.333100000000000000e+04 9.580000000000000000e+03
2.666400000000000000e+04 9.571000000000000000e+03
2.999700000000000000e+04 9.723000000000000000e+03
3.333000000000000000e+04 9.763000000000000000e+03
3.666300000000000000e+04 9.782000000000000000e+03
3.999600000000000000e+04 9.730000000000000000e+03
4.332900000000000000e+04 9.894000000000000000e+03
4.666200000000000000e+04 1.006700000000000000e+04
4.999500000000000000e+04 1.004300000000000000e+04
5.332800000000000000e+04 9.920000000000000000e+03
5.666100000000000000e+04 9.929000000000000000e+03
5.999400000000000000e+04 9.898000000000000000e+03
6.332700000000000000e+04 1.005700000000000000e+04
6.666000000000000000e+04 9.818000000000000000e+03
6.999300000000000000e+04 1.009200000000000000e+04
7.332600000000000000e+04 9.966000000000000000e+03
7.665900000000000000e+04 9.924000000000000000e+03
7.999200000000000000e+04 1.000300000000000000e+04
8.332500000000000000e+04 9.915000000000000000e+03
8.665800000000000000e+04 9.819000000000000000e+03
8.999100000000000000e+04 9.904000000000000000e+03
9.332400000000000000e+04 9.647000000000000000e+03
9.665700000000000000e+04 9.608000000000000000e+03
9.999000000000000000e+04 9.598000000000000000e+03
1.033230000000000000e+05 9.557000000000000000e+03
1.066560000000000000e+05 9.306000000000000000e+03
1.099890000000000000e+05 9.321000000000000000e+03
1.133220000000000000e+05 9.349000000000000000e+03
1.166550000000000000e+05 9.165000000000000000e+03
1.199880000000000000e+05 8.891000000000000000e+03
1.233210000000000000e+05 8.857000000000000000e+03
1.266540000000000000e+05 8.687000000000000000e+03
1.299870000000000000e+05 8.479000000000000000e+03
1.333200000000000000e+05 8.533000000000000000e+03
1.366530000000000000e+05 8.143000000000000000e+03
1.399860000000000000e+05 7.771000000000000000e+03
1.433190000000000000e+05 7.638000000000000000e+03
1.466520000000000000e+05 7.698000000000000000e+03
1.499850000000000000e+05 7.318000000000000000e+03
1.533180000000000000e+05 7.107000000000000000e+03
1.566510000000000000e+05 6.832000000000000000e+03
1.599840000000000000e+05 6.693000000000000000e+03
1.633170000000000000e+05 6.471000000000000000e+03
1.666500000000000000e+05 6.297000000000000000e+03
1.699830000000000000e+05 6.049000000000000000e+03
1.733160000000000000e+05 5.743000000000000000e+03
1.766490000000000000e+05 5.579000000000000000e+03
1.799820000000000000e+05 5.333000000000000000e+03
1.833150000000000000e+05 5.004000000000000000e+03
1.866480000000000000e+05 4.819000000000000000e+03
1.899810000000000000e+05 4.707000000000000000e+03
1.933140000000000000e+05 4.529000000000000000e+03
1.966470000000000000e+05 4.292000000000000000e+03
1.999800000000000000e+05 3.998000000000000000e+03
2.033130000000000000e+05 3.935000000000000000e+03
2.066460000000000000e+05 3.766000000000000000e+03
2.099790000000000000e+05 3.469000000000000000e+03
2.133120000000000000e+05 3.446000000000000000e+03
2.166450000000000000e+05 3.510000000000000000e+03
2.199780000000000000e+05 3.332000000000000000e+03
2.233110000000000000e+05 3.222000000000000000e+03
2.266440000000000000e+05 3.110000000000000000e+03
2.299770000000000000e+05 3.166000000000000000e+03
2.333100000000000000e+05 3.117000000000000000e+03
2.366430000000000000e+05 3.268000000000000000e+03
2.399760000000000000e+05 3.291000000000000000e+03
2.433090000000000000e+05 3.461000000000000000e+03
2.466420000000000000e+05 3.508000000000000000e+03
2.499750000000000000e+05 3.540000000000000000e+03
2.533080000000000000e+05 3.631000000000000000e+03
2.566410000000000000e+05 3.903000000000000000e+03
2.599740000000000000e+05 3.951000000000000000e+03
2.633070000000000000e+05 4.170000000000000000e+03
2.666400000000000000e+05 4.211000000000000000e+03
2.699730000000000000e+05 4.586000000000000000e+03
2.733060000000000000e+05 4.577000000000000000e+03
2.766390000000000000e+05 5.067000000000000000e+03
2.799720000000000000e+05 5.228000000000000000e+03
2.833050000000000000e+05 5.529000000000000000e+03
2.866380000000000000e+05 5.635000000000000000e+03
2.899710000000000000e+05 5.975000000000000000e+03
2.933040000000000000e+05 6.249000000000000000e+03
2.966370000000000000e+05 6.470000000000000000e+03
2.999700000000000000e+05 6.578000000000000000e+03
3.033030000000000000e+05 6.884000000000000000e+03
3.066360000000000000e+05 7.021000000000000000e+03
3.099690000000000000e+05 7.419000000000000000e+03
3.133020000000000000e+05 7.495000000000000000e+03
3.166350000000000000e+05 7.647000000000000000e+03
3.199680000000000000e+05 7.914000000000000000e+03
3.233010000000000000e+05 8.006000000000000000e+03
3.266340000000000000e+05 8.366000000000000000e+03
3.299670000000000000e+05 8.604000000000000000e+03
3.333000000000000000e+05 8.740000000000000000e+03
3.366330000000000000e+05 8.737000000000000000e+03
3.399660000000000000e+05 8.735000000000000000e+03
3.432990000000000000e+05 9.105000000000000000e+03
3.466320000000000000e+05 9.082000000000000000e+03
3.499650000000000000e+05 9.136000000000000000e+03
3.532980000000000000e+05 9.401000000000000000e+03
3.566310000000000000e+05 9.279000000000000000e+03
3.599640000000000000e+05 9.639000000000000000e+03
3.632970000000000000e+05 9.598000000000000000e+03
3.666300000000000000e+05 9.855000000000000000e+03
3.699630000000000000e+05 9.736000000000000000e+03
3.732960000000000000e+05 9.761000000000000000e+03
3.766290000000000000e+05 9.929000000000000000e+03
3.799620000000000000e+05 9.850000000000000000e+03
3.832950000000000000e+05 9.793000000000000000e+03
3.866280000000000000e+05 9.933000000000000000e+03
3.899610000000000000e+05 1.021800000000000000e+04
3.932940000000000000e+05 9.952000000000000000e+03
3.966270000000000000e+05 1.008300000000000000e+04
3.999600000000000000e+05 1.002600000000000000e+04
4.032930000000000000e+05 9.837000000000000000e+03
4.066260000000000000e+05 9.976000000000000000e+03
4.099590000000000000e+05 1.000300000000000000e+04
4.132920000000000000e+05 9.894000000000000000e+03
4.166250000000000000e+05 9.851000000000000000e+03
4.199580000000000000e+05 9.941000000000000000e+03
4.232910000000000000e+05 9.641000000000000000e+03
4.266240000000000000e+05 9.725000000000000000e+03
4.299570000000000000e+05 9.614000000000000000e+03
4.332900000000000000e+05 9.654000000000000000e+03
4.366230000000000000e+05 9.229000000000000000e+03
4.399560000000000000e+05 9.584000000000000000e+03
4.432890000000000000e+05 9.428000000000000000e+03
4.466220000000000000e+05 9.243000000000000000e+03
4.499550000000000000e+05 9.091000000000000000e+03
4.532880000000000000e+05 8.946000000000000000e+03
4.566210000000000000e+05 8.719000000000000000e+03
4.599540000000000000e+05 8.876000000000000000e+03
4.632870000000000000e+05 8.570000000000000000e+03
4.666200000000000000e+05 8.341000000000000000e+03
4.699530000000000000e+05 8.204000000000000000e+03
4.732860000000000000e+05 8.001000000000000000e+03
4.766190000000000000e+05 7.743000000000000000e+03
4.799520000000000000e+05 7.743000000000000000e+03
4.832850000000000000e+05 7.426000000000000000e+03
4.866180000000000000e+05 7.117000000000000000e+03
4.899510000000000000e+05 6.987000000000000000e+03
4.932840000000000000e+05 6.535000000000000000e+03
4.966170000000000000e+05 6.653000000000000000e+03
4.999500000000000000e+05 6.261000000000000000e+03
5.032830000000000000e+05 5.932000000000000000e+03
5.066160000000000000e+05 5.802000000000000000e+03
5.099490000000000000e+05 5.521000000000000000e+03
5.132820000000000000e+05 5.301000000000000000e+03
5.166150000000000000e+05 5.056000000000000000e+03
5.199480000000000000e+05 4.920000000000000000e+03
5.232810000000000000e+05 4.769000000000000000e+03
5.266140000000000000e+05 4.432000000000000000e+03
5.299470000000000000e+05 4.221000000000000000e+03
5.332800000000000000e+05 4.077000000000000000e+03
5.366130000000000000e+05 3.922000000000000000e+03
5.399460000000000000e+05 3.753000000000000000e+03
5.432790000000000000e+05 3.485000000000000000e+03
5.466120000000000000e+05 3.427000000000000000e+03
5.499450000000000000e+05 3.370000000000000000e+03
5.532780000000000000e+05 3.314000000000000000e+03
5.566110000000000000e+05 3.253000000000000000e+03
5.599440000000000000e+05 3.259000000000000000e+03
5.632770000000000000e+05 3.168000000000000000e+03
5.666100000000000000e+05 3.205000000000000000e+03
5.699430000000000000e+05 3.263000000000000000e+03
5.732760000000000000e+05 3.238000000000000000e+03
5.766090000000000000e+05 3.398000000000000000e+03
5.799420000000000000e+05 3.453000000000000000e+03
5.832750000000000000e+05 3.459000000000000000e+03
5.866080000000000000e+05 3.754000000000000000e+03
5.899410000000000000e+05 3.831000000000000000e+03
5.932740000000000000e+05 3.991000000000000000e+03
5.966070000000000000e+05 4.165000000000000000e+03
5.999400000000000000e+05 4.289000000000000000e+03
6.032730000000000000e+05 4.522000000000000000e+03
6.066060000000000000e+05 4.820000000000000000e+03
6.099390000000000000e+05 4.940000000000000000e+03
6.132720000000000000e+05 5.167000000000000000e+03
6.166050000000000000e+05 5.502000000000000000e+03
6.199380000000000000e+05 5.605000000000000000e+03
6.232710000000000000e+05 5.930000000000000000e+03
6.266040000000000000e+05 6.228000000000000000e+03
6.299370000000000000e+05 6.371000000000000000e+03
6.332700000000000000e+05 6.496000000000000000e+03
6.366030000000000000e+05 6.859000000000000000e+03
6.399360000000000000e+05 7.038000000000000000e+03
6.432690000000000000e+05 7.378000000000000000e+03
6.466020000000000000e+05 7.525000000000000000e+03
6.499350000000000000e+05 7.884000000000000000e+03
6.532680000000000000e+05 7.980000000000000000e+03
6.566010000000000000e+05 8.164000000000000000e+03
6.599340000000000000e+05 8.505000000000000000e+03
6.632670000000000000e+05 8.282000000000000000e+03
