0.000000000000000000e+00 5.049000000000000000e+03
2.000000000000000000e+03 5.016000000000000000e+03
4.000000000000000000e+03 5.240000000000000000e+03
6.000000000000000000e+03 5.329000000000000000e+03
8.000000000000000000e+03 5.261000000000000000e+03
1.000000000000000000e+04 5.383000000000000000e+03
1.200000000000000000e+04 5.473000000000000000e+03
1.400000000000000000e+04 5.561000000000000000e+03
1.600000000000000000e+04 5.547000000000000000e+03
1.800000000000000000e+04 5.682000000000000000e+03
2.000000000000000000e+04 5.524000000000000000e+03
2.200000000000000000e+04 5.641000000000000000e+03
2.400000000000000000e+04 5.788000000000000000e+03
2.600000000000000000e+04 5.724000000000000000e+03
2.800000000000000000e+04 5.667000000000000000e+03
3.000000000000000000e+04 5.761000000000000000e+03
3.200000000000000000e+04 5.756000000000000000e+03
3.400000000000000000e+04 5.719000000000000000e+03
3.600000000000000000e+04 5.898000000000000000e+03
3.800000000000000000e+04 5.753000000000000000e+03
4.000000000000000000e+04 5.799000000000000000e+03
4.200000000000000000e+04 5.803000000000000000e+03
4.400000000000000000e+04 5.860000000000000000e+03
4.600000000000000000e+04 5.813000000000000000e+03
4.800000000000000000e+04 5.787000000000000000e+03
5.000000000000000000e+04 5.828000000000000000e+03
5.200000000000000000e+04 5.578000000000000000e+03
5.400000000000000000e+04 5.766000000000000000e+03
5.600000000000000000e+04 5.712000000000000000e+03
5.800000000000000000e+04 5.695000000000000000e+03
6.000000000000000000e+04 5.708000000000000000e+03
6.200000000000000000e+04 5.569000000000000000e+03
6.400000000000000000e+04 5.542000000000000000e+03
6.600000000000000000e+04 5.407000000000000000e+03
6.800000000000000000e+04 5.298000000000000000e+03
7.000000000000000000e+04 5.269000000000000000e+03
7.200000000000000000e+04 5.141000000000000000e+03
7.400000000000000000e+04 5.067000000000000000e+03
7.600000000000000000e+04 5.139000000000000000e+03
7.800000000000000000e+04 5.101000000000000000e+03
8.000000000000000000e+04 4.843000000000000000e+03
8.200000000000000000e+04 4.840000000000000000e+03
8.400000000000000000e+04 4.642000000000000000e+03
8.600000000000000000e+04 4.532000000000000000e+03
8.800000000000000000e+04 4.437000000000000000e+03
9.000000000000000000e+04 4.163000000000000000e+03
9.200000000000000000e+04 4.138000000000000000e+03
9.400000000000000000e+04 4.023000000000000000e+03
9.600000000000000000e+04 3.979000000000000000e+03
9.800000000000000000e+04 3.747000000000000000e+03
1.000000000000000000e+05 3.625000000000000000e+03
1.020000000000000000e+05 3.488000000000000000e+03
1.040000000000000000e+05 3.328000000000000000e+03
1.060000000000000000e+05 3.146000000000000000e+03
1.080000000000000000e+05 3.133000000000000000e+03
1.100000000000000000e+05 2.979000000000000000e+03
1.120000000000000000e+05 2.822000000000000000e+03
1.140000000000000000e+05 2.756000000000000000e+03
1.160000000000000000e+05 2.613000000000000000e+03
1.180000000000000000e+05 2.541000000000000000e+03
1.200000000000000000e+05 2.285000000000000000e+03
1.220000000000000000e+05 2.195000000000000000e+03
1.240000000000000000e+05 2.157000000000000000e+03
1.260000000000000000e+05 2.005000000000000000e+03
1.280000000000000000e+05 2.058000000000000000e+03
1.300000000000000000e+05 1.945000000000000000e+03
1.320000000000000000e+05 1.901000000000000000e+03
1.340000000000000000e+05 1.871000000000000000e+03
1.360000000000000000e+05 1.795000000000000000e+03
1.380000000000000000e+05 1.833000000000000000e+03
1.400000000000000000e+05 1.868000000000000000e+03
1.420000000000000000e+05 1.922000000000000000e+03
1.440000000000000000e+05 1.828000000000000000e+03
1.460000000000000000e+05 1.986000000000000000e+03
1.480000000000000000e+05 1.954000000000000000e+03
1.500000000000000000e+05 2.101000000000000000e+03
1.520000000000000000e+05 2.162000000000000000e+03
1.540000000000000000e+05 2.184000000000000000e+03
1.560000000000000000e+05 2.397000000000000000e+03
1.580000000000000000e+05 2.343000000000000000e+03
1.600000000000000000e+05 2.472000000000000000e+03
1.620000000000000000e+05 2.667000000000000000e+03
1.640000000000000000e+05 2.726000000000000000e+03
1.660000000000000000e+05 2.850000000000000000e+03
1.680000000000000000e+05 3.091000000000000000e+03
1.700000000000000000e+05 3.175000000000000000e+03
1.720000000000000000e+05 3.234000000000000000e+03
1.740000000000000000e+05 3.308000000000000000e+03
1.760000000000000000e+05 3.502000000000000000e+03
1.780000000000000000e+05 3.815000000000000000e+03
1.800000000000000000e+05 3.877000000000000000e+03
1.820000000000000000e+05 3.996000000000000000e+03
1.840000000000000000e+05 4.130000000000000000e+03
1.860000000000000000e+05 4.229000000000000000e+03
1.880000000000000000e+05 4.416000000000000000e+03
1.900000000000000000e+05 4.538000000000000000e+03
1.920000000000000000e+05 4.637000000000000000e+03
1.940000000000000000e+05 4.739000000000000000e+03
1.960000000000000000e+05 4.864000000000000000e+03
1.980000000000000000e+05 4.909000000000000000e+03
2.000000000000000000e+05 5.092000000000000000e+03
2.020000000000000000e+05 5.134000000000000000e+03
2.040000000000000000e+05 5.102000000000000000e+03
2.060000000000000000e+05 5.213000000000000000e+03
2.080000000000000000e+05 5.426000000000000000e+03
2.100000000000000000e+05 5.367000000000000000e+03
2.120000000000000000e+05 5.548000000000000000e+03
2.140000000000000000e+05 5.609000000000000000e+03
2.160000000000000000e+05 5.627000000000000000e+03
2.180000000000000000e+05 5.514000000000000000e+03
2.200000000000000000e+05 5.916000000000000000e+03
2.220000000000000000e+05 5.673000000000000000e+03
2.240000000000000000e+05 5.689000000000000000e+03
2.260000000000000000e+05 5.710000000000000000e+03
2.280000000000000000e+05 5.904000000000000000e+03
2.300000000000000000e+05 5.760000000000000000e+03
2.320000000000000000e+05 5.818000000000000000e+03
2.340000000000000000e+05 5.656000000000000000e+03
2.360000000000000000e+05 5.674000000000000000e+03
2.380000000000000000e+05 5.772000000000000000e+03
2.400000000000000000e+05 5.911000000000000000e+03
2.420000000000000000e+05 5.740000000000000000e+03
2.440000000000000000e+05 5.721000000000000000e+03
2.460000000000000000e+05 5.763000000000000000e+03
2.480000000000000000e+05 5.838000000000000000e+03
2.500000000000000000e+05 5.673000000000000000e+03
2.520000000000000000e+05 5.763000000000000000e+03
2.540000000000000000e+05 5.678000000000000000e+03
2.560000000000000000e+05 5.702000000000000000e+03
2.580000000000000000e+05 5.595000000000000000e+03
2.600000000000000000e+05 5.555000000000000000e+03
2.620000000000000000e+05 5.484000000000000000e+03
2.640000000000000000e+05 5.600000000000000000e+03
2.660000000000000000e+05 5.468000000000000000e+03
2.680000000000000000e+05 5.275000000000000000e+03
2.700000000000000000e+05 5.307000000000000000e+03
2.720000000000000000e+05 5.130000000000000000e+03
2.740000000000000000e+05 5.035000000000000000e+03
2.760000000000000000e+05 4.988000000000000000e+03
2.780000000000000000e+05 4.787000000000000000e+03
2.800000000000000000e+05 4.816000000000000000e+03
2.820000000000000000e+05 4.771000000000000000e+03
2.840000000000000000e+05 4.596000000000000000e+03
2.860000000000000000e+05 4.545000000000000000e+03
2.880000000000000000e+05 4.389000000000000000e+03
2.900000000000000000e+05 4.287000000000000000e+03
2.920000000000000000e+05 4.259000000000000000e+03
2.940000000000000000e+05 4.120000000000000000e+03
2.960000000000000000e+05 3.935000000000000000e+03
2.980000000000000000e+05 3.845000000000000000e+03
3.000000000000000000e+05 3.652000000000000000e+03
3.020000000000000000e+05 3.407000000000000000e+03
3.040000000000000000e+05 3.323000000000000000e+03
3.060000000000000000e+05 3.263000000000000000e+03
3.080000000000000000e+05 3.029000000000000000e+03
3.100000000000000000e+05 3.063000000000000000e+03
3.120000000000000000e+05 2.842000000000000000e+03
3.140000000000000000e+05 2.783000000000000000e+03
3.160000000000000000e+05 2.616000000000000000e+03
3.180000000000000000e+05 2.451000000000000000e+03
3.200000000000000000e+05 2.354000000000000000e+03
3.220000000000000000e+05 2.205000000000000000e+03
3.240000000000000000e+05 2.141000000000000000e+03
3.260000000000000000e+05 2.103000000000000000e+03
3.280000000000000000e+05 2.012000000000000000e+03
3.300000000000000000e+05 1.913000000000000000e+03
3.320000000000000000e+05 1.874000000000000000e+03
3.340000000000000000e+05 1.834000000000000000e+03
3.360000000000000000e+05 1.840000000000000000e+03
3.380000000000000000e+05 1.799000000000000000e+03
3.400000000000000000e+05 1.792000000000000000e+03
3.420000000000000000e+05 1.923000000000000000e+03
3.440000000000000000e+05 1.851000000000000000e+03
3.460000000000000000e+05 1.927000000000000000e+03
3.480000000000000000e+05 1.987000000000000000e+03
3.500000000000000000e+05 2.024000000000000000e+03
3.520000000000000000e+05 2.138000000000000000e+03
3.540000000000000000e+05 2.236000000000000000e+03
3.560000000000000000e+05 2.249000000000000000e+03
3.580000000000000000e+05 2.386000000000000000e+03
3.600000000000000000e+05 2.441000000000000000e+03
3.620000000000000000e+05 2.620000000000000000e+03
3.640000000000000000e+05 2.725000000000000000e+03
3.660000000000000000e+05 2.901000000000000000e+03
3.680000000000000000e+05 3.204000000000000000e+03
3.700000000000000000e+05 3.162000000000000000e+03
3.720000000000000000e+05 3.375000000000000000e+03
3.740000000000000000e+05 3.319000000000000000e+03
3.760000000000000000e+05 3.688000000000000000e+03
3.780000000000000000e+05 3.731000000000000000e+03
3.800000000000000000e+05 3.866000000000000000e+03
3.820000000000000000e+05 4.110000000000000000e+03
3.840000000000000000e+05 4.250000000000000000e+03
3.860000000000000000e+05 4.466000000000000000e+03
3.880000000000000000e+05 4.353000000000000000e+03
3.900000000000000000e+05 4.381000000000000000e+03
3.920000000000000000e+05 4.705000000000000000e+03
3.940000000000000000e+05 4.662000000000000000e+03
3.960000000000000000e+05 4.861000000000000000e+03
3.980000000000000000e+05 4.956000000000000000e+03
