0.000000000000000000e+00 1.369900000000000000e+04
1.000000000000000000e+04 1.396500000000000000e+04
2.000000000000000000e+04 1.434900000000000000e+04
3.000000000000000000e+04 1.400200000000000000e+04
4.000000000000000000e+04 1.421300000000000000e+04
5.000000000000000000e+04 1.459700000000000000e+04
6.000000000000000000e+04 1.463400000000000000e+04
7.000000000000000000e+04 1.491700000000000000e+04
8.000000000000000000e+04 1.513400000000000000e+04
9.000000000000000000e+04 1.508100000000000000e+04
1.000000000000000000e+05 1.514300000000000000e+04
1.100000000000000000e+05 1.493800000000000000e+04
1.200000000000000000e+05 1.522300000000000000e+04
1.300000000000000000e+05 1.557600000000000000e+04
1.400000000000000000e+05 1.554900000000000000e+04
1.500000000000000000e+05 1.550600000000000000e+04
1.600000000000000000e+05 1.558600000000000000e+04
1.700000000000000000e+05 1.543200000000000000e+04
1.800000000000000000e+05 1.555400000000000000e+04
1.900000000000000000e+05 1.550100000000000000e+04
2.000000000000000000e+05 1.536500000000000000e+04
2.100000000000000000e+05 1.552600000000000000e+04
2.200000000000000000e+05 1.556100000000000000e+04
2.300000000000000000e+05 1.556300000000000000e+04
2.400000000000000000e+05 1.541900000000000000e+04
2.500000000000000000e+05 1.519000000000000000e+04
2.600000000000000000e+05 1.524400000000000000e+04
2.700000000000000000e+05 1.502200000000000000e+04
2.800000000000000000e+05 1.514300000000000000e+04
2.900000000000000000e+05 1.512700000000000000e+04
3.000000000000000000e+05 1.480800000000000000e+04
3.100000000000000000e+05 1.472900000000000000e+04
3.200000000000000000e+05 1.474100000000000000e+04
3.300000000000000000e+05 1.442800000000000000e+04
3.400000000000000000e+05 1.413100000000000000e+04
3.500000000000000000e+05 1.411400000000000000e+04
3.600000000000000000e+05 1.380600000000000000e+04
3.700000000000000000e+05 1.388500000000000000e+04
3.800000000000000000e+05 1.338300000000000000e+04
3.900000000000000000e+05 1.344800000000000000e+04
4.000000000000000000e+05 1.301400000000000000e+04
4.100000000000000000e+05 1.267900000000000000e+04
4.200000000000000000e+05 1.262200000000000000e+04
4.300000000000000000e+05 1.207700000000000000e+04
4.400000000000000000e+05 1.158900000000000000e+04
4.500000000000000000e+05 1.149600000000000000e+04
4.600000000000000000e+05 1.101500000000000000e+04
4.700000000000000000e+05 1.068200000000000000e+04
4.800000000000000000e+05 1.018000000000000000e+04
4.900000000000000000e+05 9.917000000000000000e+03
5.000000000000000000e+05 9.463000000000000000e+03
5.100000000000000000e+05 9.318000000000000000e+03
5.200000000000000000e+05 8.913000000000000000e+03
5.300000000000000000e+05 8.244000000000000000e+03
5.400000000000000000e+05 7.945000000000000000e+03
5.500000000000000000e+05 7.621000000000000000e+03
5.600000000000000000e+05 7.187000000000000000e+03
5.700000000000000000e+05 6.696000000000000000e+03
5.800000000000000000e+05 6.524000000000000000e+03
5.900000000000000000e+05 6.192000000000000000e+03
6.000000000000000000e+05 5.993000000000000000e+03
6.100000000000000000e+05 5.714000000000000000e+03
6.200000000000000000e+05 5.557000000000000000e+03
6.300000000000000000e+05 5.253000000000000000e+03
6.400000000000000000e+05 5.013000000000000000e+03
6.500000000000000000e+05 4.997000000000000000e+03
6.600000000000000000e+05 4.768000000000000000e+03
6.700000000000000000e+05 4.717000000000000000e+03
6.800000000000000000e+05 4.668000000000000000e+03
6.900000000000000000e+05 4.747000000000000000e+03
7.000000000000000000e+05 4.673000000000000000e+03
7.100000000000000000e+05 4.648000000000000000e+03
7.200000000000000000e+05 4.751000000000000000e+03
7.300000000000000000e+05 4.828000000000000000e+03
7.400000000000000000e+05 4.997000000000000000e+03
7.500000000000000000e+05 5.047000000000000000e+03
7.600000000000000000e+05 5.345000000000000000e+03
7.700000000000000000e+05 5.617000000000000000e+03
7.800000000000000000e+05 5.869000000000000000e+03
7.900000000000000000e+05 6.164000000000000000e+03
8.000000000000000000e+05 6.507000000000000000e+03
8.100000000000000000e+05 6.821000000000000000e+03
8.200000000000000000e+05 7.044000000000000000e+03
8.300000000000000000e+05 7.488000000000000000e+03
8.400000000000000000e+05 7.840000000000000000e+03
8.500000000000000000e+05 8.248000000000000000e+03
8.600000000000000000e+05 8.507000000000000000e+03
8.700000000000000000e+05 9.006000000000000000e+03
8.800000000000000000e+05 9.459000000000000000e+03
8.900000000000000000e+05 9.776000000000000000e+03
9.000000000000000000e+05 1.022600000000000000e+04
9.100000000000000000e+05 1.031400000000000000e+04
9.200000000000000000e+05 1.105500000000000000e+04
9.300000000000000000e+05 1.136900000000000000e+04
9.400000000000000000e+05 1.154300000000000000e+04
9.500000000000000000e+05 1.196600000000000000e+04
9.600000000000000000e+05 1.219800000000000000e+04
9.700000000000000000e+05 1.247000000000000000e+04
9.800000000000000000e+05 1.271300000000000000e+04
9.900000000000000000e+05 1.318000000000000000e+04
1.000000000000000000e+06 1.312000000000000000e+04
1.010000000000000000e+06 1.357500000000000000e+04
1.020000000000000000e+06 1.371100000000000000e+04
1.030000000000000000e+06 1.401500000000000000e+04
1.040000000000000000e+06 1.395900000000000000e+04
1.050000000000000000e+06 1.424300000000000000e+04
1.060000000000000000e+06 1.459800000000000000e+04
1.070000000000000000e+06 1.473400000000000000e+04
1.080000000000000000e+06 1.486500000000000000e+04
1.090000000000000000e+06 1.497700000000000000e+04
1.100000000000000000e+06 1.513300000000000000e+04
1.110000000000000000e+06 1.521500000000000000e+04
1.120000000000000000e+06 1.518200000000000000e+04
1.130000000000000000e+06 1.538900000000000000e+04
1.140000000000000000e+06 1.546300000000000000e+04
1.150000000000000000e+06 1.530300000000000000e+04
1.160000000000000000e+06 1.552900000000000000e+04
1.170000000000000000e+06 1.524400000000000000e+04
1.180000000000000000e+06 1.544600000000000000e+04
1.190000000000000000e+06 1.541900000000000000e+04
1.200000000000000000e+06 1.552700000000000000e+04
1.210000000000000000e+06 1.535000000000000000e+04
1.220000000000000000e+06 1.539100000000000000e+04
1.230000000000000000e+06 1.514600000000000000e+04
1.240000000000000000e+06 1.526000000000000000e+04
1.250000000000000000e+06 1.519500000000000000e+04
1.260000000000000000e+06 1.509500000000000000e+04
1.270000000000000000e+06 1.525600000000000000e+04
1.280000000000000000e+06 1.487400000000000000e+04
1.290000000000000000e+06 1.479600000000000000e+04
1.300000000000000000e+06 1.472600000000000000e+04
1.310000000000000000e+06 1.461500000000000000e+04
1.320000000000000000e+06 1.469100000000000000e+04
1.330000000000000000e+06 1.446600000000000000e+04
1.340000000000000000e+06 1.432800000000000000e+04
1.350000000000000000e+06 1.384800000000000000e+04
1.360000000000000000e+06 1.371600000000000000e+04
1.370000000000000000e+06 1.362000000000000000e+04
1.380000000000000000e+06 1.354900000000000000e+04
1.390000000000000000e+06 1.311400000000000000e+04
1.400000000000000000e+06 1.283700000000000000e+04
1.410000000000000000e+06 1.251400000000000000e+04
1.420000000000000000e+06 1.217200000000000000e+04
1.430000000000000000e+06 1.181100000000000000e+04
1.440000000000000000e+06 1.171900000000000000e+04
1.450000000000000000e+06 1.126600000000000000e+04
1.460000000000000000e+06 1.098200000000000000e+04
1.470000000000000000e+06 1.061600000000000000e+04
1.480000000000000000e+06 1.041400000000000000e+04
1.490000000000000000e+06 9.755000000000000000e+03
1.500000000000000000e+06 9.732000000000000000e+03
1.510000000000000000e+06 9.149000000000000000e+03
1.520000000000000000e+06 8.922000000000000000e+03
1.530000000000000000e+06 8.422000000000000000e+03
1.540000000000000000e+06 7.969000000000000000e+03
1.550000000000000000e+06 7.623000000000000000e+03
1.560000000000000000e+06 7.190000000000000000e+03
1.570000000000000000e+06 6.932000000000000000e+03
1.580000000000000000e+06 6.626000000000000000e+03
1.590000000000000000e+06 6.269000000000000000e+03
1.600000000000000000e+06 6.096000000000000000e+03
1.610000000000000000e+06 5.658000000000000000e+03
1.620000000000000000e+06 5.418000000000000000e+03
1.630000000000000000e+06 5.123000000000000000e+03
1.640000000000000000e+06 5.109000000000000000e+03
1.650000000000000000e+06 4.947000000000000000e+03
1.660000000000000000e+06 4.712000000000000000e+03
1.670000000000000000e+06 4.710000000000000000e+03
1.680000000000000000e+06 4.661000000000000000e+03
1.690000000000000000e+06 4.610000000000000000e+03
1.700000000000000000e+06 4.593000000000000000e+03
1.710000000000000000e+06 4.768000000000000000e+03
1.720000000000000000e+06 4.600000000000000000e+03
1.730000000000000000e+06 4.804000000000000000e+03
1.740000000000000000e+06 4.957000000000000000e+03
1.750000000000000000e+06 5.129000000000000000e+03
1.760000000000000000e+06 5.420000000000000000e+03
1.770000000000000000e+06 5.867000000000000000e+03
1.780000000000000000e+06 5.878000000000000000e+03
1.790000000000000000e+06 6.028000000000000000e+03
1.800000000000000000e+06 6.486000000000000000e+03
1.810000000000000000e+06 6.757000000000000000e+03
1.820000000000000000e+06 7.145000000000000000e+03
1.830000000000000000e+06 7.629000000000000000e+03
1.840000000000000000e+06 7.752000000000000000e+03
1.850000000000000000e+06 8.211000000000000000e+03
1.860000000000000000e+06 8.637000000000000000e+03
1.870000000000000000e+06 9.032000000000000000e+03
1.880000000000000000e+06 9.429000000000000000e+03
1.890000000000000000e+06 9.874000000000000000e+03
1.900000000000000000e+06 1.028200000000000000e+04
1.910000000000000000e+06 1.069000000000000000e+04
1.920000000000000000e+06 1.103000000000000000e+04
1.930000000000000000e+06 1.119500000000000000e+04
1.940000000000000000e+06 1.148600000000000000e+04
1.950000000000000000e+06 1.176000000000000000e+04
1.960000000000000000e+06 1.219600000000000000e+04
1.970000000000000000e+06 1.249500000000000000e+04
1.980000000000000000e+06 1.291300000000000000e+04
1.990000000000000000e+06 1.297000000000000000e+04
