0.000000000000000000e+00 4.190000000000000000e+03
1.000000000000000000e+03 4.210000000000000000e+03
2.000000000000000000e+03 4.135000000000000000e+03
3.000000000000000000e+03 4.341000000000000000e+03
4.000000000000000000e+03 4.430000000000000000e+03
5.000000000000000000e+03 4.401000000000000000e+03
6.000000000000000000e+03 4.434000000000000000e+03
7.000000000000000000e+03 4.570000000000000000e+03
8.000000000000000000e+03 4.624000000000000000e+03
9.000000000000000000e+03 4.584000000000000000e+03
1.000000000000000000e+04 4.723000000000000000e+03
1.100000000000000000e+04 4.556000000000000000e+03
1.200000000000000000e+04 4.649000000000000000e+03
1.300000000000000000e+04 4.809000000000000000e+03
1.400000000000000000e+04 4.713000000000000000e+03
1.500000000000000000e+04 4.688000000000000000e+03
1.600000000000000000e+04 4.708000000000000000e+03
1.700000000000000000e+04 4.828000000000000000e+03
1.800000000000000000e+04 4.834000000000000000e+03
1.900000000000000000e+04 4.903000000000000000e+03
2.000000000000000000e+04 4.888000000000000000e+03
2.100000000000000000e+04 4.804000000000000000e+03
2.200000000000000000e+04 4.764000000000000000e+03
2.300000000000000000e+04 4.805000000000000000e+03
2.400000000000000000e+04 4.731000000000000000e+03
2.500000000000000000e+04 4.708000000000000000e+03
2.600000000000000000e+04 4.768000000000000000e+03
2.700000000000000000e+04 4.769000000000000000e+03
2.800000000000000000e+04 4.532000000000000000e+03
2.900000000000000000e+04 4.570000000000000000e+03
3.000000000000000000e+04 4.578000000000000000e+03
3.100000000000000000e+04 4.521000000000000000e+03
3.200000000000000000e+04 4.463000000000000000e+03
3.300000000000000000e+04 4.420000000000000000e+03
3.400000000000000000e+04 4.424000000000000000e+03
3.500000000000000000e+04 4.343000000000000000e+03
3.600000000000000000e+04 4.311000000000000000e+03
3.700000000000000000e+04 4.200000000000000000e+03
3.800000000000000000e+04 4.087000000000000000e+03
3.900000000000000000e+04 4.099000000000000000e+03
4.000000000000000000e+04 4.038000000000000000e+03
4.100000000000000000e+04 3.964000000000000000e+03
4.200000000000000000e+04 3.823000000000000000e+03
4.300000000000000000e+04 3.714000000000000000e+03
4.400000000000000000e+04 3.591000000000000000e+03
4.500000000000000000e+04 3.415000000000000000e+03
4.600000000000000000e+04 3.437000000000000000e+03
4.700000000000000000e+04 3.411000000000000000e+03
4.800000000000000000e+04 3.161000000000000000e+03
4.900000000000000000e+04 3.026000000000000000e+03
5.000000000000000000e+04 2.981000000000000000e+03
5.100000000000000000e+04 2.952000000000000000e+03
5.200000000000000000e+04 2.720000000000000000e+03
5.300000000000000000e+04 2.642000000000000000e+03
5.400000000000000000e+04 2.505000000000000000e+03
5.500000000000000000e+04 2.474000000000000000e+03
5.600000000000000000e+04 2.316000000000000000e+03
5.700000000000000000e+04 2.194000000000000000e+03
5.800000000000000000e+04 2.105000000000000000e+03
5.900000000000000000e+04 2.047000000000000000e+03
6.000000000000000000e+04 1.878000000000000000e+03
6.100000000000000000e+04 1.829000000000000000e+03
6.200000000000000000e+04 1.745000000000000000e+03
6.300000000000000000e+04 1.626000000000000000e+03
6.400000000000000000e+04 1.674000000000000000e+03
6.500000000000000000e+04 1.545000000000000000e+03
6.600000000000000000e+04 1.477000000000000000e+03
6.700000000000000000e+04 1.567000000000000000e+03
6.800000000000000000e+04 1.488000000000000000e+03
6.900000000000000000e+04 1.500000000000000000e+03
7.000000000000000000e+04 1.496000000000000000e+03
7.100000000000000000e+04 1.521000000000000000e+03
7.200000000000000000e+04 1.553000000000000000e+03
7.300000000000000000e+04 1.576000000000000000e+03
7.400000000000000000e+04 1.651000000000000000e+03
7.500000000000000000e+04 1.602000000000000000e+03
7.600000000000000000e+04 1.669000000000000000e+03
7.700000000000000000e+04 1.806000000000000000e+03
7.800000000000000000e+04 1.973000000000000000e+03
7.900000000000000000e+04 1.978000000000000000e+03
8.000000000000000000e+04 2.069000000000000000e+03
8.100000000000000000e+04 2.287000000000000000e+03
8.200000000000000000e+04 2.282000000000000000e+03
8.300000000000000000e+04 2.397000000000000000e+03
8.400000000000000000e+04 2.549000000000000000e+03
8.500000000000000000e+04 2.511000000000000000e+03
8.600000000000000000e+04 2.796000000000000000e+03
8.700000000000000000e+04 2.923000000000000000e+03
8.800000000000000000e+04 2.967000000000000000e+03
8.900000000000000000e+04 3.163000000000000000e+03
9.000000000000000000e+04 3.227000000000000000e+03
9.100000000000000000e+04 3.510000000000000000e+03
9.200000000000000000e+04 3.513000000000000000e+03
9.300000000000000000e+04 3.566000000000000000e+03
9.400000000000000000e+04 3.649000000000000000e+03
9.500000000000000000e+04 3.721000000000000000e+03
9.600000000000000000e+04 3.743000000000000000e+03
9.700000000000000000e+04 3.828000000000000000e+03
9.800000000000000000e+04 3.986000000000000000e+03
9.900000000000000000e+04 3.966000000000000000e+03
1.000000000000000000e+05 4.094000000000000000e+03
1.010000000000000000e+05 4.129000000000000000e+03
1.020000000000000000e+05 4.360000000000000000e+03
1.030000000000000000e+05 4.410000000000000000e+03
1.040000000000000000e+05 4.380000000000000000e+03
1.050000000000000000e+05 4.431000000000000000e+03
1.060000000000000000e+05 4.551000000000000000e+03
1.070000000000000000e+05 4.475000000000000000e+03
1.080000000000000000e+05 4.558000000000000000e+03
1.090000000000000000e+05 4.603000000000000000e+03
1.100000000000000000e+05 4.595000000000000000e+03
1.110000000000000000e+05 4.653000000000000000e+03
1.120000000000000000e+05 4.652000000000000000e+03
1.130000000000000000e+05 4.676000000000000000e+03
1.140000000000000000e+05 4.804000000000000000e+03
1.150000000000000000e+05 4.744000000000000000e+03
1.160000000000000000e+05 4.681000000000000000e+03
1.170000000000000000e+05 4.794000000000000000e+03
1.180000000000000000e+05 4.703000000000000000e+03
1.190000000000000000e+05 4.759000000000000000e+03
1.200000000000000000e+05 4.817000000000000000e+03
1.210000000000000000e+05 4.731000000000000000e+03
1.220000000000000000e+05 4.698000000000000000e+03
1.230000000000000000e+05 4.737000000000000000e+03
1.240000000000000000e+05 4.826000000000000000e+03
1.250000000000000000e+05 4.742000000000000000e+03
1.260000000000000000e+05 4.871000000000000000e+03
1.270000000000000000e+05 4.713000000000000000e+03
1.280000000000000000e+05 4.530000000000000000e+03
1.290000000000000000e+05 4.784000000000000000e+03
1.300000000000000000e+05 4.689000000000000000e+03
1.310000000000000000e+05 4.562000000000000000e+03
1.320000000000000000e+05 4.539000000000000000e+03
1.330000000000000000e+05 4.364000000000000000e+03
1.340000000000000000e+05 4.365000000000000000e+03
1.350000000000000000e+05 4.446000000000000000e+03
1.360000000000000000e+05 4.452000000000000000e+03
1.370000000000000000e+05 4.179000000000000000e+03
1.380000000000000000e+05 4.155000000000000000e+03
1.390000000000000000e+05 4.067000000000000000e+03
1.400000000000000000e+05 4.026000000000000000e+03
1.410000000000000000e+05 3.871000000000000000e+03
1.420000000000000000e+05 3.738000000000000000e+03
1.430000000000000000e+05 3.660000000000000000e+03
1.440000000000000000e+05 3.664000000000000000e+03
1.450000000000000000e+05 3.567000000000000000e+03
1.460000000000000000e+05 3.485000000000000000e+03
1.470000000000000000e+05 3.415000000000000000e+03
1.480000000000000000e+05 3.165000000000000000e+03
1.490000000000000000e+05 3.098000000000000000e+03
1.500000000000000000e+05 2.927000000000000000e+03
1.510000000000000000e+05 2.840000000000000000e+03
1.520000000000000000e+05 2.717000000000000000e+03
1.530000000000000000e+05 2.703000000000000000e+03
1.540000000000000000e+05 2.573000000000000000e+03
1.550000000000000000e+05 2.391000000000000000e+03
1.560000000000000000e+05 2.344000000000000000e+03
1.570000000000000000e+05 2.193000000000000000e+03
1.580000000000000000e+05 2.233000000000000000e+03
1.590000000000000000e+05 1.986000000000000000e+03
1.600000000000000000e+05 1.941000000000000000e+03
1.610000000000000000e+05 1.877000000000000000e+03
1.620000000000000000e+05 1.867000000000000000e+03
1.630000000000000000e+05 1.764000000000000000e+03
1.640000000000000000e+05 1.611000000000000000e+03
1.650000000000000000e+05 1.615000000000000000e+03
1.660000000000000000e+05 1.555000000000000000e+03
1.670000000000000000e+05 1.523000000000000000e+03
1.680000000000000000e+05 1.599000000000000000e+03
1.690000000000000000e+05 1.520000000000000000e+03
1.700000000000000000e+05 1.459000000000000000e+03
1.710000000000000000e+05 1.494000000000000000e+03
1.720000000000000000e+05 1.534000000000000000e+03
1.730000000000000000e+05 1.576000000000000000e+03
1.740000000000000000e+05 1.659000000000000000e+03
1.750000000000000000e+05 1.760000000000000000e+03
1.760000000000000000e+05 1.768000000000000000e+03
1.770000000000000000e+05 1.797000000000000000e+03
1.780000000000000000e+05 1.870000000000000000e+03
1.790000000000000000e+05 2.051000000000000000e+03
1.800000000000000000e+05 2.046000000000000000e+03
1.810000000000000000e+05 2.171000000000000000e+03
1.820000000000000000e+05 2.270000000000000000e+03
1.830000000000000000e+05 2.465000000000000000e+03
1.840000000000000000e+05 2.500000000000000000e+03
1.850000000000000000e+05 2.523000000000000000e+03
1.860000000000000000e+05 2.751000000000000000e+03
1.870000000000000000e+05 2.854000000000000000e+03
1.880000000000000000e+05 2.982000000000000000e+03
1.890000000000000000e+05 3.001000000000000000e+03
1.900000000000000000e+05 3.122000000000000000e+03
1.910000000000000000e+05 3.264000000000000000e+03
1.920000000000000000e+05 3.318000000000000000e+03
1.930000000000000000e+05 3.486000000000000000e+03
1.940000000000000000e+05 3.678000000000000000e+03
1.950000000000000000e+05 3.738000000000000000e+03
1.960000000000000000e+05 3.929000000000000000e+03
1.970000000000000000e+05 3.915000000000000000e+03
1.980000000000000000e+05 3.965000000000000000e+03
1.990000000000000000e+05 4.032000000000000000e+03
