0.000000000000000000e+00 3.691000000000000000e+03
3.300000000000000000e+01 3.786000000000000000e+03
6.600000000000000000e+01 3.892000000000000000e+03
9.900000000000000000e+01 3.844000000000000000e+03
1.320000000000000000e+02 4.050000000000000000e+03
1.650000000000000000e+02 4.032000000000000000e+03
1.980000000000000000e+02 4.053000000000000000e+03
2.310000000000000000e+02 4.039000000000000000e+03
2.640000000000000000e+02 4.280000000000000000e+03
2.970000000000000000e+02 4.264000000000000000e+03
3.300000000000000000e+02 4.324000000000000000e+03
3.630000000000000000e+02 4.366000000000000000e+03
3.960000000000000000e+02 4.320000000000000000e+03
4.290000000000000000e+02 4.470000000000000000e+03
4.620000000000000000e+02 4.477000000000000000e+03
4.950000000000000000e+02 4.523000000000000000e+03
5.280000000000000000e+02 4.311000000000000000e+03
5.610000000000000000e+02 4.529000000000000000e+03
5.940000000000000000e+02 4.552000000000000000e+03
6.270000000000000000e+02 4.473000000000000000e+03
6.600000000000000000e+02 4.609000000000000000e+03
6.930000000000000000e+02 4.543000000000000000e+03
7.260000000000000000e+02 4.490000000000000000e+03
7.590000000000000000e+02 4.609000000000000000e+03
7.920000000000000000e+02 4.451000000000000000e+03
8.250000000000000000e+02 4.706000000000000000e+03
8.580000000000000000e+02 4.561000000000000000e+03
8.910000000000000000e+02 4.513000000000000000e+03
9.240000000000000000e+02 4.547000000000000000e+03
9.570000000000000000e+02 4.543000000000000000e+03
9.900000000000000000e+02 4.461000000000000000e+03
1.023000000000000000e+03 4.550000000000000000e+03
1.056000000000000000e+03 4.561000000000000000e+03
1.089000000000000000e+03 4.447000000000000000e+03
1.122000000000000000e+03 4.384000000000000000e+03
1.155000000000000000e+03 4.361000000000000000e+03
1.188000000000000000e+03 4.518000000000000000e+03
1.221000000000000000e+03 4.314000000000000000e+03
1.254000000000000000e+03 4.228000000000000000e+03
1.287000000000000000e+03 4.286000000000000000e+03
1.320000000000000000e+03 4.174000000000000000e+03
1.353000000000000000e+03 4.065000000000000000e+03
1.386000000000000000e+03 4.018000000000000000e+03
1.419000000000000000e+03 4.004000000000000000e+03
1.452000000000000000e+03 3.915000000000000000e+03
1.485000000000000000e+03 3.871000000000000000e+03
1.518000000000000000e+03 3.779000000000000000e+03
1.551000000000000000e+03 3.662000000000000000e+03
1.584000000000000000e+03 3.595000000000000000e+03
1.617000000000000000e+03 3.591000000000000000e+03
1.650000000000000000e+03 3.470000000000000000e+03
1.683000000000000000e+03 3.423000000000000000e+03
1.716000000000000000e+03 3.230000000000000000e+03
1.749000000000000000e+03 3.339000000000000000e+03
1.782000000000000000e+03 3.140000000000000000e+03
1.815000000000000000e+03 3.133000000000000000e+03
1.848000000000000000e+03 2.975000000000000000e+03
1.881000000000000000e+03 2.817000000000000000e+03
1.914000000000000000e+03 2.637000000000000000e+03
1.947000000000000000e+03 2.560000000000000000e+03
1.980000000000000000e+03 2.476000000000000000e+03
2.013000000000000000e+03 2.436000000000000000e+03
2.046000000000000000e+03 2.422000000000000000e+03
2.079000000000000000e+03 2.283000000000000000e+03
2.112000000000000000e+03 2.257000000000000000e+03
2.145000000000000000e+03 2.205000000000000000e+03
2.178000000000000000e+03 2.107000000000000000e+03
2.211000000000000000e+03 2.066000000000000000e+03
2.244000000000000000e+03 2.001000000000000000e+03
2.277000000000000000e+03 1.996000000000000000e+03
2.310000000000000000e+03 1.975000000000000000e+03
2.343000000000000000e+03 1.846000000000000000e+03
2.376000000000000000e+03 1.879000000000000000e+03
2.409000000000000000e+03 1.848000000000000000e+03
2.442000000000000000e+03 1.773000000000000000e+03
2.475000000000000000e+03 1.864000000000000000e+03
2.508000000000000000e+03 1.828000000000000000e+03
2.541000000000000000e+03 1.900000000000000000e+03
2.574000000000000000e+03 1.828000000000000000e+03
2.607000000000000000e+03 1.832000000000000000e+03
2.640000000000000000e+03 1.947000000000000000e+03
2.673000000000000000e+03 2.009000000000000000e+03
2.706000000000000000e+03 1.985000000000000000e+03
2.739000000000000000e+03 2.046000000000000000e+03
2.772000000000000000e+03 2.064000000000000000e+03
2.805000000000000000e+03 2.023000000000000000e+03
2.838000000000000000e+03 2.226000000000000000e+03
2.871000000000000000e+03 2.348000000000000000e+03
2.904000000000000000e+03 2.422000000000000000e+03
2.937000000000000000e+03 2.572000000000000000e+03
2.970000000000000000e+03 2.552000000000000000e+03
3.003000000000000000e+03 2.690000000000000000e+03
3.036000000000000000e+03 2.800000000000000000e+03
3.069000000000000000e+03 2.836000000000000000e+03
3.102000000000000000e+03 3.117000000000000000e+03
3.135000000000000000e+03 3.070000000000000000e+03
3.168000000000000000e+03 3.213000000000000000e+03
3.201000000000000000e+03 3.353000000000000000e+03
3.234000000000000000e+03 3.478000000000000000e+03
3.267000000000000000e+03 3.512000000000000000e+03
3.300000000000000000e+03 3.580000000000000000e+03
3.333000000000000000e+03 3.663000000000000000e+03
3.366000000000000000e+03 3.852000000000000000e+03
3.399000000000000000e+03 3.757000000000000000e+03
3.432000000000000000e+03 3.948000000000000000e+03
3.465000000000000000e+03 4.003000000000000000e+03
3.498000000000000000e+03 4.001000000000000000e+03
3.531000000000000000e+03 4.047000000000000000e+03
3.564000000000000000e+03 4.256000000000000000e+03
3.597000000000000000e+03 4.234000000000000000e+03
3.630000000000000000e+03 4.230000000000000000e+03
3.663000000000000000e+03 4.365000000000000000e+03
3.696000000000000000e+03 4.368000000000000000e+03
3.729000000000000000e+03 4.405000000000000000e+03
3.762000000000000000e+03 4.624000000000000000e+03
3.795000000000000000e+03 4.505000000000000000e+03
3.828000000000000000e+03 4.428000000000000000e+03
3.861000000000000000e+03 4.462000000000000000e+03
3.894000000000000000e+03 4.493000000000000000e+03
3.927000000000000000e+03 4.625000000000000000e+03
3.960000000000000000e+03 4.547000000000000000e+03
3.993000000000000000e+03 4.553000000000000000e+03
4.026000000000000000e+03 4.509000000000000000e+03
4.059000000000000000e+03 4.663000000000000000e+03
4.092000000000000000e+03 4.448000000000000000e+03
4.125000000000000000e+03 4.527000000000000000e+03
4.158000000000000000e+03 4.686000000000000000e+03
4.191000000000000000e+03 4.540000000000000000e+03
4.224000000000000000e+03 4.471000000000000000e+03
4.257000000000000000e+03 4.582000000000000000e+03
4.290000000000000000e+03 4.672000000000000000e+03
4.323000000000000000e+03 4.509000000000000000e+03
4.356000000000000000e+03 4.591000000000000000e+03
4.389000000000000000e+03 4.470000000000000000e+03
4.422000000000000000e+03 4.496000000000000000e+03
4.455000000000000000e+03 4.432000000000000000e+03
4.488000000000000000e+03 4.461000000000000000e+03
4.521000000000000000e+03 4.301000000000000000e+03
4.554000000000000000e+03 4.324000000000000000e+03
4.587000000000000000e+03 4.414000000000000000e+03
4.620000000000000000e+03 4.110000000000000000e+03
4.653000000000000000e+03 4.340000000000000000e+03
4.686000000000000000e+03 4.227000000000000000e+03
4.719000000000000000e+03 4.126000000000000000e+03
4.752000000000000000e+03 4.060000000000000000e+03
4.785000000000000000e+03 3.974000000000000000e+03
4.818000000000000000e+03 3.821000000000000000e+03
4.851000000000000000e+03 3.874000000000000000e+03
4.884000000000000000e+03 3.805000000000000000e+03
4.917000000000000000e+03 3.629000000000000000e+03
4.950000000000000000e+03 3.600000000000000000e+03
4.983000000000000000e+03 3.380000000000000000e+03
5.016000000000000000e+03 3.289000000000000000e+03
5.049000000000000000e+03 3.313000000000000000e+03
5.082000000000000000e+03 3.202000000000000000e+03
5.115000000000000000e+03 3.031000000000000000e+03
5.148000000000000000e+03 2.946000000000000000e+03
5.181000000000000000e+03 2.949000000000000000e+03
5.214000000000000000e+03 2.754000000000000000e+03
5.247000000000000000e+03 2.815000000000000000e+03
5.280000000000000000e+03 2.633000000000000000e+03
5.313000000000000000e+03 2.586000000000000000e+03
5.346000000000000000e+03 2.368000000000000000e+03
5.379000000000000000e+03 2.339000000000000000e+03
5.412000000000000000e+03 2.269000000000000000e+03
5.445000000000000000e+03 2.302000000000000000e+03
5.478000000000000000e+03 2.170000000000000000e+03
5.511000000000000000e+03 2.074000000000000000e+03
5.544000000000000000e+03 2.102000000000000000e+03
5.577000000000000000e+03 1.993000000000000000e+03
5.610000000000000000e+03 2.008000000000000000e+03
5.643000000000000000e+03 1.842000000000000000e+03
5.676000000000000000e+03 1.802000000000000000e+03
5.709000000000000000e+03 1.907000000000000000e+03
5.742000000000000000e+03 1.818000000000000000e+03
5.775000000000000000e+03 1.832000000000000000e+03
5.808000000000000000e+03 1.799000000000000000e+03
5.841000000000000000e+03 1.776000000000000000e+03
5.874000000000000000e+03 1.754000000000000000e+03
5.907000000000000000e+03 1.892000000000000000e+03
5.940000000000000000e+03 1.805000000000000000e+03
5.973000000000000000e+03 1.926000000000000000e+03
6.006000000000000000e+03 1.886000000000000000e+03
6.039000000000000000e+03 2.024000000000000000e+03
6.072000000000000000e+03 2.068000000000000000e+03
6.105000000000000000e+03 2.075000000000000000e+03
6.138000000000000000e+03 2.167000000000000000e+03
6.171000000000000000e+03 2.231000000000000000e+03
6.204000000000000000e+03 2.343000000000000000e+03
6.237000000000000000e+03 2.452000000000000000e+03
6.270000000000000000e+03 2.554000000000000000e+03
6.303000000000000000e+03 2.567000000000000000e+03
6.336000000000000000e+03 2.818000000000000000e+03
6.369000000000000000e+03 2.808000000000000000e+03
6.402000000000000000e+03 2.804000000000000000e+03
6.435000000000000000e+03 3.113000000000000000e+03
6.468000000000000000e+03 3.162000000000000000e+03
6.501000000000000000e+03 3.353000000000000000e+03
6.534000000000000000e+03 3.364000000000000000e+03
6.567000000000000000e+03 3.463000000000000000e+03
6.600000000000000000e+03 3.550000000000000000e+03
6.633000000000000000e+03 3.572000000000000000e+03
