0.000000000000000000e+00 7.512000000000000000e+03
1.428000000000000000e+03 7.691000000000000000e+03
2.856000000000000000e+03 7.894000000000000000e+03
4.284000000000000000e+03 7.824000000000000000e+03
5.712000000000000000e+03 8.122000000000000000e+03
7.140000000000000000e+03 8.067000000000000000e+03
8.568000000000000000e+03 7.904000000000000000e+03
9.996000000000000000e+03 8.327000000000000000e+03
1.142400000000000000e+04 8.282000000000000000e+03
1.285200000000000000e+04 8.281000000000000000e+03
1.428000000000000000e+04 8.417000000000000000e+03
1.570800000000000000e+04 8.635000000000000000e+03
1.713600000000000000e+04 8.713000000000000000e+03
1.856400000000000000e+04 8.539000000000000000e+03
1.999200000000000000e+04 8.714000000000000000e+03
2.142000000000000000e+04 8.650000000000000000e+03
2.284800000000000000e+04 8.652000000000000000e+03
2.427600000000000000e+04 8.798000000000000000e+03
2.570400000000000000e+04 8.718000000000000000e+03
2.713200000000000000e+04 8.628000000000000000e+03
2.856000000000000000e+04 8.625000000000000000e+03
2.998800000000000000e+04 8.614000000000000000e+03
3.141600000000000000e+04 8.711000000000000000e+03
3.284400000000000000e+04 8.566000000000000000e+03
3.427200000000000000e+04 8.718000000000000000e+03
3.570000000000000000e+04 8.536000000000000000e+03
3.712800000000000000e+04 8.658000000000000000e+03
3.855600000000000000e+04 8.542000000000000000e+03
3.998400000000000000e+04 8.477000000000000000e+03
4.141200000000000000e+04 8.536000000000000000e+03
4.284000000000000000e+04 8.441000000000000000e+03
4.426800000000000000e+04 8.223000000000000000e+03
4.569600000000000000e+04 8.149000000000000000e+03
4.712400000000000000e+04 8.216000000000000000e+03
4.855200000000000000e+04 8.188000000000000000e+03
4.998000000000000000e+04 7.913000000000000000e+03
5.140800000000000000e+04 7.959000000000000000e+03
5.283600000000000000e+04 7.652000000000000000e+03
5.426400000000000000e+04 7.618000000000000000e+03
5.569200000000000000e+04 7.555000000000000000e+03
5.712000000000000000e+04 7.285000000000000000e+03
5.854800000000000000e+04 7.036000000000000000e+03
5.997600000000000000e+04 7.098000000000000000e+03
6.140400000000000000e+04 6.850000000000000000e+03
6.283200000000000000e+04 6.573000000000000000e+03
6.426000000000000000e+04 6.508000000000000000e+03
6.568800000000000000e+04 6.209000000000000000e+03
6.711600000000000000e+04 6.085000000000000000e+03
6.854400000000000000e+04 5.818000000000000000e+03
6.997200000000000000e+04 5.548000000000000000e+03
7.140000000000000000e+04 5.373000000000000000e+03
7.282800000000000000e+04 5.268000000000000000e+03
7.425600000000000000e+04 4.806000000000000000e+03
7.568400000000000000e+04 4.612000000000000000e+03
7.711200000000000000e+04 4.535000000000000000e+03
7.854000000000000000e+04 4.285000000000000000e+03
7.996800000000000000e+04 3.989000000000000000e+03
8.139600000000000000e+04 3.857000000000000000e+03
8.282400000000000000e+04 3.656000000000000000e+03
8.425200000000000000e+04 3.461000000000000000e+03
8.568000000000000000e+04 3.268000000000000000e+03
8.710800000000000000e+04 3.103000000000000000e+03
8.853600000000000000e+04 2.828000000000000000e+03
8.996400000000000000e+04 2.860000000000000000e+03
9.139200000000000000e+04 2.770000000000000000e+03
9.282000000000000000e+04 2.561000000000000000e+03
9.424800000000000000e+04 2.545000000000000000e+03
9.567600000000000000e+04 2.436000000000000000e+03
9.710400000000000000e+04 2.493000000000000000e+03
9.853200000000000000e+04 2.390000000000000000e+03
9.996000000000000000e+04 2.354000000000000000e+03
1.013880000000000000e+05 2.435000000000000000e+03
1.028160000000000000e+05 2.560000000000000000e+03
1.042440000000000000e+05 2.605000000000000000e+03
1.056720000000000000e+05 2.638000000000000000e+03
1.071000000000000000e+05 2.718000000000000000e+03
1.085280000000000000e+05 2.848000000000000000e+03
1.099560000000000000e+05 3.023000000000000000e+03
1.113840000000000000e+05 3.123000000000000000e+03
1.128120000000000000e+05 3.290000000000000000e+03
1.142400000000000000e+05 3.494000000000000000e+03
1.156680000000000000e+05 3.750000000000000000e+03
1.170960000000000000e+05 3.853000000000000000e+03
1.185240000000000000e+05 4.148000000000000000e+03
1.199520000000000000e+05 4.468000000000000000e+03
1.213800000000000000e+05 4.541000000000000000e+03
1.228080000000000000e+05 4.966000000000000000e+03
1.242360000000000000e+05 5.047000000000000000e+03
1.256640000000000000e+05 5.138000000000000000e+03
1.270920000000000000e+05 5.657000000000000000e+03
1.285200000000000000e+05 5.794000000000000000e+03
1.299480000000000000e+05 5.826000000000000000e+03
1.313760000000000000e+05 6.039000000000000000e+03
1.328040000000000000e+05 6.327000000000000000e+03
1.342320000000000000e+05 6.371000000000000000e+03
1.356600000000000000e+05 6.697000000000000000e+03
1.370880000000000000e+05 6.750000000000000000e+03
1.385160000000000000e+05 7.043000000000000000e+03
1.399440000000000000e+05 7.292000000000000000e+03
1.413720000000000000e+05 7.558000000000000000e+03
1.428000000000000000e+05 7.644000000000000000e+03
1.442280000000000000e+05 7.767000000000000000e+03
1.456560000000000000e+05 8.009000000000000000e+03
1.470840000000000000e+05 7.935000000000000000e+03
1.485120000000000000e+05 8.017000000000000000e+03
1.499400000000000000e+05 8.062000000000000000e+03
1.513680000000000000e+05 8.404000000000000000e+03
1.527960000000000000e+05 8.183000000000000000e+03
1.542240000000000000e+05 8.334000000000000000e+03
1.556520000000000000e+05 8.445000000000000000e+03
1.570800000000000000e+05 8.407000000000000000e+03
1.585080000000000000e+05 8.514000000000000000e+03
1.599360000000000000e+05 8.462000000000000000e+03
1.613640000000000000e+05 8.652000000000000000e+03
1.627920000000000000e+05 8.609000000000000000e+03
1.642200000000000000e+05 8.599000000000000000e+03
1.656480000000000000e+05 8.801000000000000000e+03
1.670760000000000000e+05 8.674000000000000000e+03
1.685040000000000000e+05 8.741000000000000000e+03
1.699320000000000000e+05 8.590000000000000000e+03
1.713600000000000000e+05 8.869000000000000000e+03
1.727880000000000000e+05 8.566000000000000000e+03
1.742160000000000000e+05 8.647000000000000000e+03
1.756440000000000000e+05 8.765000000000000000e+03
1.770720000000000000e+05 8.576000000000000000e+03
1.785000000000000000e+05 8.706000000000000000e+03
1.799280000000000000e+05 8.602000000000000000e+03
1.813560000000000000e+05 8.593000000000000000e+03
1.827840000000000000e+05 8.651000000000000000e+03
1.842120000000000000e+05 8.366000000000000000e+03
1.856400000000000000e+05 8.298000000000000000e+03
1.870680000000000000e+05 8.320000000000000000e+03
1.884960000000000000e+05 8.250000000000000000e+03
1.899240000000000000e+05 8.217000000000000000e+03
1.913520000000000000e+05 8.073000000000000000e+03
1.927800000000000000e+05 8.236000000000000000e+03
1.942080000000000000e+05 7.662000000000000000e+03
1.956360000000000000e+05 7.794000000000000000e+03
1.970640000000000000e+05 7.700000000000000000e+03
1.984920000000000000e+05 7.346000000000000000e+03
1.999200000000000000e+05 7.218000000000000000e+03
2.013480000000000000e+05 7.192000000000000000e+03
2.027760000000000000e+05 7.153000000000000000e+03
2.042040000000000000e+05 6.849000000000000000e+03
2.056320000000000000e+05 6.675000000000000000e+03
2.070600000000000000e+05 6.473000000000000000e+03
2.084880000000000000e+05 6.234000000000000000e+03
2.099160000000000000e+05 6.027000000000000000e+03
2.113440000000000000e+05 5.784000000000000000e+03
2.127720000000000000e+05 5.711000000000000000e+03
2.142000000000000000e+05 5.517000000000000000e+03
2.156280000000000000e+05 5.295000000000000000e+03
2.170560000000000000e+05 4.939000000000000000e+03
2.184840000000000000e+05 4.581000000000000000e+03
2.199120000000000000e+05 4.509000000000000000e+03
2.213400000000000000e+05 4.309000000000000000e+03
2.227680000000000000e+05 4.010000000000000000e+03
2.241960000000000000e+05 3.780000000000000000e+03
2.256240000000000000e+05 3.671000000000000000e+03
2.270520000000000000e+05 3.448000000000000000e+03
2.284800000000000000e+05 3.279000000000000000e+03
2.299080000000000000e+05 3.153000000000000000e+03
2.313360000000000000e+05 2.938000000000000000e+03
2.327640000000000000e+05 2.930000000000000000e+03
2.341920000000000000e+05 2.704000000000000000e+03
2.356200000000000000e+05 2.725000000000000000e+03
2.370480000000000000e+05 2.573000000000000000e+03
2.384760000000000000e+05 2.504000000000000000e+03
2.399040000000000000e+05 2.447000000000000000e+03
2.413320000000000000e+05 2.428000000000000000e+03
2.427600000000000000e+05 2.467000000000000000e+03
2.441880000000000000e+05 2.435000000000000000e+03
2.456160000000000000e+05 2.500000000000000000e+03
2.470440000000000000e+05 2.556000000000000000e+03
2.484720000000000000e+05 2.605000000000000000e+03
2.499000000000000000e+05 2.824000000000000000e+03
2.513280000000000000e+05 2.831000000000000000e+03
2.527560000000000000e+05 3.009000000000000000e+03
2.541840000000000000e+05 3.146000000000000000e+03
2.556120000000000000e+05 3.277000000000000000e+03
2.570400000000000000e+05 3.441000000000000000e+03
2.584680000000000000e+05 3.667000000000000000e+03
2.598960000000000000e+05 3.851000000000000000e+03
2.613240000000000000e+05 4.147000000000000000e+03
2.627520000000000000e+05 4.270000000000000000e+03
2.641800000000000000e+05 4.462000000000000000e+03
2.656080000000000000e+05 4.656000000000000000e+03
2.670360000000000000e+05 5.105000000000000000e+03
2.684640000000000000e+05 5.277000000000000000e+03
2.698920000000000000e+05 5.617000000000000000e+03
2.713200000000000000e+05 5.683000000000000000e+03
2.727480000000000000e+05 5.968000000000000000e+03
2.741760000000000000e+05 6.053000000000000000e+03
2.756040000000000000e+05 6.366000000000000000e+03
2.770320000000000000e+05 6.584000000000000000e+03
2.784600000000000000e+05 6.734000000000000000e+03
2.798880000000000000e+05 6.966000000000000000e+03
2.813160000000000000e+05 7.162000000000000000e+03
2.827440000000000000e+05 7.320000000000000000e+03
2.841720000000000000e+05 7.262000000000000000e+03
