0.000000000000000000e+00 6.777000000000000000e+03
1.420000000000000000e+02 6.812000000000000000e+03
2.840000000000000000e+02 6.937000000000000000e+03
4.260000000000000000e+02 7.003000000000000000e+03
5.680000000000000000e+02 7.197000000000000000e+03
7.100000000000000000e+02 7.100000000000000000e+03
8.520000000000000000e+02 7.233000000000000000e+03
9.940000000000000000e+02 7.225000000000000000e+03
1.136000000000000000e+03 7.509000000000000000e+03
1.278000000000000000e+03 7.480000000000000000e+03
1.420000000000000000e+03 7.630000000000000000e+03
1.562000000000000000e+03 7.405000000000000000e+03
1.704000000000000000e+03 7.608000000000000000e+03
1.846000000000000000e+03 7.647000000000000000e+03
1.988000000000000000e+03 7.667000000000000000e+03
2.130000000000000000e+03 7.721000000000000000e+03
2.272000000000000000e+03 7.589000000000000000e+03
2.414000000000000000e+03 7.590000000000000000e+03
2.556000000000000000e+03 7.651000000000000000e+03
2.698000000000000000e+03 7.597000000000000000e+03
2.840000000000000000e+03 7.596000000000000000e+03
2.982000000000000000e+03 7.600000000000000000e+03
3.124000000000000000e+03 7.861000000000000000e+03
3.266000000000000000e+03 7.690000000000000000e+03
3.408000000000000000e+03 7.605000000000000000e+03
3.550000000000000000e+03 7.672000000000000000e+03
3.692000000000000000e+03 7.700000000000000000e+03
3.834000000000000000e+03 7.572000000000000000e+03
3.976000000000000000e+03 7.493000000000000000e+03
4.118000000000000000e+03 7.541000000000000000e+03
4.260000000000000000e+03 7.490000000000000000e+03
4.402000000000000000e+03 7.518000000000000000e+03
4.544000000000000000e+03 7.415000000000000000e+03
4.686000000000000000e+03 7.415000000000000000e+03
4.828000000000000000e+03 7.317000000000000000e+03
4.970000000000000000e+03 7.179000000000000000e+03
5.112000000000000000e+03 6.868000000000000000e+03
5.254000000000000000e+03 6.921000000000000000e+03
5.396000000000000000e+03 6.701000000000000000e+03
5.538000000000000000e+03 6.624000000000000000e+03
5.680000000000000000e+03 6.503000000000000000e+03
5.822000000000000000e+03 6.570000000000000000e+03
5.964000000000000000e+03 6.381000000000000000e+03
6.106000000000000000e+03 6.150000000000000000e+03
6.248000000000000000e+03 6.027000000000000000e+03
6.390000000000000000e+03 5.900000000000000000e+03
6.532000000000000000e+03 5.790000000000000000e+03
6.674000000000000000e+03 5.566000000000000000e+03
6.816000000000000000e+03 5.432000000000000000e+03
6.958000000000000000e+03 5.325000000000000000e+03
7.100000000000000000e+03 5.187000000000000000e+03
7.242000000000000000e+03 4.750000000000000000e+03
7.384000000000000000e+03 4.591000000000000000e+03
7.526000000000000000e+03 4.441000000000000000e+03
7.668000000000000000e+03 4.363000000000000000e+03
7.810000000000000000e+03 4.085000000000000000e+03
7.952000000000000000e+03 3.881000000000000000e+03
8.094000000000000000e+03 3.595000000000000000e+03
8.236000000000000000e+03 3.582000000000000000e+03
8.378000000000000000e+03 3.294000000000000000e+03
8.520000000000000000e+03 3.115000000000000000e+03
8.662000000000000000e+03 3.022000000000000000e+03
8.804000000000000000e+03 2.942000000000000000e+03
8.946000000000000000e+03 2.673000000000000000e+03
9.088000000000000000e+03 2.684000000000000000e+03
9.230000000000000000e+03 2.531000000000000000e+03
9.372000000000000000e+03 2.422000000000000000e+03
9.514000000000000000e+03 2.462000000000000000e+03
9.656000000000000000e+03 2.292000000000000000e+03
9.798000000000000000e+03 2.346000000000000000e+03
9.940000000000000000e+03 2.288000000000000000e+03
1.008200000000000000e+04 2.354000000000000000e+03
1.022400000000000000e+04 2.334000000000000000e+03
1.036600000000000000e+04 2.331000000000000000e+03
1.050800000000000000e+04 2.375000000000000000e+03
1.065000000000000000e+04 2.521000000000000000e+03
1.079200000000000000e+04 2.665000000000000000e+03
1.093400000000000000e+04 2.664000000000000000e+03
1.107600000000000000e+04 2.817000000000000000e+03
1.121800000000000000e+04 3.034000000000000000e+03
1.136000000000000000e+04 3.254000000000000000e+03
1.150200000000000000e+04 3.364000000000000000e+03
1.164400000000000000e+04 3.496000000000000000e+03
1.178600000000000000e+04 3.546000000000000000e+03
1.192800000000000000e+04 3.898000000000000000e+03
1.207000000000000000e+04 3.955000000000000000e+03
1.221200000000000000e+04 4.268000000000000000e+03
1.235400000000000000e+04 4.515000000000000000e+03
1.249600000000000000e+04 4.612000000000000000e+03
1.263800000000000000e+04 4.907000000000000000e+03
1.278000000000000000e+04 5.211000000000000000e+03
1.292200000000000000e+04 5.268000000000000000e+03
1.306400000000000000e+04 5.344000000000000000e+03
1.320600000000000000e+04 5.481000000000000000e+03
1.334800000000000000e+04 5.820000000000000000e+03
1.349000000000000000e+04 6.059000000000000000e+03
1.363200000000000000e+04 6.175000000000000000e+03
1.377400000000000000e+04 6.276000000000000000e+03
1.391600000000000000e+04 6.504000000000000000e+03
1.405800000000000000e+04 6.449000000000000000e+03
1.420000000000000000e+04 6.569000000000000000e+03
1.434200000000000000e+04 6.798000000000000000e+03
1.448400000000000000e+04 6.774000000000000000e+03
1.462600000000000000e+04 6.908000000000000000e+03
1.476800000000000000e+04 7.273000000000000000e+03
1.491000000000000000e+04 7.070000000000000000e+03
1.505200000000000000e+04 7.235000000000000000e+03
1.519400000000000000e+04 7.205000000000000000e+03
1.533600000000000000e+04 7.357000000000000000e+03
1.547800000000000000e+04 7.467000000000000000e+03
1.562000000000000000e+04 7.231000000000000000e+03
1.576200000000000000e+04 7.446000000000000000e+03
1.590400000000000000e+04 7.594000000000000000e+03
1.604600000000000000e+04 7.535000000000000000e+03
1.618800000000000000e+04 7.587000000000000000e+03
1.633000000000000000e+04 7.815000000000000000e+03
1.647200000000000000e+04 7.536000000000000000e+03
1.661400000000000000e+04 7.779000000000000000e+03
1.675600000000000000e+04 7.717000000000000000e+03
1.689800000000000000e+04 7.588000000000000000e+03
1.704000000000000000e+04 7.828000000000000000e+03
1.718200000000000000e+04 7.601000000000000000e+03
1.732400000000000000e+04 7.805000000000000000e+03
1.746600000000000000e+04 7.750000000000000000e+03
1.760800000000000000e+04 7.649000000000000000e+03
1.775000000000000000e+04 7.729000000000000000e+03
1.789200000000000000e+04 7.469000000000000000e+03
1.803400000000000000e+04 7.531000000000000000e+03
1.817600000000000000e+04 7.532000000000000000e+03
1.831800000000000000e+04 7.478000000000000000e+03
1.846000000000000000e+04 7.468000000000000000e+03
1.860200000000000000e+04 7.461000000000000000e+03
1.874400000000000000e+04 7.395000000000000000e+03
1.888600000000000000e+04 7.433000000000000000e+03
1.902800000000000000e+04 7.188000000000000000e+03
1.917000000000000000e+04 7.282000000000000000e+03
1.931200000000000000e+04 7.163000000000000000e+03
1.945400000000000000e+04 6.767000000000000000e+03
1.959600000000000000e+04 6.788000000000000000e+03
1.973800000000000000e+04 6.675000000000000000e+03
1.988000000000000000e+04 6.844000000000000000e+03
2.002200000000000000e+04 6.611000000000000000e+03
2.016400000000000000e+04 6.558000000000000000e+03
2.030600000000000000e+04 6.263000000000000000e+03
2.044800000000000000e+04 6.156000000000000000e+03
2.059000000000000000e+04 6.014000000000000000e+03
2.073200000000000000e+04 5.780000000000000000e+03
2.087400000000000000e+04 5.719000000000000000e+03
2.101600000000000000e+04 5.506000000000000000e+03
2.115800000000000000e+04 5.280000000000000000e+03
2.130000000000000000e+04 5.134000000000000000e+03
2.144200000000000000e+04 4.964000000000000000e+03
2.158400000000000000e+04 4.737000000000000000e+03
2.172600000000000000e+04 4.569000000000000000e+03
2.186800000000000000e+04 4.229000000000000000e+03
2.201000000000000000e+04 4.141000000000000000e+03
2.215200000000000000e+04 4.011000000000000000e+03
2.229400000000000000e+04 3.798000000000000000e+03
2.243600000000000000e+04 3.666000000000000000e+03
2.257800000000000000e+04 3.383000000000000000e+03
2.272000000000000000e+04 3.383000000000000000e+03
2.286200000000000000e+04 3.135000000000000000e+03
2.300400000000000000e+04 2.934000000000000000e+03
2.314600000000000000e+04 2.842000000000000000e+03
2.328800000000000000e+04 2.784000000000000000e+03
2.343000000000000000e+04 2.643000000000000000e+03
2.357200000000000000e+04 2.557000000000000000e+03
2.371400000000000000e+04 2.540000000000000000e+03
2.385600000000000000e+04 2.487000000000000000e+03
2.399800000000000000e+04 2.459000000000000000e+03
2.414000000000000000e+04 2.236000000000000000e+03
2.428200000000000000e+04 2.424000000000000000e+03
2.442400000000000000e+04 2.313000000000000000e+03
2.456600000000000000e+04 2.433000000000000000e+03
2.470800000000000000e+04 2.457000000000000000e+03
2.485000000000000000e+04 2.445000000000000000e+03
2.499200000000000000e+04 2.574000000000000000e+03
2.513400000000000000e+04 2.740000000000000000e+03
2.527600000000000000e+04 2.785000000000000000e+03
2.541800000000000000e+04 2.942000000000000000e+03
2.556000000000000000e+04 3.020000000000000000e+03
2.570200000000000000e+04 3.227000000000000000e+03
2.584400000000000000e+04 3.264000000000000000e+03
2.598600000000000000e+04 3.593000000000000000e+03
2.612800000000000000e+04 3.739000000000000000e+03
2.627000000000000000e+04 3.845000000000000000e+03
2.641200000000000000e+04 4.097000000000000000e+03
2.655400000000000000e+04 4.380000000000000000e+03
2.669600000000000000e+04 4.600000000000000000e+03
2.683800000000000000e+04 4.829000000000000000e+03
2.698000000000000000e+04 4.964000000000000000e+03
2.712200000000000000e+04 5.143000000000000000e+03
2.726400000000000000e+04 5.286000000000000000e+03
2.740600000000000000e+04 5.637000000000000000e+03
2.754800000000000000e+04 5.672000000000000000e+03
2.769000000000000000e+04 5.804000000000000000e+03
2.783200000000000000e+04 6.073000000000000000e+03
2.797400000000000000e+04 6.138000000000000000e+03
2.811600000000000000e+04 6.252000000000000000e+03
2.825800000000000000e+04 6.532000000000000000e+03
2.840000000000000000e+04 6.647000000000000000e+03
