0.000000000000000000e+00 7.821000000000000000e+03
1.000000000000000000e+03 8.006000000000000000e+03
2.000000000000000000e+03 8.020000000000000000e+03
3.000000000000000000e+03 8.168000000000000000e+03
4.000000000000000000e+03 8.366000000000000000e+03
5.000000000000000000e+03 8.413000000000000000e+03
6.000000000000000000e+03 8.609000000000000000e+03
7.000000000000000000e+03 8.472000000000000000e+03
8.000000000000000000e+03 8.694000000000000000e+03
9.000000000000000000e+03 8.549000000000000000e+03
1.000000000000000000e+04 8.574000000000000000e+03
1.100000000000000000e+04 8.646000000000000000e+03
1.200000000000000000e+04 8.900000000000000000e+03
1.300000000000000000e+04 8.756000000000000000e+03
1.400000000000000000e+04 8.803000000000000000e+03
1.500000000000000000e+04 8.837000000000000000e+03
1.600000000000000000e+04 8.925000000000000000e+03
1.700000000000000000e+04 8.939000000000000000e+03
1.800000000000000000e+04 8.877000000000000000e+03
1.900000000000000000e+04 9.185000000000000000e+03
2.000000000000000000e+04 9.057000000000000000e+03
2.100000000000000000e+04 8.912000000000000000e+03
2.200000000000000000e+04 9.054000000000000000e+03
2.300000000000000000e+04 8.911000000000000000e+03
2.400000000000000000e+04 8.873000000000000000e+03
2.500000000000000000e+04 8.829000000000000000e+03
2.600000000000000000e+04 8.863000000000000000e+03
2.700000000000000000e+04 8.796000000000000000e+03
2.800000000000000000e+04 8.663000000000000000e+03
2.900000000000000000e+04 8.668000000000000000e+03
3.000000000000000000e+04 8.596000000000000000e+03
3.100000000000000000e+04 8.659000000000000000e+03
3.200000000000000000e+04 8.431000000000000000e+03
3.300000000000000000e+04 8.400000000000000000e+03
3.400000000000000000e+04 8.172000000000000000e+03
3.500000000000000000e+04 8.138000000000000000e+03
3.600000000000000000e+04 8.087000000000000000e+03
3.700000000000000000e+04 7.983000000000000000e+03
3.800000000000000000e+04 7.794000000000000000e+03
3.900000000000000000e+04 7.678000000000000000e+03
4.000000000000000000e+04 7.599000000000000000e+03
4.100000000000000000e+04 7.264000000000000000e+03
4.200000000000000000e+04 7.133000000000000000e+03
4.300000000000000000e+04 7.149000000000000000e+03
4.400000000000000000e+04 6.917000000000000000e+03
4.500000000000000000e+04 6.639000000000000000e+03
4.600000000000000000e+04 6.453000000000000000e+03
4.700000000000000000e+04 6.432000000000000000e+03
4.800000000000000000e+04 6.171000000000000000e+03
4.900000000000000000e+04 6.084000000000000000e+03
5.000000000000000000e+04 5.791000000000000000e+03
5.100000000000000000e+04 5.591000000000000000e+03
5.200000000000000000e+04 5.295000000000000000e+03
5.300000000000000000e+04 5.052000000000000000e+03
5.400000000000000000e+04 4.735000000000000000e+03
5.500000000000000000e+04 4.577000000000000000e+03
5.600000000000000000e+04 4.393000000000000000e+03
5.700000000000000000e+04 4.279000000000000000e+03
5.800000000000000000e+04 4.126000000000000000e+03
5.900000000000000000e+04 3.838000000000000000e+03
6.000000000000000000e+04 3.553000000000000000e+03
6.100000000000000000e+04 3.566000000000000000e+03
6.200000000000000000e+04 3.280000000000000000e+03
6.300000000000000000e+04 3.246000000000000000e+03
6.400000000000000000e+04 2.974000000000000000e+03
6.500000000000000000e+04 2.919000000000000000e+03
6.600000000000000000e+04 2.975000000000000000e+03
6.700000000000000000e+04 2.773000000000000000e+03
6.800000000000000000e+04 2.821000000000000000e+03
6.900000000000000000e+04 2.778000000000000000e+03
7.000000000000000000e+04 2.754000000000000000e+03
7.100000000000000000e+04 2.856000000000000000e+03
7.200000000000000000e+04 2.750000000000000000e+03
7.300000000000000000e+04 2.911000000000000000e+03
7.400000000000000000e+04 3.052000000000000000e+03
7.500000000000000000e+04 3.099000000000000000e+03
7.600000000000000000e+04 3.221000000000000000e+03
7.700000000000000000e+04 3.424000000000000000e+03
7.800000000000000000e+04 3.560000000000000000e+03
7.900000000000000000e+04 3.660000000000000000e+03
8.000000000000000000e+04 3.910000000000000000e+03
8.100000000000000000e+04 3.991000000000000000e+03
8.200000000000000000e+04 4.301000000000000000e+03
8.300000000000000000e+04 4.558000000000000000e+03
8.400000000000000000e+04 4.756000000000000000e+03
8.500000000000000000e+04 4.828000000000000000e+03
8.600000000000000000e+04 5.141000000000000000e+03
8.700000000000000000e+04 5.593000000000000000e+03
8.800000000000000000e+04 5.590000000000000000e+03
8.900000000000000000e+04 5.968000000000000000e+03
9.000000000000000000e+04 6.117000000000000000e+03
9.100000000000000000e+04 6.363000000000000000e+03
9.200000000000000000e+04 6.384000000000000000e+03
9.300000000000000000e+04 6.689000000000000000e+03
9.400000000000000000e+04 6.951000000000000000e+03
9.500000000000000000e+04 7.019000000000000000e+03
9.600000000000000000e+04 7.370000000000000000e+03
9.700000000000000000e+04 7.385000000000000000e+03
9.800000000000000000e+04 7.443000000000000000e+03
9.900000000000000000e+04 7.582000000000000000e+03
1.000000000000000000e+05 7.764000000000000000e+03
1.010000000000000000e+05 8.092000000000000000e+03
1.020000000000000000e+05 7.981000000000000000e+03
1.030000000000000000e+05 8.291000000000000000e+03
1.040000000000000000e+05 8.408000000000000000e+03
1.050000000000000000e+05 8.311000000000000000e+03
1.060000000000000000e+05 8.304000000000000000e+03
1.070000000000000000e+05 8.582000000000000000e+03
1.080000000000000000e+05 8.827000000000000000e+03
1.090000000000000000e+05 8.660000000000000000e+03
1.100000000000000000e+05 8.460000000000000000e+03
1.110000000000000000e+05 8.791000000000000000e+03
1.120000000000000000e+05 8.645000000000000000e+03
1.130000000000000000e+05 8.682000000000000000e+03
1.140000000000000000e+05 8.916000000000000000e+03
1.150000000000000000e+05 9.026000000000000000e+03
1.160000000000000000e+05 8.710000000000000000e+03
1.170000000000000000e+05 9.050000000000000000e+03
1.180000000000000000e+05 9.068000000000000000e+03
1.190000000000000000e+05 8.985000000000000000e+03
1.200000000000000000e+05 9.008000000000000000e+03
1.210000000000000000e+05 9.057000000000000000e+03
1.220000000000000000e+05 9.134000000000000000e+03
1.230000000000000000e+05 8.884000000000000000e+03
1.240000000000000000e+05 8.925000000000000000e+03
1.250000000000000000e+05 8.863000000000000000e+03
1.260000000000000000e+05 8.908000000000000000e+03
1.270000000000000000e+05 8.657000000000000000e+03
1.280000000000000000e+05 8.828000000000000000e+03
1.290000000000000000e+05 8.543000000000000000e+03
1.300000000000000000e+05 8.622000000000000000e+03
1.310000000000000000e+05 8.724000000000000000e+03
1.320000000000000000e+05 8.403000000000000000e+03
1.330000000000000000e+05 8.218000000000000000e+03
1.340000000000000000e+05 8.353000000000000000e+03
1.350000000000000000e+05 8.336000000000000000e+03
1.360000000000000000e+05 8.114000000000000000e+03
1.370000000000000000e+05 7.939000000000000000e+03
1.380000000000000000e+05 7.893000000000000000e+03
1.390000000000000000e+05 7.779000000000000000e+03
1.400000000000000000e+05 7.443000000000000000e+03
1.410000000000000000e+05 7.355000000000000000e+03
1.420000000000000000e+05 7.215000000000000000e+03
1.430000000000000000e+05 7.109000000000000000e+03
1.440000000000000000e+05 6.677000000000000000e+03
1.450000000000000000e+05 6.878000000000000000e+03
1.460000000000000000e+05 6.702000000000000000e+03
1.470000000000000000e+05 6.468000000000000000e+03
1.480000000000000000e+05 6.073000000000000000e+03
1.490000000000000000e+05 5.915000000000000000e+03
1.500000000000000000e+05 5.606000000000000000e+03
1.510000000000000000e+05 5.365000000000000000e+03
1.520000000000000000e+05 5.428000000000000000e+03
1.530000000000000000e+05 5.104000000000000000e+03
1.540000000000000000e+05 4.748000000000000000e+03
1.550000000000000000e+05 4.748000000000000000e+03
1.560000000000000000e+05 4.464000000000000000e+03
1.570000000000000000e+05 4.114000000000000000e+03
1.580000000000000000e+05 3.976000000000000000e+03
1.590000000000000000e+05 3.811000000000000000e+03
1.600000000000000000e+05 3.578000000000000000e+03
1.610000000000000000e+05 3.581000000000000000e+03
1.620000000000000000e+05 3.275000000000000000e+03
1.630000000000000000e+05 3.195000000000000000e+03
1.640000000000000000e+05 3.154000000000000000e+03
1.650000000000000000e+05 2.988000000000000000e+03
1.660000000000000000e+05 2.955000000000000000e+03
1.670000000000000000e+05 2.786000000000000000e+03
1.680000000000000000e+05 2.889000000000000000e+03
1.690000000000000000e+05 2.761000000000000000e+03
1.700000000000000000e+05 2.715000000000000000e+03
1.710000000000000000e+05 2.755000000000000000e+03
1.720000000000000000e+05 2.881000000000000000e+03
1.730000000000000000e+05 2.919000000000000000e+03
1.740000000000000000e+05 2.903000000000000000e+03
1.750000000000000000e+05 3.006000000000000000e+03
1.760000000000000000e+05 3.240000000000000000e+03
1.770000000000000000e+05 3.234000000000000000e+03
1.780000000000000000e+05 3.686000000000000000e+03
1.790000000000000000e+05 3.661000000000000000e+03
1.800000000000000000e+05 3.895000000000000000e+03
1.810000000000000000e+05 4.182000000000000000e+03
1.820000000000000000e+05 4.397000000000000000e+03
1.830000000000000000e+05 4.510000000000000000e+03
1.840000000000000000e+05 4.940000000000000000e+03
1.850000000000000000e+05 5.122000000000000000e+03
1.860000000000000000e+05 5.136000000000000000e+03
1.870000000000000000e+05 5.388000000000000000e+03
1.880000000000000000e+05 5.896000000000000000e+03
1.890000000000000000e+05 5.877000000000000000e+03
1.900000000000000000e+05 6.229000000000000000e+03
1.910000000000000000e+05 6.302000000000000000e+03
1.920000000000000000e+05 6.652000000000000000e+03
1.930000000000000000e+05 6.632000000000000000e+03
1.940000000000000000e+05 6.790000000000000000e+03
1.950000000000000000e+05 6.919000000000000000e+03
1.960000000000000000e+05 7.121000000000000000e+03
1.970000000000000000e+05 7.435000000000000000e+03
1.980000000000000000e+05 7.412000000000000000e+03
1.990000000000000000e+05 7.596000000000000000e+03
