0.000000000000000000e+00 1.624500000000000000e+04
1.000000000000000000e+04 1.725500000000000000e+04
2.000000000000000000e+04 1.749500000000000000e+04
3.000000000000000000e+04 1.774000000000000000e+04
4.000000000000000000e+04 1.792500000000000000e+04
5.000000000000000000e+04 1.823200000000000000e+04
6.000000000000000000e+04 1.852900000000000000e+04
7.000000000000000000e+04 1.839100000000000000e+04
8.000000000000000000e+04 1.890100000000000000e+04
9.000000000000000000e+04 1.873700000000000000e+04
1.000000000000000000e+05 1.899100000000000000e+04
1.100000000000000000e+05 1.928400000000000000e+04
1.200000000000000000e+05 1.910100000000000000e+04
1.300000000000000000e+05 1.927200000000000000e+04
1.400000000000000000e+05 1.921400000000000000e+04
1.500000000000000000e+05 1.940900000000000000e+04
1.600000000000000000e+05 1.935800000000000000e+04
1.700000000000000000e+05 1.929100000000000000e+04
1.800000000000000000e+05 1.935900000000000000e+04
1.900000000000000000e+05 1.938300000000000000e+04
2.000000000000000000e+05 1.958300000000000000e+04
2.100000000000000000e+05 1.923200000000000000e+04
2.200000000000000000e+05 1.931900000000000000e+04
2.300000000000000000e+05 1.908900000000000000e+04
2.400000000000000000e+05 1.932600000000000000e+04
2.500000000000000000e+05 1.937400000000000000e+04
2.600000000000000000e+05 1.897300000000000000e+04
2.700000000000000000e+05 1.913100000000000000e+04
2.800000000000000000e+05 1.894400000000000000e+04
2.900000000000000000e+05 1.892700000000000000e+04
3.000000000000000000e+05 1.857900000000000000e+04
3.100000000000000000e+05 1.858000000000000000e+04
3.200000000000000000e+05 1.836900000000000000e+04
3.300000000000000000e+05 1.821600000000000000e+04
3.400000000000000000e+05 1.778600000000000000e+04
3.500000000000000000e+05 1.786000000000000000e+04
3.600000000000000000e+05 1.749500000000000000e+04
3.700000000000000000e+05 1.715500000000000000e+04
3.800000000000000000e+05 1.689600000000000000e+04
3.900000000000000000e+05 1.660700000000000000e+04
4.000000000000000000e+05 1.638000000000000000e+04
4.100000000000000000e+05 1.587000000000000000e+04
4.200000000000000000e+05 1.541400000000000000e+04
4.300000000000000000e+05 1.519900000000000000e+04
4.400000000000000000e+05 1.455900000000000000e+04
4.500000000000000000e+05 1.416800000000000000e+04
4.600000000000000000e+05 1.387200000000000000e+04
4.700000000000000000e+05 1.331200000000000000e+04
4.800000000000000000e+05 1.279800000000000000e+04
4.900000000000000000e+05 1.245200000000000000e+04
5.000000000000000000e+05 1.198800000000000000e+04
5.100000000000000000e+05 1.153100000000000000e+04
5.200000000000000000e+05 1.086700000000000000e+04
5.300000000000000000e+05 1.027900000000000000e+04
5.400000000000000000e+05 9.956000000000000000e+03
5.500000000000000000e+05 9.315000000000000000e+03
5.600000000000000000e+05 8.889000000000000000e+03
5.700000000000000000e+05 8.318000000000000000e+03
5.800000000000000000e+05 7.893000000000000000e+03
5.900000000000000000e+05 7.403000000000000000e+03
6.000000000000000000e+05 7.051000000000000000e+03
6.100000000000000000e+05 6.634000000000000000e+03
6.200000000000000000e+05 6.412000000000000000e+03
6.300000000000000000e+05 6.063000000000000000e+03
6.400000000000000000e+05 5.883000000000000000e+03
6.500000000000000000e+05 5.499000000000000000e+03
6.600000000000000000e+05 5.428000000000000000e+03
6.700000000000000000e+05 5.303000000000000000e+03
6.800000000000000000e+05 5.155000000000000000e+03
6.900000000000000000e+05 5.131000000000000000e+03
7.000000000000000000e+05 5.186000000000000000e+03
7.100000000000000000e+05 5.277000000000000000e+03
7.200000000000000000e+05 5.375000000000000000e+03
7.300000000000000000e+05 5.447000000000000000e+03
7.400000000000000000e+05 5.613000000000000000e+03
7.500000000000000000e+05 5.868000000000000000e+03
7.600000000000000000e+05 6.124000000000000000e+03
7.700000000000000000e+05 6.364000000000000000e+03
7.800000000000000000e+05 6.927000000000000000e+03
7.900000000000000000e+05 7.164000000000000000e+03
8.000000000000000000e+05 7.738000000000000000e+03
8.100000000000000000e+05 8.145000000000000000e+03
8.200000000000000000e+05 8.597000000000000000e+03
8.300000000000000000e+05 9.213000000000000000e+03
8.400000000000000000e+05 9.603000000000000000e+03
8.500000000000000000e+05 1.001800000000000000e+04
8.600000000000000000e+05 1.058000000000000000e+04
8.700000000000000000e+05 1.089300000000000000e+04
8.800000000000000000e+05 1.148300000000000000e+04
8.900000000000000000e+05 1.188000000000000000e+04
9.000000000000000000e+05 1.257200000000000000e+04
9.100000000000000000e+05 1.291200000000000000e+04
9.200000000000000000e+05 1.358300000000000000e+04
9.300000000000000000e+05 1.393100000000000000e+04
9.400000000000000000e+05 1.474900000000000000e+04
9.500000000000000000e+05 1.480500000000000000e+04
9.600000000000000000e+05 1.540400000000000000e+04
9.700000000000000000e+05 1.567000000000000000e+04
9.800000000000000000e+05 1.590100000000000000e+04
9.900000000000000000e+05 1.656700000000000000e+04
1.000000000000000000e+06 1.679100000000000000e+04
1.010000000000000000e+06 1.707700000000000000e+04
1.020000000000000000e+06 1.744500000000000000e+04
1.030000000000000000e+06 1.794200000000000000e+04
1.040000000000000000e+06 1.777700000000000000e+04
1.050000000000000000e+06 1.825300000000000000e+04
1.060000000000000000e+06 1.841500000000000000e+04
1.070000000000000000e+06 1.853900000000000000e+04
1.080000000000000000e+06 1.853600000000000000e+04
1.090000000000000000e+06 1.870600000000000000e+04
1.100000000000000000e+06 1.886400000000000000e+04
1.110000000000000000e+06 1.896700000000000000e+04
1.120000000000000000e+06 1.884900000000000000e+04
1.130000000000000000e+06 1.941700000000000000e+04
1.140000000000000000e+06 1.941400000000000000e+04
1.150000000000000000e+06 1.924000000000000000e+04
1.160000000000000000e+06 1.938800000000000000e+04
1.170000000000000000e+06 1.944700000000000000e+04
1.180000000000000000e+06 1.929700000000000000e+04
1.190000000000000000e+06 1.940800000000000000e+04
1.200000000000000000e+06 1.930700000000000000e+04
1.210000000000000000e+06 1.947500000000000000e+04
1.220000000000000000e+06 1.941300000000000000e+04
1.230000000000000000e+06 1.915500000000000000e+04
1.240000000000000000e+06 1.945100000000000000e+04
1.250000000000000000e+06 1.916500000000000000e+04
1.260000000000000000e+06 1.911200000000000000e+04
1.270000000000000000e+06 1.910300000000000000e+04
1.280000000000000000e+06 1.875900000000000000e+04
1.290000000000000000e+06 1.867100000000000000e+04
1.300000000000000000e+06 1.867700000000000000e+04
1.310000000000000000e+06 1.812600000000000000e+04
1.320000000000000000e+06 1.841900000000000000e+04
1.330000000000000000e+06 1.838600000000000000e+04
1.340000000000000000e+06 1.789700000000000000e+04
1.350000000000000000e+06 1.760900000000000000e+04
1.360000000000000000e+06 1.736100000000000000e+04
1.370000000000000000e+06 1.726300000000000000e+04
1.380000000000000000e+06 1.681000000000000000e+04
1.390000000000000000e+06 1.669800000000000000e+04
1.400000000000000000e+06 1.618900000000000000e+04
1.410000000000000000e+06 1.574800000000000000e+04
1.420000000000000000e+06 1.546500000000000000e+04
1.430000000000000000e+06 1.509800000000000000e+04
1.440000000000000000e+06 1.469000000000000000e+04
1.450000000000000000e+06 1.419500000000000000e+04
1.460000000000000000e+06 1.386600000000000000e+04
1.470000000000000000e+06 1.320400000000000000e+04
1.480000000000000000e+06 1.294500000000000000e+04
1.490000000000000000e+06 1.223700000000000000e+04
1.500000000000000000e+06 1.190300000000000000e+04
1.510000000000000000e+06 1.131600000000000000e+04
1.520000000000000000e+06 1.100200000000000000e+04
1.530000000000000000e+06 1.024600000000000000e+04
1.540000000000000000e+06 9.660000000000000000e+03
1.550000000000000000e+06 9.286000000000000000e+03
1.560000000000000000e+06 8.768000000000000000e+03
1.570000000000000000e+06 8.271000000000000000e+03
1.580000000000000000e+06 7.677000000000000000e+03
1.590000000000000000e+06 7.416000000000000000e+03
1.600000000000000000e+06 7.003000000000000000e+03
1.610000000000000000e+06 6.805000000000000000e+03
1.620000000000000000e+06 6.393000000000000000e+03
1.630000000000000000e+06 5.996000000000000000e+03
1.640000000000000000e+06 5.798000000000000000e+03
1.650000000000000000e+06 5.623000000000000000e+03
1.660000000000000000e+06 5.299000000000000000e+03
1.670000000000000000e+06 5.263000000000000000e+03
1.680000000000000000e+06 5.092000000000000000e+03
1.690000000000000000e+06 5.089000000000000000e+03
1.700000000000000000e+06 5.143000000000000000e+03
1.710000000000000000e+06 5.264000000000000000e+03
1.720000000000000000e+06 5.389000000000000000e+03
1.730000000000000000e+06 5.336000000000000000e+03
1.740000000000000000e+06 5.777000000000000000e+03
1.750000000000000000e+06 5.837000000000000000e+03
1.760000000000000000e+06 6.179000000000000000e+03
1.770000000000000000e+06 6.504000000000000000e+03
1.780000000000000000e+06 6.866000000000000000e+03
1.790000000000000000e+06 7.363000000000000000e+03
1.800000000000000000e+06 7.731000000000000000e+03
1.810000000000000000e+06 8.101000000000000000e+03
1.820000000000000000e+06 8.676000000000000000e+03
1.830000000000000000e+06 8.984000000000000000e+03
1.840000000000000000e+06 9.506000000000000000e+03
1.850000000000000000e+06 9.932000000000000000e+03
1.860000000000000000e+06 1.069100000000000000e+04
1.870000000000000000e+06 1.110200000000000000e+04
1.880000000000000000e+06 1.168500000000000000e+04
1.890000000000000000e+06 1.192400000000000000e+04
1.900000000000000000e+06 1.243800000000000000e+04
1.910000000000000000e+06 1.307000000000000000e+04
1.920000000000000000e+06 1.357800000000000000e+04
1.930000000000000000e+06 1.380800000000000000e+04
1.940000000000000000e+06 1.455000000000000000e+04
1.950000000000000000e+06 1.508100000000000000e+04
1.960000000000000000e+06 1.540100000000000000e+04
1.970000000000000000e+06 1.565800000000000000e+04
1.980000000000000000e+06 1.589500000000000000e+04
1.990000000000000000e+06 1.643900000000000000e+04
