0.000000000000000000e+00 6.695000000000000000e+03
2.000000000000000000e+02 6.827000000000000000e+03
4.000000000000000000e+02 6.950000000000000000e+03
6.000000000000000000e+02 7.118000000000000000e+03
8.000000000000000000e+02 7.068000000000000000e+03
1.000000000000000000e+03 7.303000000000000000e+03
1.200000000000000000e+03 7.213000000000000000e+03
1.400000000000000000e+03 7.160000000000000000e+03
1.600000000000000000e+03 7.374000000000000000e+03
1.800000000000000000e+03 7.455000000000000000e+03
2.000000000000000000e+03 7.526000000000000000e+03
2.200000000000000000e+03 7.508000000000000000e+03
2.400000000000000000e+03 7.651000000000000000e+03
2.600000000000000000e+03 7.597000000000000000e+03
2.800000000000000000e+03 7.466000000000000000e+03
3.000000000000000000e+03 7.601000000000000000e+03
3.200000000000000000e+03 7.673000000000000000e+03
3.400000000000000000e+03 7.641000000000000000e+03
3.600000000000000000e+03 7.910000000000000000e+03
3.800000000000000000e+03 7.767000000000000000e+03
4.000000000000000000e+03 7.758000000000000000e+03
4.200000000000000000e+03 7.719000000000000000e+03
4.400000000000000000e+03 7.791000000000000000e+03
4.600000000000000000e+03 7.626000000000000000e+03
4.800000000000000000e+03 7.638000000000000000e+03
5.000000000000000000e+03 7.479000000000000000e+03
5.200000000000000000e+03 7.542000000000000000e+03
5.400000000000000000e+03 7.569000000000000000e+03
5.600000000000000000e+03 7.598000000000000000e+03
5.800000000000000000e+03 7.453000000000000000e+03
6.000000000000000000e+03 7.395000000000000000e+03
6.200000000000000000e+03 7.469000000000000000e+03
6.400000000000000000e+03 7.247000000000000000e+03
6.600000000000000000e+03 7.123000000000000000e+03
6.800000000000000000e+03 7.163000000000000000e+03
7.000000000000000000e+03 6.888000000000000000e+03
7.200000000000000000e+03 6.967000000000000000e+03
7.400000000000000000e+03 6.941000000000000000e+03
7.600000000000000000e+03 6.807000000000000000e+03
7.800000000000000000e+03 6.896000000000000000e+03
8.000000000000000000e+03 6.574000000000000000e+03
8.200000000000000000e+03 6.548000000000000000e+03
8.400000000000000000e+03 6.394000000000000000e+03
8.600000000000000000e+03 6.134000000000000000e+03
8.800000000000000000e+03 6.110000000000000000e+03
9.000000000000000000e+03 5.831000000000000000e+03
9.200000000000000000e+03 5.693000000000000000e+03
9.400000000000000000e+03 5.473000000000000000e+03
9.600000000000000000e+03 5.299000000000000000e+03
9.800000000000000000e+03 5.085000000000000000e+03
1.000000000000000000e+04 4.775000000000000000e+03
1.020000000000000000e+04 4.754000000000000000e+03
1.040000000000000000e+04 4.690000000000000000e+03
1.060000000000000000e+04 4.391000000000000000e+03
1.080000000000000000e+04 4.253000000000000000e+03
1.100000000000000000e+04 4.014000000000000000e+03
1.120000000000000000e+04 3.833000000000000000e+03
1.140000000000000000e+04 3.673000000000000000e+03
1.160000000000000000e+04 3.497000000000000000e+03
1.180000000000000000e+04 3.368000000000000000e+03
1.200000000000000000e+04 3.148000000000000000e+03
1.220000000000000000e+04 2.988000000000000000e+03
1.240000000000000000e+04 2.838000000000000000e+03
1.260000000000000000e+04 2.798000000000000000e+03
1.280000000000000000e+04 2.783000000000000000e+03
1.300000000000000000e+04 2.606000000000000000e+03
1.320000000000000000e+04 2.598000000000000000e+03
1.340000000000000000e+04 2.414000000000000000e+03
1.360000000000000000e+04 2.383000000000000000e+03
1.380000000000000000e+04 2.437000000000000000e+03
1.400000000000000000e+04 2.392000000000000000e+03
1.420000000000000000e+04 2.390000000000000000e+03
1.440000000000000000e+04 2.405000000000000000e+03
1.460000000000000000e+04 2.543000000000000000e+03
1.480000000000000000e+04 2.570000000000000000e+03
1.500000000000000000e+04 2.671000000000000000e+03
1.520000000000000000e+04 2.676000000000000000e+03
1.540000000000000000e+04 2.858000000000000000e+03
1.560000000000000000e+04 2.913000000000000000e+03
1.580000000000000000e+04 3.125000000000000000e+03
1.600000000000000000e+04 3.200000000000000000e+03
1.620000000000000000e+04 3.580000000000000000e+03
1.640000000000000000e+04 3.596000000000000000e+03
1.660000000000000000e+04 3.900000000000000000e+03
1.680000000000000000e+04 4.071000000000000000e+03
1.700000000000000000e+04 4.262000000000000000e+03
1.720000000000000000e+04 4.541000000000000000e+03
1.740000000000000000e+04 4.660000000000000000e+03
1.760000000000000000e+04 4.872000000000000000e+03
1.780000000000000000e+04 4.888000000000000000e+03
1.800000000000000000e+04 5.415000000000000000e+03
1.820000000000000000e+04 5.479000000000000000e+03
1.840000000000000000e+04 5.533000000000000000e+03
1.860000000000000000e+04 5.877000000000000000e+03
1.880000000000000000e+04 5.860000000000000000e+03
1.900000000000000000e+04 6.128000000000000000e+03
1.920000000000000000e+04 6.391000000000000000e+03
1.940000000000000000e+04 6.227000000000000000e+03
1.960000000000000000e+04 6.556000000000000000e+03
1.980000000000000000e+04 6.668000000000000000e+03
2.000000000000000000e+04 6.751000000000000000e+03
2.020000000000000000e+04 6.862000000000000000e+03
2.040000000000000000e+04 6.926000000000000000e+03
2.060000000000000000e+04 7.170000000000000000e+03
2.080000000000000000e+04 7.226000000000000000e+03
2.100000000000000000e+04 7.218000000000000000e+03
2.120000000000000000e+04 7.162000000000000000e+03
2.140000000000000000e+04 7.325000000000000000e+03
2.160000000000000000e+04 7.499000000000000000e+03
2.180000000000000000e+04 7.422000000000000000e+03
2.200000000000000000e+04 7.601000000000000000e+03
2.220000000000000000e+04 7.560000000000000000e+03
2.240000000000000000e+04 7.475000000000000000e+03
2.260000000000000000e+04 7.669000000000000000e+03
2.280000000000000000e+04 7.665000000000000000e+03
2.300000000000000000e+04 7.625000000000000000e+03
2.320000000000000000e+04 7.663000000000000000e+03
2.340000000000000000e+04 7.814000000000000000e+03
2.360000000000000000e+04 7.569000000000000000e+03
2.380000000000000000e+04 7.650000000000000000e+03
2.400000000000000000e+04 7.622000000000000000e+03
2.420000000000000000e+04 7.642000000000000000e+03
2.440000000000000000e+04 7.633000000000000000e+03
2.460000000000000000e+04 7.789000000000000000e+03
2.480000000000000000e+04 7.675000000000000000e+03
2.500000000000000000e+04 7.674000000000000000e+03
2.520000000000000000e+04 7.650000000000000000e+03
2.540000000000000000e+04 7.640000000000000000e+03
2.560000000000000000e+04 7.519000000000000000e+03
2.580000000000000000e+04 7.540000000000000000e+03
2.600000000000000000e+04 7.383000000000000000e+03
2.620000000000000000e+04 7.461000000000000000e+03
2.640000000000000000e+04 7.300000000000000000e+03
2.660000000000000000e+04 7.146000000000000000e+03
2.680000000000000000e+04 7.228000000000000000e+03
2.700000000000000000e+04 7.162000000000000000e+03
2.720000000000000000e+04 7.024000000000000000e+03
2.740000000000000000e+04 6.902000000000000000e+03
2.760000000000000000e+04 6.851000000000000000e+03
2.780000000000000000e+04 6.775000000000000000e+03
2.800000000000000000e+04 6.604000000000000000e+03
2.820000000000000000e+04 6.387000000000000000e+03
2.840000000000000000e+04 6.396000000000000000e+03
2.860000000000000000e+04 6.123000000000000000e+03
2.880000000000000000e+04 6.004000000000000000e+03
2.900000000000000000e+04 5.910000000000000000e+03
2.920000000000000000e+04 5.726000000000000000e+03
2.940000000000000000e+04 5.553000000000000000e+03
2.960000000000000000e+04 5.339000000000000000e+03
2.980000000000000000e+04 5.240000000000000000e+03
3.000000000000000000e+04 4.954000000000000000e+03
3.020000000000000000e+04 4.878000000000000000e+03
3.040000000000000000e+04 4.575000000000000000e+03
3.060000000000000000e+04 4.419000000000000000e+03
3.080000000000000000e+04 4.313000000000000000e+03
3.100000000000000000e+04 3.960000000000000000e+03
3.120000000000000000e+04 3.850000000000000000e+03
3.140000000000000000e+04 3.644000000000000000e+03
3.160000000000000000e+04 3.497000000000000000e+03
3.180000000000000000e+04 3.339000000000000000e+03
3.200000000000000000e+04 3.087000000000000000e+03
3.220000000000000000e+04 3.026000000000000000e+03
3.240000000000000000e+04 2.866000000000000000e+03
3.260000000000000000e+04 2.720000000000000000e+03
3.280000000000000000e+04 2.660000000000000000e+03
3.300000000000000000e+04 2.602000000000000000e+03
3.320000000000000000e+04 2.464000000000000000e+03
3.340000000000000000e+04 2.443000000000000000e+03
3.360000000000000000e+04 2.450000000000000000e+03
3.380000000000000000e+04 2.449000000000000000e+03
3.400000000000000000e+04 2.464000000000000000e+03
3.420000000000000000e+04 2.409000000000000000e+03
3.440000000000000000e+04 2.415000000000000000e+03
3.460000000000000000e+04 2.497000000000000000e+03
3.480000000000000000e+04 2.576000000000000000e+03
3.500000000000000000e+04 2.623000000000000000e+03
3.520000000000000000e+04 2.739000000000000000e+03
3.540000000000000000e+04 2.836000000000000000e+03
3.560000000000000000e+04 3.019000000000000000e+03
3.580000000000000000e+04 3.124000000000000000e+03
3.600000000000000000e+04 3.301000000000000000e+03
3.620000000000000000e+04 3.400000000000000000e+03
3.640000000000000000e+04 3.660000000000000000e+03
3.660000000000000000e+04 3.874000000000000000e+03
3.680000000000000000e+04 4.070000000000000000e+03
3.700000000000000000e+04 4.227000000000000000e+03
3.720000000000000000e+04 4.386000000000000000e+03
3.740000000000000000e+04 4.595000000000000000e+03
3.760000000000000000e+04 4.854000000000000000e+03
3.780000000000000000e+04 5.046000000000000000e+03
3.800000000000000000e+04 5.253000000000000000e+03
3.820000000000000000e+04 5.545000000000000000e+03
3.840000000000000000e+04 5.537000000000000000e+03
3.860000000000000000e+04 5.764000000000000000e+03
3.880000000000000000e+04 5.808000000000000000e+03
3.900000000000000000e+04 6.252000000000000000e+03
3.920000000000000000e+04 6.198000000000000000e+03
3.940000000000000000e+04 6.442000000000000000e+03
3.960000000000000000e+04 6.444000000000000000e+03
3.980000000000000000e+04 6.714000000000000000e+03
