0.000000000000000000e+00 6.831000000000000000e+03
5.000000000000000000e+01 6.846000000000000000e+03
1.000000000000000000e+02 7.268000000000000000e+03
1.500000000000000000e+02 7.189000000000000000e+03
2.000000000000000000e+02 7.183000000000000000e+03
2.500000000000000000e+02 7.258000000000000000e+03
3.000000000000000000e+02 7.533000000000000000e+03
3.500000000000000000e+02 7.522000000000000000e+03
4.000000000000000000e+02 7.578000000000000000e+03
4.500000000000000000e+02 7.642000000000000000e+03
5.000000000000000000e+02 7.791000000000000000e+03
5.500000000000000000e+02 7.661000000000000000e+03
6.000000000000000000e+02 7.872000000000000000e+03
6.500000000000000000e+02 7.721000000000000000e+03
7.000000000000000000e+02 7.975000000000000000e+03
7.500000000000000000e+02 7.943000000000000000e+03
8.000000000000000000e+02 7.885000000000000000e+03
8.500000000000000000e+02 7.953000000000000000e+03
9.000000000000000000e+02 7.969000000000000000e+03
9.500000000000000000e+02 7.798000000000000000e+03
1.000000000000000000e+03 8.025000000000000000e+03
1.050000000000000000e+03 7.927000000000000000e+03
1.100000000000000000e+03 8.015000000000000000e+03
1.150000000000000000e+03 7.766000000000000000e+03
1.200000000000000000e+03 7.973000000000000000e+03
1.250000000000000000e+03 7.775000000000000000e+03
1.300000000000000000e+03 7.867000000000000000e+03
1.350000000000000000e+03 7.857000000000000000e+03
1.400000000000000000e+03 7.710000000000000000e+03
1.450000000000000000e+03 7.716000000000000000e+03
1.500000000000000000e+03 7.788000000000000000e+03
1.550000000000000000e+03 7.619000000000000000e+03
1.600000000000000000e+03 7.570000000000000000e+03
1.650000000000000000e+03 7.428000000000000000e+03
1.700000000000000000e+03 7.539000000000000000e+03
1.750000000000000000e+03 7.366000000000000000e+03
1.800000000000000000e+03 7.274000000000000000e+03
1.850000000000000000e+03 7.301000000000000000e+03
1.900000000000000000e+03 6.948000000000000000e+03
1.950000000000000000e+03 7.108000000000000000e+03
2.000000000000000000e+03 6.796000000000000000e+03
2.050000000000000000e+03 6.709000000000000000e+03
2.100000000000000000e+03 6.706000000000000000e+03
2.150000000000000000e+03 6.405000000000000000e+03
2.200000000000000000e+03 6.223000000000000000e+03
2.250000000000000000e+03 6.279000000000000000e+03
2.300000000000000000e+03 5.815000000000000000e+03
2.350000000000000000e+03 5.830000000000000000e+03
2.400000000000000000e+03 5.626000000000000000e+03
2.450000000000000000e+03 5.530000000000000000e+03
2.500000000000000000e+03 5.314000000000000000e+03
2.550000000000000000e+03 5.140000000000000000e+03
2.600000000000000000e+03 4.944000000000000000e+03
2.650000000000000000e+03 4.764000000000000000e+03
2.700000000000000000e+03 4.496000000000000000e+03
2.750000000000000000e+03 4.334000000000000000e+03
2.800000000000000000e+03 4.171000000000000000e+03
2.850000000000000000e+03 3.940000000000000000e+03
2.900000000000000000e+03 3.843000000000000000e+03
2.950000000000000000e+03 3.624000000000000000e+03
3.000000000000000000e+03 3.548000000000000000e+03
3.050000000000000000e+03 3.407000000000000000e+03
3.100000000000000000e+03 3.301000000000000000e+03
3.150000000000000000e+03 3.025000000000000000e+03
3.200000000000000000e+03 2.889000000000000000e+03
3.250000000000000000e+03 2.770000000000000000e+03
3.300000000000000000e+03 2.733000000000000000e+03
3.350000000000000000e+03 2.691000000000000000e+03
3.400000000000000000e+03 2.584000000000000000e+03
3.450000000000000000e+03 2.574000000000000000e+03
3.500000000000000000e+03 2.538000000000000000e+03
3.550000000000000000e+03 2.522000000000000000e+03
3.600000000000000000e+03 2.439000000000000000e+03
3.650000000000000000e+03 2.501000000000000000e+03
3.700000000000000000e+03 2.505000000000000000e+03
3.750000000000000000e+03 2.521000000000000000e+03
3.800000000000000000e+03 2.600000000000000000e+03
3.850000000000000000e+03 2.712000000000000000e+03
3.900000000000000000e+03 2.874000000000000000e+03
3.950000000000000000e+03 3.048000000000000000e+03
4.000000000000000000e+03 3.173000000000000000e+03
4.050000000000000000e+03 3.334000000000000000e+03
4.100000000000000000e+03 3.385000000000000000e+03
4.150000000000000000e+03 3.686000000000000000e+03
4.200000000000000000e+03 3.912000000000000000e+03
4.250000000000000000e+03 4.100000000000000000e+03
4.300000000000000000e+03 4.316000000000000000e+03
4.350000000000000000e+03 4.544000000000000000e+03
4.400000000000000000e+03 4.681000000000000000e+03
4.450000000000000000e+03 4.923000000000000000e+03
4.500000000000000000e+03 5.221000000000000000e+03
4.550000000000000000e+03 5.367000000000000000e+03
4.600000000000000000e+03 5.578000000000000000e+03
4.650000000000000000e+03 5.629000000000000000e+03
4.700000000000000000e+03 5.934000000000000000e+03
4.750000000000000000e+03 6.192000000000000000e+03
4.800000000000000000e+03 6.316000000000000000e+03
4.850000000000000000e+03 6.453000000000000000e+03
4.900000000000000000e+03 6.657000000000000000e+03
4.950000000000000000e+03 6.610000000000000000e+03
5.000000000000000000e+03 6.713000000000000000e+03
5.050000000000000000e+03 7.073000000000000000e+03
5.100000000000000000e+03 7.074000000000000000e+03
5.150000000000000000e+03 7.188000000000000000e+03
5.200000000000000000e+03 7.529000000000000000e+03
5.250000000000000000e+03 7.373000000000000000e+03
5.300000000000000000e+03 7.369000000000000000e+03
5.350000000000000000e+03 7.481000000000000000e+03
5.400000000000000000e+03 7.609000000000000000e+03
5.450000000000000000e+03 7.692000000000000000e+03
5.500000000000000000e+03 7.860000000000000000e+03
5.550000000000000000e+03 7.846000000000000000e+03
5.600000000000000000e+03 7.930000000000000000e+03
5.650000000000000000e+03 7.756000000000000000e+03
5.700000000000000000e+03 7.930000000000000000e+03
5.750000000000000000e+03 7.907000000000000000e+03
5.800000000000000000e+03 7.931000000000000000e+03
5.850000000000000000e+03 7.873000000000000000e+03
5.900000000000000000e+03 8.015000000000000000e+03
5.950000000000000000e+03 8.012000000000000000e+03
6.000000000000000000e+03 7.980000000000000000e+03
6.050000000000000000e+03 8.008000000000000000e+03
6.100000000000000000e+03 7.886000000000000000e+03
6.150000000000000000e+03 7.983000000000000000e+03
6.200000000000000000e+03 7.748000000000000000e+03
6.250000000000000000e+03 7.857000000000000000e+03
6.300000000000000000e+03 7.724000000000000000e+03
6.350000000000000000e+03 7.978000000000000000e+03
6.400000000000000000e+03 7.795000000000000000e+03
6.450000000000000000e+03 7.892000000000000000e+03
6.500000000000000000e+03 7.765000000000000000e+03
6.550000000000000000e+03 7.646000000000000000e+03
6.600000000000000000e+03 7.388000000000000000e+03
6.650000000000000000e+03 7.523000000000000000e+03
6.700000000000000000e+03 7.406000000000000000e+03
6.750000000000000000e+03 7.195000000000000000e+03
6.800000000000000000e+03 7.276000000000000000e+03
6.850000000000000000e+03 7.013000000000000000e+03
6.900000000000000000e+03 6.934000000000000000e+03
6.950000000000000000e+03 6.952000000000000000e+03
7.000000000000000000e+03 6.836000000000000000e+03
7.050000000000000000e+03 6.698000000000000000e+03
7.100000000000000000e+03 6.639000000000000000e+03
7.150000000000000000e+03 6.384000000000000000e+03
7.200000000000000000e+03 6.176000000000000000e+03
7.250000000000000000e+03 6.277000000000000000e+03
7.300000000000000000e+03 5.982000000000000000e+03
7.350000000000000000e+03 5.924000000000000000e+03
7.400000000000000000e+03 5.756000000000000000e+03
7.450000000000000000e+03 5.501000000000000000e+03
7.500000000000000000e+03 5.397000000000000000e+03
7.550000000000000000e+03 5.041000000000000000e+03
7.600000000000000000e+03 4.768000000000000000e+03
7.650000000000000000e+03 4.795000000000000000e+03
7.700000000000000000e+03 4.556000000000000000e+03
7.750000000000000000e+03 4.377000000000000000e+03
7.800000000000000000e+03 4.232000000000000000e+03
7.850000000000000000e+03 3.975000000000000000e+03
7.900000000000000000e+03 3.813000000000000000e+03
7.950000000000000000e+03 3.556000000000000000e+03
8.000000000000000000e+03 3.404000000000000000e+03
8.050000000000000000e+03 3.307000000000000000e+03
8.100000000000000000e+03 3.220000000000000000e+03
8.150000000000000000e+03 3.045000000000000000e+03
8.200000000000000000e+03 2.965000000000000000e+03
8.250000000000000000e+03 2.814000000000000000e+03
8.300000000000000000e+03 2.799000000000000000e+03
8.350000000000000000e+03 2.591000000000000000e+03
8.400000000000000000e+03 2.555000000000000000e+03
8.450000000000000000e+03 2.475000000000000000e+03
8.500000000000000000e+03 2.492000000000000000e+03
8.550000000000000000e+03 2.550000000000000000e+03
8.600000000000000000e+03 2.501000000000000000e+03
8.650000000000000000e+03 2.584000000000000000e+03
8.700000000000000000e+03 2.555000000000000000e+03
8.750000000000000000e+03 2.546000000000000000e+03
8.800000000000000000e+03 2.637000000000000000e+03
8.850000000000000000e+03 2.746000000000000000e+03
8.900000000000000000e+03 2.888000000000000000e+03
8.950000000000000000e+03 2.980000000000000000e+03
9.000000000000000000e+03 3.168000000000000000e+03
9.050000000000000000e+03 3.345000000000000000e+03
9.100000000000000000e+03 3.422000000000000000e+03
9.150000000000000000e+03 3.739000000000000000e+03
9.200000000000000000e+03 3.900000000000000000e+03
9.250000000000000000e+03 4.110000000000000000e+03
9.300000000000000000e+03 4.287000000000000000e+03
9.350000000000000000e+03 4.491000000000000000e+03
9.400000000000000000e+03 4.658000000000000000e+03
9.450000000000000000e+03 4.917000000000000000e+03
9.500000000000000000e+03 5.116000000000000000e+03
9.550000000000000000e+03 5.323000000000000000e+03
9.600000000000000000e+03 5.496000000000000000e+03
9.650000000000000000e+03 5.763000000000000000e+03
9.700000000000000000e+03 5.916000000000000000e+03
9.750000000000000000e+03 6.037000000000000000e+03
9.800000000000000000e+03 6.314000000000000000e+03
9.850000000000000000e+03 6.379000000000000000e+03
9.900000000000000000e+03 6.363000000000000000e+03
9.950000000000000000e+03 6.630000000000000000e+03
