0.000000000000000000e+00 4.858000000000000000e+03
1.420000000000000000e+02 4.942000000000000000e+03
2.840000000000000000e+02 5.153000000000000000e+03
4.260000000000000000e+02 4.937000000000000000e+03
5.680000000000000000e+02 5.222000000000000000e+03
7.100000000000000000e+02 5.254000000000000000e+03
8.520000000000000000e+02 5.222000000000000000e+03
9.940000000000000000e+02 5.268000000000000000e+03
1.136000000000000000e+03 5.404000000000000000e+03
1.278000000000000000e+03 5.413000000000000000e+03
1.420000000000000000e+03 5.505000000000000000e+03
1.562000000000000000e+03 5.496000000000000000e+03
1.704000000000000000e+03 5.587000000000000000e+03
1.846000000000000000e+03 5.437000000000000000e+03
1.988000000000000000e+03 5.457000000000000000e+03
2.130000000000000000e+03 5.687000000000000000e+03
2.272000000000000000e+03 5.533000000000000000e+03
2.414000000000000000e+03 5.590000000000000000e+03
2.556000000000000000e+03 5.639000000000000000e+03
2.698000000000000000e+03 5.579000000000000000e+03
2.840000000000000000e+03 5.660000000000000000e+03
2.982000000000000000e+03 5.663000000000000000e+03
3.124000000000000000e+03 5.667000000000000000e+03
3.266000000000000000e+03 5.709000000000000000e+03
3.408000000000000000e+03 5.597000000000000000e+03
3.550000000000000000e+03 5.603000000000000000e+03
3.692000000000000000e+03 5.574000000000000000e+03
3.834000000000000000e+03 5.541000000000000000e+03
3.976000000000000000e+03 5.570000000000000000e+03
4.118000000000000000e+03 5.475000000000000000e+03
4.260000000000000000e+03 5.495000000000000000e+03
4.402000000000000000e+03 5.395000000000000000e+03
4.544000000000000000e+03 5.482000000000000000e+03
4.686000000000000000e+03 5.368000000000000000e+03
4.828000000000000000e+03 5.217000000000000000e+03
4.970000000000000000e+03 5.217000000000000000e+03
5.112000000000000000e+03 5.063000000000000000e+03
5.254000000000000000e+03 4.994000000000000000e+03
5.396000000000000000e+03 4.989000000000000000e+03
5.538000000000000000e+03 5.000000000000000000e+03
5.680000000000000000e+03 4.809000000000000000e+03
5.822000000000000000e+03 4.776000000000000000e+03
5.964000000000000000e+03 4.671000000000000000e+03
6.106000000000000000e+03 4.620000000000000000e+03
6.248000000000000000e+03 4.413000000000000000e+03
6.390000000000000000e+03 4.439000000000000000e+03
6.532000000000000000e+03 4.193000000000000000e+03
6.674000000000000000e+03 4.035000000000000000e+03
6.816000000000000000e+03 4.074000000000000000e+03
6.958000000000000000e+03 3.829000000000000000e+03
7.100000000000000000e+03 3.772000000000000000e+03
7.242000000000000000e+03 3.626000000000000000e+03
7.384000000000000000e+03 3.616000000000000000e+03
7.526000000000000000e+03 3.379000000000000000e+03
7.668000000000000000e+03 3.390000000000000000e+03
7.810000000000000000e+03 3.178000000000000000e+03
7.952000000000000000e+03 3.118000000000000000e+03
8.094000000000000000e+03 2.936000000000000000e+03
8.236000000000000000e+03 2.878000000000000000e+03
8.378000000000000000e+03 2.764000000000000000e+03
8.520000000000000000e+03 2.632000000000000000e+03
8.662000000000000000e+03 2.593000000000000000e+03
8.804000000000000000e+03 2.510000000000000000e+03
8.946000000000000000e+03 2.328000000000000000e+03
9.088000000000000000e+03 2.160000000000000000e+03
9.230000000000000000e+03 2.170000000000000000e+03
9.372000000000000000e+03 2.183000000000000000e+03
9.514000000000000000e+03 2.160000000000000000e+03
9.656000000000000000e+03 2.105000000000000000e+03
9.798000000000000000e+03 2.093000000000000000e+03
9.940000000000000000e+03 2.014000000000000000e+03
1.008200000000000000e+04 2.063000000000000000e+03
1.022400000000000000e+04 2.071000000000000000e+03
1.036600000000000000e+04 2.101000000000000000e+03
1.050800000000000000e+04 1.949000000000000000e+03
1.065000000000000000e+04 1.978000000000000000e+03
1.079200000000000000e+04 2.146000000000000000e+03
1.093400000000000000e+04 2.189000000000000000e+03
1.107600000000000000e+04 2.307000000000000000e+03
1.121800000000000000e+04 2.312000000000000000e+03
1.136000000000000000e+04 2.539000000000000000e+03
1.150200000000000000e+04 2.571000000000000000e+03
1.164400000000000000e+04 2.730000000000000000e+03
1.178600000000000000e+04 2.802000000000000000e+03
1.192800000000000000e+04 2.997000000000000000e+03
1.207000000000000000e+04 3.090000000000000000e+03
1.221200000000000000e+04 3.345000000000000000e+03
1.235400000000000000e+04 3.373000000000000000e+03
1.249600000000000000e+04 3.646000000000000000e+03
1.263800000000000000e+04 3.768000000000000000e+03
1.278000000000000000e+04 3.781000000000000000e+03
1.292200000000000000e+04 3.891000000000000000e+03
1.306400000000000000e+04 4.022000000000000000e+03
1.320600000000000000e+04 4.181000000000000000e+03
1.334800000000000000e+04 4.172000000000000000e+03
1.349000000000000000e+04 4.388000000000000000e+03
1.363200000000000000e+04 4.528000000000000000e+03
1.377400000000000000e+04 4.628000000000000000e+03
1.391600000000000000e+04 4.629000000000000000e+03
1.405800000000000000e+04 4.737000000000000000e+03
1.420000000000000000e+04 4.840000000000000000e+03
1.434200000000000000e+04 5.032000000000000000e+03
1.448400000000000000e+04 5.074000000000000000e+03
1.462600000000000000e+04 5.233000000000000000e+03
1.476800000000000000e+04 5.215000000000000000e+03
1.491000000000000000e+04 5.264000000000000000e+03
1.505200000000000000e+04 5.234000000000000000e+03
1.519400000000000000e+04 5.293000000000000000e+03
1.533600000000000000e+04 5.445000000000000000e+03
1.547800000000000000e+04 5.447000000000000000e+03
1.562000000000000000e+04 5.288000000000000000e+03
1.576200000000000000e+04 5.462000000000000000e+03
1.590400000000000000e+04 5.363000000000000000e+03
1.604600000000000000e+04 5.626000000000000000e+03
1.618800000000000000e+04 5.440000000000000000e+03
1.633000000000000000e+04 5.571000000000000000e+03
1.647200000000000000e+04 5.584000000000000000e+03
1.661400000000000000e+04 5.791000000000000000e+03
1.675600000000000000e+04 5.629000000000000000e+03
1.689800000000000000e+04 5.701000000000000000e+03
1.704000000000000000e+04 5.707000000000000000e+03
1.718200000000000000e+04 5.656000000000000000e+03
1.732400000000000000e+04 5.630000000000000000e+03
1.746600000000000000e+04 5.563000000000000000e+03
1.760800000000000000e+04 5.767000000000000000e+03
1.775000000000000000e+04 5.649000000000000000e+03
1.789200000000000000e+04 5.540000000000000000e+03
1.803400000000000000e+04 5.577000000000000000e+03
1.817600000000000000e+04 5.479000000000000000e+03
1.831800000000000000e+04 5.486000000000000000e+03
1.846000000000000000e+04 5.693000000000000000e+03
1.860200000000000000e+04 5.442000000000000000e+03
1.874400000000000000e+04 5.448000000000000000e+03
1.888600000000000000e+04 5.298000000000000000e+03
1.902800000000000000e+04 5.500000000000000000e+03
1.917000000000000000e+04 5.156000000000000000e+03
1.931200000000000000e+04 5.212000000000000000e+03
1.945400000000000000e+04 5.146000000000000000e+03
1.959600000000000000e+04 4.993000000000000000e+03
1.973800000000000000e+04 5.156000000000000000e+03
1.988000000000000000e+04 4.989000000000000000e+03
2.002200000000000000e+04 4.781000000000000000e+03
2.016400000000000000e+04 4.746000000000000000e+03
2.030600000000000000e+04 4.498000000000000000e+03
2.044800000000000000e+04 4.409000000000000000e+03
2.059000000000000000e+04 4.421000000000000000e+03
2.073200000000000000e+04 4.320000000000000000e+03
2.087400000000000000e+04 4.171000000000000000e+03
2.101600000000000000e+04 3.993000000000000000e+03
2.115800000000000000e+04 3.914000000000000000e+03
2.130000000000000000e+04 3.875000000000000000e+03
2.144200000000000000e+04 3.847000000000000000e+03
2.158400000000000000e+04 3.631000000000000000e+03
2.172600000000000000e+04 3.613000000000000000e+03
2.186800000000000000e+04 3.488000000000000000e+03
2.201000000000000000e+04 3.291000000000000000e+03
2.215200000000000000e+04 3.144000000000000000e+03
2.229400000000000000e+04 3.085000000000000000e+03
2.243600000000000000e+04 2.886000000000000000e+03
2.257800000000000000e+04 2.790000000000000000e+03
2.272000000000000000e+04 2.649000000000000000e+03
2.286200000000000000e+04 2.606000000000000000e+03
2.300400000000000000e+04 2.608000000000000000e+03
2.314600000000000000e+04 2.369000000000000000e+03
2.328800000000000000e+04 2.355000000000000000e+03
2.343000000000000000e+04 2.216000000000000000e+03
2.357200000000000000e+04 2.267000000000000000e+03
2.371400000000000000e+04 2.133000000000000000e+03
2.385600000000000000e+04 2.038000000000000000e+03
2.399800000000000000e+04 2.003000000000000000e+03
2.414000000000000000e+04 1.929000000000000000e+03
2.428200000000000000e+04 2.093000000000000000e+03
2.442400000000000000e+04 2.079000000000000000e+03
2.456600000000000000e+04 2.064000000000000000e+03
2.470800000000000000e+04 2.060000000000000000e+03
2.485000000000000000e+04 2.063000000000000000e+03
2.499200000000000000e+04 2.071000000000000000e+03
2.513400000000000000e+04 2.147000000000000000e+03
2.527600000000000000e+04 2.300000000000000000e+03
2.541800000000000000e+04 2.397000000000000000e+03
2.556000000000000000e+04 2.509000000000000000e+03
2.570200000000000000e+04 2.512000000000000000e+03
2.584400000000000000e+04 2.626000000000000000e+03
2.598600000000000000e+04 2.803000000000000000e+03
2.612800000000000000e+04 2.814000000000000000e+03
2.627000000000000000e+04 2.918000000000000000e+03
2.641200000000000000e+04 2.997000000000000000e+03
2.655400000000000000e+04 3.355000000000000000e+03
2.669600000000000000e+04 3.366000000000000000e+03
2.683800000000000000e+04 3.598000000000000000e+03
2.698000000000000000e+04 3.699000000000000000e+03
2.712200000000000000e+04 3.820000000000000000e+03
2.726400000000000000e+04 3.859000000000000000e+03
2.740600000000000000e+04 4.082000000000000000e+03
2.754800000000000000e+04 4.137000000000000000e+03
2.769000000000000000e+04 4.423000000000000000e+03
2.783200000000000000e+04 4.425000000000000000e+03
2.797400000000000000e+04 4.476000000000000000e+03
2.811600000000000000e+04 4.684000000000000000e+03
2.825800000000000000e+04 4.744000000000000000e+03
2.840000000000000000e+04 4.745000000000000000e+03
