0.000000000000000000e+00 3.580000000000000000e+03
1.400000000000000000e+01 3.859000000000000000e+03
2.800000000000000000e+01 3.792000000000000000e+03
4.200000000000000000e+01 4.183000000000000000e+03
5.600000000000000000e+01 4.062000000000000000e+03
7.000000000000000000e+01 4.250000000000000000e+03
8.400000000000000000e+01 4.170000000000000000e+03
9.800000000000000000e+01 4.322000000000000000e+03
1.120000000000000000e+02 4.353000000000000000e+03
1.260000000000000000e+02 4.419000000000000000e+03
1.400000000000000000e+02 4.472000000000000000e+03
1.540000000000000000e+02 4.500000000000000000e+03
1.680000000000000000e+02 4.715000000000000000e+03
1.820000000000000000e+02 4.509000000000000000e+03
1.960000000000000000e+02 4.571000000000000000e+03
2.100000000000000000e+02 4.651000000000000000e+03
2.240000000000000000e+02 4.620000000000000000e+03
2.380000000000000000e+02 4.832000000000000000e+03
2.520000000000000000e+02 4.777000000000000000e+03
2.660000000000000000e+02 4.808000000000000000e+03
2.800000000000000000e+02 4.820000000000000000e+03
2.940000000000000000e+02 4.917000000000000000e+03
3.080000000000000000e+02 4.699000000000000000e+03
3.220000000000000000e+02 4.860000000000000000e+03
3.360000000000000000e+02 4.866000000000000000e+03
3.500000000000000000e+02 4.829000000000000000e+03
3.640000000000000000e+02 4.856000000000000000e+03
3.780000000000000000e+02 4.809000000000000000e+03
3.920000000000000000e+02 4.983000000000000000e+03
4.060000000000000000e+02 4.876000000000000000e+03
4.200000000000000000e+02 4.835000000000000000e+03
4.340000000000000000e+02 4.762000000000000000e+03
4.480000000000000000e+02 4.856000000000000000e+03
4.620000000000000000e+02 4.784000000000000000e+03
4.760000000000000000e+02 4.856000000000000000e+03
4.900000000000000000e+02 4.571000000000000000e+03
5.040000000000000000e+02 4.769000000000000000e+03
5.180000000000000000e+02 4.715000000000000000e+03
5.320000000000000000e+02 4.635000000000000000e+03
5.460000000000000000e+02 4.534000000000000000e+03
5.600000000000000000e+02 4.530000000000000000e+03
5.740000000000000000e+02 4.566000000000000000e+03
5.880000000000000000e+02 4.380000000000000000e+03
6.020000000000000000e+02 4.396000000000000000e+03
6.160000000000000000e+02 4.282000000000000000e+03
6.300000000000000000e+02 4.264000000000000000e+03
6.440000000000000000e+02 4.184000000000000000e+03
6.580000000000000000e+02 4.029000000000000000e+03
6.720000000000000000e+02 4.117000000000000000e+03
6.860000000000000000e+02 4.003000000000000000e+03
7.000000000000000000e+02 3.991000000000000000e+03
7.140000000000000000e+02 3.840000000000000000e+03
7.280000000000000000e+02 3.727000000000000000e+03
7.420000000000000000e+02 3.658000000000000000e+03
7.560000000000000000e+02 3.687000000000000000e+03
7.700000000000000000e+02 3.630000000000000000e+03
7.840000000000000000e+02 3.568000000000000000e+03
7.980000000000000000e+02 3.374000000000000000e+03
8.120000000000000000e+02 3.350000000000000000e+03
8.260000000000000000e+02 3.183000000000000000e+03
8.400000000000000000e+02 3.209000000000000000e+03
8.540000000000000000e+02 3.122000000000000000e+03
8.680000000000000000e+02 2.982000000000000000e+03
8.820000000000000000e+02 2.983000000000000000e+03
8.960000000000000000e+02 2.914000000000000000e+03
9.100000000000000000e+02 2.743000000000000000e+03
9.240000000000000000e+02 2.838000000000000000e+03
9.380000000000000000e+02 2.648000000000000000e+03
9.520000000000000000e+02 2.655000000000000000e+03
9.660000000000000000e+02 2.640000000000000000e+03
9.800000000000000000e+02 2.515000000000000000e+03
9.940000000000000000e+02 2.490000000000000000e+03
1.008000000000000000e+03 2.406000000000000000e+03
1.022000000000000000e+03 2.333000000000000000e+03
1.036000000000000000e+03 2.335000000000000000e+03
1.050000000000000000e+03 2.311000000000000000e+03
1.064000000000000000e+03 2.326000000000000000e+03
1.078000000000000000e+03 2.259000000000000000e+03
1.092000000000000000e+03 2.263000000000000000e+03
1.106000000000000000e+03 2.255000000000000000e+03
1.120000000000000000e+03 2.347000000000000000e+03
1.134000000000000000e+03 2.241000000000000000e+03
1.148000000000000000e+03 2.256000000000000000e+03
1.162000000000000000e+03 2.339000000000000000e+03
1.176000000000000000e+03 2.236000000000000000e+03
1.190000000000000000e+03 2.405000000000000000e+03
1.204000000000000000e+03 2.411000000000000000e+03
1.218000000000000000e+03 2.515000000000000000e+03
1.232000000000000000e+03 2.458000000000000000e+03
1.246000000000000000e+03 2.604000000000000000e+03
1.260000000000000000e+03 2.712000000000000000e+03
1.274000000000000000e+03 2.614000000000000000e+03
1.288000000000000000e+03 2.860000000000000000e+03
1.302000000000000000e+03 2.751000000000000000e+03
1.316000000000000000e+03 2.959000000000000000e+03
1.330000000000000000e+03 3.028000000000000000e+03
1.344000000000000000e+03 3.133000000000000000e+03
1.358000000000000000e+03 3.283000000000000000e+03
1.372000000000000000e+03 3.352000000000000000e+03
1.386000000000000000e+03 3.435000000000000000e+03
1.400000000000000000e+03 3.551000000000000000e+03
1.414000000000000000e+03 3.687000000000000000e+03
1.428000000000000000e+03 3.738000000000000000e+03
1.442000000000000000e+03 3.804000000000000000e+03
1.456000000000000000e+03 3.916000000000000000e+03
1.470000000000000000e+03 3.986000000000000000e+03
1.484000000000000000e+03 4.229000000000000000e+03
1.498000000000000000e+03 4.045000000000000000e+03
1.512000000000000000e+03 4.354000000000000000e+03
1.526000000000000000e+03 4.421000000000000000e+03
1.540000000000000000e+03 4.567000000000000000e+03
1.554000000000000000e+03 4.627000000000000000e+03
1.568000000000000000e+03 4.519000000000000000e+03
1.582000000000000000e+03 4.524000000000000000e+03
1.596000000000000000e+03 4.730000000000000000e+03
1.610000000000000000e+03 4.750000000000000000e+03
1.624000000000000000e+03 4.601000000000000000e+03
1.638000000000000000e+03 4.797000000000000000e+03
1.652000000000000000e+03 4.830000000000000000e+03
1.666000000000000000e+03 4.729000000000000000e+03
1.680000000000000000e+03 4.659000000000000000e+03
1.694000000000000000e+03 5.026000000000000000e+03
1.708000000000000000e+03 4.929000000000000000e+03
1.722000000000000000e+03 4.728000000000000000e+03
1.736000000000000000e+03 4.954000000000000000e+03
1.750000000000000000e+03 4.967000000000000000e+03
1.764000000000000000e+03 5.009000000000000000e+03
1.778000000000000000e+03 4.994000000000000000e+03
1.792000000000000000e+03 4.922000000000000000e+03
1.806000000000000000e+03 4.969000000000000000e+03
1.820000000000000000e+03 4.842000000000000000e+03
1.834000000000000000e+03 4.884000000000000000e+03
1.848000000000000000e+03 4.872000000000000000e+03
1.862000000000000000e+03 4.872000000000000000e+03
1.876000000000000000e+03 4.813000000000000000e+03
1.890000000000000000e+03 4.718000000000000000e+03
1.904000000000000000e+03 4.872000000000000000e+03
1.918000000000000000e+03 4.741000000000000000e+03
1.932000000000000000e+03 4.702000000000000000e+03
1.946000000000000000e+03 4.668000000000000000e+03
1.960000000000000000e+03 4.653000000000000000e+03
1.974000000000000000e+03 4.711000000000000000e+03
1.988000000000000000e+03 4.632000000000000000e+03
2.002000000000000000e+03 4.526000000000000000e+03
2.016000000000000000e+03 4.561000000000000000e+03
2.030000000000000000e+03 4.459000000000000000e+03
2.044000000000000000e+03 4.300000000000000000e+03
2.058000000000000000e+03 4.294000000000000000e+03
2.072000000000000000e+03 4.196000000000000000e+03
2.086000000000000000e+03 4.214000000000000000e+03
2.100000000000000000e+03 4.040000000000000000e+03
2.114000000000000000e+03 3.994000000000000000e+03
2.128000000000000000e+03 3.894000000000000000e+03
2.142000000000000000e+03 3.919000000000000000e+03
2.156000000000000000e+03 3.846000000000000000e+03
2.170000000000000000e+03 3.655000000000000000e+03
2.184000000000000000e+03 3.559000000000000000e+03
2.198000000000000000e+03 3.527000000000000000e+03
2.212000000000000000e+03 3.494000000000000000e+03
2.226000000000000000e+03 3.462000000000000000e+03
2.240000000000000000e+03 3.444000000000000000e+03
2.254000000000000000e+03 3.154000000000000000e+03
2.268000000000000000e+03 3.114000000000000000e+03
2.282000000000000000e+03 3.063000000000000000e+03
2.296000000000000000e+03 3.011000000000000000e+03
2.310000000000000000e+03 2.990000000000000000e+03
2.324000000000000000e+03 2.745000000000000000e+03
2.338000000000000000e+03 2.761000000000000000e+03
2.352000000000000000e+03 2.709000000000000000e+03
2.366000000000000000e+03 2.652000000000000000e+03
2.380000000000000000e+03 2.590000000000000000e+03
2.394000000000000000e+03 2.621000000000000000e+03
2.408000000000000000e+03 2.529000000000000000e+03
2.422000000000000000e+03 2.434000000000000000e+03
2.436000000000000000e+03 2.496000000000000000e+03
2.450000000000000000e+03 2.338000000000000000e+03
2.464000000000000000e+03 2.311000000000000000e+03
2.478000000000000000e+03 2.275000000000000000e+03
2.492000000000000000e+03 2.253000000000000000e+03
2.506000000000000000e+03 2.167000000000000000e+03
2.520000000000000000e+03 2.210000000000000000e+03
2.534000000000000000e+03 2.202000000000000000e+03
2.548000000000000000e+03 2.158000000000000000e+03
2.562000000000000000e+03 2.217000000000000000e+03
2.576000000000000000e+03 2.254000000000000000e+03
2.590000000000000000e+03 2.349000000000000000e+03
2.604000000000000000e+03 2.261000000000000000e+03
2.618000000000000000e+03 2.228000000000000000e+03
2.632000000000000000e+03 2.355000000000000000e+03
2.646000000000000000e+03 2.424000000000000000e+03
2.660000000000000000e+03 2.505000000000000000e+03
2.674000000000000000e+03 2.438000000000000000e+03
2.688000000000000000e+03 2.672000000000000000e+03
2.702000000000000000e+03 2.597000000000000000e+03
2.716000000000000000e+03 2.844000000000000000e+03
2.730000000000000000e+03 2.792000000000000000e+03
2.744000000000000000e+03 2.893000000000000000e+03
2.758000000000000000e+03 3.004000000000000000e+03
2.772000000000000000e+03 3.192000000000000000e+03
2.786000000000000000e+03 3.202000000000000000e+03
2.800000000000000000e+03 3.198000000000000000e+03
2.814000000000000000e+03 3.459000000000000000e+03
2.828000000000000000e+03 3.555000000000000000e+03
2.842000000000000000e+03 3.599000000000000000e+03
