0.000000000000000000e+00 1.268800000000000000e+04
1.000000000000000000e+04 1.313500000000000000e+04
2.000000000000000000e+04 1.305800000000000000e+04
3.000000000000000000e+04 1.326800000000000000e+04
4.000000000000000000e+04 1.334200000000000000e+04
5.000000000000000000e+04 1.350900000000000000e+04
6.000000000000000000e+04 1.379500000000000000e+04
7.000000000000000000e+04 1.378700000000000000e+04
8.000000000000000000e+04 1.354300000000000000e+04
9.000000000000000000e+04 1.383500000000000000e+04
1.000000000000000000e+05 1.366300000000000000e+04
1.100000000000000000e+05 1.384900000000000000e+04
1.200000000000000000e+05 1.379600000000000000e+04
1.300000000000000000e+05 1.401700000000000000e+04
1.400000000000000000e+05 1.431500000000000000e+04
1.500000000000000000e+05 1.407500000000000000e+04
1.600000000000000000e+05 1.422700000000000000e+04
1.700000000000000000e+05 1.410300000000000000e+04
1.800000000000000000e+05 1.401000000000000000e+04
1.900000000000000000e+05 1.407200000000000000e+04
2.000000000000000000e+05 1.403900000000000000e+04
2.100000000000000000e+05 1.424700000000000000e+04
2.200000000000000000e+05 1.399800000000000000e+04
2.300000000000000000e+05 1.415900000000000000e+04
2.400000000000000000e+05 1.400200000000000000e+04
2.500000000000000000e+05 1.402200000000000000e+04
2.600000000000000000e+05 1.391000000000000000e+04
2.700000000000000000e+05 1.389900000000000000e+04
2.800000000000000000e+05 1.390700000000000000e+04
2.900000000000000000e+05 1.367700000000000000e+04
3.000000000000000000e+05 1.388900000000000000e+04
3.100000000000000000e+05 1.328700000000000000e+04
3.200000000000000000e+05 1.329600000000000000e+04
3.300000000000000000e+05 1.322500000000000000e+04
3.400000000000000000e+05 1.292300000000000000e+04
3.500000000000000000e+05 1.293200000000000000e+04
3.600000000000000000e+05 1.279800000000000000e+04
3.700000000000000000e+05 1.250300000000000000e+04
3.800000000000000000e+05 1.258300000000000000e+04
3.900000000000000000e+05 1.206500000000000000e+04
4.000000000000000000e+05 1.197700000000000000e+04
4.100000000000000000e+05 1.169900000000000000e+04
4.200000000000000000e+05 1.143200000000000000e+04
4.300000000000000000e+05 1.119400000000000000e+04
4.400000000000000000e+05 1.094300000000000000e+04
4.500000000000000000e+05 1.074800000000000000e+04
4.600000000000000000e+05 1.031400000000000000e+04
4.700000000000000000e+05 9.862000000000000000e+03
4.800000000000000000e+05 9.783000000000000000e+03
4.900000000000000000e+05 9.378000000000000000e+03
5.000000000000000000e+05 9.209000000000000000e+03
5.100000000000000000e+05 8.867000000000000000e+03
5.200000000000000000e+05 8.570000000000000000e+03
5.300000000000000000e+05 8.034000000000000000e+03
5.400000000000000000e+05 7.642000000000000000e+03
5.500000000000000000e+05 7.346000000000000000e+03
5.600000000000000000e+05 7.111000000000000000e+03
5.700000000000000000e+05 6.761000000000000000e+03
5.800000000000000000e+05 6.512000000000000000e+03
5.900000000000000000e+05 6.211000000000000000e+03
6.000000000000000000e+05 5.841000000000000000e+03
6.100000000000000000e+05 5.624000000000000000e+03
6.200000000000000000e+05 5.526000000000000000e+03
6.300000000000000000e+05 5.211000000000000000e+03
6.400000000000000000e+05 5.187000000000000000e+03
6.500000000000000000e+05 4.974000000000000000e+03
6.600000000000000000e+05 4.788000000000000000e+03
6.700000000000000000e+05 4.757000000000000000e+03
6.800000000000000000e+05 4.756000000000000000e+03
6.900000000000000000e+05 4.541000000000000000e+03
7.000000000000000000e+05 4.795000000000000000e+03
7.100000000000000000e+05 4.804000000000000000e+03
7.200000000000000000e+05 4.735000000000000000e+03
7.300000000000000000e+05 4.915000000000000000e+03
7.400000000000000000e+05 4.982000000000000000e+03
7.500000000000000000e+05 5.292000000000000000e+03
7.600000000000000000e+05 5.366000000000000000e+03
7.700000000000000000e+05 5.623000000000000000e+03
7.800000000000000000e+05 5.837000000000000000e+03
7.900000000000000000e+05 6.049000000000000000e+03
8.000000000000000000e+05 6.174000000000000000e+03
8.100000000000000000e+05 6.656000000000000000e+03
8.200000000000000000e+05 6.981000000000000000e+03
8.300000000000000000e+05 7.305000000000000000e+03
8.400000000000000000e+05 7.501000000000000000e+03
8.500000000000000000e+05 7.844000000000000000e+03
8.600000000000000000e+05 8.193000000000000000e+03
8.700000000000000000e+05 8.558000000000000000e+03
8.800000000000000000e+05 8.908000000000000000e+03
8.900000000000000000e+05 9.465000000000000000e+03
9.000000000000000000e+05 9.561000000000000000e+03
9.100000000000000000e+05 9.990000000000000000e+03
9.200000000000000000e+05 1.027500000000000000e+04
9.300000000000000000e+05 1.047300000000000000e+04
9.400000000000000000e+05 1.088500000000000000e+04
9.500000000000000000e+05 1.105900000000000000e+04
9.600000000000000000e+05 1.138300000000000000e+04
9.700000000000000000e+05 1.169200000000000000e+04
9.800000000000000000e+05 1.178400000000000000e+04
9.900000000000000000e+05 1.212500000000000000e+04
1.000000000000000000e+06 1.254500000000000000e+04
1.010000000000000000e+06 1.249200000000000000e+04
1.020000000000000000e+06 1.263400000000000000e+04
1.030000000000000000e+06 1.287700000000000000e+04
1.040000000000000000e+06 1.302300000000000000e+04
1.050000000000000000e+06 1.310600000000000000e+04
1.060000000000000000e+06 1.319800000000000000e+04
1.070000000000000000e+06 1.360500000000000000e+04
1.080000000000000000e+06 1.354600000000000000e+04
1.090000000000000000e+06 1.330700000000000000e+04
1.100000000000000000e+06 1.358100000000000000e+04
1.110000000000000000e+06 1.368400000000000000e+04
1.120000000000000000e+06 1.390300000000000000e+04
1.130000000000000000e+06 1.380900000000000000e+04
1.140000000000000000e+06 1.395000000000000000e+04
1.150000000000000000e+06 1.396000000000000000e+04
1.160000000000000000e+06 1.396000000000000000e+04
1.170000000000000000e+06 1.388200000000000000e+04
1.180000000000000000e+06 1.406800000000000000e+04
1.190000000000000000e+06 1.398400000000000000e+04
1.200000000000000000e+06 1.405900000000000000e+04
1.210000000000000000e+06 1.422900000000000000e+04
1.220000000000000000e+06 1.401900000000000000e+04
1.230000000000000000e+06 1.404000000000000000e+04
1.240000000000000000e+06 1.382800000000000000e+04
1.250000000000000000e+06 1.385800000000000000e+04
1.260000000000000000e+06 1.378700000000000000e+04
1.270000000000000000e+06 1.370400000000000000e+04
1.280000000000000000e+06 1.361900000000000000e+04
1.290000000000000000e+06 1.363600000000000000e+04
1.300000000000000000e+06 1.365500000000000000e+04
1.310000000000000000e+06 1.341300000000000000e+04
1.320000000000000000e+06 1.330200000000000000e+04
1.330000000000000000e+06 1.342800000000000000e+04
1.340000000000000000e+06 1.307200000000000000e+04
1.350000000000000000e+06 1.276300000000000000e+04
1.360000000000000000e+06 1.273300000000000000e+04
1.370000000000000000e+06 1.266200000000000000e+04
1.380000000000000000e+06 1.228000000000000000e+04
1.390000000000000000e+06 1.212700000000000000e+04
1.400000000000000000e+06 1.178200000000000000e+04
1.410000000000000000e+06 1.152700000000000000e+04
1.420000000000000000e+06 1.136100000000000000e+04
1.430000000000000000e+06 1.111100000000000000e+04
1.440000000000000000e+06 1.082300000000000000e+04
1.450000000000000000e+06 1.066200000000000000e+04
1.460000000000000000e+06 1.018700000000000000e+04
1.470000000000000000e+06 9.946000000000000000e+03
1.480000000000000000e+06 9.790000000000000000e+03
1.490000000000000000e+06 9.313000000000000000e+03
1.500000000000000000e+06 9.035000000000000000e+03
1.510000000000000000e+06 8.697000000000000000e+03
1.520000000000000000e+06 8.417000000000000000e+03
1.530000000000000000e+06 8.007000000000000000e+03
1.540000000000000000e+06 7.592000000000000000e+03
1.550000000000000000e+06 7.343000000000000000e+03
1.560000000000000000e+06 6.949000000000000000e+03
1.570000000000000000e+06 6.813000000000000000e+03
1.580000000000000000e+06 6.461000000000000000e+03
1.590000000000000000e+06 6.236000000000000000e+03
1.600000000000000000e+06 6.011000000000000000e+03
1.610000000000000000e+06 5.699000000000000000e+03
1.620000000000000000e+06 5.513000000000000000e+03
1.630000000000000000e+06 5.344000000000000000e+03
1.640000000000000000e+06 5.052000000000000000e+03
1.650000000000000000e+06 4.942000000000000000e+03
1.660000000000000000e+06 4.871000000000000000e+03
1.670000000000000000e+06 4.774000000000000000e+03
1.680000000000000000e+06 4.747000000000000000e+03
1.690000000000000000e+06 4.785000000000000000e+03
1.700000000000000000e+06 4.892000000000000000e+03
1.710000000000000000e+06 4.832000000000000000e+03
1.720000000000000000e+06 4.951000000000000000e+03
1.730000000000000000e+06 4.897000000000000000e+03
1.740000000000000000e+06 4.994000000000000000e+03
1.750000000000000000e+06 5.212000000000000000e+03
1.760000000000000000e+06 5.299000000000000000e+03
1.770000000000000000e+06 5.534000000000000000e+03
1.780000000000000000e+06 5.871000000000000000e+03
1.790000000000000000e+06 5.980000000000000000e+03
1.800000000000000000e+06 6.324000000000000000e+03
1.810000000000000000e+06 6.581000000000000000e+03
1.820000000000000000e+06 6.904000000000000000e+03
1.830000000000000000e+06 7.273000000000000000e+03
1.840000000000000000e+06 7.533000000000000000e+03
1.850000000000000000e+06 8.053000000000000000e+03
1.860000000000000000e+06 8.346000000000000000e+03
1.870000000000000000e+06 8.601000000000000000e+03
1.880000000000000000e+06 8.827000000000000000e+03
1.890000000000000000e+06 9.267000000000000000e+03
1.900000000000000000e+06 9.569000000000000000e+03
1.910000000000000000e+06 9.974000000000000000e+03
1.920000000000000000e+06 1.024900000000000000e+04
1.930000000000000000e+06 1.033400000000000000e+04
1.940000000000000000e+06 1.088000000000000000e+04
1.950000000000000000e+06 1.106800000000000000e+04
1.960000000000000000e+06 1.126200000000000000e+04
1.970000000000000000e+06 1.155700000000000000e+04
1.980000000000000000e+06 1.190800000000000000e+04
1.990000000000000000e+06 1.203500000000000000e+04
