0.000000000000000000e+00 6.547000000000000000e+03
1.000000000000000000e+03 6.631000000000000000e+03
2.000000000000000000e+03 6.714000000000000000e+03
3.000000000000000000e+03 7.068000000000000000e+03
4.000000000000000000e+03 7.099000000000000000e+03
5.000000000000000000e+03 7.021000000000000000e+03
6.000000000000000000e+03 7.106000000000000000e+03
7.000000000000000000e+03 7.164000000000000000e+03
8.000000000000000000e+03 7.297000000000000000e+03
9.000000000000000000e+03 7.282000000000000000e+03
1.000000000000000000e+04 7.318000000000000000e+03
1.100000000000000000e+04 7.342000000000000000e+03
1.200000000000000000e+04 7.404000000000000000e+03
1.300000000000000000e+04 7.405000000000000000e+03
1.400000000000000000e+04 7.436000000000000000e+03
1.500000000000000000e+04 7.370000000000000000e+03
1.600000000000000000e+04 7.593000000000000000e+03
1.700000000000000000e+04 7.553000000000000000e+03
1.800000000000000000e+04 7.618000000000000000e+03
1.900000000000000000e+04 7.359000000000000000e+03
2.000000000000000000e+04 7.542000000000000000e+03
2.100000000000000000e+04 7.430000000000000000e+03
2.200000000000000000e+04 7.562000000000000000e+03
2.300000000000000000e+04 7.537000000000000000e+03
2.400000000000000000e+04 7.294000000000000000e+03
2.500000000000000000e+04 7.435000000000000000e+03
2.600000000000000000e+04 7.324000000000000000e+03
2.700000000000000000e+04 7.395000000000000000e+03
2.800000000000000000e+04 7.340000000000000000e+03
2.900000000000000000e+04 7.249000000000000000e+03
3.000000000000000000e+04 7.256000000000000000e+03
3.100000000000000000e+04 7.084000000000000000e+03
3.200000000000000000e+04 7.144000000000000000e+03
3.300000000000000000e+04 7.037000000000000000e+03
3.400000000000000000e+04 6.998000000000000000e+03
3.500000000000000000e+04 6.868000000000000000e+03
3.600000000000000000e+04 6.980000000000000000e+03
3.700000000000000000e+04 6.758000000000000000e+03
3.800000000000000000e+04 6.681000000000000000e+03
3.900000000000000000e+04 6.647000000000000000e+03
4.000000000000000000e+04 6.461000000000000000e+03
4.100000000000000000e+04 6.331000000000000000e+03
4.200000000000000000e+04 6.152000000000000000e+03
4.300000000000000000e+04 6.014000000000000000e+03
4.400000000000000000e+04 5.818000000000000000e+03
4.500000000000000000e+04 5.746000000000000000e+03
4.600000000000000000e+04 5.522000000000000000e+03
4.700000000000000000e+04 5.529000000000000000e+03
4.800000000000000000e+04 5.237000000000000000e+03
4.900000000000000000e+04 5.037000000000000000e+03
5.000000000000000000e+04 4.840000000000000000e+03
5.100000000000000000e+04 4.834000000000000000e+03
5.200000000000000000e+04 4.559000000000000000e+03
5.300000000000000000e+04 4.497000000000000000e+03
5.400000000000000000e+04 4.239000000000000000e+03
5.500000000000000000e+04 4.129000000000000000e+03
5.600000000000000000e+04 3.990000000000000000e+03
5.700000000000000000e+04 3.773000000000000000e+03
5.800000000000000000e+04 3.691000000000000000e+03
5.900000000000000000e+04 3.512000000000000000e+03
6.000000000000000000e+04 3.331000000000000000e+03
6.100000000000000000e+04 3.259000000000000000e+03
6.200000000000000000e+04 3.210000000000000000e+03
6.300000000000000000e+04 2.940000000000000000e+03
6.400000000000000000e+04 2.846000000000000000e+03
6.500000000000000000e+04 2.793000000000000000e+03
6.600000000000000000e+04 2.803000000000000000e+03
6.700000000000000000e+04 2.687000000000000000e+03
6.800000000000000000e+04 2.775000000000000000e+03
6.900000000000000000e+04 2.616000000000000000e+03
7.000000000000000000e+04 2.645000000000000000e+03
7.100000000000000000e+04 2.713000000000000000e+03
7.200000000000000000e+04 2.812000000000000000e+03
7.300000000000000000e+04 2.811000000000000000e+03
7.400000000000000000e+04 2.950000000000000000e+03
7.500000000000000000e+04 2.974000000000000000e+03
7.600000000000000000e+04 3.111000000000000000e+03
7.700000000000000000e+04 3.226000000000000000e+03
7.800000000000000000e+04 3.302000000000000000e+03
7.900000000000000000e+04 3.526000000000000000e+03
8.000000000000000000e+04 3.598000000000000000e+03
8.100000000000000000e+04 3.609000000000000000e+03
8.200000000000000000e+04 3.813000000000000000e+03
8.300000000000000000e+04 3.980000000000000000e+03
8.400000000000000000e+04 4.210000000000000000e+03
8.500000000000000000e+04 4.338000000000000000e+03
8.600000000000000000e+04 4.600000000000000000e+03
8.700000000000000000e+04 4.858000000000000000e+03
8.800000000000000000e+04 5.038000000000000000e+03
8.900000000000000000e+04 5.012000000000000000e+03
9.000000000000000000e+04 5.293000000000000000e+03
9.100000000000000000e+04 5.495000000000000000e+03
9.200000000000000000e+04 5.569000000000000000e+03
9.300000000000000000e+04 5.757000000000000000e+03
9.400000000000000000e+04 5.908000000000000000e+03
9.500000000000000000e+04 6.017000000000000000e+03
9.600000000000000000e+04 6.135000000000000000e+03
9.700000000000000000e+04 6.300000000000000000e+03
9.800000000000000000e+04 6.347000000000000000e+03
9.900000000000000000e+04 6.604000000000000000e+03
1.000000000000000000e+05 6.518000000000000000e+03
1.010000000000000000e+05 6.790000000000000000e+03
1.020000000000000000e+05 6.824000000000000000e+03
1.030000000000000000e+05 7.060000000000000000e+03
1.040000000000000000e+05 6.981000000000000000e+03
1.050000000000000000e+05 7.119000000000000000e+03
1.060000000000000000e+05 7.048000000000000000e+03
1.070000000000000000e+05 7.222000000000000000e+03
1.080000000000000000e+05 7.235000000000000000e+03
1.090000000000000000e+05 7.249000000000000000e+03
1.100000000000000000e+05 7.409000000000000000e+03
1.110000000000000000e+05 7.386000000000000000e+03
1.120000000000000000e+05 7.407000000000000000e+03
1.130000000000000000e+05 7.447000000000000000e+03
1.140000000000000000e+05 7.403000000000000000e+03
1.150000000000000000e+05 7.583000000000000000e+03
1.160000000000000000e+05 7.433000000000000000e+03
1.170000000000000000e+05 7.576000000000000000e+03
1.180000000000000000e+05 7.632000000000000000e+03
1.190000000000000000e+05 7.470000000000000000e+03
1.200000000000000000e+05 7.590000000000000000e+03
1.210000000000000000e+05 7.465000000000000000e+03
1.220000000000000000e+05 7.611000000000000000e+03
1.230000000000000000e+05 7.398000000000000000e+03
1.240000000000000000e+05 7.581000000000000000e+03
1.250000000000000000e+05 7.557000000000000000e+03
1.260000000000000000e+05 7.513000000000000000e+03
1.270000000000000000e+05 7.511000000000000000e+03
1.280000000000000000e+05 7.466000000000000000e+03
1.290000000000000000e+05 7.299000000000000000e+03
1.300000000000000000e+05 7.298000000000000000e+03
1.310000000000000000e+05 7.303000000000000000e+03
1.320000000000000000e+05 7.162000000000000000e+03
1.330000000000000000e+05 7.160000000000000000e+03
1.340000000000000000e+05 7.073000000000000000e+03
1.350000000000000000e+05 6.960000000000000000e+03
1.360000000000000000e+05 6.770000000000000000e+03
1.370000000000000000e+05 6.710000000000000000e+03
1.380000000000000000e+05 6.560000000000000000e+03
1.390000000000000000e+05 6.466000000000000000e+03
1.400000000000000000e+05 6.247000000000000000e+03
1.410000000000000000e+05 6.296000000000000000e+03
1.420000000000000000e+05 6.219000000000000000e+03
1.430000000000000000e+05 5.995000000000000000e+03
1.440000000000000000e+05 5.967000000000000000e+03
1.450000000000000000e+05 5.792000000000000000e+03
1.460000000000000000e+05 5.812000000000000000e+03
1.470000000000000000e+05 5.327000000000000000e+03
1.480000000000000000e+05 5.226000000000000000e+03
1.490000000000000000e+05 5.146000000000000000e+03
1.500000000000000000e+05 4.942000000000000000e+03
1.510000000000000000e+05 4.774000000000000000e+03
1.520000000000000000e+05 4.765000000000000000e+03
1.530000000000000000e+05 4.470000000000000000e+03
1.540000000000000000e+05 4.227000000000000000e+03
1.550000000000000000e+05 4.198000000000000000e+03
1.560000000000000000e+05 3.868000000000000000e+03
1.570000000000000000e+05 3.701000000000000000e+03
1.580000000000000000e+05 3.792000000000000000e+03
1.590000000000000000e+05 3.530000000000000000e+03
1.600000000000000000e+05 3.361000000000000000e+03
1.610000000000000000e+05 3.243000000000000000e+03
1.620000000000000000e+05 3.206000000000000000e+03
1.630000000000000000e+05 3.113000000000000000e+03
1.640000000000000000e+05 2.941000000000000000e+03
1.650000000000000000e+05 2.878000000000000000e+03
1.660000000000000000e+05 2.802000000000000000e+03
1.670000000000000000e+05 2.791000000000000000e+03
1.680000000000000000e+05 2.761000000000000000e+03
1.690000000000000000e+05 2.657000000000000000e+03
1.700000000000000000e+05 2.761000000000000000e+03
1.710000000000000000e+05 2.729000000000000000e+03
1.720000000000000000e+05 2.775000000000000000e+03
1.730000000000000000e+05 2.948000000000000000e+03
1.740000000000000000e+05 2.836000000000000000e+03
1.750000000000000000e+05 3.023000000000000000e+03
1.760000000000000000e+05 3.181000000000000000e+03
1.770000000000000000e+05 3.200000000000000000e+03
1.780000000000000000e+05 3.440000000000000000e+03
1.790000000000000000e+05 3.384000000000000000e+03
1.800000000000000000e+05 3.648000000000000000e+03
1.810000000000000000e+05 3.816000000000000000e+03
1.820000000000000000e+05 3.879000000000000000e+03
1.830000000000000000e+05 3.968000000000000000e+03
1.840000000000000000e+05 4.262000000000000000e+03
1.850000000000000000e+05 4.307000000000000000e+03
1.860000000000000000e+05 4.551000000000000000e+03
1.870000000000000000e+05 4.758000000000000000e+03
1.880000000000000000e+05 4.846000000000000000e+03
1.890000000000000000e+05 4.977000000000000000e+03
1.900000000000000000e+05 5.102000000000000000e+03
1.910000000000000000e+05 5.387000000000000000e+03
1.920000000000000000e+05 5.491000000000000000e+03
1.930000000000000000e+05 5.725000000000000000e+03
1.940000000000000000e+05 5.886000000000000000e+03
1.950000000000000000e+05 6.040000000000000000e+03
1.960000000000000000e+05 6.220000000000000000e+03
1.970000000000000000e+05 6.206000000000000000e+03
1.980000000000000000e+05 6.417000000000000000e+03
1.990000000000000000e+05 6.620000000000000000e+03
