0.000000000000000000e+00 4.414000000000000000e+03
3.300000000000000000e+01 4.536000000000000000e+03
6.600000000000000000e+01 4.614000000000000000e+03
9.900000000000000000e+01 4.595000000000000000e+03
1.320000000000000000e+02 4.704000000000000000e+03
1.650000000000000000e+02 4.761000000000000000e+03
1.980000000000000000e+02 4.940000000000000000e+03
2.310000000000000000e+02 4.990000000000000000e+03
2.640000000000000000e+02 5.091000000000000000e+03
2.970000000000000000e+02 4.892000000000000000e+03
3.300000000000000000e+02 5.054000000000000000e+03
3.630000000000000000e+02 5.204000000000000000e+03
3.960000000000000000e+02 5.036000000000000000e+03
4.290000000000000000e+02 5.157000000000000000e+03
4.620000000000000000e+02 5.319000000000000000e+03
4.950000000000000000e+02 5.173000000000000000e+03
5.280000000000000000e+02 5.267000000000000000e+03
5.610000000000000000e+02 5.109000000000000000e+03
5.940000000000000000e+02 5.261000000000000000e+03
6.270000000000000000e+02 5.348000000000000000e+03
6.600000000000000000e+02 5.249000000000000000e+03
6.930000000000000000e+02 5.318000000000000000e+03
7.260000000000000000e+02 5.305000000000000000e+03
7.590000000000000000e+02 5.319000000000000000e+03
7.920000000000000000e+02 5.331000000000000000e+03
8.250000000000000000e+02 5.228000000000000000e+03
8.580000000000000000e+02 5.178000000000000000e+03
8.910000000000000000e+02 5.141000000000000000e+03
9.240000000000000000e+02 5.279000000000000000e+03
9.570000000000000000e+02 5.115000000000000000e+03
9.900000000000000000e+02 5.050000000000000000e+03
1.023000000000000000e+03 5.244000000000000000e+03
1.056000000000000000e+03 5.180000000000000000e+03
1.089000000000000000e+03 5.196000000000000000e+03
1.122000000000000000e+03 5.007000000000000000e+03
1.155000000000000000e+03 5.089000000000000000e+03
1.188000000000000000e+03 5.055000000000000000e+03
1.221000000000000000e+03 4.991000000000000000e+03
1.254000000000000000e+03 4.929000000000000000e+03
1.287000000000000000e+03 4.853000000000000000e+03
1.320000000000000000e+03 4.917000000000000000e+03
1.353000000000000000e+03 4.790000000000000000e+03
1.386000000000000000e+03 4.536000000000000000e+03
1.419000000000000000e+03 4.618000000000000000e+03
1.452000000000000000e+03 4.618000000000000000e+03
1.485000000000000000e+03 4.403000000000000000e+03
1.518000000000000000e+03 4.335000000000000000e+03
1.551000000000000000e+03 4.247000000000000000e+03
1.584000000000000000e+03 4.106000000000000000e+03
1.617000000000000000e+03 4.138000000000000000e+03
1.650000000000000000e+03 4.091000000000000000e+03
1.683000000000000000e+03 3.794000000000000000e+03
1.716000000000000000e+03 3.790000000000000000e+03
1.749000000000000000e+03 3.616000000000000000e+03
1.782000000000000000e+03 3.536000000000000000e+03
1.815000000000000000e+03 3.391000000000000000e+03
1.848000000000000000e+03 3.432000000000000000e+03
1.881000000000000000e+03 3.283000000000000000e+03
1.914000000000000000e+03 3.204000000000000000e+03
1.947000000000000000e+03 3.156000000000000000e+03
1.980000000000000000e+03 3.058000000000000000e+03
2.013000000000000000e+03 2.777000000000000000e+03
2.046000000000000000e+03 2.896000000000000000e+03
2.079000000000000000e+03 2.730000000000000000e+03
2.112000000000000000e+03 2.569000000000000000e+03
2.145000000000000000e+03 2.542000000000000000e+03
2.178000000000000000e+03 2.487000000000000000e+03
2.211000000000000000e+03 2.422000000000000000e+03
2.244000000000000000e+03 2.364000000000000000e+03
2.277000000000000000e+03 2.256000000000000000e+03
2.310000000000000000e+03 2.320000000000000000e+03
2.343000000000000000e+03 2.271000000000000000e+03
2.376000000000000000e+03 2.109000000000000000e+03
2.409000000000000000e+03 2.231000000000000000e+03
2.442000000000000000e+03 2.127000000000000000e+03
2.475000000000000000e+03 2.153000000000000000e+03
2.508000000000000000e+03 2.110000000000000000e+03
2.541000000000000000e+03 2.215000000000000000e+03
2.574000000000000000e+03 2.142000000000000000e+03
2.607000000000000000e+03 2.128000000000000000e+03
2.640000000000000000e+03 2.245000000000000000e+03
2.673000000000000000e+03 2.318000000000000000e+03
2.706000000000000000e+03 2.372000000000000000e+03
2.739000000000000000e+03 2.457000000000000000e+03
2.772000000000000000e+03 2.538000000000000000e+03
2.805000000000000000e+03 2.657000000000000000e+03
2.838000000000000000e+03 2.606000000000000000e+03
2.871000000000000000e+03 2.783000000000000000e+03
2.904000000000000000e+03 2.842000000000000000e+03
2.937000000000000000e+03 3.079000000000000000e+03
2.970000000000000000e+03 3.170000000000000000e+03
3.003000000000000000e+03 3.354000000000000000e+03
3.036000000000000000e+03 3.341000000000000000e+03
3.069000000000000000e+03 3.495000000000000000e+03
3.102000000000000000e+03 3.652000000000000000e+03
3.135000000000000000e+03 3.843000000000000000e+03
3.168000000000000000e+03 3.818000000000000000e+03
3.201000000000000000e+03 4.101000000000000000e+03
3.234000000000000000e+03 4.152000000000000000e+03
3.267000000000000000e+03 4.384000000000000000e+03
3.300000000000000000e+03 4.366000000000000000e+03
3.333000000000000000e+03 4.474000000000000000e+03
3.366000000000000000e+03 4.564000000000000000e+03
3.399000000000000000e+03 4.699000000000000000e+03
3.432000000000000000e+03 4.658000000000000000e+03
3.465000000000000000e+03 4.823000000000000000e+03
3.498000000000000000e+03 4.862000000000000000e+03
3.531000000000000000e+03 4.903000000000000000e+03
3.564000000000000000e+03 4.952000000000000000e+03
3.597000000000000000e+03 4.988000000000000000e+03
3.630000000000000000e+03 5.020000000000000000e+03
3.663000000000000000e+03 5.127000000000000000e+03
3.696000000000000000e+03 5.111000000000000000e+03
3.729000000000000000e+03 5.224000000000000000e+03
3.762000000000000000e+03 5.369000000000000000e+03
3.795000000000000000e+03 5.208000000000000000e+03
3.828000000000000000e+03 5.228000000000000000e+03
3.861000000000000000e+03 5.300000000000000000e+03
3.894000000000000000e+03 5.394000000000000000e+03
3.927000000000000000e+03 5.445000000000000000e+03
3.960000000000000000e+03 5.382000000000000000e+03
3.993000000000000000e+03 5.343000000000000000e+03
4.026000000000000000e+03 5.442000000000000000e+03
4.059000000000000000e+03 5.372000000000000000e+03
4.092000000000000000e+03 5.378000000000000000e+03
4.125000000000000000e+03 5.288000000000000000e+03
4.158000000000000000e+03 5.424000000000000000e+03
4.191000000000000000e+03 5.269000000000000000e+03
4.224000000000000000e+03 5.272000000000000000e+03
4.257000000000000000e+03 5.234000000000000000e+03
4.290000000000000000e+03 5.225000000000000000e+03
4.323000000000000000e+03 5.273000000000000000e+03
4.356000000000000000e+03 5.218000000000000000e+03
4.389000000000000000e+03 5.113000000000000000e+03
4.422000000000000000e+03 5.170000000000000000e+03
4.455000000000000000e+03 5.089000000000000000e+03
4.488000000000000000e+03 5.110000000000000000e+03
4.521000000000000000e+03 4.878000000000000000e+03
4.554000000000000000e+03 5.007000000000000000e+03
4.587000000000000000e+03 4.780000000000000000e+03
4.620000000000000000e+03 4.896000000000000000e+03
4.653000000000000000e+03 4.822000000000000000e+03
4.686000000000000000e+03 4.654000000000000000e+03
4.719000000000000000e+03 4.536000000000000000e+03
4.752000000000000000e+03 4.479000000000000000e+03
4.785000000000000000e+03 4.494000000000000000e+03
4.818000000000000000e+03 4.394000000000000000e+03
4.851000000000000000e+03 4.368000000000000000e+03
4.884000000000000000e+03 4.313000000000000000e+03
4.917000000000000000e+03 4.199000000000000000e+03
4.950000000000000000e+03 4.051000000000000000e+03
4.983000000000000000e+03 3.954000000000000000e+03
5.016000000000000000e+03 3.784000000000000000e+03
5.049000000000000000e+03 3.743000000000000000e+03
5.082000000000000000e+03 3.730000000000000000e+03
5.115000000000000000e+03 3.445000000000000000e+03
5.148000000000000000e+03 3.509000000000000000e+03
5.181000000000000000e+03 3.347000000000000000e+03
5.214000000000000000e+03 3.265000000000000000e+03
5.247000000000000000e+03 3.191000000000000000e+03
5.280000000000000000e+03 3.107000000000000000e+03
5.313000000000000000e+03 3.027000000000000000e+03
5.346000000000000000e+03 2.880000000000000000e+03
5.379000000000000000e+03 2.843000000000000000e+03
5.412000000000000000e+03 2.626000000000000000e+03
5.445000000000000000e+03 2.641000000000000000e+03
5.478000000000000000e+03 2.517000000000000000e+03
5.511000000000000000e+03 2.499000000000000000e+03
5.544000000000000000e+03 2.420000000000000000e+03
5.577000000000000000e+03 2.244000000000000000e+03
5.610000000000000000e+03 2.205000000000000000e+03
5.643000000000000000e+03 2.355000000000000000e+03
5.676000000000000000e+03 2.226000000000000000e+03
5.709000000000000000e+03 2.085000000000000000e+03
5.742000000000000000e+03 2.179000000000000000e+03
5.775000000000000000e+03 2.068000000000000000e+03
5.808000000000000000e+03 2.145000000000000000e+03
5.841000000000000000e+03 2.107000000000000000e+03
5.874000000000000000e+03 2.132000000000000000e+03
5.907000000000000000e+03 2.181000000000000000e+03
5.940000000000000000e+03 2.141000000000000000e+03
5.973000000000000000e+03 2.239000000000000000e+03
6.006000000000000000e+03 2.276000000000000000e+03
6.039000000000000000e+03 2.336000000000000000e+03
6.072000000000000000e+03 2.523000000000000000e+03
6.105000000000000000e+03 2.563000000000000000e+03
6.138000000000000000e+03 2.541000000000000000e+03
6.171000000000000000e+03 2.773000000000000000e+03
6.204000000000000000e+03 2.866000000000000000e+03
6.237000000000000000e+03 3.023000000000000000e+03
6.270000000000000000e+03 3.133000000000000000e+03
6.303000000000000000e+03 3.205000000000000000e+03
6.336000000000000000e+03 3.269000000000000000e+03
6.369000000000000000e+03 3.422000000000000000e+03
6.402000000000000000e+03 3.549000000000000000e+03
6.435000000000000000e+03 3.761000000000000000e+03
6.468000000000000000e+03 3.796000000000000000e+03
6.501000000000000000e+03 3.851000000000000000e+03
6.534000000000000000e+03 4.213000000000000000e+03
6.567000000000000000e+03 4.127000000000000000e+03
6.600000000000000000e+03 4.242000000000000000e+03
6.633000000000000000e+03 4.347000000000000000e+03
