0.000000000000000000e+00 7.187000000000000000e+03
1.428000000000000000e+03 7.283000000000000000e+03
2.856000000000000000e+03 7.567000000000000000e+03
4.284000000000000000e+03 7.603000000000000000e+03
5.712000000000000000e+03 7.606000000000000000e+03
7.140000000000000000e+03 7.763000000000000000e+03
8.568000000000000000e+03 7.947000000000000000e+03
9.996000000000000000e+03 7.839000000000000000e+03
1.142400000000000000e+04 7.849000000000000000e+03
1.285200000000000000e+04 8.036000000000000000e+03
1.428000000000000000e+04 8.088000000000000000e+03
1.570800000000000000e+04 8.161000000000000000e+03
1.713600000000000000e+04 8.175000000000000000e+03
1.856400000000000000e+04 8.063000000000000000e+03
1.999200000000000000e+04 8.105000000000000000e+03
2.142000000000000000e+04 8.393000000000000000e+03
2.284800000000000000e+04 8.205000000000000000e+03
2.427600000000000000e+04 8.380000000000000000e+03
2.570400000000000000e+04 8.288000000000000000e+03
2.713200000000000000e+04 8.495000000000000000e+03
2.856000000000000000e+04 8.240000000000000000e+03
2.998800000000000000e+04 8.382000000000000000e+03
3.141600000000000000e+04 8.291000000000000000e+03
3.284400000000000000e+04 8.179000000000000000e+03
3.427200000000000000e+04 8.261000000000000000e+03
3.570000000000000000e+04 8.198000000000000000e+03
3.712800000000000000e+04 8.173000000000000000e+03
3.855600000000000000e+04 8.344000000000000000e+03
3.998400000000000000e+04 8.088000000000000000e+03
4.141200000000000000e+04 8.011000000000000000e+03
4.284000000000000000e+04 7.934000000000000000e+03
4.426800000000000000e+04 8.069000000000000000e+03
4.569600000000000000e+04 7.852000000000000000e+03
4.712400000000000000e+04 7.725000000000000000e+03
4.855200000000000000e+04 7.738000000000000000e+03
4.998000000000000000e+04 7.551000000000000000e+03
5.140800000000000000e+04 7.487000000000000000e+03
5.283600000000000000e+04 7.305000000000000000e+03
5.426400000000000000e+04 7.172000000000000000e+03
5.569200000000000000e+04 7.205000000000000000e+03
5.712000000000000000e+04 7.131000000000000000e+03
5.854800000000000000e+04 7.159000000000000000e+03
5.997600000000000000e+04 6.821000000000000000e+03
6.140400000000000000e+04 6.793000000000000000e+03
6.283200000000000000e+04 6.417000000000000000e+03
6.426000000000000000e+04 6.369000000000000000e+03
6.568800000000000000e+04 6.232000000000000000e+03
6.711600000000000000e+04 5.957000000000000000e+03
6.854400000000000000e+04 5.887000000000000000e+03
6.997200000000000000e+04 5.665000000000000000e+03
7.140000000000000000e+04 5.560000000000000000e+03
7.282800000000000000e+04 5.317000000000000000e+03
7.425600000000000000e+04 5.171000000000000000e+03
7.568400000000000000e+04 4.863000000000000000e+03
7.711200000000000000e+04 4.717000000000000000e+03
7.854000000000000000e+04 4.690000000000000000e+03
7.996800000000000000e+04 4.454000000000000000e+03
8.139600000000000000e+04 4.273000000000000000e+03
8.282400000000000000e+04 4.017000000000000000e+03
8.425200000000000000e+04 3.898000000000000000e+03
8.568000000000000000e+04 3.772000000000000000e+03
8.710800000000000000e+04 3.694000000000000000e+03
8.853600000000000000e+04 3.591000000000000000e+03
8.996400000000000000e+04 3.386000000000000000e+03
9.139200000000000000e+04 3.447000000000000000e+03
9.282000000000000000e+04 3.242000000000000000e+03
9.424800000000000000e+04 3.169000000000000000e+03
9.567600000000000000e+04 3.160000000000000000e+03
9.710400000000000000e+04 3.001000000000000000e+03
9.853200000000000000e+04 3.048000000000000000e+03
9.996000000000000000e+04 3.086000000000000000e+03
1.013880000000000000e+05 3.133000000000000000e+03
1.028160000000000000e+05 3.212000000000000000e+03
1.042440000000000000e+05 3.141000000000000000e+03
1.056720000000000000e+05 3.265000000000000000e+03
1.071000000000000000e+05 3.351000000000000000e+03
1.085280000000000000e+05 3.353000000000000000e+03
1.099560000000000000e+05 3.573000000000000000e+03
1.113840000000000000e+05 3.556000000000000000e+03
1.128120000000000000e+05 3.852000000000000000e+03
1.142400000000000000e+05 4.009000000000000000e+03
1.156680000000000000e+05 4.234000000000000000e+03
1.170960000000000000e+05 4.370000000000000000e+03
1.185240000000000000e+05 4.600000000000000000e+03
1.199520000000000000e+05 4.691000000000000000e+03
1.213800000000000000e+05 4.844000000000000000e+03
1.228080000000000000e+05 5.001000000000000000e+03
1.242360000000000000e+05 5.272000000000000000e+03
1.256640000000000000e+05 5.395000000000000000e+03
1.270920000000000000e+05 5.771000000000000000e+03
1.285200000000000000e+05 5.750000000000000000e+03
1.299480000000000000e+05 6.033000000000000000e+03
1.313760000000000000e+05 6.104000000000000000e+03
1.328040000000000000e+05 6.335000000000000000e+03
1.342320000000000000e+05 6.431000000000000000e+03
1.356600000000000000e+05 6.596000000000000000e+03
1.370880000000000000e+05 6.824000000000000000e+03
1.385160000000000000e+05 6.883000000000000000e+03
1.399440000000000000e+05 7.103000000000000000e+03
1.413720000000000000e+05 7.255000000000000000e+03
1.428000000000000000e+05 7.257000000000000000e+03
1.442280000000000000e+05 7.309000000000000000e+03
1.456560000000000000e+05 7.593000000000000000e+03
1.470840000000000000e+05 7.742000000000000000e+03
1.485120000000000000e+05 7.841000000000000000e+03
1.499400000000000000e+05 7.862000000000000000e+03
1.513680000000000000e+05 7.796000000000000000e+03
1.527960000000000000e+05 7.802000000000000000e+03
1.542240000000000000e+05 7.969000000000000000e+03
1.556520000000000000e+05 8.032000000000000000e+03
1.570800000000000000e+05 8.149000000000000000e+03
1.585080000000000000e+05 8.204000000000000000e+03
1.599360000000000000e+05 8.281000000000000000e+03
1.613640000000000000e+05 8.233000000000000000e+03
1.627920000000000000e+05 8.188000000000000000e+03
1.642200000000000000e+05 8.153000000000000000e+03
1.656480000000000000e+05 8.161000000000000000e+03
1.670760000000000000e+05 8.449000000000000000e+03
1.685040000000000000e+05 8.448000000000000000e+03
1.699320000000000000e+05 8.302000000000000000e+03
1.713600000000000000e+05 8.340000000000000000e+03
1.727880000000000000e+05 8.330000000000000000e+03
1.742160000000000000e+05 8.192000000000000000e+03
1.756440000000000000e+05 8.340000000000000000e+03
1.770720000000000000e+05 8.250000000000000000e+03
1.785000000000000000e+05 8.189000000000000000e+03
1.799280000000000000e+05 8.154000000000000000e+03
1.813560000000000000e+05 8.118000000000000000e+03
1.827840000000000000e+05 8.027000000000000000e+03
1.842120000000000000e+05 8.117000000000000000e+03
1.856400000000000000e+05 7.968000000000000000e+03
1.870680000000000000e+05 7.908000000000000000e+03
1.884960000000000000e+05 7.843000000000000000e+03
1.899240000000000000e+05 7.657000000000000000e+03
1.913520000000000000e+05 7.752000000000000000e+03
1.927800000000000000e+05 7.653000000000000000e+03
1.942080000000000000e+05 7.657000000000000000e+03
1.956360000000000000e+05 7.375000000000000000e+03
1.970640000000000000e+05 7.271000000000000000e+03
1.984920000000000000e+05 7.229000000000000000e+03
1.999200000000000000e+05 7.292000000000000000e+03
2.013480000000000000e+05 7.006000000000000000e+03
2.027760000000000000e+05 6.834000000000000000e+03
2.042040000000000000e+05 6.698000000000000000e+03
2.056320000000000000e+05 6.489000000000000000e+03
2.070600000000000000e+05 6.379000000000000000e+03
2.084880000000000000e+05 6.260000000000000000e+03
2.099160000000000000e+05 5.930000000000000000e+03
2.113440000000000000e+05 5.870000000000000000e+03
2.127720000000000000e+05 5.784000000000000000e+03
2.142000000000000000e+05 5.489000000000000000e+03
2.156280000000000000e+05 5.365000000000000000e+03
2.170560000000000000e+05 5.027000000000000000e+03
2.184840000000000000e+05 4.936000000000000000e+03
2.199120000000000000e+05 4.951000000000000000e+03
2.213400000000000000e+05 4.554000000000000000e+03
2.227680000000000000e+05 4.488000000000000000e+03
2.241960000000000000e+05 4.270000000000000000e+03
2.256240000000000000e+05 4.139000000000000000e+03
2.270520000000000000e+05 4.030000000000000000e+03
2.284800000000000000e+05 3.854000000000000000e+03
2.299080000000000000e+05 3.672000000000000000e+03
2.313360000000000000e+05 3.496000000000000000e+03
2.327640000000000000e+05 3.437000000000000000e+03
2.341920000000000000e+05 3.232000000000000000e+03
2.356200000000000000e+05 3.242000000000000000e+03
2.370480000000000000e+05 3.207000000000000000e+03
2.384760000000000000e+05 3.141000000000000000e+03
2.399040000000000000e+05 3.066000000000000000e+03
2.413320000000000000e+05 3.059000000000000000e+03
2.427600000000000000e+05 3.015000000000000000e+03
2.441880000000000000e+05 3.080000000000000000e+03
2.456160000000000000e+05 3.109000000000000000e+03
2.470440000000000000e+05 3.273000000000000000e+03
2.484720000000000000e+05 3.367000000000000000e+03
2.499000000000000000e+05 3.305000000000000000e+03
2.513280000000000000e+05 3.422000000000000000e+03
2.527560000000000000e+05 3.576000000000000000e+03
2.541840000000000000e+05 3.744000000000000000e+03
2.556120000000000000e+05 3.890000000000000000e+03
2.570400000000000000e+05 4.009000000000000000e+03
2.584680000000000000e+05 4.162000000000000000e+03
2.598960000000000000e+05 4.312000000000000000e+03
2.613240000000000000e+05 4.391000000000000000e+03
2.627520000000000000e+05 4.713000000000000000e+03
2.641800000000000000e+05 4.962000000000000000e+03
2.656080000000000000e+05 5.034000000000000000e+03
2.670360000000000000e+05 5.179000000000000000e+03
2.684640000000000000e+05 5.501000000000000000e+03
2.698920000000000000e+05 5.659000000000000000e+03
2.713200000000000000e+05 5.677000000000000000e+03
2.727480000000000000e+05 5.986000000000000000e+03
2.741760000000000000e+05 6.036000000000000000e+03
2.756040000000000000e+05 6.317000000000000000e+03
2.770320000000000000e+05 6.619000000000000000e+03
2.784600000000000000e+05 6.597000000000000000e+03
2.798880000000000000e+05 6.815000000000000000e+03
2.813160000000000000e+05 6.906000000000000000e+03
2.827440000000000000e+05 7.023000000000000000e+03
2.841720000000000000e+05 7.090000000000000000e+03
