0.000000000000000000e+00 5.186000000000000000e+03
2.000000000000000000e+02 5.039000000000000000e+03
4.000000000000000000e+02 5.353000000000000000e+03
6.000000000000000000e+02 5.444000000000000000e+03
8.000000000000000000e+02 5.433000000000000000e+03
1.000000000000000000e+03 5.576000000000000000e+03
1.200000000000000000e+03 5.550000000000000000e+03
1.400000000000000000e+03 5.575000000000000000e+03
1.600000000000000000e+03 5.560000000000000000e+03
1.800000000000000000e+03 5.714000000000000000e+03
2.000000000000000000e+03 5.618000000000000000e+03
2.200000000000000000e+03 5.820000000000000000e+03
2.400000000000000000e+03 5.743000000000000000e+03
2.600000000000000000e+03 5.851000000000000000e+03
2.800000000000000000e+03 5.849000000000000000e+03
3.000000000000000000e+03 5.689000000000000000e+03
3.200000000000000000e+03 5.845000000000000000e+03
3.400000000000000000e+03 5.782000000000000000e+03
3.600000000000000000e+03 5.824000000000000000e+03
3.800000000000000000e+03 5.978000000000000000e+03
4.000000000000000000e+03 5.873000000000000000e+03
4.200000000000000000e+03 5.764000000000000000e+03
4.400000000000000000e+03 5.906000000000000000e+03
4.600000000000000000e+03 5.893000000000000000e+03
4.800000000000000000e+03 5.755000000000000000e+03
5.000000000000000000e+03 5.619000000000000000e+03
5.200000000000000000e+03 5.646000000000000000e+03
5.400000000000000000e+03 5.864000000000000000e+03
5.600000000000000000e+03 5.696000000000000000e+03
5.800000000000000000e+03 5.725000000000000000e+03
6.000000000000000000e+03 5.611000000000000000e+03
6.200000000000000000e+03 5.670000000000000000e+03
6.400000000000000000e+03 5.606000000000000000e+03
6.600000000000000000e+03 5.617000000000000000e+03
6.800000000000000000e+03 5.474000000000000000e+03
7.000000000000000000e+03 5.405000000000000000e+03
7.200000000000000000e+03 5.314000000000000000e+03
7.400000000000000000e+03 5.196000000000000000e+03
7.600000000000000000e+03 5.184000000000000000e+03
7.800000000000000000e+03 5.164000000000000000e+03
8.000000000000000000e+03 5.111000000000000000e+03
8.200000000000000000e+03 4.806000000000000000e+03
8.400000000000000000e+03 4.826000000000000000e+03
8.600000000000000000e+03 4.697000000000000000e+03
8.800000000000000000e+03 4.616000000000000000e+03
9.000000000000000000e+03 4.449000000000000000e+03
9.200000000000000000e+03 4.462000000000000000e+03
9.400000000000000000e+03 4.397000000000000000e+03
9.600000000000000000e+03 4.108000000000000000e+03
9.800000000000000000e+03 4.167000000000000000e+03
1.000000000000000000e+04 4.002000000000000000e+03
1.020000000000000000e+04 3.856000000000000000e+03
1.040000000000000000e+04 3.866000000000000000e+03
1.060000000000000000e+04 3.449000000000000000e+03
1.080000000000000000e+04 3.367000000000000000e+03
1.100000000000000000e+04 3.255000000000000000e+03
1.120000000000000000e+04 3.084000000000000000e+03
1.140000000000000000e+04 3.045000000000000000e+03
1.160000000000000000e+04 2.946000000000000000e+03
1.180000000000000000e+04 2.747000000000000000e+03
1.200000000000000000e+04 2.650000000000000000e+03
1.220000000000000000e+04 2.660000000000000000e+03
1.240000000000000000e+04 2.530000000000000000e+03
1.260000000000000000e+04 2.425000000000000000e+03
1.280000000000000000e+04 2.338000000000000000e+03
1.300000000000000000e+04 2.274000000000000000e+03
1.320000000000000000e+04 2.169000000000000000e+03
1.340000000000000000e+04 2.179000000000000000e+03
1.360000000000000000e+04 2.190000000000000000e+03
1.380000000000000000e+04 2.092000000000000000e+03
1.400000000000000000e+04 2.021000000000000000e+03
1.420000000000000000e+04 2.145000000000000000e+03
1.440000000000000000e+04 2.112000000000000000e+03
1.460000000000000000e+04 2.150000000000000000e+03
1.480000000000000000e+04 2.110000000000000000e+03
1.500000000000000000e+04 2.256000000000000000e+03
1.520000000000000000e+04 2.199000000000000000e+03
1.540000000000000000e+04 2.359000000000000000e+03
1.560000000000000000e+04 2.482000000000000000e+03
1.580000000000000000e+04 2.564000000000000000e+03
1.600000000000000000e+04 2.666000000000000000e+03
1.620000000000000000e+04 2.785000000000000000e+03
1.640000000000000000e+04 2.992000000000000000e+03
1.660000000000000000e+04 3.056000000000000000e+03
1.680000000000000000e+04 3.153000000000000000e+03
1.700000000000000000e+04 3.396000000000000000e+03
1.720000000000000000e+04 3.481000000000000000e+03
1.740000000000000000e+04 3.646000000000000000e+03
1.760000000000000000e+04 3.871000000000000000e+03
1.780000000000000000e+04 3.865000000000000000e+03
1.800000000000000000e+04 4.015000000000000000e+03
1.820000000000000000e+04 4.202000000000000000e+03
1.840000000000000000e+04 4.417000000000000000e+03
1.860000000000000000e+04 4.446000000000000000e+03
1.880000000000000000e+04 4.550000000000000000e+03
1.900000000000000000e+04 4.544000000000000000e+03
1.920000000000000000e+04 4.849000000000000000e+03
1.940000000000000000e+04 4.818000000000000000e+03
1.960000000000000000e+04 4.931000000000000000e+03
1.980000000000000000e+04 5.063000000000000000e+03
2.000000000000000000e+04 5.040000000000000000e+03
2.020000000000000000e+04 5.235000000000000000e+03
2.040000000000000000e+04 5.469000000000000000e+03
2.060000000000000000e+04 5.385000000000000000e+03
2.080000000000000000e+04 5.516000000000000000e+03
2.100000000000000000e+04 5.522000000000000000e+03
2.120000000000000000e+04 5.470000000000000000e+03
2.140000000000000000e+04 5.663000000000000000e+03
2.160000000000000000e+04 5.598000000000000000e+03
2.180000000000000000e+04 5.693000000000000000e+03
2.200000000000000000e+04 5.686000000000000000e+03
2.220000000000000000e+04 5.737000000000000000e+03
2.240000000000000000e+04 5.796000000000000000e+03
2.260000000000000000e+04 5.885000000000000000e+03
2.280000000000000000e+04 5.833000000000000000e+03
2.300000000000000000e+04 5.887000000000000000e+03
2.320000000000000000e+04 5.881000000000000000e+03
2.340000000000000000e+04 5.907000000000000000e+03
2.360000000000000000e+04 5.892000000000000000e+03
2.380000000000000000e+04 5.825000000000000000e+03
2.400000000000000000e+04 5.885000000000000000e+03
2.420000000000000000e+04 5.849000000000000000e+03
2.440000000000000000e+04 5.940000000000000000e+03
2.460000000000000000e+04 5.775000000000000000e+03
2.480000000000000000e+04 5.923000000000000000e+03
2.500000000000000000e+04 5.953000000000000000e+03
2.520000000000000000e+04 5.777000000000000000e+03
2.540000000000000000e+04 5.711000000000000000e+03
2.560000000000000000e+04 5.670000000000000000e+03
2.580000000000000000e+04 5.730000000000000000e+03
2.600000000000000000e+04 5.762000000000000000e+03
2.620000000000000000e+04 5.695000000000000000e+03
2.640000000000000000e+04 5.599000000000000000e+03
2.660000000000000000e+04 5.507000000000000000e+03
2.680000000000000000e+04 5.532000000000000000e+03
2.700000000000000000e+04 5.309000000000000000e+03
2.720000000000000000e+04 5.463000000000000000e+03
2.740000000000000000e+04 5.166000000000000000e+03
2.760000000000000000e+04 5.306000000000000000e+03
2.780000000000000000e+04 5.103000000000000000e+03
2.800000000000000000e+04 5.052000000000000000e+03
2.820000000000000000e+04 4.896000000000000000e+03
2.840000000000000000e+04 4.715000000000000000e+03
2.860000000000000000e+04 4.729000000000000000e+03
2.880000000000000000e+04 4.633000000000000000e+03
2.900000000000000000e+04 4.489000000000000000e+03
2.920000000000000000e+04 4.278000000000000000e+03
2.940000000000000000e+04 4.313000000000000000e+03
2.960000000000000000e+04 4.087000000000000000e+03
2.980000000000000000e+04 4.054000000000000000e+03
3.000000000000000000e+04 3.795000000000000000e+03
3.020000000000000000e+04 3.709000000000000000e+03
3.040000000000000000e+04 3.622000000000000000e+03
3.060000000000000000e+04 3.551000000000000000e+03
3.080000000000000000e+04 3.347000000000000000e+03
3.100000000000000000e+04 3.307000000000000000e+03
3.120000000000000000e+04 3.025000000000000000e+03
3.140000000000000000e+04 2.973000000000000000e+03
3.160000000000000000e+04 2.937000000000000000e+03
3.180000000000000000e+04 2.752000000000000000e+03
3.200000000000000000e+04 2.730000000000000000e+03
3.220000000000000000e+04 2.597000000000000000e+03
3.240000000000000000e+04 2.453000000000000000e+03
3.260000000000000000e+04 2.428000000000000000e+03
3.280000000000000000e+04 2.284000000000000000e+03
3.300000000000000000e+04 2.219000000000000000e+03
3.320000000000000000e+04 2.291000000000000000e+03
3.340000000000000000e+04 2.217000000000000000e+03
3.360000000000000000e+04 2.123000000000000000e+03
3.380000000000000000e+04 2.110000000000000000e+03
3.400000000000000000e+04 2.109000000000000000e+03
3.420000000000000000e+04 2.097000000000000000e+03
3.440000000000000000e+04 2.153000000000000000e+03
3.460000000000000000e+04 2.067000000000000000e+03
3.480000000000000000e+04 2.159000000000000000e+03
3.500000000000000000e+04 2.300000000000000000e+03
3.520000000000000000e+04 2.335000000000000000e+03
3.540000000000000000e+04 2.316000000000000000e+03
3.560000000000000000e+04 2.484000000000000000e+03
3.580000000000000000e+04 2.551000000000000000e+03
3.600000000000000000e+04 2.619000000000000000e+03
3.620000000000000000e+04 2.815000000000000000e+03
3.640000000000000000e+04 2.919000000000000000e+03
3.660000000000000000e+04 3.050000000000000000e+03
3.680000000000000000e+04 3.144000000000000000e+03
3.700000000000000000e+04 3.270000000000000000e+03
3.720000000000000000e+04 3.465000000000000000e+03
3.740000000000000000e+04 3.574000000000000000e+03
3.760000000000000000e+04 3.663000000000000000e+03
3.780000000000000000e+04 3.754000000000000000e+03
3.800000000000000000e+04 4.072000000000000000e+03
3.820000000000000000e+04 4.223000000000000000e+03
3.840000000000000000e+04 4.333000000000000000e+03
3.860000000000000000e+04 4.348000000000000000e+03
3.880000000000000000e+04 4.610000000000000000e+03
3.900000000000000000e+04 4.679000000000000000e+03
3.920000000000000000e+04 4.774000000000000000e+03
3.940000000000000000e+04 4.774000000000000000e+03
3.960000000000000000e+04 4.939000000000000000e+03
3.980000000000000000e+04 5.095000000000000000e+03
