0.000000000000000000e+00 1.012900000000000000e+04
3.333000000000000000e+03 1.059100000000000000e+04
6.666000000000000000e+03 1.059400000000000000e+04
9.999000000000000000e+03 1.071400000000000000e+04
1.333200000000000000e+04 1.083500000000000000e+04
1.666500000000000000e+04 1.087700000000000000e+04
1.999800000000000000e+04 1.107600000000000000e+04
2.333100000000000000e+04 1.112300000000000000e+04
2.666400000000000000e+04 1.106400000000000000e+04
2.999700000000000000e+04 1.139500000000000000e+04
3.333000000000000000e+04 1.143800000000000000e+04
3.666300000000000000e+04 1.127400000000000000e+04
3.999600000000000000e+04 1.130000000000000000e+04
4.332900000000000000e+04 1.170200000000000000e+04
4.666200000000000000e+04 1.159800000000000000e+04
4.999500000000000000e+04 1.163600000000000000e+04
5.332800000000000000e+04 1.155800000000000000e+04
5.666100000000000000e+04 1.170600000000000000e+04
5.999400000000000000e+04 1.152100000000000000e+04
6.332700000000000000e+04 1.173700000000000000e+04
6.666000000000000000e+04 1.148600000000000000e+04
6.999300000000000000e+04 1.172900000000000000e+04
7.332600000000000000e+04 1.169800000000000000e+04
7.665900000000000000e+04 1.176900000000000000e+04
7.999200000000000000e+04 1.154800000000000000e+04
8.332500000000000000e+04 1.154600000000000000e+04
8.665800000000000000e+04 1.168600000000000000e+04
8.999100000000000000e+04 1.144800000000000000e+04
9.332400000000000000e+04 1.141300000000000000e+04
9.665700000000000000e+04 1.123900000000000000e+04
9.999000000000000000e+04 1.115900000000000000e+04
1.033230000000000000e+05 1.106800000000000000e+04
1.066560000000000000e+05 1.115500000000000000e+04
1.099890000000000000e+05 1.071800000000000000e+04
1.133220000000000000e+05 1.086000000000000000e+04
1.166550000000000000e+05 1.073800000000000000e+04
1.199880000000000000e+05 1.064700000000000000e+04
1.233210000000000000e+05 1.036900000000000000e+04
1.266540000000000000e+05 1.030700000000000000e+04
1.299870000000000000e+05 1.013300000000000000e+04
1.333200000000000000e+05 1.015100000000000000e+04
1.366530000000000000e+05 9.814000000000000000e+03
1.399860000000000000e+05 9.623000000000000000e+03
1.433190000000000000e+05 9.195000000000000000e+03
1.466520000000000000e+05 9.126000000000000000e+03
1.499850000000000000e+05 8.705000000000000000e+03
1.533180000000000000e+05 8.525000000000000000e+03
1.566510000000000000e+05 8.432000000000000000e+03
1.599840000000000000e+05 8.006000000000000000e+03
1.633170000000000000e+05 7.863000000000000000e+03
1.666500000000000000e+05 7.713000000000000000e+03
1.699830000000000000e+05 7.510000000000000000e+03
1.733160000000000000e+05 7.341000000000000000e+03
1.766490000000000000e+05 6.719000000000000000e+03
1.799820000000000000e+05 6.678000000000000000e+03
1.833150000000000000e+05 6.304000000000000000e+03
1.866480000000000000e+05 6.230000000000000000e+03
1.899810000000000000e+05 6.018000000000000000e+03
1.933140000000000000e+05 5.596000000000000000e+03
1.966470000000000000e+05 5.411000000000000000e+03
1.999800000000000000e+05 5.222000000000000000e+03
2.033130000000000000e+05 4.955000000000000000e+03
2.066460000000000000e+05 4.847000000000000000e+03
2.099790000000000000e+05 4.538000000000000000e+03
2.133120000000000000e+05 4.542000000000000000e+03
2.166450000000000000e+05 4.359000000000000000e+03
2.199780000000000000e+05 4.212000000000000000e+03
2.233110000000000000e+05 4.209000000000000000e+03
2.266440000000000000e+05 4.218000000000000000e+03
2.299770000000000000e+05 4.268000000000000000e+03
2.333100000000000000e+05 4.240000000000000000e+03
2.366430000000000000e+05 4.235000000000000000e+03
2.399760000000000000e+05 4.310000000000000000e+03
2.433090000000000000e+05 4.374000000000000000e+03
2.466420000000000000e+05 4.438000000000000000e+03
2.499750000000000000e+05 4.641000000000000000e+03
2.533080000000000000e+05 4.705000000000000000e+03
2.566410000000000000e+05 4.862000000000000000e+03
2.599740000000000000e+05 5.099000000000000000e+03
2.633070000000000000e+05 5.558000000000000000e+03
2.666400000000000000e+05 5.570000000000000000e+03
2.699730000000000000e+05 5.643000000000000000e+03
2.733060000000000000e+05 6.080000000000000000e+03
2.766390000000000000e+05 6.320000000000000000e+03
2.799720000000000000e+05 6.538000000000000000e+03
2.833050000000000000e+05 6.733000000000000000e+03
2.866380000000000000e+05 7.113000000000000000e+03
2.899710000000000000e+05 7.360000000000000000e+03
2.933040000000000000e+05 7.580000000000000000e+03
2.966370000000000000e+05 7.687000000000000000e+03
2.999700000000000000e+05 8.047000000000000000e+03
3.033030000000000000e+05 8.388000000000000000e+03
3.066360000000000000e+05 8.800000000000000000e+03
3.099690000000000000e+05 8.958000000000000000e+03
3.133020000000000000e+05 9.146000000000000000e+03
3.166350000000000000e+05 9.564000000000000000e+03
3.199680000000000000e+05 9.623000000000000000e+03
3.233010000000000000e+05 9.644000000000000000e+03
3.266340000000000000e+05 9.884000000000000000e+03
3.299670000000000000e+05 1.009900000000000000e+04
3.333000000000000000e+05 1.031500000000000000e+04
3.366330000000000000e+05 1.043300000000000000e+04
3.399660000000000000e+05 1.061300000000000000e+04
3.432990000000000000e+05 1.066400000000000000e+04
3.466320000000000000e+05 1.085700000000000000e+04
3.499650000000000000e+05 1.096500000000000000e+04
3.532980000000000000e+05 1.116700000000000000e+04
3.566310000000000000e+05 1.128200000000000000e+04
3.599640000000000000e+05 1.108700000000000000e+04
3.632970000000000000e+05 1.129300000000000000e+04
3.666300000000000000e+05 1.141000000000000000e+04
3.699630000000000000e+05 1.181100000000000000e+04
3.732960000000000000e+05 1.156400000000000000e+04
3.766290000000000000e+05 1.170500000000000000e+04
3.799620000000000000e+05 1.165300000000000000e+04
3.832950000000000000e+05 1.141100000000000000e+04
3.866280000000000000e+05 1.161000000000000000e+04
3.899610000000000000e+05 1.173700000000000000e+04
3.932940000000000000e+05 1.168700000000000000e+04
3.966270000000000000e+05 1.179900000000000000e+04
3.999600000000000000e+05 1.165100000000000000e+04
4.032930000000000000e+05 1.165300000000000000e+04
4.066260000000000000e+05 1.180200000000000000e+04
4.099590000000000000e+05 1.159600000000000000e+04
4.132920000000000000e+05 1.138400000000000000e+04
4.166250000000000000e+05 1.138700000000000000e+04
4.199580000000000000e+05 1.148900000000000000e+04
4.232910000000000000e+05 1.147700000000000000e+04
4.266240000000000000e+05 1.147900000000000000e+04
4.299570000000000000e+05 1.157700000000000000e+04
4.332900000000000000e+05 1.116800000000000000e+04
4.366230000000000000e+05 1.113000000000000000e+04
4.399560000000000000e+05 1.098400000000000000e+04
4.432890000000000000e+05 1.077400000000000000e+04
4.466220000000000000e+05 1.096200000000000000e+04
4.499550000000000000e+05 1.074700000000000000e+04
4.532880000000000000e+05 1.077500000000000000e+04
4.566210000000000000e+05 1.045600000000000000e+04
4.599540000000000000e+05 1.033400000000000000e+04
4.632870000000000000e+05 9.972000000000000000e+03
4.666200000000000000e+05 1.013200000000000000e+04
4.699530000000000000e+05 9.753000000000000000e+03
4.732860000000000000e+05 9.408000000000000000e+03
4.766190000000000000e+05 9.305000000000000000e+03
4.799520000000000000e+05 8.986000000000000000e+03
4.832850000000000000e+05 9.033000000000000000e+03
4.866180000000000000e+05 8.615000000000000000e+03
4.899510000000000000e+05 8.378000000000000000e+03
4.932840000000000000e+05 8.275000000000000000e+03
4.966170000000000000e+05 8.148000000000000000e+03
4.999500000000000000e+05 7.824000000000000000e+03
5.032830000000000000e+05 7.480000000000000000e+03
5.066160000000000000e+05 7.325000000000000000e+03
5.099490000000000000e+05 6.726000000000000000e+03
5.132820000000000000e+05 6.683000000000000000e+03
5.166150000000000000e+05 6.408000000000000000e+03
5.199480000000000000e+05 6.218000000000000000e+03
5.232810000000000000e+05 5.953000000000000000e+03
5.266140000000000000e+05 5.557000000000000000e+03
5.299470000000000000e+05 5.376000000000000000e+03
5.332800000000000000e+05 5.359000000000000000e+03
5.366130000000000000e+05 4.926000000000000000e+03
5.399460000000000000e+05 4.953000000000000000e+03
5.432790000000000000e+05 4.691000000000000000e+03
5.466120000000000000e+05 4.507000000000000000e+03
5.499450000000000000e+05 4.386000000000000000e+03
5.532780000000000000e+05 4.430000000000000000e+03
5.566110000000000000e+05 4.261000000000000000e+03
5.599440000000000000e+05 4.303000000000000000e+03
5.632770000000000000e+05 4.214000000000000000e+03
5.666100000000000000e+05 4.238000000000000000e+03
5.699430000000000000e+05 4.161000000000000000e+03
5.732760000000000000e+05 4.305000000000000000e+03
5.766090000000000000e+05 4.408000000000000000e+03
5.799420000000000000e+05 4.706000000000000000e+03
5.832750000000000000e+05 4.444000000000000000e+03
5.866080000000000000e+05 4.788000000000000000e+03
5.899410000000000000e+05 4.980000000000000000e+03
5.932740000000000000e+05 5.127000000000000000e+03
5.966070000000000000e+05 5.408000000000000000e+03
5.999400000000000000e+05 5.476000000000000000e+03
6.032730000000000000e+05 5.768000000000000000e+03
6.066060000000000000e+05 6.019000000000000000e+03
6.099390000000000000e+05 6.352000000000000000e+03
6.132720000000000000e+05 6.528000000000000000e+03
6.166050000000000000e+05 6.825000000000000000e+03
6.199380000000000000e+05 7.003000000000000000e+03
6.232710000000000000e+05 7.191000000000000000e+03
6.266040000000000000e+05 7.612000000000000000e+03
6.299370000000000000e+05 7.884000000000000000e+03
6.332700000000000000e+05 8.152000000000000000e+03
6.366030000000000000e+05 8.423000000000000000e+03
6.399360000000000000e+05 8.429000000000000000e+03
6.432690000000000000e+05 8.960000000000000000e+03
6.466020000000000000e+05 9.104000000000000000e+03
6.499350000000000000e+05 9.379000000000000000e+03
6.532680000000000000e+05 9.557000000000000000e+03
6.566010000000000000e+05 9.760000000000000000e+03
6.599340000000000000e+05 9.942000000000000000e+03
6.632670000000000000e+05 1.009000000000000000e+04
