0.000000000000000000e+00 4.838000000000000000e+03
1.000000000000000000e+02 4.892000000000000000e+03
2.000000000000000000e+02 4.961000000000000000e+03
3.000000000000000000e+02 4.972000000000000000e+03
4.000000000000000000e+02 5.105000000000000000e+03
5.000000000000000000e+02 5.084000000000000000e+03
6.000000000000000000e+02 5.187000000000000000e+03
7.000000000000000000e+02 5.378000000000000000e+03
8.000000000000000000e+02 5.249000000000000000e+03
9.000000000000000000e+02 5.308000000000000000e+03
1.000000000000000000e+03 5.294000000000000000e+03
1.100000000000000000e+03 5.270000000000000000e+03
1.200000000000000000e+03 5.235000000000000000e+03
1.300000000000000000e+03 5.526000000000000000e+03
1.400000000000000000e+03 5.449000000000000000e+03
1.500000000000000000e+03 5.458000000000000000e+03
1.600000000000000000e+03 5.395000000000000000e+03
1.700000000000000000e+03 5.607000000000000000e+03
1.800000000000000000e+03 5.454000000000000000e+03
1.900000000000000000e+03 5.356000000000000000e+03
2.000000000000000000e+03 5.520000000000000000e+03
2.100000000000000000e+03 5.455000000000000000e+03
2.200000000000000000e+03 5.470000000000000000e+03
2.300000000000000000e+03 5.535000000000000000e+03
2.400000000000000000e+03 5.618000000000000000e+03
2.500000000000000000e+03 5.356000000000000000e+03
2.600000000000000000e+03 5.474000000000000000e+03
2.700000000000000000e+03 5.333000000000000000e+03
2.800000000000000000e+03 5.240000000000000000e+03
2.900000000000000000e+03 5.399000000000000000e+03
3.000000000000000000e+03 5.344000000000000000e+03
3.100000000000000000e+03 5.432000000000000000e+03
3.200000000000000000e+03 5.343000000000000000e+03
3.300000000000000000e+03 5.093000000000000000e+03
3.400000000000000000e+03 5.167000000000000000e+03
3.500000000000000000e+03 5.206000000000000000e+03
3.600000000000000000e+03 5.137000000000000000e+03
3.700000000000000000e+03 4.910000000000000000e+03
3.800000000000000000e+03 4.979000000000000000e+03
3.900000000000000000e+03 4.730000000000000000e+03
4.000000000000000000e+03 4.741000000000000000e+03
4.100000000000000000e+03 4.671000000000000000e+03
4.200000000000000000e+03 4.622000000000000000e+03
4.300000000000000000e+03 4.532000000000000000e+03
4.400000000000000000e+03 4.390000000000000000e+03
4.500000000000000000e+03 4.335000000000000000e+03
4.600000000000000000e+03 4.039000000000000000e+03
4.700000000000000000e+03 4.111000000000000000e+03
4.800000000000000000e+03 3.953000000000000000e+03
4.900000000000000000e+03 3.848000000000000000e+03
5.000000000000000000e+03 3.734000000000000000e+03
5.100000000000000000e+03 3.634000000000000000e+03
5.200000000000000000e+03 3.491000000000000000e+03
5.300000000000000000e+03 3.269000000000000000e+03
5.400000000000000000e+03 3.261000000000000000e+03
5.500000000000000000e+03 3.161000000000000000e+03
5.600000000000000000e+03 2.897000000000000000e+03
5.700000000000000000e+03 3.025000000000000000e+03
5.800000000000000000e+03 2.869000000000000000e+03
5.900000000000000000e+03 2.699000000000000000e+03
6.000000000000000000e+03 2.531000000000000000e+03
6.100000000000000000e+03 2.392000000000000000e+03
6.200000000000000000e+03 2.455000000000000000e+03
6.300000000000000000e+03 2.386000000000000000e+03
6.400000000000000000e+03 2.201000000000000000e+03
6.500000000000000000e+03 2.173000000000000000e+03
6.600000000000000000e+03 2.036000000000000000e+03
6.700000000000000000e+03 2.097000000000000000e+03
6.800000000000000000e+03 1.986000000000000000e+03
6.900000000000000000e+03 2.014000000000000000e+03
7.000000000000000000e+03 1.844000000000000000e+03
7.100000000000000000e+03 2.017000000000000000e+03
7.200000000000000000e+03 1.984000000000000000e+03
7.300000000000000000e+03 1.935000000000000000e+03
7.400000000000000000e+03 1.995000000000000000e+03
7.500000000000000000e+03 2.073000000000000000e+03
7.600000000000000000e+03 2.035000000000000000e+03
7.700000000000000000e+03 2.191000000000000000e+03
7.800000000000000000e+03 2.227000000000000000e+03
7.900000000000000000e+03 2.357000000000000000e+03
8.000000000000000000e+03 2.403000000000000000e+03
8.100000000000000000e+03 2.479000000000000000e+03
8.200000000000000000e+03 2.505000000000000000e+03
8.300000000000000000e+03 2.714000000000000000e+03
8.400000000000000000e+03 2.815000000000000000e+03
8.500000000000000000e+03 3.085000000000000000e+03
8.600000000000000000e+03 3.231000000000000000e+03
8.700000000000000000e+03 3.315000000000000000e+03
8.800000000000000000e+03 3.380000000000000000e+03
8.900000000000000000e+03 3.407000000000000000e+03
9.000000000000000000e+03 3.692000000000000000e+03
9.100000000000000000e+03 3.730000000000000000e+03
9.200000000000000000e+03 3.942000000000000000e+03
9.300000000000000000e+03 4.034000000000000000e+03
9.400000000000000000e+03 4.255000000000000000e+03
9.500000000000000000e+03 4.336000000000000000e+03
9.600000000000000000e+03 4.355000000000000000e+03
9.700000000000000000e+03 4.381000000000000000e+03
9.800000000000000000e+03 4.497000000000000000e+03
9.900000000000000000e+03 4.756000000000000000e+03
1.000000000000000000e+04 4.787000000000000000e+03
1.010000000000000000e+04 4.819000000000000000e+03
1.020000000000000000e+04 5.040000000000000000e+03
1.030000000000000000e+04 5.175000000000000000e+03
1.040000000000000000e+04 4.975000000000000000e+03
1.050000000000000000e+04 5.220000000000000000e+03
1.060000000000000000e+04 5.206000000000000000e+03
1.070000000000000000e+04 5.260000000000000000e+03
1.080000000000000000e+04 5.417000000000000000e+03
1.090000000000000000e+04 5.406000000000000000e+03
1.100000000000000000e+04 5.254000000000000000e+03
1.110000000000000000e+04 5.344000000000000000e+03
1.120000000000000000e+04 5.404000000000000000e+03
1.130000000000000000e+04 5.425000000000000000e+03
1.140000000000000000e+04 5.508000000000000000e+03
1.150000000000000000e+04 5.471000000000000000e+03
1.160000000000000000e+04 5.486000000000000000e+03
1.170000000000000000e+04 5.459000000000000000e+03
1.180000000000000000e+04 5.466000000000000000e+03
1.190000000000000000e+04 5.614000000000000000e+03
1.200000000000000000e+04 5.624000000000000000e+03
1.210000000000000000e+04 5.560000000000000000e+03
1.220000000000000000e+04 5.430000000000000000e+03
1.230000000000000000e+04 5.528000000000000000e+03
1.240000000000000000e+04 5.517000000000000000e+03
1.250000000000000000e+04 5.350000000000000000e+03
1.260000000000000000e+04 5.421000000000000000e+03
1.270000000000000000e+04 5.365000000000000000e+03
1.280000000000000000e+04 5.325000000000000000e+03
1.290000000000000000e+04 5.321000000000000000e+03
1.300000000000000000e+04 5.190000000000000000e+03
1.310000000000000000e+04 5.329000000000000000e+03
1.320000000000000000e+04 5.258000000000000000e+03
1.330000000000000000e+04 5.086000000000000000e+03
1.340000000000000000e+04 5.080000000000000000e+03
1.350000000000000000e+04 5.054000000000000000e+03
1.360000000000000000e+04 5.091000000000000000e+03
1.370000000000000000e+04 4.898000000000000000e+03
1.380000000000000000e+04 4.990000000000000000e+03
1.390000000000000000e+04 4.820000000000000000e+03
1.400000000000000000e+04 4.836000000000000000e+03
1.410000000000000000e+04 4.535000000000000000e+03
1.420000000000000000e+04 4.609000000000000000e+03
1.430000000000000000e+04 4.561000000000000000e+03
1.440000000000000000e+04 4.416000000000000000e+03
1.450000000000000000e+04 4.235000000000000000e+03
1.460000000000000000e+04 4.256000000000000000e+03
1.470000000000000000e+04 4.063000000000000000e+03
1.480000000000000000e+04 3.902000000000000000e+03
1.490000000000000000e+04 3.852000000000000000e+03
1.500000000000000000e+04 3.818000000000000000e+03
1.510000000000000000e+04 3.571000000000000000e+03
1.520000000000000000e+04 3.383000000000000000e+03
1.530000000000000000e+04 3.309000000000000000e+03
1.540000000000000000e+04 3.249000000000000000e+03
1.550000000000000000e+04 3.123000000000000000e+03
1.560000000000000000e+04 3.132000000000000000e+03
1.570000000000000000e+04 2.984000000000000000e+03
1.580000000000000000e+04 2.819000000000000000e+03
1.590000000000000000e+04 2.670000000000000000e+03
1.600000000000000000e+04 2.598000000000000000e+03
1.610000000000000000e+04 2.413000000000000000e+03
1.620000000000000000e+04 2.331000000000000000e+03
1.630000000000000000e+04 2.433000000000000000e+03
1.640000000000000000e+04 2.219000000000000000e+03
1.650000000000000000e+04 2.160000000000000000e+03
1.660000000000000000e+04 2.059000000000000000e+03
1.670000000000000000e+04 2.035000000000000000e+03
1.680000000000000000e+04 2.009000000000000000e+03
1.690000000000000000e+04 2.067000000000000000e+03
1.700000000000000000e+04 1.968000000000000000e+03
1.710000000000000000e+04 1.979000000000000000e+03
1.720000000000000000e+04 1.993000000000000000e+03
1.730000000000000000e+04 2.045000000000000000e+03
1.740000000000000000e+04 1.999000000000000000e+03
1.750000000000000000e+04 2.077000000000000000e+03
1.760000000000000000e+04 2.106000000000000000e+03
1.770000000000000000e+04 2.099000000000000000e+03
1.780000000000000000e+04 2.298000000000000000e+03
1.790000000000000000e+04 2.382000000000000000e+03
1.800000000000000000e+04 2.443000000000000000e+03
1.810000000000000000e+04 2.457000000000000000e+03
1.820000000000000000e+04 2.521000000000000000e+03
1.830000000000000000e+04 2.773000000000000000e+03
1.840000000000000000e+04 2.899000000000000000e+03
1.850000000000000000e+04 2.987000000000000000e+03
1.860000000000000000e+04 3.090000000000000000e+03
1.870000000000000000e+04 3.189000000000000000e+03
1.880000000000000000e+04 3.446000000000000000e+03
1.890000000000000000e+04 3.451000000000000000e+03
1.900000000000000000e+04 3.759000000000000000e+03
1.910000000000000000e+04 3.883000000000000000e+03
1.920000000000000000e+04 4.003000000000000000e+03
1.930000000000000000e+04 4.003000000000000000e+03
1.940000000000000000e+04 4.082000000000000000e+03
1.950000000000000000e+04 4.297000000000000000e+03
1.960000000000000000e+04 4.414000000000000000e+03
1.970000000000000000e+04 4.423000000000000000e+03
1.980000000000000000e+04 4.733000000000000000e+03
1.990000000000000000e+04 4.644000000000000000e+03
