0.000000000000000000e+00 6.499000000000000000e+03
5.000000000000000000e+03 6.515000000000000000e+03
1.000000000000000000e+04 6.834000000000000000e+03
1.500000000000000000e+04 6.774000000000000000e+03
2.000000000000000000e+04 6.845000000000000000e+03
2.500000000000000000e+04 6.834000000000000000e+03
3.000000000000000000e+04 7.057000000000000000e+03
3.500000000000000000e+04 7.203000000000000000e+03
4.000000000000000000e+04 7.202000000000000000e+03
4.500000000000000000e+04 7.057000000000000000e+03
5.000000000000000000e+04 7.155000000000000000e+03
5.500000000000000000e+04 7.253000000000000000e+03
6.000000000000000000e+04 7.333000000000000000e+03
6.500000000000000000e+04 7.125000000000000000e+03
7.000000000000000000e+04 7.417000000000000000e+03
7.500000000000000000e+04 7.444000000000000000e+03
8.000000000000000000e+04 7.498000000000000000e+03
8.500000000000000000e+04 7.246000000000000000e+03
9.000000000000000000e+04 7.384000000000000000e+03
9.500000000000000000e+04 7.480000000000000000e+03
1.000000000000000000e+05 7.411000000000000000e+03
1.050000000000000000e+05 7.553000000000000000e+03
1.100000000000000000e+05 7.432000000000000000e+03
1.150000000000000000e+05 7.204000000000000000e+03
1.200000000000000000e+05 7.342000000000000000e+03
1.250000000000000000e+05 7.404000000000000000e+03
1.300000000000000000e+05 7.257000000000000000e+03
1.350000000000000000e+05 7.495000000000000000e+03
1.400000000000000000e+05 7.098000000000000000e+03
1.450000000000000000e+05 7.218000000000000000e+03
1.500000000000000000e+05 7.127000000000000000e+03
1.550000000000000000e+05 7.155000000000000000e+03
1.600000000000000000e+05 6.910000000000000000e+03
1.650000000000000000e+05 6.926000000000000000e+03
1.700000000000000000e+05 6.896000000000000000e+03
1.750000000000000000e+05 6.929000000000000000e+03
1.800000000000000000e+05 6.938000000000000000e+03
1.850000000000000000e+05 6.727000000000000000e+03
1.900000000000000000e+05 6.541000000000000000e+03
1.950000000000000000e+05 6.470000000000000000e+03
2.000000000000000000e+05 6.400000000000000000e+03
2.050000000000000000e+05 6.353000000000000000e+03
2.100000000000000000e+05 6.084000000000000000e+03
2.150000000000000000e+05 5.947000000000000000e+03
2.200000000000000000e+05 5.668000000000000000e+03
2.250000000000000000e+05 5.720000000000000000e+03
2.300000000000000000e+05 5.568000000000000000e+03
2.350000000000000000e+05 5.406000000000000000e+03
2.400000000000000000e+05 5.155000000000000000e+03
2.450000000000000000e+05 5.038000000000000000e+03
2.500000000000000000e+05 4.923000000000000000e+03
2.550000000000000000e+05 4.837000000000000000e+03
2.600000000000000000e+05 4.466000000000000000e+03
2.650000000000000000e+05 4.441000000000000000e+03
2.700000000000000000e+05 4.175000000000000000e+03
2.750000000000000000e+05 3.913000000000000000e+03
2.800000000000000000e+05 3.947000000000000000e+03
2.850000000000000000e+05 3.743000000000000000e+03
2.900000000000000000e+05 3.509000000000000000e+03
2.950000000000000000e+05 3.499000000000000000e+03
3.000000000000000000e+05 3.355000000000000000e+03
3.050000000000000000e+05 3.208000000000000000e+03
3.100000000000000000e+05 3.088000000000000000e+03
3.150000000000000000e+05 2.958000000000000000e+03
3.200000000000000000e+05 2.928000000000000000e+03
3.250000000000000000e+05 2.968000000000000000e+03
3.300000000000000000e+05 2.757000000000000000e+03
3.350000000000000000e+05 2.765000000000000000e+03
3.400000000000000000e+05 2.729000000000000000e+03
3.450000000000000000e+05 2.779000000000000000e+03
3.500000000000000000e+05 2.642000000000000000e+03
3.550000000000000000e+05 2.785000000000000000e+03
3.600000000000000000e+05 2.772000000000000000e+03
3.650000000000000000e+05 2.731000000000000000e+03
3.700000000000000000e+05 2.879000000000000000e+03
3.750000000000000000e+05 2.911000000000000000e+03
3.800000000000000000e+05 3.045000000000000000e+03
3.850000000000000000e+05 3.285000000000000000e+03
3.900000000000000000e+05 3.226000000000000000e+03
3.950000000000000000e+05 3.424000000000000000e+03
4.000000000000000000e+05 3.517000000000000000e+03
4.050000000000000000e+05 3.640000000000000000e+03
4.100000000000000000e+05 3.864000000000000000e+03
4.150000000000000000e+05 4.003000000000000000e+03
4.200000000000000000e+05 4.164000000000000000e+03
4.250000000000000000e+05 4.288000000000000000e+03
4.300000000000000000e+05 4.480000000000000000e+03
4.350000000000000000e+05 4.662000000000000000e+03
4.400000000000000000e+05 4.829000000000000000e+03
4.450000000000000000e+05 5.106000000000000000e+03
4.500000000000000000e+05 5.117000000000000000e+03
4.550000000000000000e+05 5.317000000000000000e+03
4.600000000000000000e+05 5.615000000000000000e+03
4.650000000000000000e+05 5.759000000000000000e+03
4.700000000000000000e+05 5.664000000000000000e+03
4.750000000000000000e+05 6.060000000000000000e+03
4.800000000000000000e+05 6.027000000000000000e+03
4.850000000000000000e+05 6.252000000000000000e+03
4.900000000000000000e+05 6.411000000000000000e+03
4.950000000000000000e+05 6.539000000000000000e+03
5.000000000000000000e+05 6.628000000000000000e+03
5.050000000000000000e+05 6.617000000000000000e+03
5.100000000000000000e+05 6.733000000000000000e+03
5.150000000000000000e+05 6.855000000000000000e+03
5.200000000000000000e+05 6.768000000000000000e+03
5.250000000000000000e+05 7.005000000000000000e+03
5.300000000000000000e+05 7.023000000000000000e+03
5.350000000000000000e+05 7.072000000000000000e+03
5.400000000000000000e+05 7.255000000000000000e+03
5.450000000000000000e+05 7.158000000000000000e+03
5.500000000000000000e+05 7.293000000000000000e+03
5.550000000000000000e+05 7.102000000000000000e+03
5.600000000000000000e+05 7.452000000000000000e+03
5.650000000000000000e+05 7.403000000000000000e+03
5.700000000000000000e+05 7.466000000000000000e+03
5.750000000000000000e+05 7.559000000000000000e+03
5.800000000000000000e+05 7.602000000000000000e+03
5.850000000000000000e+05 7.580000000000000000e+03
5.900000000000000000e+05 7.319000000000000000e+03
5.950000000000000000e+05 7.500000000000000000e+03
6.000000000000000000e+05 7.532000000000000000e+03
6.050000000000000000e+05 7.213000000000000000e+03
6.100000000000000000e+05 7.546000000000000000e+03
6.150000000000000000e+05 7.355000000000000000e+03
6.200000000000000000e+05 7.401000000000000000e+03
6.250000000000000000e+05 7.315000000000000000e+03
6.300000000000000000e+05 7.279000000000000000e+03
6.350000000000000000e+05 7.404000000000000000e+03
6.400000000000000000e+05 7.195000000000000000e+03
6.450000000000000000e+05 7.243000000000000000e+03
6.500000000000000000e+05 7.181000000000000000e+03
6.550000000000000000e+05 7.019000000000000000e+03
6.600000000000000000e+05 7.105000000000000000e+03
6.650000000000000000e+05 6.944000000000000000e+03
6.700000000000000000e+05 6.802000000000000000e+03
6.750000000000000000e+05 6.889000000000000000e+03
6.800000000000000000e+05 6.683000000000000000e+03
6.850000000000000000e+05 6.732000000000000000e+03
6.900000000000000000e+05 6.681000000000000000e+03
6.950000000000000000e+05 6.407000000000000000e+03
7.000000000000000000e+05 6.212000000000000000e+03
7.050000000000000000e+05 5.970000000000000000e+03
7.100000000000000000e+05 6.072000000000000000e+03
7.150000000000000000e+05 6.009000000000000000e+03
7.200000000000000000e+05 6.000000000000000000e+03
7.250000000000000000e+05 5.675000000000000000e+03
7.300000000000000000e+05 5.503000000000000000e+03
7.350000000000000000e+05 5.303000000000000000e+03
7.400000000000000000e+05 5.272000000000000000e+03
7.450000000000000000e+05 5.066000000000000000e+03
7.500000000000000000e+05 4.877000000000000000e+03
7.550000000000000000e+05 4.857000000000000000e+03
7.600000000000000000e+05 4.471000000000000000e+03
7.650000000000000000e+05 4.457000000000000000e+03
7.700000000000000000e+05 4.164000000000000000e+03
7.750000000000000000e+05 4.115000000000000000e+03
7.800000000000000000e+05 4.009000000000000000e+03
7.850000000000000000e+05 3.644000000000000000e+03
7.900000000000000000e+05 3.593000000000000000e+03
7.950000000000000000e+05 3.576000000000000000e+03
8.000000000000000000e+05 3.380000000000000000e+03
8.050000000000000000e+05 3.252000000000000000e+03
8.100000000000000000e+05 3.150000000000000000e+03
8.150000000000000000e+05 3.021000000000000000e+03
8.200000000000000000e+05 2.803000000000000000e+03
8.250000000000000000e+05 2.906000000000000000e+03
8.300000000000000000e+05 2.847000000000000000e+03
8.350000000000000000e+05 2.711000000000000000e+03
8.400000000000000000e+05 2.661000000000000000e+03
8.450000000000000000e+05 2.670000000000000000e+03
8.500000000000000000e+05 2.676000000000000000e+03
8.550000000000000000e+05 2.707000000000000000e+03
8.600000000000000000e+05 2.763000000000000000e+03
8.650000000000000000e+05 2.870000000000000000e+03
8.700000000000000000e+05 2.911000000000000000e+03
8.750000000000000000e+05 3.006000000000000000e+03
8.800000000000000000e+05 3.063000000000000000e+03
8.850000000000000000e+05 3.138000000000000000e+03
8.900000000000000000e+05 3.195000000000000000e+03
8.950000000000000000e+05 3.376000000000000000e+03
9.000000000000000000e+05 3.569000000000000000e+03
9.050000000000000000e+05 3.657000000000000000e+03
9.100000000000000000e+05 3.798000000000000000e+03
9.150000000000000000e+05 3.911000000000000000e+03
9.200000000000000000e+05 4.240000000000000000e+03
9.250000000000000000e+05 4.240000000000000000e+03
9.300000000000000000e+05 4.467000000000000000e+03
9.350000000000000000e+05 4.605000000000000000e+03
9.400000000000000000e+05 4.805000000000000000e+03
9.450000000000000000e+05 5.041000000000000000e+03
9.500000000000000000e+05 5.196000000000000000e+03
9.550000000000000000e+05 5.323000000000000000e+03
9.600000000000000000e+05 5.538000000000000000e+03
9.650000000000000000e+05 5.640000000000000000e+03
9.700000000000000000e+05 5.766000000000000000e+03
9.750000000000000000e+05 5.948000000000000000e+03
9.800000000000000000e+05 6.047000000000000000e+03
9.850000000000000000e+05 6.249000000000000000e+03
9.900000000000000000e+05 6.195000000000000000e+03
9.950000000000000000e+05 6.395000000000000000e+03
