0.000000000000000000e+00 2.563000000000000000e+03
1.400000000000000000e+01 2.680000000000000000e+03
2.800000000000000000e+01 2.796000000000000000e+03
4.200000000000000000e+01 2.803000000000000000e+03
5.600000000000000000e+01 2.886000000000000000e+03
7.000000000000000000e+01 3.008000000000000000e+03
8.400000000000000000e+01 2.885000000000000000e+03
9.800000000000000000e+01 2.920000000000000000e+03
1.120000000000000000e+02 3.146000000000000000e+03
1.260000000000000000e+02 3.054000000000000000e+03
1.400000000000000000e+02 3.143000000000000000e+03
1.540000000000000000e+02 3.216000000000000000e+03
1.680000000000000000e+02 3.221000000000000000e+03
1.820000000000000000e+02 3.252000000000000000e+03
1.960000000000000000e+02 3.197000000000000000e+03
2.100000000000000000e+02 3.345000000000000000e+03
2.240000000000000000e+02 3.229000000000000000e+03
2.380000000000000000e+02 3.351000000000000000e+03
2.520000000000000000e+02 3.384000000000000000e+03
2.660000000000000000e+02 3.342000000000000000e+03
2.800000000000000000e+02 3.358000000000000000e+03
2.940000000000000000e+02 3.497000000000000000e+03
3.080000000000000000e+02 3.356000000000000000e+03
3.220000000000000000e+02 3.496000000000000000e+03
3.360000000000000000e+02 3.355000000000000000e+03
3.500000000000000000e+02 3.430000000000000000e+03
3.640000000000000000e+02 3.366000000000000000e+03
3.780000000000000000e+02 3.415000000000000000e+03
3.920000000000000000e+02 3.334000000000000000e+03
4.060000000000000000e+02 3.335000000000000000e+03
4.200000000000000000e+02 3.378000000000000000e+03
4.340000000000000000e+02 3.339000000000000000e+03
4.480000000000000000e+02 3.367000000000000000e+03
4.620000000000000000e+02 3.453000000000000000e+03
4.760000000000000000e+02 3.302000000000000000e+03
4.900000000000000000e+02 3.298000000000000000e+03
5.040000000000000000e+02 3.267000000000000000e+03
5.180000000000000000e+02 3.278000000000000000e+03
5.320000000000000000e+02 3.146000000000000000e+03
5.460000000000000000e+02 3.169000000000000000e+03
5.600000000000000000e+02 3.136000000000000000e+03
5.740000000000000000e+02 3.252000000000000000e+03
5.880000000000000000e+02 3.166000000000000000e+03
6.020000000000000000e+02 3.013000000000000000e+03
6.160000000000000000e+02 2.994000000000000000e+03
6.300000000000000000e+02 2.916000000000000000e+03
6.440000000000000000e+02 2.851000000000000000e+03
6.580000000000000000e+02 2.869000000000000000e+03
6.720000000000000000e+02 2.745000000000000000e+03
6.860000000000000000e+02 2.791000000000000000e+03
7.000000000000000000e+02 2.580000000000000000e+03
7.140000000000000000e+02 2.619000000000000000e+03
7.280000000000000000e+02 2.551000000000000000e+03
7.420000000000000000e+02 2.511000000000000000e+03
7.560000000000000000e+02 2.447000000000000000e+03
7.700000000000000000e+02 2.428000000000000000e+03
7.840000000000000000e+02 2.339000000000000000e+03
7.980000000000000000e+02 2.377000000000000000e+03
8.120000000000000000e+02 2.228000000000000000e+03
8.260000000000000000e+02 2.098000000000000000e+03
8.400000000000000000e+02 2.046000000000000000e+03
8.540000000000000000e+02 2.125000000000000000e+03
8.680000000000000000e+02 2.112000000000000000e+03
8.820000000000000000e+02 1.976000000000000000e+03
8.960000000000000000e+02 1.954000000000000000e+03
9.100000000000000000e+02 1.923000000000000000e+03
9.240000000000000000e+02 1.837000000000000000e+03
9.380000000000000000e+02 1.833000000000000000e+03
9.520000000000000000e+02 1.829000000000000000e+03
9.660000000000000000e+02 1.811000000000000000e+03
9.800000000000000000e+02 1.704000000000000000e+03
9.940000000000000000e+02 1.620000000000000000e+03
1.008000000000000000e+03 1.667000000000000000e+03
1.022000000000000000e+03 1.627000000000000000e+03
1.036000000000000000e+03 1.573000000000000000e+03
1.050000000000000000e+03 1.601000000000000000e+03
1.064000000000000000e+03 1.678000000000000000e+03
1.078000000000000000e+03 1.561000000000000000e+03
1.092000000000000000e+03 1.534000000000000000e+03
1.106000000000000000e+03 1.561000000000000000e+03
1.120000000000000000e+03 1.559000000000000000e+03
1.134000000000000000e+03 1.580000000000000000e+03
1.148000000000000000e+03 1.537000000000000000e+03
1.162000000000000000e+03 1.595000000000000000e+03
1.176000000000000000e+03 1.565000000000000000e+03
1.190000000000000000e+03 1.654000000000000000e+03
1.204000000000000000e+03 1.716000000000000000e+03
1.218000000000000000e+03 1.649000000000000000e+03
1.232000000000000000e+03 1.752000000000000000e+03
1.246000000000000000e+03 1.808000000000000000e+03
1.260000000000000000e+03 1.915000000000000000e+03
1.274000000000000000e+03 1.870000000000000000e+03
1.288000000000000000e+03 1.959000000000000000e+03
1.302000000000000000e+03 2.099000000000000000e+03
1.316000000000000000e+03 2.056000000000000000e+03
1.330000000000000000e+03 2.195000000000000000e+03
1.344000000000000000e+03 2.262000000000000000e+03
1.358000000000000000e+03 2.294000000000000000e+03
1.372000000000000000e+03 2.306000000000000000e+03
1.386000000000000000e+03 2.335000000000000000e+03
1.400000000000000000e+03 2.502000000000000000e+03
1.414000000000000000e+03 2.672000000000000000e+03
1.428000000000000000e+03 2.629000000000000000e+03
1.442000000000000000e+03 2.657000000000000000e+03
1.456000000000000000e+03 2.670000000000000000e+03
1.470000000000000000e+03 2.743000000000000000e+03
1.484000000000000000e+03 2.901000000000000000e+03
1.498000000000000000e+03 2.978000000000000000e+03
1.512000000000000000e+03 3.020000000000000000e+03
1.526000000000000000e+03 2.995000000000000000e+03
1.540000000000000000e+03 3.043000000000000000e+03
1.554000000000000000e+03 3.180000000000000000e+03
1.568000000000000000e+03 3.169000000000000000e+03
1.582000000000000000e+03 3.162000000000000000e+03
1.596000000000000000e+03 3.261000000000000000e+03
1.610000000000000000e+03 3.254000000000000000e+03
1.624000000000000000e+03 3.279000000000000000e+03
1.638000000000000000e+03 3.361000000000000000e+03
1.652000000000000000e+03 3.340000000000000000e+03
1.666000000000000000e+03 3.272000000000000000e+03
1.680000000000000000e+03 3.340000000000000000e+03
1.694000000000000000e+03 3.424000000000000000e+03
1.708000000000000000e+03 3.507000000000000000e+03
1.722000000000000000e+03 3.531000000000000000e+03
1.736000000000000000e+03 3.515000000000000000e+03
1.750000000000000000e+03 3.374000000000000000e+03
1.764000000000000000e+03 3.402000000000000000e+03
1.778000000000000000e+03 3.436000000000000000e+03
1.792000000000000000e+03 3.461000000000000000e+03
1.806000000000000000e+03 3.449000000000000000e+03
1.820000000000000000e+03 3.260000000000000000e+03
1.834000000000000000e+03 3.375000000000000000e+03
1.848000000000000000e+03 3.339000000000000000e+03
1.862000000000000000e+03 3.323000000000000000e+03
1.876000000000000000e+03 3.336000000000000000e+03
1.890000000000000000e+03 3.334000000000000000e+03
1.904000000000000000e+03 3.417000000000000000e+03
1.918000000000000000e+03 3.365000000000000000e+03
1.932000000000000000e+03 3.321000000000000000e+03
1.946000000000000000e+03 3.234000000000000000e+03
1.960000000000000000e+03 3.117000000000000000e+03
1.974000000000000000e+03 3.150000000000000000e+03
1.988000000000000000e+03 3.168000000000000000e+03
2.002000000000000000e+03 3.182000000000000000e+03
2.016000000000000000e+03 3.020000000000000000e+03
2.030000000000000000e+03 2.937000000000000000e+03
2.044000000000000000e+03 3.006000000000000000e+03
2.058000000000000000e+03 2.911000000000000000e+03
2.072000000000000000e+03 2.853000000000000000e+03
2.086000000000000000e+03 2.862000000000000000e+03
2.100000000000000000e+03 2.763000000000000000e+03
2.114000000000000000e+03 2.784000000000000000e+03
2.128000000000000000e+03 2.652000000000000000e+03
2.142000000000000000e+03 2.648000000000000000e+03
2.156000000000000000e+03 2.608000000000000000e+03
2.170000000000000000e+03 2.585000000000000000e+03
2.184000000000000000e+03 2.482000000000000000e+03
2.198000000000000000e+03 2.401000000000000000e+03
2.212000000000000000e+03 2.351000000000000000e+03
2.226000000000000000e+03 2.253000000000000000e+03
2.240000000000000000e+03 2.209000000000000000e+03
2.254000000000000000e+03 2.268000000000000000e+03
2.268000000000000000e+03 2.229000000000000000e+03
2.282000000000000000e+03 2.186000000000000000e+03
2.296000000000000000e+03 2.052000000000000000e+03
2.310000000000000000e+03 1.959000000000000000e+03
2.324000000000000000e+03 1.932000000000000000e+03
2.338000000000000000e+03 1.874000000000000000e+03
2.352000000000000000e+03 1.910000000000000000e+03
2.366000000000000000e+03 1.777000000000000000e+03
2.380000000000000000e+03 1.733000000000000000e+03
2.394000000000000000e+03 1.697000000000000000e+03
2.408000000000000000e+03 1.736000000000000000e+03
2.422000000000000000e+03 1.679000000000000000e+03
2.436000000000000000e+03 1.641000000000000000e+03
2.450000000000000000e+03 1.599000000000000000e+03
2.464000000000000000e+03 1.640000000000000000e+03
2.478000000000000000e+03 1.610000000000000000e+03
2.492000000000000000e+03 1.546000000000000000e+03
2.506000000000000000e+03 1.549000000000000000e+03
2.520000000000000000e+03 1.456000000000000000e+03
2.534000000000000000e+03 1.549000000000000000e+03
2.548000000000000000e+03 1.564000000000000000e+03
2.562000000000000000e+03 1.515000000000000000e+03
2.576000000000000000e+03 1.610000000000000000e+03
2.590000000000000000e+03 1.515000000000000000e+03
2.604000000000000000e+03 1.652000000000000000e+03
2.618000000000000000e+03 1.580000000000000000e+03
2.632000000000000000e+03 1.627000000000000000e+03
2.646000000000000000e+03 1.715000000000000000e+03
2.660000000000000000e+03 1.683000000000000000e+03
2.674000000000000000e+03 1.780000000000000000e+03
2.688000000000000000e+03 1.804000000000000000e+03
2.702000000000000000e+03 1.816000000000000000e+03
2.716000000000000000e+03 1.884000000000000000e+03
2.730000000000000000e+03 1.970000000000000000e+03
2.744000000000000000e+03 2.066000000000000000e+03
2.758000000000000000e+03 2.086000000000000000e+03
2.772000000000000000e+03 2.190000000000000000e+03
2.786000000000000000e+03 2.277000000000000000e+03
2.800000000000000000e+03 2.356000000000000000e+03
2.814000000000000000e+03 2.448000000000000000e+03
2.828000000000000000e+03 2.511000000000000000e+03
2.842000000000000000e+03 2.512000000000000000e+03
