0.000000000000000000e+00 7.579000000000000000e+03
5.000000000000000000e+03 7.828000000000000000e+03
1.000000000000000000e+04 7.864000000000000000e+03
1.500000000000000000e+04 7.793000000000000000e+03
2.000000000000000000e+04 8.081000000000000000e+03
2.500000000000000000e+04 8.220000000000000000e+03
3.000000000000000000e+04 8.143000000000000000e+03
3.500000000000000000e+04 8.376000000000000000e+03
4.000000000000000000e+04 8.334000000000000000e+03
4.500000000000000000e+04 8.512000000000000000e+03
5.000000000000000000e+04 8.414000000000000000e+03
5.500000000000000000e+04 8.516000000000000000e+03
6.000000000000000000e+04 8.519000000000000000e+03
6.500000000000000000e+04 8.726000000000000000e+03
7.000000000000000000e+04 8.773000000000000000e+03
7.500000000000000000e+04 8.750000000000000000e+03
8.000000000000000000e+04 8.615000000000000000e+03
8.500000000000000000e+04 8.749000000000000000e+03
9.000000000000000000e+04 8.811000000000000000e+03
9.500000000000000000e+04 8.782000000000000000e+03
1.000000000000000000e+05 8.719000000000000000e+03
1.050000000000000000e+05 8.914000000000000000e+03
1.100000000000000000e+05 8.399000000000000000e+03
1.150000000000000000e+05 8.701000000000000000e+03
1.200000000000000000e+05 8.730000000000000000e+03
1.250000000000000000e+05 8.664000000000000000e+03
1.300000000000000000e+05 8.768000000000000000e+03
1.350000000000000000e+05 8.691000000000000000e+03
1.400000000000000000e+05 8.419000000000000000e+03
1.450000000000000000e+05 8.406000000000000000e+03
1.500000000000000000e+05 8.432000000000000000e+03
1.550000000000000000e+05 8.400000000000000000e+03
1.600000000000000000e+05 8.189000000000000000e+03
1.650000000000000000e+05 7.958000000000000000e+03
1.700000000000000000e+05 8.169000000000000000e+03
1.750000000000000000e+05 7.863000000000000000e+03
1.800000000000000000e+05 7.829000000000000000e+03
1.850000000000000000e+05 7.756000000000000000e+03
1.900000000000000000e+05 7.655000000000000000e+03
1.950000000000000000e+05 7.448000000000000000e+03
2.000000000000000000e+05 7.312000000000000000e+03
2.050000000000000000e+05 7.209000000000000000e+03
2.100000000000000000e+05 7.156000000000000000e+03
2.150000000000000000e+05 6.752000000000000000e+03
2.200000000000000000e+05 6.624000000000000000e+03
2.250000000000000000e+05 6.353000000000000000e+03
2.300000000000000000e+05 6.242000000000000000e+03
2.350000000000000000e+05 6.119000000000000000e+03
2.400000000000000000e+05 5.860000000000000000e+03
2.450000000000000000e+05 5.649000000000000000e+03
2.500000000000000000e+05 5.449000000000000000e+03
2.550000000000000000e+05 5.084000000000000000e+03
2.600000000000000000e+05 5.055000000000000000e+03
2.650000000000000000e+05 4.867000000000000000e+03
2.700000000000000000e+05 4.567000000000000000e+03
2.750000000000000000e+05 4.372000000000000000e+03
2.800000000000000000e+05 4.161000000000000000e+03
2.850000000000000000e+05 4.071000000000000000e+03
2.900000000000000000e+05 3.814000000000000000e+03
2.950000000000000000e+05 3.752000000000000000e+03
3.000000000000000000e+05 3.448000000000000000e+03
3.050000000000000000e+05 3.355000000000000000e+03
3.100000000000000000e+05 3.177000000000000000e+03
3.150000000000000000e+05 3.012000000000000000e+03
3.200000000000000000e+05 2.953000000000000000e+03
3.250000000000000000e+05 2.861000000000000000e+03
3.300000000000000000e+05 2.744000000000000000e+03
3.350000000000000000e+05 2.747000000000000000e+03
3.400000000000000000e+05 2.700000000000000000e+03
3.450000000000000000e+05 2.662000000000000000e+03
3.500000000000000000e+05 2.687000000000000000e+03
3.550000000000000000e+05 2.751000000000000000e+03
3.600000000000000000e+05 2.686000000000000000e+03
3.650000000000000000e+05 2.705000000000000000e+03
3.700000000000000000e+05 2.871000000000000000e+03
3.750000000000000000e+05 3.069000000000000000e+03
3.800000000000000000e+05 3.076000000000000000e+03
3.850000000000000000e+05 3.214000000000000000e+03
3.900000000000000000e+05 3.418000000000000000e+03
3.950000000000000000e+05 3.608000000000000000e+03
4.000000000000000000e+05 3.648000000000000000e+03
4.050000000000000000e+05 3.818000000000000000e+03
4.100000000000000000e+05 4.112000000000000000e+03
4.150000000000000000e+05 4.259000000000000000e+03
4.200000000000000000e+05 4.498000000000000000e+03
4.250000000000000000e+05 4.721000000000000000e+03
4.300000000000000000e+05 4.757000000000000000e+03
4.350000000000000000e+05 5.219000000000000000e+03
4.400000000000000000e+05 5.373000000000000000e+03
4.450000000000000000e+05 5.433000000000000000e+03
4.500000000000000000e+05 5.810000000000000000e+03
4.550000000000000000e+05 5.809000000000000000e+03
4.600000000000000000e+05 6.102000000000000000e+03
4.650000000000000000e+05 6.413000000000000000e+03
4.700000000000000000e+05 6.513000000000000000e+03
4.750000000000000000e+05 6.893000000000000000e+03
4.800000000000000000e+05 6.989000000000000000e+03
4.850000000000000000e+05 7.074000000000000000e+03
4.900000000000000000e+05 7.123000000000000000e+03
4.950000000000000000e+05 7.538000000000000000e+03
5.000000000000000000e+05 7.720000000000000000e+03
5.050000000000000000e+05 7.783000000000000000e+03
5.100000000000000000e+05 7.606000000000000000e+03
5.150000000000000000e+05 7.950000000000000000e+03
5.200000000000000000e+05 8.057000000000000000e+03
5.250000000000000000e+05 8.096000000000000000e+03
5.300000000000000000e+05 8.188000000000000000e+03
5.350000000000000000e+05 8.374000000000000000e+03
5.400000000000000000e+05 8.338000000000000000e+03
5.450000000000000000e+05 8.498000000000000000e+03
5.500000000000000000e+05 8.410000000000000000e+03
5.550000000000000000e+05 8.532000000000000000e+03
5.600000000000000000e+05 8.468000000000000000e+03
5.650000000000000000e+05 8.696000000000000000e+03
5.700000000000000000e+05 8.600000000000000000e+03
5.750000000000000000e+05 8.697000000000000000e+03
5.800000000000000000e+05 8.636000000000000000e+03
5.850000000000000000e+05 8.469000000000000000e+03
5.900000000000000000e+05 8.708000000000000000e+03
5.950000000000000000e+05 8.720000000000000000e+03
6.000000000000000000e+05 8.610000000000000000e+03
6.050000000000000000e+05 8.693000000000000000e+03
6.100000000000000000e+05 8.684000000000000000e+03
6.150000000000000000e+05 8.827000000000000000e+03
6.200000000000000000e+05 8.852000000000000000e+03
6.250000000000000000e+05 8.703000000000000000e+03
6.300000000000000000e+05 8.492000000000000000e+03
6.350000000000000000e+05 8.495000000000000000e+03
6.400000000000000000e+05 8.460000000000000000e+03
6.450000000000000000e+05 8.344000000000000000e+03
6.500000000000000000e+05 8.410000000000000000e+03
6.550000000000000000e+05 8.243000000000000000e+03
6.600000000000000000e+05 8.296000000000000000e+03
6.650000000000000000e+05 8.225000000000000000e+03
6.700000000000000000e+05 7.991000000000000000e+03
6.750000000000000000e+05 8.134000000000000000e+03
6.800000000000000000e+05 7.922000000000000000e+03
6.850000000000000000e+05 7.842000000000000000e+03
6.900000000000000000e+05 7.517000000000000000e+03
6.950000000000000000e+05 7.420000000000000000e+03
7.000000000000000000e+05 7.193000000000000000e+03
7.050000000000000000e+05 7.341000000000000000e+03
7.100000000000000000e+05 6.972000000000000000e+03
7.150000000000000000e+05 6.790000000000000000e+03
7.200000000000000000e+05 6.801000000000000000e+03
7.250000000000000000e+05 6.586000000000000000e+03
7.300000000000000000e+05 6.164000000000000000e+03
7.350000000000000000e+05 6.002000000000000000e+03
7.400000000000000000e+05 5.779000000000000000e+03
7.450000000000000000e+05 5.696000000000000000e+03
7.500000000000000000e+05 5.353000000000000000e+03
7.550000000000000000e+05 5.259000000000000000e+03
7.600000000000000000e+05 4.999000000000000000e+03
7.650000000000000000e+05 4.821000000000000000e+03
7.700000000000000000e+05 4.545000000000000000e+03
7.750000000000000000e+05 4.256000000000000000e+03
7.800000000000000000e+05 4.008000000000000000e+03
7.850000000000000000e+05 3.974000000000000000e+03
7.900000000000000000e+05 3.630000000000000000e+03
7.950000000000000000e+05 3.644000000000000000e+03
8.000000000000000000e+05 3.363000000000000000e+03
8.050000000000000000e+05 3.252000000000000000e+03
8.100000000000000000e+05 3.121000000000000000e+03
8.150000000000000000e+05 3.087000000000000000e+03
8.200000000000000000e+05 2.969000000000000000e+03
8.250000000000000000e+05 2.825000000000000000e+03
8.300000000000000000e+05 2.766000000000000000e+03
8.350000000000000000e+05 2.774000000000000000e+03
8.400000000000000000e+05 2.615000000000000000e+03
8.450000000000000000e+05 2.621000000000000000e+03
8.500000000000000000e+05 2.677000000000000000e+03
8.550000000000000000e+05 2.663000000000000000e+03
8.600000000000000000e+05 2.842000000000000000e+03
8.650000000000000000e+05 2.843000000000000000e+03
8.700000000000000000e+05 2.849000000000000000e+03
8.750000000000000000e+05 2.972000000000000000e+03
8.800000000000000000e+05 3.077000000000000000e+03
8.850000000000000000e+05 3.192000000000000000e+03
8.900000000000000000e+05 3.507000000000000000e+03
8.950000000000000000e+05 3.619000000000000000e+03
9.000000000000000000e+05 3.652000000000000000e+03
9.050000000000000000e+05 3.874000000000000000e+03
9.100000000000000000e+05 4.052000000000000000e+03
9.150000000000000000e+05 4.361000000000000000e+03
9.200000000000000000e+05 4.508000000000000000e+03
9.250000000000000000e+05 4.741000000000000000e+03
9.300000000000000000e+05 4.967000000000000000e+03
9.350000000000000000e+05 5.122000000000000000e+03
9.400000000000000000e+05 5.266000000000000000e+03
9.450000000000000000e+05 5.584000000000000000e+03
9.500000000000000000e+05 5.695000000000000000e+03
9.550000000000000000e+05 5.937000000000000000e+03
9.600000000000000000e+05 6.126000000000000000e+03
9.650000000000000000e+05 6.505000000000000000e+03
9.700000000000000000e+05 6.657000000000000000e+03
9.750000000000000000e+05 6.784000000000000000e+03
9.800000000000000000e+05 6.771000000000000000e+03
9.850000000000000000e+05 7.039000000000000000e+03
9.900000000000000000e+05 7.364000000000000000e+03
9.950000000000000000e+05 7.499000000000000000e+03
