0.000000000000000000e+00 3.216000000000000000e+03
1.000000000000000000e+02 3.329000000000000000e+03
2.000000000000000000e+02 3.573000000000000000e+03
3.000000000000000000e+02 3.346000000000000000e+03
4.000000000000000000e+02 3.612000000000000000e+03
5.000000000000000000e+02 3.532000000000000000e+03
6.000000000000000000e+02 3.716000000000000000e+03
7.000000000000000000e+02 3.632000000000000000e+03
8.000000000000000000e+02 3.709000000000000000e+03
9.000000000000000000e+02 3.704000000000000000e+03
1.000000000000000000e+03 3.653000000000000000e+03
1.100000000000000000e+03 3.738000000000000000e+03
1.200000000000000000e+03 3.817000000000000000e+03
1.300000000000000000e+03 3.853000000000000000e+03
1.400000000000000000e+03 3.842000000000000000e+03
1.500000000000000000e+03 3.939000000000000000e+03
1.600000000000000000e+03 3.875000000000000000e+03
1.700000000000000000e+03 3.867000000000000000e+03
1.800000000000000000e+03 4.038000000000000000e+03
1.900000000000000000e+03 3.863000000000000000e+03
2.000000000000000000e+03 3.948000000000000000e+03
2.100000000000000000e+03 3.873000000000000000e+03
2.200000000000000000e+03 3.906000000000000000e+03
2.300000000000000000e+03 3.915000000000000000e+03
2.400000000000000000e+03 3.829000000000000000e+03
2.500000000000000000e+03 3.804000000000000000e+03
2.600000000000000000e+03 3.830000000000000000e+03
2.700000000000000000e+03 3.988000000000000000e+03
2.800000000000000000e+03 3.746000000000000000e+03
2.900000000000000000e+03 3.670000000000000000e+03
3.000000000000000000e+03 3.829000000000000000e+03
3.100000000000000000e+03 3.532000000000000000e+03
3.200000000000000000e+03 3.619000000000000000e+03
3.300000000000000000e+03 3.666000000000000000e+03
3.400000000000000000e+03 3.592000000000000000e+03
3.500000000000000000e+03 3.525000000000000000e+03
3.600000000000000000e+03 3.557000000000000000e+03
3.700000000000000000e+03 3.561000000000000000e+03
3.800000000000000000e+03 3.422000000000000000e+03
3.900000000000000000e+03 3.277000000000000000e+03
4.000000000000000000e+03 3.290000000000000000e+03
4.100000000000000000e+03 3.285000000000000000e+03
4.200000000000000000e+03 3.280000000000000000e+03
4.300000000000000000e+03 3.112000000000000000e+03
4.400000000000000000e+03 2.953000000000000000e+03
4.500000000000000000e+03 2.999000000000000000e+03
4.600000000000000000e+03 2.862000000000000000e+03
4.700000000000000000e+03 2.876000000000000000e+03
4.800000000000000000e+03 2.724000000000000000e+03
4.900000000000000000e+03 2.668000000000000000e+03
5.000000000000000000e+03 2.558000000000000000e+03
5.100000000000000000e+03 2.450000000000000000e+03
5.200000000000000000e+03 2.326000000000000000e+03
5.300000000000000000e+03 2.367000000000000000e+03
5.400000000000000000e+03 2.194000000000000000e+03
5.500000000000000000e+03 2.113000000000000000e+03
5.600000000000000000e+03 2.002000000000000000e+03
5.700000000000000000e+03 1.991000000000000000e+03
5.800000000000000000e+03 1.898000000000000000e+03
5.900000000000000000e+03 1.794000000000000000e+03
6.000000000000000000e+03 1.694000000000000000e+03
6.100000000000000000e+03 1.636000000000000000e+03
6.200000000000000000e+03 1.576000000000000000e+03
6.300000000000000000e+03 1.547000000000000000e+03
6.400000000000000000e+03 1.519000000000000000e+03
6.500000000000000000e+03 1.491000000000000000e+03
6.600000000000000000e+03 1.469000000000000000e+03
6.700000000000000000e+03 1.348000000000000000e+03
6.800000000000000000e+03 1.327000000000000000e+03
6.900000000000000000e+03 1.282000000000000000e+03
7.000000000000000000e+03 1.324000000000000000e+03
7.100000000000000000e+03 1.323000000000000000e+03
7.200000000000000000e+03 1.275000000000000000e+03
7.300000000000000000e+03 1.313000000000000000e+03
7.400000000000000000e+03 1.335000000000000000e+03
7.500000000000000000e+03 1.363000000000000000e+03
7.600000000000000000e+03 1.302000000000000000e+03
7.700000000000000000e+03 1.333000000000000000e+03
7.800000000000000000e+03 1.435000000000000000e+03
7.900000000000000000e+03 1.432000000000000000e+03
8.000000000000000000e+03 1.580000000000000000e+03
8.100000000000000000e+03 1.654000000000000000e+03
8.200000000000000000e+03 1.659000000000000000e+03
8.300000000000000000e+03 1.773000000000000000e+03
8.400000000000000000e+03 1.932000000000000000e+03
8.500000000000000000e+03 1.907000000000000000e+03
8.600000000000000000e+03 2.073000000000000000e+03
8.700000000000000000e+03 2.214000000000000000e+03
8.800000000000000000e+03 2.298000000000000000e+03
8.900000000000000000e+03 2.398000000000000000e+03
9.000000000000000000e+03 2.346000000000000000e+03
9.100000000000000000e+03 2.483000000000000000e+03
9.200000000000000000e+03 2.730000000000000000e+03
9.300000000000000000e+03 2.698000000000000000e+03
9.400000000000000000e+03 2.812000000000000000e+03
9.500000000000000000e+03 2.952000000000000000e+03
9.600000000000000000e+03 2.959000000000000000e+03
9.700000000000000000e+03 3.076000000000000000e+03
9.800000000000000000e+03 3.172000000000000000e+03
9.900000000000000000e+03 3.190000000000000000e+03
1.000000000000000000e+04 3.249000000000000000e+03
1.010000000000000000e+04 3.443000000000000000e+03
1.020000000000000000e+04 3.405000000000000000e+03
1.030000000000000000e+04 3.574000000000000000e+03
1.040000000000000000e+04 3.476000000000000000e+03
1.050000000000000000e+04 3.562000000000000000e+03
1.060000000000000000e+04 3.818000000000000000e+03
1.070000000000000000e+04 3.761000000000000000e+03
1.080000000000000000e+04 3.704000000000000000e+03
1.090000000000000000e+04 3.736000000000000000e+03
1.100000000000000000e+04 3.742000000000000000e+03
1.110000000000000000e+04 3.741000000000000000e+03
1.120000000000000000e+04 3.800000000000000000e+03
1.130000000000000000e+04 3.957000000000000000e+03
1.140000000000000000e+04 3.755000000000000000e+03
1.150000000000000000e+04 3.817000000000000000e+03
1.160000000000000000e+04 3.946000000000000000e+03
1.170000000000000000e+04 3.887000000000000000e+03
1.180000000000000000e+04 3.988000000000000000e+03
1.190000000000000000e+04 3.904000000000000000e+03
1.200000000000000000e+04 3.809000000000000000e+03
1.210000000000000000e+04 3.990000000000000000e+03
1.220000000000000000e+04 3.898000000000000000e+03
1.230000000000000000e+04 3.817000000000000000e+03
1.240000000000000000e+04 3.852000000000000000e+03
1.250000000000000000e+04 3.891000000000000000e+03
1.260000000000000000e+04 3.847000000000000000e+03
1.270000000000000000e+04 3.990000000000000000e+03
1.280000000000000000e+04 3.825000000000000000e+03
1.290000000000000000e+04 3.764000000000000000e+03
1.300000000000000000e+04 3.724000000000000000e+03
1.310000000000000000e+04 3.792000000000000000e+03
1.320000000000000000e+04 3.661000000000000000e+03
1.330000000000000000e+04 3.604000000000000000e+03
1.340000000000000000e+04 3.545000000000000000e+03
1.350000000000000000e+04 3.470000000000000000e+03
1.360000000000000000e+04 3.655000000000000000e+03
1.370000000000000000e+04 3.592000000000000000e+03
1.380000000000000000e+04 3.391000000000000000e+03
1.390000000000000000e+04 3.333000000000000000e+03
1.400000000000000000e+04 3.411000000000000000e+03
1.410000000000000000e+04 3.331000000000000000e+03
1.420000000000000000e+04 3.196000000000000000e+03
1.430000000000000000e+04 3.090000000000000000e+03
1.440000000000000000e+04 3.193000000000000000e+03
1.450000000000000000e+04 2.958000000000000000e+03
1.460000000000000000e+04 2.808000000000000000e+03
1.470000000000000000e+04 2.801000000000000000e+03
1.480000000000000000e+04 2.807000000000000000e+03
1.490000000000000000e+04 2.620000000000000000e+03
1.500000000000000000e+04 2.530000000000000000e+03
1.510000000000000000e+04 2.448000000000000000e+03
1.520000000000000000e+04 2.421000000000000000e+03
1.530000000000000000e+04 2.240000000000000000e+03
1.540000000000000000e+04 2.216000000000000000e+03
1.550000000000000000e+04 2.124000000000000000e+03
1.560000000000000000e+04 2.024000000000000000e+03
1.570000000000000000e+04 1.982000000000000000e+03
1.580000000000000000e+04 1.863000000000000000e+03
1.590000000000000000e+04 1.733000000000000000e+03
1.600000000000000000e+04 1.723000000000000000e+03
1.610000000000000000e+04 1.583000000000000000e+03
1.620000000000000000e+04 1.629000000000000000e+03
1.630000000000000000e+04 1.676000000000000000e+03
1.640000000000000000e+04 1.526000000000000000e+03
1.650000000000000000e+04 1.486000000000000000e+03
1.660000000000000000e+04 1.342000000000000000e+03
1.670000000000000000e+04 1.341000000000000000e+03
1.680000000000000000e+04 1.301000000000000000e+03
1.690000000000000000e+04 1.331000000000000000e+03
1.700000000000000000e+04 1.229000000000000000e+03
1.710000000000000000e+04 1.271000000000000000e+03
1.720000000000000000e+04 1.314000000000000000e+03
1.730000000000000000e+04 1.343000000000000000e+03
1.740000000000000000e+04 1.296000000000000000e+03
1.750000000000000000e+04 1.328000000000000000e+03
1.760000000000000000e+04 1.346000000000000000e+03
1.770000000000000000e+04 1.374000000000000000e+03
1.780000000000000000e+04 1.447000000000000000e+03
1.790000000000000000e+04 1.481000000000000000e+03
1.800000000000000000e+04 1.526000000000000000e+03
1.810000000000000000e+04 1.680000000000000000e+03
1.820000000000000000e+04 1.694000000000000000e+03
1.830000000000000000e+04 1.810000000000000000e+03
1.840000000000000000e+04 1.797000000000000000e+03
1.850000000000000000e+04 1.853000000000000000e+03
1.860000000000000000e+04 1.984000000000000000e+03
1.870000000000000000e+04 2.167000000000000000e+03
1.880000000000000000e+04 2.186000000000000000e+03
1.890000000000000000e+04 2.346000000000000000e+03
1.900000000000000000e+04 2.477000000000000000e+03
1.910000000000000000e+04 2.556000000000000000e+03
1.920000000000000000e+04 2.606000000000000000e+03
1.930000000000000000e+04 2.739000000000000000e+03
1.940000000000000000e+04 2.800000000000000000e+03
1.950000000000000000e+04 2.844000000000000000e+03
1.960000000000000000e+04 3.006000000000000000e+03
1.970000000000000000e+04 3.028000000000000000e+03
1.980000000000000000e+04 3.229000000000000000e+03
1.990000000000000000e+04 3.141000000000000000e+03
