0.000000000000000000e+00 4.079000000000000000e+03
5.000000000000000000e+02 4.245000000000000000e+03
1.000000000000000000e+03 4.277000000000000000e+03
1.500000000000000000e+03 4.423000000000000000e+03
2.000000000000000000e+03 4.378000000000000000e+03
2.500000000000000000e+03 4.443000000000000000e+03
3.000000000000000000e+03 4.542000000000000000e+03
3.500000000000000000e+03 4.581000000000000000e+03
4.000000000000000000e+03 4.513000000000000000e+03
4.500000000000000000e+03 4.624000000000000000e+03
5.000000000000000000e+03 4.669000000000000000e+03
5.500000000000000000e+03 4.643000000000000000e+03
6.000000000000000000e+03 4.691000000000000000e+03
6.500000000000000000e+03 4.701000000000000000e+03
7.000000000000000000e+03 4.770000000000000000e+03
7.500000000000000000e+03 4.712000000000000000e+03
8.000000000000000000e+03 4.737000000000000000e+03
8.500000000000000000e+03 4.809000000000000000e+03
9.000000000000000000e+03 4.672000000000000000e+03
9.500000000000000000e+03 4.858000000000000000e+03
1.000000000000000000e+04 4.723000000000000000e+03
1.050000000000000000e+04 4.825000000000000000e+03
1.100000000000000000e+04 4.846000000000000000e+03
1.150000000000000000e+04 4.827000000000000000e+03
1.200000000000000000e+04 4.765000000000000000e+03
1.250000000000000000e+04 4.810000000000000000e+03
1.300000000000000000e+04 4.739000000000000000e+03
1.350000000000000000e+04 4.622000000000000000e+03
1.400000000000000000e+04 4.691000000000000000e+03
1.450000000000000000e+04 4.527000000000000000e+03
1.500000000000000000e+04 4.661000000000000000e+03
1.550000000000000000e+04 4.527000000000000000e+03
1.600000000000000000e+04 4.460000000000000000e+03
1.650000000000000000e+04 4.406000000000000000e+03
1.700000000000000000e+04 4.422000000000000000e+03
1.750000000000000000e+04 4.309000000000000000e+03
1.800000000000000000e+04 4.257000000000000000e+03
1.850000000000000000e+04 4.289000000000000000e+03
1.900000000000000000e+04 4.131000000000000000e+03
1.950000000000000000e+04 4.134000000000000000e+03
2.000000000000000000e+04 3.995000000000000000e+03
2.050000000000000000e+04 3.766000000000000000e+03
2.100000000000000000e+04 3.887000000000000000e+03
2.150000000000000000e+04 3.698000000000000000e+03
2.200000000000000000e+04 3.657000000000000000e+03
2.250000000000000000e+04 3.470000000000000000e+03
2.300000000000000000e+04 3.442000000000000000e+03
2.350000000000000000e+04 3.322000000000000000e+03
2.400000000000000000e+04 3.212000000000000000e+03
2.450000000000000000e+04 2.964000000000000000e+03
2.500000000000000000e+04 3.011000000000000000e+03
2.550000000000000000e+04 2.840000000000000000e+03
2.600000000000000000e+04 2.713000000000000000e+03
2.650000000000000000e+04 2.709000000000000000e+03
2.700000000000000000e+04 2.612000000000000000e+03
2.750000000000000000e+04 2.409000000000000000e+03
2.800000000000000000e+04 2.270000000000000000e+03
2.850000000000000000e+04 2.258000000000000000e+03
2.900000000000000000e+04 2.152000000000000000e+03
2.950000000000000000e+04 2.082000000000000000e+03
3.000000000000000000e+04 2.019000000000000000e+03
3.050000000000000000e+04 1.848000000000000000e+03
3.100000000000000000e+04 1.909000000000000000e+03
3.150000000000000000e+04 1.786000000000000000e+03
3.200000000000000000e+04 1.811000000000000000e+03
3.250000000000000000e+04 1.683000000000000000e+03
3.300000000000000000e+04 1.664000000000000000e+03
3.350000000000000000e+04 1.619000000000000000e+03
3.400000000000000000e+04 1.620000000000000000e+03
3.450000000000000000e+04 1.570000000000000000e+03
3.500000000000000000e+04 1.620000000000000000e+03
3.550000000000000000e+04 1.605000000000000000e+03
3.600000000000000000e+04 1.619000000000000000e+03
3.650000000000000000e+04 1.615000000000000000e+03
3.700000000000000000e+04 1.719000000000000000e+03
3.750000000000000000e+04 1.789000000000000000e+03
3.800000000000000000e+04 1.758000000000000000e+03
3.850000000000000000e+04 1.823000000000000000e+03
3.900000000000000000e+04 1.960000000000000000e+03
3.950000000000000000e+04 1.940000000000000000e+03
4.000000000000000000e+04 2.096000000000000000e+03
4.050000000000000000e+04 2.136000000000000000e+03
4.100000000000000000e+04 2.243000000000000000e+03
4.150000000000000000e+04 2.280000000000000000e+03
4.200000000000000000e+04 2.516000000000000000e+03
4.250000000000000000e+04 2.559000000000000000e+03
4.300000000000000000e+04 2.712000000000000000e+03
4.350000000000000000e+04 2.876000000000000000e+03
4.400000000000000000e+04 3.027000000000000000e+03
4.450000000000000000e+04 3.052000000000000000e+03
4.500000000000000000e+04 3.113000000000000000e+03
4.550000000000000000e+04 3.268000000000000000e+03
4.600000000000000000e+04 3.447000000000000000e+03
4.650000000000000000e+04 3.525000000000000000e+03
4.700000000000000000e+04 3.531000000000000000e+03
4.750000000000000000e+04 3.674000000000000000e+03
4.800000000000000000e+04 3.679000000000000000e+03
4.850000000000000000e+04 3.744000000000000000e+03
4.900000000000000000e+04 3.937000000000000000e+03
4.950000000000000000e+04 4.017000000000000000e+03
5.000000000000000000e+04 4.219000000000000000e+03
5.050000000000000000e+04 4.154000000000000000e+03
5.100000000000000000e+04 4.378000000000000000e+03
5.150000000000000000e+04 4.480000000000000000e+03
5.200000000000000000e+04 4.449000000000000000e+03
5.250000000000000000e+04 4.432000000000000000e+03
5.300000000000000000e+04 4.550000000000000000e+03
5.350000000000000000e+04 4.524000000000000000e+03
5.400000000000000000e+04 4.503000000000000000e+03
5.450000000000000000e+04 4.664000000000000000e+03
5.500000000000000000e+04 4.627000000000000000e+03
5.550000000000000000e+04 4.656000000000000000e+03
5.600000000000000000e+04 4.682000000000000000e+03
5.650000000000000000e+04 4.671000000000000000e+03
5.700000000000000000e+04 4.761000000000000000e+03
5.750000000000000000e+04 4.727000000000000000e+03
5.800000000000000000e+04 4.774000000000000000e+03
5.850000000000000000e+04 4.809000000000000000e+03
5.900000000000000000e+04 4.835000000000000000e+03
5.950000000000000000e+04 4.801000000000000000e+03
6.000000000000000000e+04 4.719000000000000000e+03
6.050000000000000000e+04 4.771000000000000000e+03
6.100000000000000000e+04 4.805000000000000000e+03
6.150000000000000000e+04 4.954000000000000000e+03
6.200000000000000000e+04 4.768000000000000000e+03
6.250000000000000000e+04 4.603000000000000000e+03
6.300000000000000000e+04 4.709000000000000000e+03
6.350000000000000000e+04 4.804000000000000000e+03
6.400000000000000000e+04 4.682000000000000000e+03
6.450000000000000000e+04 4.595000000000000000e+03
6.500000000000000000e+04 4.550000000000000000e+03
6.550000000000000000e+04 4.555000000000000000e+03
6.600000000000000000e+04 4.515000000000000000e+03
6.650000000000000000e+04 4.526000000000000000e+03
6.700000000000000000e+04 4.457000000000000000e+03
6.750000000000000000e+04 4.325000000000000000e+03
6.800000000000000000e+04 4.317000000000000000e+03
6.850000000000000000e+04 4.060000000000000000e+03
6.900000000000000000e+04 4.116000000000000000e+03
6.950000000000000000e+04 4.129000000000000000e+03
7.000000000000000000e+04 4.003000000000000000e+03
7.050000000000000000e+04 3.944000000000000000e+03
7.100000000000000000e+04 3.919000000000000000e+03
7.150000000000000000e+04 3.817000000000000000e+03
7.200000000000000000e+04 3.653000000000000000e+03
7.250000000000000000e+04 3.618000000000000000e+03
7.300000000000000000e+04 3.475000000000000000e+03
7.350000000000000000e+04 3.319000000000000000e+03
7.400000000000000000e+04 3.234000000000000000e+03
7.450000000000000000e+04 3.139000000000000000e+03
7.500000000000000000e+04 2.958000000000000000e+03
7.550000000000000000e+04 2.964000000000000000e+03
7.600000000000000000e+04 2.618000000000000000e+03
7.650000000000000000e+04 2.668000000000000000e+03
7.700000000000000000e+04 2.635000000000000000e+03
7.750000000000000000e+04 2.444000000000000000e+03
7.800000000000000000e+04 2.355000000000000000e+03
7.850000000000000000e+04 2.248000000000000000e+03
7.900000000000000000e+04 2.169000000000000000e+03
7.950000000000000000e+04 2.133000000000000000e+03
8.000000000000000000e+04 1.922000000000000000e+03
8.050000000000000000e+04 1.884000000000000000e+03
8.100000000000000000e+04 1.891000000000000000e+03
8.150000000000000000e+04 1.846000000000000000e+03
8.200000000000000000e+04 1.765000000000000000e+03
8.250000000000000000e+04 1.668000000000000000e+03
8.300000000000000000e+04 1.602000000000000000e+03
8.350000000000000000e+04 1.582000000000000000e+03
8.400000000000000000e+04 1.591000000000000000e+03
8.450000000000000000e+04 1.607000000000000000e+03
8.500000000000000000e+04 1.615000000000000000e+03
8.550000000000000000e+04 1.594000000000000000e+03
8.600000000000000000e+04 1.577000000000000000e+03
8.650000000000000000e+04 1.635000000000000000e+03
8.700000000000000000e+04 1.654000000000000000e+03
8.750000000000000000e+04 1.743000000000000000e+03
8.800000000000000000e+04 1.756000000000000000e+03
8.850000000000000000e+04 1.791000000000000000e+03
8.900000000000000000e+04 1.856000000000000000e+03
8.950000000000000000e+04 2.044000000000000000e+03
9.000000000000000000e+04 2.074000000000000000e+03
9.050000000000000000e+04 2.213000000000000000e+03
9.100000000000000000e+04 2.332000000000000000e+03
9.150000000000000000e+04 2.284000000000000000e+03
9.200000000000000000e+04 2.399000000000000000e+03
9.250000000000000000e+04 2.635000000000000000e+03
9.300000000000000000e+04 2.815000000000000000e+03
9.350000000000000000e+04 2.779000000000000000e+03
9.400000000000000000e+04 2.931000000000000000e+03
9.450000000000000000e+04 3.077000000000000000e+03
9.500000000000000000e+04 3.171000000000000000e+03
9.550000000000000000e+04 3.257000000000000000e+03
9.600000000000000000e+04 3.418000000000000000e+03
9.650000000000000000e+04 3.504000000000000000e+03
9.700000000000000000e+04 3.692000000000000000e+03
9.750000000000000000e+04 3.703000000000000000e+03
9.800000000000000000e+04 3.873000000000000000e+03
9.850000000000000000e+04 3.918000000000000000e+03
9.900000000000000000e+04 3.976000000000000000e+03
9.950000000000000000e+04 4.014000000000000000e+03
