0.000000000000000000e+00 2.732000000000000000e+03
2.000000000000000000e+01 2.827000000000000000e+03
4.000000000000000000e+01 2.930000000000000000e+03
6.000000000000000000e+01 2.976000000000000000e+03
8.000000000000000000e+01 3.030000000000000000e+03
1.000000000000000000e+02 3.149000000000000000e+03
1.200000000000000000e+02 3.142000000000000000e+03
1.400000000000000000e+02 3.151000000000000000e+03
1.600000000000000000e+02 3.357000000000000000e+03
1.800000000000000000e+02 3.390000000000000000e+03
2.000000000000000000e+02 3.298000000000000000e+03
2.200000000000000000e+02 3.408000000000000000e+03
2.400000000000000000e+02 3.456000000000000000e+03
2.600000000000000000e+02 3.578000000000000000e+03
2.800000000000000000e+02 3.459000000000000000e+03
3.000000000000000000e+02 3.450000000000000000e+03
3.200000000000000000e+02 3.588000000000000000e+03
3.400000000000000000e+02 3.587000000000000000e+03
3.600000000000000000e+02 3.637000000000000000e+03
3.800000000000000000e+02 3.791000000000000000e+03
4.000000000000000000e+02 3.599000000000000000e+03
4.200000000000000000e+02 3.700000000000000000e+03
4.400000000000000000e+02 3.747000000000000000e+03
4.600000000000000000e+02 3.618000000000000000e+03
4.800000000000000000e+02 3.679000000000000000e+03
5.000000000000000000e+02 3.711000000000000000e+03
5.200000000000000000e+02 3.712000000000000000e+03
5.400000000000000000e+02 3.805000000000000000e+03
5.600000000000000000e+02 3.806000000000000000e+03
5.800000000000000000e+02 3.804000000000000000e+03
6.000000000000000000e+02 3.824000000000000000e+03
6.200000000000000000e+02 3.688000000000000000e+03
6.400000000000000000e+02 3.693000000000000000e+03
6.600000000000000000e+02 3.691000000000000000e+03
6.800000000000000000e+02 3.641000000000000000e+03
7.000000000000000000e+02 3.699000000000000000e+03
7.200000000000000000e+02 3.588000000000000000e+03
7.400000000000000000e+02 3.578000000000000000e+03
7.600000000000000000e+02 3.458000000000000000e+03
7.800000000000000000e+02 3.546000000000000000e+03
8.000000000000000000e+02 3.499000000000000000e+03
8.200000000000000000e+02 3.387000000000000000e+03
8.400000000000000000e+02 3.491000000000000000e+03
8.600000000000000000e+02 3.303000000000000000e+03
8.800000000000000000e+02 3.236000000000000000e+03
9.000000000000000000e+02 3.220000000000000000e+03
9.200000000000000000e+02 3.126000000000000000e+03
9.400000000000000000e+02 3.068000000000000000e+03
9.600000000000000000e+02 3.156000000000000000e+03
9.800000000000000000e+02 3.047000000000000000e+03
1.000000000000000000e+03 2.897000000000000000e+03
1.020000000000000000e+03 2.868000000000000000e+03
1.040000000000000000e+03 2.759000000000000000e+03
1.060000000000000000e+03 2.728000000000000000e+03
1.080000000000000000e+03 2.647000000000000000e+03
1.100000000000000000e+03 2.548000000000000000e+03
1.120000000000000000e+03 2.487000000000000000e+03
1.140000000000000000e+03 2.370000000000000000e+03
1.160000000000000000e+03 2.316000000000000000e+03
1.180000000000000000e+03 2.292000000000000000e+03
1.200000000000000000e+03 2.239000000000000000e+03
1.220000000000000000e+03 2.110000000000000000e+03
1.240000000000000000e+03 2.092000000000000000e+03
1.260000000000000000e+03 2.044000000000000000e+03
1.280000000000000000e+03 1.949000000000000000e+03
1.300000000000000000e+03 1.862000000000000000e+03
1.320000000000000000e+03 1.854000000000000000e+03
1.340000000000000000e+03 1.872000000000000000e+03
1.360000000000000000e+03 1.746000000000000000e+03
1.380000000000000000e+03 1.767000000000000000e+03
1.400000000000000000e+03 1.651000000000000000e+03
1.420000000000000000e+03 1.728000000000000000e+03
1.440000000000000000e+03 1.645000000000000000e+03
1.460000000000000000e+03 1.591000000000000000e+03
1.480000000000000000e+03 1.618000000000000000e+03
1.500000000000000000e+03 1.613000000000000000e+03
1.520000000000000000e+03 1.645000000000000000e+03
1.540000000000000000e+03 1.619000000000000000e+03
1.560000000000000000e+03 1.524000000000000000e+03
1.580000000000000000e+03 1.545000000000000000e+03
1.600000000000000000e+03 1.646000000000000000e+03
1.620000000000000000e+03 1.658000000000000000e+03
1.640000000000000000e+03 1.660000000000000000e+03
1.660000000000000000e+03 1.653000000000000000e+03
1.680000000000000000e+03 1.728000000000000000e+03
1.700000000000000000e+03 1.742000000000000000e+03
1.720000000000000000e+03 1.743000000000000000e+03
1.740000000000000000e+03 1.908000000000000000e+03
1.760000000000000000e+03 1.901000000000000000e+03
1.780000000000000000e+03 1.942000000000000000e+03
1.800000000000000000e+03 2.034000000000000000e+03
1.820000000000000000e+03 2.030000000000000000e+03
1.840000000000000000e+03 2.292000000000000000e+03
1.860000000000000000e+03 2.222000000000000000e+03
1.880000000000000000e+03 2.288000000000000000e+03
1.900000000000000000e+03 2.359000000000000000e+03
1.920000000000000000e+03 2.533000000000000000e+03
1.940000000000000000e+03 2.523000000000000000e+03
1.960000000000000000e+03 2.650000000000000000e+03
1.980000000000000000e+03 2.674000000000000000e+03
2.000000000000000000e+03 2.824000000000000000e+03
2.020000000000000000e+03 2.829000000000000000e+03
2.040000000000000000e+03 3.012000000000000000e+03
2.060000000000000000e+03 2.891000000000000000e+03
2.080000000000000000e+03 3.075000000000000000e+03
2.100000000000000000e+03 3.100000000000000000e+03
2.120000000000000000e+03 3.184000000000000000e+03
2.140000000000000000e+03 3.252000000000000000e+03
2.160000000000000000e+03 3.215000000000000000e+03
2.180000000000000000e+03 3.378000000000000000e+03
2.200000000000000000e+03 3.250000000000000000e+03
2.220000000000000000e+03 3.254000000000000000e+03
2.240000000000000000e+03 3.369000000000000000e+03
2.260000000000000000e+03 3.431000000000000000e+03
2.280000000000000000e+03 3.545000000000000000e+03
2.300000000000000000e+03 3.486000000000000000e+03
2.320000000000000000e+03 3.635000000000000000e+03
2.340000000000000000e+03 3.666000000000000000e+03
2.360000000000000000e+03 3.668000000000000000e+03
2.380000000000000000e+03 3.514000000000000000e+03
2.400000000000000000e+03 3.675000000000000000e+03
2.420000000000000000e+03 3.611000000000000000e+03
2.440000000000000000e+03 3.790000000000000000e+03
2.460000000000000000e+03 3.578000000000000000e+03
2.480000000000000000e+03 3.712000000000000000e+03
2.500000000000000000e+03 3.615000000000000000e+03
2.520000000000000000e+03 3.735000000000000000e+03
2.540000000000000000e+03 3.750000000000000000e+03
2.560000000000000000e+03 3.702000000000000000e+03
2.580000000000000000e+03 3.697000000000000000e+03
2.600000000000000000e+03 3.676000000000000000e+03
2.620000000000000000e+03 3.603000000000000000e+03
2.640000000000000000e+03 3.745000000000000000e+03
2.660000000000000000e+03 3.684000000000000000e+03
2.680000000000000000e+03 3.519000000000000000e+03
2.700000000000000000e+03 3.665000000000000000e+03
2.720000000000000000e+03 3.546000000000000000e+03
2.740000000000000000e+03 3.545000000000000000e+03
2.760000000000000000e+03 3.595000000000000000e+03
2.780000000000000000e+03 3.584000000000000000e+03
2.800000000000000000e+03 3.431000000000000000e+03
2.820000000000000000e+03 3.407000000000000000e+03
2.840000000000000000e+03 3.310000000000000000e+03
2.860000000000000000e+03 3.268000000000000000e+03
2.880000000000000000e+03 3.262000000000000000e+03
2.900000000000000000e+03 3.128000000000000000e+03
2.920000000000000000e+03 3.091000000000000000e+03
2.940000000000000000e+03 3.183000000000000000e+03
2.960000000000000000e+03 3.024000000000000000e+03
2.980000000000000000e+03 2.980000000000000000e+03
3.000000000000000000e+03 2.900000000000000000e+03
3.020000000000000000e+03 2.907000000000000000e+03
3.040000000000000000e+03 2.786000000000000000e+03
3.060000000000000000e+03 2.690000000000000000e+03
3.080000000000000000e+03 2.697000000000000000e+03
3.100000000000000000e+03 2.504000000000000000e+03
3.120000000000000000e+03 2.518000000000000000e+03
3.140000000000000000e+03 2.387000000000000000e+03
3.160000000000000000e+03 2.369000000000000000e+03
3.180000000000000000e+03 2.296000000000000000e+03
3.200000000000000000e+03 2.232000000000000000e+03
3.220000000000000000e+03 2.195000000000000000e+03
3.240000000000000000e+03 2.101000000000000000e+03
3.260000000000000000e+03 2.163000000000000000e+03
3.280000000000000000e+03 1.981000000000000000e+03
3.300000000000000000e+03 1.975000000000000000e+03
3.320000000000000000e+03 1.866000000000000000e+03
3.340000000000000000e+03 1.876000000000000000e+03
3.360000000000000000e+03 1.824000000000000000e+03
3.380000000000000000e+03 1.737000000000000000e+03
3.400000000000000000e+03 1.706000000000000000e+03
3.420000000000000000e+03 1.695000000000000000e+03
3.440000000000000000e+03 1.676000000000000000e+03
3.460000000000000000e+03 1.627000000000000000e+03
3.480000000000000000e+03 1.638000000000000000e+03
3.500000000000000000e+03 1.596000000000000000e+03
3.520000000000000000e+03 1.609000000000000000e+03
3.540000000000000000e+03 1.615000000000000000e+03
3.560000000000000000e+03 1.672000000000000000e+03
3.580000000000000000e+03 1.571000000000000000e+03
3.600000000000000000e+03 1.614000000000000000e+03
3.620000000000000000e+03 1.554000000000000000e+03
3.640000000000000000e+03 1.603000000000000000e+03
3.660000000000000000e+03 1.744000000000000000e+03
3.680000000000000000e+03 1.687000000000000000e+03
3.700000000000000000e+03 1.808000000000000000e+03
3.720000000000000000e+03 1.819000000000000000e+03
3.740000000000000000e+03 1.814000000000000000e+03
3.760000000000000000e+03 1.939000000000000000e+03
3.780000000000000000e+03 1.904000000000000000e+03
3.800000000000000000e+03 2.017000000000000000e+03
3.820000000000000000e+03 2.240000000000000000e+03
3.840000000000000000e+03 2.231000000000000000e+03
3.860000000000000000e+03 2.322000000000000000e+03
3.880000000000000000e+03 2.333000000000000000e+03
3.900000000000000000e+03 2.424000000000000000e+03
3.920000000000000000e+03 2.480000000000000000e+03
3.940000000000000000e+03 2.626000000000000000e+03
3.960000000000000000e+03 2.695000000000000000e+03
3.980000000000000000e+03 2.703000000000000000e+03
