0.000000000000000000e+00 3.428000000000000000e+03
2.000000000000000000e+02 3.474000000000000000e+03
4.000000000000000000e+02 3.476000000000000000e+03
6.000000000000000000e+02 3.639000000000000000e+03
8.000000000000000000e+02 3.722000000000000000e+03
1.000000000000000000e+03 3.784000000000000000e+03
1.200000000000000000e+03 3.698000000000000000e+03
1.400000000000000000e+03 3.779000000000000000e+03
1.600000000000000000e+03 3.722000000000000000e+03
1.800000000000000000e+03 3.809000000000000000e+03
2.000000000000000000e+03 3.975000000000000000e+03
2.200000000000000000e+03 3.843000000000000000e+03
2.400000000000000000e+03 3.927000000000000000e+03
2.600000000000000000e+03 3.855000000000000000e+03
2.800000000000000000e+03 3.855000000000000000e+03
3.000000000000000000e+03 3.895000000000000000e+03
3.200000000000000000e+03 4.024000000000000000e+03
3.400000000000000000e+03 4.102000000000000000e+03
3.600000000000000000e+03 4.122000000000000000e+03
3.800000000000000000e+03 3.994000000000000000e+03
4.000000000000000000e+03 3.956000000000000000e+03
4.200000000000000000e+03 3.951000000000000000e+03
4.400000000000000000e+03 4.137000000000000000e+03
4.600000000000000000e+03 4.031000000000000000e+03
4.800000000000000000e+03 3.985000000000000000e+03
5.000000000000000000e+03 3.884000000000000000e+03
5.200000000000000000e+03 3.963000000000000000e+03
5.400000000000000000e+03 3.818000000000000000e+03
5.600000000000000000e+03 3.825000000000000000e+03
5.800000000000000000e+03 3.840000000000000000e+03
6.000000000000000000e+03 3.808000000000000000e+03
6.200000000000000000e+03 3.759000000000000000e+03
6.400000000000000000e+03 3.716000000000000000e+03
6.600000000000000000e+03 3.636000000000000000e+03
6.800000000000000000e+03 3.619000000000000000e+03
7.000000000000000000e+03 3.670000000000000000e+03
7.200000000000000000e+03 3.589000000000000000e+03
7.400000000000000000e+03 3.357000000000000000e+03
7.600000000000000000e+03 3.453000000000000000e+03
7.800000000000000000e+03 3.289000000000000000e+03
8.000000000000000000e+03 3.253000000000000000e+03
8.200000000000000000e+03 3.284000000000000000e+03
8.400000000000000000e+03 3.305000000000000000e+03
8.600000000000000000e+03 3.162000000000000000e+03
8.800000000000000000e+03 3.071000000000000000e+03
9.000000000000000000e+03 2.897000000000000000e+03
9.200000000000000000e+03 2.874000000000000000e+03
9.400000000000000000e+03 2.742000000000000000e+03
9.600000000000000000e+03 2.733000000000000000e+03
9.800000000000000000e+03 2.634000000000000000e+03
1.000000000000000000e+04 2.482000000000000000e+03
1.020000000000000000e+04 2.458000000000000000e+03
1.040000000000000000e+04 2.381000000000000000e+03
1.060000000000000000e+04 2.337000000000000000e+03
1.080000000000000000e+04 2.177000000000000000e+03
1.100000000000000000e+04 2.038000000000000000e+03
1.120000000000000000e+04 1.998000000000000000e+03
1.140000000000000000e+04 1.905000000000000000e+03
1.160000000000000000e+04 1.973000000000000000e+03
1.180000000000000000e+04 1.830000000000000000e+03
1.200000000000000000e+04 1.710000000000000000e+03
1.220000000000000000e+04 1.660000000000000000e+03
1.240000000000000000e+04 1.552000000000000000e+03
1.260000000000000000e+04 1.466000000000000000e+03
1.280000000000000000e+04 1.435000000000000000e+03
1.300000000000000000e+04 1.351000000000000000e+03
1.320000000000000000e+04 1.384000000000000000e+03
1.340000000000000000e+04 1.333000000000000000e+03
1.360000000000000000e+04 1.306000000000000000e+03
1.380000000000000000e+04 1.324000000000000000e+03
1.400000000000000000e+04 1.288000000000000000e+03
1.420000000000000000e+04 1.350000000000000000e+03
1.440000000000000000e+04 1.308000000000000000e+03
1.460000000000000000e+04 1.331000000000000000e+03
1.480000000000000000e+04 1.354000000000000000e+03
1.500000000000000000e+04 1.339000000000000000e+03
1.520000000000000000e+04 1.459000000000000000e+03
1.540000000000000000e+04 1.504000000000000000e+03
1.560000000000000000e+04 1.473000000000000000e+03
1.580000000000000000e+04 1.565000000000000000e+03
1.600000000000000000e+04 1.615000000000000000e+03
1.620000000000000000e+04 1.753000000000000000e+03
1.640000000000000000e+04 1.910000000000000000e+03
1.660000000000000000e+04 1.928000000000000000e+03
1.680000000000000000e+04 2.075000000000000000e+03
1.700000000000000000e+04 2.122000000000000000e+03
1.720000000000000000e+04 2.228000000000000000e+03
1.740000000000000000e+04 2.276000000000000000e+03
1.760000000000000000e+04 2.433000000000000000e+03
1.780000000000000000e+04 2.415000000000000000e+03
1.800000000000000000e+04 2.610000000000000000e+03
1.820000000000000000e+04 2.732000000000000000e+03
1.840000000000000000e+04 2.834000000000000000e+03
1.860000000000000000e+04 2.831000000000000000e+03
1.880000000000000000e+04 3.082000000000000000e+03
1.900000000000000000e+04 3.038000000000000000e+03
1.920000000000000000e+04 3.120000000000000000e+03
1.940000000000000000e+04 3.146000000000000000e+03
1.960000000000000000e+04 3.306000000000000000e+03
1.980000000000000000e+04 3.342000000000000000e+03
2.000000000000000000e+04 3.424000000000000000e+03
2.020000000000000000e+04 3.550000000000000000e+03
2.040000000000000000e+04 3.756000000000000000e+03
2.060000000000000000e+04 3.591000000000000000e+03
2.080000000000000000e+04 3.761000000000000000e+03
2.100000000000000000e+04 3.726000000000000000e+03
2.120000000000000000e+04 3.689000000000000000e+03
2.140000000000000000e+04 3.781000000000000000e+03
2.160000000000000000e+04 3.837000000000000000e+03
2.180000000000000000e+04 3.920000000000000000e+03
2.200000000000000000e+04 3.893000000000000000e+03
2.220000000000000000e+04 3.860000000000000000e+03
2.240000000000000000e+04 3.805000000000000000e+03
2.260000000000000000e+04 3.967000000000000000e+03
2.280000000000000000e+04 3.900000000000000000e+03
2.300000000000000000e+04 3.952000000000000000e+03
2.320000000000000000e+04 3.968000000000000000e+03
2.340000000000000000e+04 3.920000000000000000e+03
2.360000000000000000e+04 4.062000000000000000e+03
2.380000000000000000e+04 3.902000000000000000e+03
2.400000000000000000e+04 4.002000000000000000e+03
2.420000000000000000e+04 3.947000000000000000e+03
2.440000000000000000e+04 4.087000000000000000e+03
2.460000000000000000e+04 4.012000000000000000e+03
2.480000000000000000e+04 3.909000000000000000e+03
2.500000000000000000e+04 3.937000000000000000e+03
2.520000000000000000e+04 3.899000000000000000e+03
2.540000000000000000e+04 3.886000000000000000e+03
2.560000000000000000e+04 3.772000000000000000e+03
2.580000000000000000e+04 3.862000000000000000e+03
2.600000000000000000e+04 3.875000000000000000e+03
2.620000000000000000e+04 3.860000000000000000e+03
2.640000000000000000e+04 3.751000000000000000e+03
2.660000000000000000e+04 3.747000000000000000e+03
2.680000000000000000e+04 3.632000000000000000e+03
2.700000000000000000e+04 3.601000000000000000e+03
2.720000000000000000e+04 3.626000000000000000e+03
2.740000000000000000e+04 3.626000000000000000e+03
2.760000000000000000e+04 3.507000000000000000e+03
2.780000000000000000e+04 3.429000000000000000e+03
2.800000000000000000e+04 3.373000000000000000e+03
2.820000000000000000e+04 3.349000000000000000e+03
2.840000000000000000e+04 3.129000000000000000e+03
2.860000000000000000e+04 3.158000000000000000e+03
2.880000000000000000e+04 3.004000000000000000e+03
2.900000000000000000e+04 2.996000000000000000e+03
2.920000000000000000e+04 2.968000000000000000e+03
2.940000000000000000e+04 2.813000000000000000e+03
2.960000000000000000e+04 2.712000000000000000e+03
2.980000000000000000e+04 2.574000000000000000e+03
3.000000000000000000e+04 2.503000000000000000e+03
3.020000000000000000e+04 2.478000000000000000e+03
3.040000000000000000e+04 2.415000000000000000e+03
3.060000000000000000e+04 2.239000000000000000e+03
3.080000000000000000e+04 2.211000000000000000e+03
3.100000000000000000e+04 2.133000000000000000e+03
3.120000000000000000e+04 2.039000000000000000e+03
3.140000000000000000e+04 1.977000000000000000e+03
3.160000000000000000e+04 1.924000000000000000e+03
3.180000000000000000e+04 1.790000000000000000e+03
3.200000000000000000e+04 1.767000000000000000e+03
3.220000000000000000e+04 1.625000000000000000e+03
3.240000000000000000e+04 1.552000000000000000e+03
3.260000000000000000e+04 1.488000000000000000e+03
3.280000000000000000e+04 1.523000000000000000e+03
3.300000000000000000e+04 1.397000000000000000e+03
3.320000000000000000e+04 1.377000000000000000e+03
3.340000000000000000e+04 1.359000000000000000e+03
3.360000000000000000e+04 1.383000000000000000e+03
3.380000000000000000e+04 1.306000000000000000e+03
3.400000000000000000e+04 1.283000000000000000e+03
3.420000000000000000e+04 1.322000000000000000e+03
3.440000000000000000e+04 1.329000000000000000e+03
3.460000000000000000e+04 1.337000000000000000e+03
3.480000000000000000e+04 1.306000000000000000e+03
3.500000000000000000e+04 1.428000000000000000e+03
3.520000000000000000e+04 1.493000000000000000e+03
3.540000000000000000e+04 1.495000000000000000e+03
3.560000000000000000e+04 1.533000000000000000e+03
3.580000000000000000e+04 1.554000000000000000e+03
3.600000000000000000e+04 1.679000000000000000e+03
3.620000000000000000e+04 1.738000000000000000e+03
3.640000000000000000e+04 1.855000000000000000e+03
3.660000000000000000e+04 1.916000000000000000e+03
3.680000000000000000e+04 2.055000000000000000e+03
3.700000000000000000e+04 2.085000000000000000e+03
3.720000000000000000e+04 2.196000000000000000e+03
3.740000000000000000e+04 2.274000000000000000e+03
3.760000000000000000e+04 2.389000000000000000e+03
3.780000000000000000e+04 2.483000000000000000e+03
3.800000000000000000e+04 2.621000000000000000e+03
3.820000000000000000e+04 2.728000000000000000e+03
3.840000000000000000e+04 2.717000000000000000e+03
3.860000000000000000e+04 2.924000000000000000e+03
3.880000000000000000e+04 3.019000000000000000e+03
3.900000000000000000e+04 3.148000000000000000e+03
3.920000000000000000e+04 3.161000000000000000e+03
3.940000000000000000e+04 3.197000000000000000e+03
3.960000000000000000e+04 3.310000000000000000e+03
3.980000000000000000e+04 3.415000000000000000e+03
