0.000000000000000000e+00 6.728000000000000000e+03
1.428000000000000000e+03 6.612000000000000000e+03
2.856000000000000000e+03 6.975000000000000000e+03
4.284000000000000000e+03 6.876000000000000000e+03
5.712000000000000000e+03 6.959000000000000000e+03
7.140000000000000000e+03 6.968000000000000000e+03
8.568000000000000000e+03 7.150000000000000000e+03
9.996000000000000000e+03 7.068000000000000000e+03
1.142400000000000000e+04 7.224000000000000000e+03
1.285200000000000000e+04 7.431000000000000000e+03
1.428000000000000000e+04 7.326000000000000000e+03
1.570800000000000000e+04 7.337000000000000000e+03
1.713600000000000000e+04 7.435000000000000000e+03
1.856400000000000000e+04 7.600000000000000000e+03
1.999200000000000000e+04 7.319000000000000000e+03
2.142000000000000000e+04 7.653000000000000000e+03
2.284800000000000000e+04 7.618000000000000000e+03
2.427600000000000000e+04 7.538000000000000000e+03
2.570400000000000000e+04 7.456000000000000000e+03
2.713200000000000000e+04 7.437000000000000000e+03
2.856000000000000000e+04 7.629000000000000000e+03
2.998800000000000000e+04 7.545000000000000000e+03
3.141600000000000000e+04 7.611000000000000000e+03
3.284400000000000000e+04 7.561000000000000000e+03
3.427200000000000000e+04 7.487000000000000000e+03
3.570000000000000000e+04 7.569000000000000000e+03
3.712800000000000000e+04 7.356000000000000000e+03
3.855600000000000000e+04 7.573000000000000000e+03
3.998400000000000000e+04 7.295000000000000000e+03
4.141200000000000000e+04 7.396000000000000000e+03
4.284000000000000000e+04 7.273000000000000000e+03
4.426800000000000000e+04 7.171000000000000000e+03
4.569600000000000000e+04 7.129000000000000000e+03
4.712400000000000000e+04 7.018000000000000000e+03
4.855200000000000000e+04 7.030000000000000000e+03
4.998000000000000000e+04 6.824000000000000000e+03
5.140800000000000000e+04 6.859000000000000000e+03
5.283600000000000000e+04 6.758000000000000000e+03
5.426400000000000000e+04 6.451000000000000000e+03
5.569200000000000000e+04 6.546000000000000000e+03
5.712000000000000000e+04 6.082000000000000000e+03
5.854800000000000000e+04 6.226000000000000000e+03
5.997600000000000000e+04 6.130000000000000000e+03
6.140400000000000000e+04 5.851000000000000000e+03
6.283200000000000000e+04 5.759000000000000000e+03
6.426000000000000000e+04 5.642000000000000000e+03
6.568800000000000000e+04 5.341000000000000000e+03
6.711600000000000000e+04 5.285000000000000000e+03
6.854400000000000000e+04 5.174000000000000000e+03
6.997200000000000000e+04 4.820000000000000000e+03
7.140000000000000000e+04 4.778000000000000000e+03
7.282800000000000000e+04 4.683000000000000000e+03
7.425600000000000000e+04 4.347000000000000000e+03
7.568400000000000000e+04 4.280000000000000000e+03
7.711200000000000000e+04 4.096000000000000000e+03
7.854000000000000000e+04 3.940000000000000000e+03
7.996800000000000000e+04 3.783000000000000000e+03
8.139600000000000000e+04 3.612000000000000000e+03
8.282400000000000000e+04 3.525000000000000000e+03
8.425200000000000000e+04 3.236000000000000000e+03
8.568000000000000000e+04 3.181000000000000000e+03
8.710800000000000000e+04 3.057000000000000000e+03
8.853600000000000000e+04 2.856000000000000000e+03
8.996400000000000000e+04 2.845000000000000000e+03
9.139200000000000000e+04 2.760000000000000000e+03
9.282000000000000000e+04 2.693000000000000000e+03
9.424800000000000000e+04 2.537000000000000000e+03
9.567600000000000000e+04 2.605000000000000000e+03
9.710400000000000000e+04 2.414000000000000000e+03
9.853200000000000000e+04 2.454000000000000000e+03
9.996000000000000000e+04 2.577000000000000000e+03
1.013880000000000000e+05 2.606000000000000000e+03
1.028160000000000000e+05 2.489000000000000000e+03
1.042440000000000000e+05 2.643000000000000000e+03
1.056720000000000000e+05 2.574000000000000000e+03
1.071000000000000000e+05 2.847000000000000000e+03
1.085280000000000000e+05 2.807000000000000000e+03
1.099560000000000000e+05 2.985000000000000000e+03
1.113840000000000000e+05 3.069000000000000000e+03
1.128120000000000000e+05 3.256000000000000000e+03
1.142400000000000000e+05 3.372000000000000000e+03
1.156680000000000000e+05 3.470000000000000000e+03
1.170960000000000000e+05 3.697000000000000000e+03
1.185240000000000000e+05 3.820000000000000000e+03
1.199520000000000000e+05 3.927000000000000000e+03
1.213800000000000000e+05 4.154000000000000000e+03
1.228080000000000000e+05 4.448000000000000000e+03
1.242360000000000000e+05 4.486000000000000000e+03
1.256640000000000000e+05 4.694000000000000000e+03
1.270920000000000000e+05 5.025000000000000000e+03
1.285200000000000000e+05 5.139000000000000000e+03
1.299480000000000000e+05 5.120000000000000000e+03
1.313760000000000000e+05 5.518000000000000000e+03
1.328040000000000000e+05 5.410000000000000000e+03
1.342320000000000000e+05 5.705000000000000000e+03
1.356600000000000000e+05 5.867000000000000000e+03
1.370880000000000000e+05 6.132000000000000000e+03
1.385160000000000000e+05 6.183000000000000000e+03
1.399440000000000000e+05 6.223000000000000000e+03
1.413720000000000000e+05 6.466000000000000000e+03
1.428000000000000000e+05 6.548000000000000000e+03
1.442280000000000000e+05 6.679000000000000000e+03
1.456560000000000000e+05 6.807000000000000000e+03
1.470840000000000000e+05 6.867000000000000000e+03
1.485120000000000000e+05 6.956000000000000000e+03
1.499400000000000000e+05 7.105000000000000000e+03
1.513680000000000000e+05 7.015000000000000000e+03
1.527960000000000000e+05 7.150000000000000000e+03
1.542240000000000000e+05 7.303000000000000000e+03
1.556520000000000000e+05 7.445000000000000000e+03
1.570800000000000000e+05 7.341000000000000000e+03
1.585080000000000000e+05 7.324000000000000000e+03
1.599360000000000000e+05 7.256000000000000000e+03
1.613640000000000000e+05 7.482000000000000000e+03
1.627920000000000000e+05 7.460000000000000000e+03
1.642200000000000000e+05 7.440000000000000000e+03
1.656480000000000000e+05 7.620000000000000000e+03
1.670760000000000000e+05 7.677000000000000000e+03
1.685040000000000000e+05 7.622000000000000000e+03
1.699320000000000000e+05 7.533000000000000000e+03
1.713600000000000000e+05 7.512000000000000000e+03
1.727880000000000000e+05 7.576000000000000000e+03
1.742160000000000000e+05 7.481000000000000000e+03
1.756440000000000000e+05 7.597000000000000000e+03
1.770720000000000000e+05 7.456000000000000000e+03
1.785000000000000000e+05 7.512000000000000000e+03
1.799280000000000000e+05 7.461000000000000000e+03
1.813560000000000000e+05 7.399000000000000000e+03
1.827840000000000000e+05 7.377000000000000000e+03
1.842120000000000000e+05 7.424000000000000000e+03
1.856400000000000000e+05 7.283000000000000000e+03
1.870680000000000000e+05 7.203000000000000000e+03
1.884960000000000000e+05 7.110000000000000000e+03
1.899240000000000000e+05 6.965000000000000000e+03
1.913520000000000000e+05 6.818000000000000000e+03
1.927800000000000000e+05 6.892000000000000000e+03
1.942080000000000000e+05 6.879000000000000000e+03
1.956360000000000000e+05 6.702000000000000000e+03
1.970640000000000000e+05 6.500000000000000000e+03
1.984920000000000000e+05 6.680000000000000000e+03
1.999200000000000000e+05 6.150000000000000000e+03
2.013480000000000000e+05 6.195000000000000000e+03
2.027760000000000000e+05 5.930000000000000000e+03
2.042040000000000000e+05 5.826000000000000000e+03
2.056320000000000000e+05 5.879000000000000000e+03
2.070600000000000000e+05 5.699000000000000000e+03
2.084880000000000000e+05 5.415000000000000000e+03
2.099160000000000000e+05 5.144000000000000000e+03
2.113440000000000000e+05 5.103000000000000000e+03
2.127720000000000000e+05 5.022000000000000000e+03
2.142000000000000000e+05 4.778000000000000000e+03
2.156280000000000000e+05 4.502000000000000000e+03
2.170560000000000000e+05 4.361000000000000000e+03
2.184840000000000000e+05 4.159000000000000000e+03
2.199120000000000000e+05 3.990000000000000000e+03
2.213400000000000000e+05 3.956000000000000000e+03
2.227680000000000000e+05 3.848000000000000000e+03
2.241960000000000000e+05 3.538000000000000000e+03
2.256240000000000000e+05 3.394000000000000000e+03
2.270520000000000000e+05 3.254000000000000000e+03
2.284800000000000000e+05 3.157000000000000000e+03
2.299080000000000000e+05 3.034000000000000000e+03
2.313360000000000000e+05 2.840000000000000000e+03
2.327640000000000000e+05 2.835000000000000000e+03
2.341920000000000000e+05 2.770000000000000000e+03
2.356200000000000000e+05 2.512000000000000000e+03
2.370480000000000000e+05 2.592000000000000000e+03
2.384760000000000000e+05 2.606000000000000000e+03
2.399040000000000000e+05 2.542000000000000000e+03
2.413320000000000000e+05 2.528000000000000000e+03
2.427600000000000000e+05 2.579000000000000000e+03
2.441880000000000000e+05 2.616000000000000000e+03
2.456160000000000000e+05 2.670000000000000000e+03
2.470440000000000000e+05 2.602000000000000000e+03
2.484720000000000000e+05 2.691000000000000000e+03
2.499000000000000000e+05 2.826000000000000000e+03
2.513280000000000000e+05 2.870000000000000000e+03
2.527560000000000000e+05 3.003000000000000000e+03
2.541840000000000000e+05 3.063000000000000000e+03
2.556120000000000000e+05 3.150000000000000000e+03
2.570400000000000000e+05 3.420000000000000000e+03
2.584680000000000000e+05 3.471000000000000000e+03
2.598960000000000000e+05 3.750000000000000000e+03
2.613240000000000000e+05 3.834000000000000000e+03
2.627520000000000000e+05 4.074000000000000000e+03
2.641800000000000000e+05 4.250000000000000000e+03
2.656080000000000000e+05 4.361000000000000000e+03
2.670360000000000000e+05 4.521000000000000000e+03
2.684640000000000000e+05 4.513000000000000000e+03
2.698920000000000000e+05 4.940000000000000000e+03
2.713200000000000000e+05 4.925000000000000000e+03
2.727480000000000000e+05 5.223000000000000000e+03
2.741760000000000000e+05 5.322000000000000000e+03
2.756040000000000000e+05 5.573000000000000000e+03
2.770320000000000000e+05 5.686000000000000000e+03
2.784600000000000000e+05 5.843000000000000000e+03
2.798880000000000000e+05 6.092000000000000000e+03
2.813160000000000000e+05 6.153000000000000000e+03
2.827440000000000000e+05 6.358000000000000000e+03
2.841720000000000000e+05 6.365000000000000000e+03
