0.000000000000000000e+00 2.593000000000000000e+03
5.000000000000000000e+01 2.619000000000000000e+03
1.000000000000000000e+02 2.570000000000000000e+03
1.500000000000000000e+02 2.764000000000000000e+03
2.000000000000000000e+02 2.700000000000000000e+03
2.500000000000000000e+02 2.842000000000000000e+03
3.000000000000000000e+02 2.792000000000000000e+03
3.500000000000000000e+02 2.864000000000000000e+03
4.000000000000000000e+02 2.832000000000000000e+03
4.500000000000000000e+02 2.915000000000000000e+03
5.000000000000000000e+02 3.063000000000000000e+03
5.500000000000000000e+02 2.996000000000000000e+03
6.000000000000000000e+02 2.987000000000000000e+03
6.500000000000000000e+02 3.106000000000000000e+03
7.000000000000000000e+02 3.184000000000000000e+03
7.500000000000000000e+02 3.084000000000000000e+03
8.000000000000000000e+02 3.053000000000000000e+03
8.500000000000000000e+02 3.069000000000000000e+03
9.000000000000000000e+02 3.075000000000000000e+03
9.500000000000000000e+02 3.133000000000000000e+03
1.000000000000000000e+03 3.076000000000000000e+03
1.050000000000000000e+03 3.067000000000000000e+03
1.100000000000000000e+03 3.104000000000000000e+03
1.150000000000000000e+03 3.187000000000000000e+03
1.200000000000000000e+03 3.145000000000000000e+03
1.250000000000000000e+03 3.083000000000000000e+03
1.300000000000000000e+03 3.058000000000000000e+03
1.350000000000000000e+03 2.967000000000000000e+03
1.400000000000000000e+03 3.067000000000000000e+03
1.450000000000000000e+03 3.017000000000000000e+03
1.500000000000000000e+03 3.021000000000000000e+03
1.550000000000000000e+03 2.919000000000000000e+03
1.600000000000000000e+03 3.102000000000000000e+03
1.650000000000000000e+03 2.858000000000000000e+03
1.700000000000000000e+03 2.982000000000000000e+03
1.750000000000000000e+03 2.757000000000000000e+03
1.800000000000000000e+03 2.750000000000000000e+03
1.850000000000000000e+03 2.753000000000000000e+03
1.900000000000000000e+03 2.799000000000000000e+03
1.950000000000000000e+03 2.694000000000000000e+03
2.000000000000000000e+03 2.621000000000000000e+03
2.050000000000000000e+03 2.630000000000000000e+03
2.100000000000000000e+03 2.613000000000000000e+03
2.150000000000000000e+03 2.518000000000000000e+03
2.200000000000000000e+03 2.440000000000000000e+03
2.250000000000000000e+03 2.372000000000000000e+03
2.300000000000000000e+03 2.386000000000000000e+03
2.350000000000000000e+03 2.257000000000000000e+03
2.400000000000000000e+03 2.276000000000000000e+03
2.450000000000000000e+03 2.130000000000000000e+03
2.500000000000000000e+03 2.134000000000000000e+03
2.550000000000000000e+03 2.024000000000000000e+03
2.600000000000000000e+03 1.879000000000000000e+03
2.650000000000000000e+03 1.902000000000000000e+03
2.700000000000000000e+03 1.751000000000000000e+03
2.750000000000000000e+03 1.731000000000000000e+03
2.800000000000000000e+03 1.682000000000000000e+03
2.850000000000000000e+03 1.629000000000000000e+03
2.900000000000000000e+03 1.590000000000000000e+03
2.950000000000000000e+03 1.483000000000000000e+03
3.000000000000000000e+03 1.468000000000000000e+03
3.050000000000000000e+03 1.351000000000000000e+03
3.100000000000000000e+03 1.291000000000000000e+03
3.150000000000000000e+03 1.212000000000000000e+03
3.200000000000000000e+03 1.259000000000000000e+03
3.250000000000000000e+03 1.158000000000000000e+03
3.300000000000000000e+03 1.159000000000000000e+03
3.350000000000000000e+03 1.057000000000000000e+03
3.400000000000000000e+03 1.021000000000000000e+03
3.450000000000000000e+03 1.023000000000000000e+03
3.500000000000000000e+03 1.016000000000000000e+03
3.550000000000000000e+03 1.042000000000000000e+03
3.600000000000000000e+03 1.057000000000000000e+03
3.650000000000000000e+03 9.890000000000000000e+02
3.700000000000000000e+03 9.700000000000000000e+02
3.750000000000000000e+03 9.700000000000000000e+02
3.800000000000000000e+03 1.053000000000000000e+03
3.850000000000000000e+03 1.045000000000000000e+03
3.900000000000000000e+03 1.136000000000000000e+03
3.950000000000000000e+03 1.111000000000000000e+03
4.000000000000000000e+03 1.150000000000000000e+03
4.050000000000000000e+03 1.227000000000000000e+03
4.100000000000000000e+03 1.281000000000000000e+03
4.150000000000000000e+03 1.314000000000000000e+03
4.200000000000000000e+03 1.374000000000000000e+03
4.250000000000000000e+03 1.419000000000000000e+03
4.300000000000000000e+03 1.494000000000000000e+03
4.350000000000000000e+03 1.475000000000000000e+03
4.400000000000000000e+03 1.582000000000000000e+03
4.450000000000000000e+03 1.741000000000000000e+03
4.500000000000000000e+03 1.747000000000000000e+03
4.550000000000000000e+03 1.936000000000000000e+03
4.600000000000000000e+03 1.903000000000000000e+03
4.650000000000000000e+03 1.984000000000000000e+03
4.700000000000000000e+03 2.072000000000000000e+03
4.750000000000000000e+03 2.118000000000000000e+03
4.800000000000000000e+03 2.234000000000000000e+03
4.850000000000000000e+03 2.377000000000000000e+03
4.900000000000000000e+03 2.330000000000000000e+03
4.950000000000000000e+03 2.362000000000000000e+03
5.000000000000000000e+03 2.491000000000000000e+03
5.050000000000000000e+03 2.504000000000000000e+03
5.100000000000000000e+03 2.520000000000000000e+03
5.150000000000000000e+03 2.735000000000000000e+03
5.200000000000000000e+03 2.762000000000000000e+03
5.250000000000000000e+03 2.756000000000000000e+03
5.300000000000000000e+03 2.900000000000000000e+03
5.350000000000000000e+03 2.882000000000000000e+03
5.400000000000000000e+03 2.870000000000000000e+03
5.450000000000000000e+03 2.885000000000000000e+03
5.500000000000000000e+03 2.908000000000000000e+03
5.550000000000000000e+03 2.978000000000000000e+03
5.600000000000000000e+03 2.962000000000000000e+03
5.650000000000000000e+03 2.953000000000000000e+03
5.700000000000000000e+03 3.086000000000000000e+03
5.750000000000000000e+03 3.067000000000000000e+03
5.800000000000000000e+03 3.085000000000000000e+03
5.850000000000000000e+03 3.093000000000000000e+03
5.900000000000000000e+03 3.015000000000000000e+03
5.950000000000000000e+03 3.083000000000000000e+03
6.000000000000000000e+03 3.060000000000000000e+03
6.050000000000000000e+03 3.151000000000000000e+03
6.100000000000000000e+03 3.175000000000000000e+03
6.150000000000000000e+03 3.271000000000000000e+03
6.200000000000000000e+03 3.162000000000000000e+03
6.250000000000000000e+03 3.078000000000000000e+03
6.300000000000000000e+03 3.107000000000000000e+03
6.350000000000000000e+03 3.083000000000000000e+03
6.400000000000000000e+03 2.966000000000000000e+03
6.450000000000000000e+03 2.946000000000000000e+03
6.500000000000000000e+03 2.957000000000000000e+03
6.550000000000000000e+03 2.966000000000000000e+03
6.600000000000000000e+03 2.803000000000000000e+03
6.650000000000000000e+03 2.965000000000000000e+03
6.700000000000000000e+03 2.766000000000000000e+03
6.750000000000000000e+03 2.928000000000000000e+03
6.800000000000000000e+03 2.890000000000000000e+03
6.850000000000000000e+03 2.817000000000000000e+03
6.900000000000000000e+03 2.721000000000000000e+03
6.950000000000000000e+03 2.743000000000000000e+03
7.000000000000000000e+03 2.595000000000000000e+03
7.050000000000000000e+03 2.559000000000000000e+03
7.100000000000000000e+03 2.462000000000000000e+03
7.150000000000000000e+03 2.414000000000000000e+03
7.200000000000000000e+03 2.396000000000000000e+03
7.250000000000000000e+03 2.406000000000000000e+03
7.300000000000000000e+03 2.401000000000000000e+03
7.350000000000000000e+03 2.284000000000000000e+03
7.400000000000000000e+03 2.162000000000000000e+03
7.450000000000000000e+03 2.160000000000000000e+03
7.500000000000000000e+03 2.061000000000000000e+03
7.550000000000000000e+03 2.017000000000000000e+03
7.600000000000000000e+03 1.847000000000000000e+03
7.650000000000000000e+03 1.826000000000000000e+03
7.700000000000000000e+03 1.772000000000000000e+03
7.750000000000000000e+03 1.727000000000000000e+03
7.800000000000000000e+03 1.703000000000000000e+03
7.850000000000000000e+03 1.590000000000000000e+03
7.900000000000000000e+03 1.597000000000000000e+03
7.950000000000000000e+03 1.546000000000000000e+03
8.000000000000000000e+03 1.382000000000000000e+03
8.050000000000000000e+03 1.355000000000000000e+03
8.100000000000000000e+03 1.276000000000000000e+03
8.150000000000000000e+03 1.255000000000000000e+03
8.200000000000000000e+03 1.230000000000000000e+03
8.250000000000000000e+03 1.173000000000000000e+03
8.300000000000000000e+03 1.172000000000000000e+03
8.350000000000000000e+03 1.169000000000000000e+03
8.400000000000000000e+03 1.093000000000000000e+03
8.450000000000000000e+03 1.088000000000000000e+03
8.500000000000000000e+03 1.070000000000000000e+03
8.550000000000000000e+03 1.019000000000000000e+03
8.600000000000000000e+03 1.043000000000000000e+03
8.650000000000000000e+03 1.009000000000000000e+03
8.700000000000000000e+03 1.000000000000000000e+03
8.750000000000000000e+03 1.021000000000000000e+03
8.800000000000000000e+03 1.051000000000000000e+03
8.850000000000000000e+03 1.096000000000000000e+03
8.900000000000000000e+03 1.080000000000000000e+03
8.950000000000000000e+03 1.120000000000000000e+03
9.000000000000000000e+03 1.114000000000000000e+03
9.050000000000000000e+03 1.105000000000000000e+03
9.100000000000000000e+03 1.177000000000000000e+03
9.150000000000000000e+03 1.239000000000000000e+03
9.200000000000000000e+03 1.319000000000000000e+03
9.250000000000000000e+03 1.460000000000000000e+03
9.300000000000000000e+03 1.443000000000000000e+03
9.350000000000000000e+03 1.504000000000000000e+03
9.400000000000000000e+03 1.604000000000000000e+03
9.450000000000000000e+03 1.670000000000000000e+03
9.500000000000000000e+03 1.811000000000000000e+03
9.550000000000000000e+03 1.930000000000000000e+03
9.600000000000000000e+03 1.991000000000000000e+03
9.650000000000000000e+03 1.994000000000000000e+03
9.700000000000000000e+03 2.045000000000000000e+03
9.750000000000000000e+03 2.147000000000000000e+03
9.800000000000000000e+03 2.177000000000000000e+03
9.850000000000000000e+03 2.260000000000000000e+03
9.900000000000000000e+03 2.260000000000000000e+03
9.950000000000000000e+03 2.396000000000000000e+03
