0.000000000000000000e+00 3.330000000000000000e+03
1.420000000000000000e+02 3.360000000000000000e+03
2.840000000000000000e+02 3.470000000000000000e+03
4.260000000000000000e+02 3.522000000000000000e+03
5.680000000000000000e+02 3.466000000000000000e+03
7.100000000000000000e+02 3.601000000000000000e+03
8.520000000000000000e+02 3.603000000000000000e+03
9.940000000000000000e+02 3.737000000000000000e+03
1.136000000000000000e+03 3.741000000000000000e+03
1.278000000000000000e+03 3.787000000000000000e+03
1.420000000000000000e+03 3.886000000000000000e+03
1.562000000000000000e+03 3.788000000000000000e+03
1.704000000000000000e+03 3.764000000000000000e+03
1.846000000000000000e+03 3.827000000000000000e+03
1.988000000000000000e+03 3.742000000000000000e+03
2.130000000000000000e+03 3.788000000000000000e+03
2.272000000000000000e+03 3.899000000000000000e+03
2.414000000000000000e+03 3.964000000000000000e+03
2.556000000000000000e+03 3.944000000000000000e+03
2.698000000000000000e+03 3.910000000000000000e+03
2.840000000000000000e+03 3.827000000000000000e+03
2.982000000000000000e+03 3.984000000000000000e+03
3.124000000000000000e+03 3.922000000000000000e+03
3.266000000000000000e+03 3.894000000000000000e+03
3.408000000000000000e+03 3.808000000000000000e+03
3.550000000000000000e+03 3.845000000000000000e+03
3.692000000000000000e+03 3.786000000000000000e+03
3.834000000000000000e+03 3.826000000000000000e+03
3.976000000000000000e+03 3.776000000000000000e+03
4.118000000000000000e+03 3.774000000000000000e+03
4.260000000000000000e+03 3.821000000000000000e+03
4.402000000000000000e+03 3.886000000000000000e+03
4.544000000000000000e+03 3.738000000000000000e+03
4.686000000000000000e+03 3.656000000000000000e+03
4.828000000000000000e+03 3.660000000000000000e+03
4.970000000000000000e+03 3.495000000000000000e+03
5.112000000000000000e+03 3.552000000000000000e+03
5.254000000000000000e+03 3.593000000000000000e+03
5.396000000000000000e+03 3.476000000000000000e+03
5.538000000000000000e+03 3.317000000000000000e+03
5.680000000000000000e+03 3.241000000000000000e+03
5.822000000000000000e+03 3.262000000000000000e+03
5.964000000000000000e+03 3.093000000000000000e+03
6.106000000000000000e+03 2.970000000000000000e+03
6.248000000000000000e+03 3.178000000000000000e+03
6.390000000000000000e+03 3.026000000000000000e+03
6.532000000000000000e+03 2.906000000000000000e+03
6.674000000000000000e+03 2.759000000000000000e+03
6.816000000000000000e+03 2.761000000000000000e+03
6.958000000000000000e+03 2.576000000000000000e+03
7.100000000000000000e+03 2.474000000000000000e+03
7.242000000000000000e+03 2.444000000000000000e+03
7.384000000000000000e+03 2.332000000000000000e+03
7.526000000000000000e+03 2.305000000000000000e+03
7.668000000000000000e+03 2.228000000000000000e+03
7.810000000000000000e+03 2.142000000000000000e+03
7.952000000000000000e+03 1.951000000000000000e+03
8.094000000000000000e+03 1.872000000000000000e+03
8.236000000000000000e+03 1.916000000000000000e+03
8.378000000000000000e+03 1.763000000000000000e+03
8.520000000000000000e+03 1.631000000000000000e+03
8.662000000000000000e+03 1.602000000000000000e+03
8.804000000000000000e+03 1.659000000000000000e+03
8.946000000000000000e+03 1.554000000000000000e+03
9.088000000000000000e+03 1.555000000000000000e+03
9.230000000000000000e+03 1.441000000000000000e+03
9.372000000000000000e+03 1.374000000000000000e+03
9.514000000000000000e+03 1.309000000000000000e+03
9.656000000000000000e+03 1.367000000000000000e+03
9.798000000000000000e+03 1.313000000000000000e+03
9.940000000000000000e+03 1.249000000000000000e+03
1.008200000000000000e+04 1.347000000000000000e+03
1.022400000000000000e+04 1.330000000000000000e+03
1.036600000000000000e+04 1.344000000000000000e+03
1.050800000000000000e+04 1.272000000000000000e+03
1.065000000000000000e+04 1.306000000000000000e+03
1.079200000000000000e+04 1.380000000000000000e+03
1.093400000000000000e+04 1.378000000000000000e+03
1.107600000000000000e+04 1.509000000000000000e+03
1.121800000000000000e+04 1.476000000000000000e+03
1.136000000000000000e+04 1.569000000000000000e+03
1.150200000000000000e+04 1.681000000000000000e+03
1.164400000000000000e+04 1.708000000000000000e+03
1.178600000000000000e+04 1.851000000000000000e+03
1.192800000000000000e+04 1.878000000000000000e+03
1.207000000000000000e+04 1.941000000000000000e+03
1.221200000000000000e+04 2.025000000000000000e+03
1.235400000000000000e+04 2.270000000000000000e+03
1.249600000000000000e+04 2.269000000000000000e+03
1.263800000000000000e+04 2.356000000000000000e+03
1.278000000000000000e+04 2.390000000000000000e+03
1.292200000000000000e+04 2.597000000000000000e+03
1.306400000000000000e+04 2.635000000000000000e+03
1.320600000000000000e+04 2.744000000000000000e+03
1.334800000000000000e+04 2.945000000000000000e+03
1.349000000000000000e+04 3.015000000000000000e+03
1.363200000000000000e+04 3.043000000000000000e+03
1.377400000000000000e+04 3.148000000000000000e+03
1.391600000000000000e+04 3.164000000000000000e+03
1.405800000000000000e+04 3.245000000000000000e+03
1.420000000000000000e+04 3.362000000000000000e+03
1.434200000000000000e+04 3.471000000000000000e+03
1.448400000000000000e+04 3.534000000000000000e+03
1.462600000000000000e+04 3.413000000000000000e+03
1.476800000000000000e+04 3.533000000000000000e+03
1.491000000000000000e+04 3.556000000000000000e+03
1.505200000000000000e+04 3.653000000000000000e+03
1.519400000000000000e+04 3.736000000000000000e+03
1.533600000000000000e+04 3.621000000000000000e+03
1.547800000000000000e+04 3.716000000000000000e+03
1.562000000000000000e+04 3.760000000000000000e+03
1.576200000000000000e+04 3.776000000000000000e+03
1.590400000000000000e+04 3.724000000000000000e+03
1.604600000000000000e+04 3.766000000000000000e+03
1.618800000000000000e+04 3.892000000000000000e+03
1.633000000000000000e+04 3.875000000000000000e+03
1.647200000000000000e+04 3.918000000000000000e+03
1.661400000000000000e+04 3.955000000000000000e+03
1.675600000000000000e+04 3.822000000000000000e+03
1.689800000000000000e+04 3.916000000000000000e+03
1.704000000000000000e+04 3.948000000000000000e+03
1.718200000000000000e+04 3.962000000000000000e+03
1.732400000000000000e+04 4.091000000000000000e+03
1.746600000000000000e+04 3.913000000000000000e+03
1.760800000000000000e+04 3.969000000000000000e+03
1.775000000000000000e+04 3.999000000000000000e+03
1.789200000000000000e+04 3.859000000000000000e+03
1.803400000000000000e+04 3.797000000000000000e+03
1.817600000000000000e+04 3.786000000000000000e+03
1.831800000000000000e+04 3.832000000000000000e+03
1.846000000000000000e+04 3.732000000000000000e+03
1.860200000000000000e+04 3.840000000000000000e+03
1.874400000000000000e+04 3.689000000000000000e+03
1.888600000000000000e+04 3.592000000000000000e+03
1.902800000000000000e+04 3.582000000000000000e+03
1.917000000000000000e+04 3.594000000000000000e+03
1.931200000000000000e+04 3.579000000000000000e+03
1.945400000000000000e+04 3.461000000000000000e+03
1.959600000000000000e+04 3.517000000000000000e+03
1.973800000000000000e+04 3.515000000000000000e+03
1.988000000000000000e+04 3.308000000000000000e+03
2.002200000000000000e+04 3.304000000000000000e+03
2.016400000000000000e+04 3.222000000000000000e+03
2.030600000000000000e+04 3.043000000000000000e+03
2.044800000000000000e+04 2.984000000000000000e+03
2.059000000000000000e+04 3.002000000000000000e+03
2.073200000000000000e+04 2.920000000000000000e+03
2.087400000000000000e+04 2.844000000000000000e+03
2.101600000000000000e+04 2.846000000000000000e+03
2.115800000000000000e+04 2.595000000000000000e+03
2.130000000000000000e+04 2.548000000000000000e+03
2.144200000000000000e+04 2.547000000000000000e+03
2.158400000000000000e+04 2.523000000000000000e+03
2.172600000000000000e+04 2.360000000000000000e+03
2.186800000000000000e+04 2.226000000000000000e+03
2.201000000000000000e+04 2.128000000000000000e+03
2.215200000000000000e+04 2.166000000000000000e+03
2.229400000000000000e+04 2.006000000000000000e+03
2.243600000000000000e+04 1.979000000000000000e+03
2.257800000000000000e+04 1.797000000000000000e+03
2.272000000000000000e+04 1.753000000000000000e+03
2.286200000000000000e+04 1.624000000000000000e+03
2.300400000000000000e+04 1.635000000000000000e+03
2.314600000000000000e+04 1.602000000000000000e+03
2.328800000000000000e+04 1.536000000000000000e+03
2.343000000000000000e+04 1.443000000000000000e+03
2.357200000000000000e+04 1.424000000000000000e+03
2.371400000000000000e+04 1.385000000000000000e+03
2.385600000000000000e+04 1.333000000000000000e+03
2.399800000000000000e+04 1.314000000000000000e+03
2.414000000000000000e+04 1.274000000000000000e+03
2.428200000000000000e+04 1.246000000000000000e+03
2.442400000000000000e+04 1.326000000000000000e+03
2.456600000000000000e+04 1.286000000000000000e+03
2.470800000000000000e+04 1.297000000000000000e+03
2.485000000000000000e+04 1.279000000000000000e+03
2.499200000000000000e+04 1.253000000000000000e+03
2.513400000000000000e+04 1.427000000000000000e+03
2.527600000000000000e+04 1.464000000000000000e+03
2.541800000000000000e+04 1.493000000000000000e+03
2.556000000000000000e+04 1.551000000000000000e+03
2.570200000000000000e+04 1.579000000000000000e+03
2.584400000000000000e+04 1.658000000000000000e+03
2.598600000000000000e+04 1.829000000000000000e+03
2.612800000000000000e+04 1.859000000000000000e+03
2.627000000000000000e+04 1.905000000000000000e+03
2.641200000000000000e+04 2.039000000000000000e+03
2.655400000000000000e+04 2.130000000000000000e+03
2.669600000000000000e+04 2.188000000000000000e+03
2.683800000000000000e+04 2.311000000000000000e+03
2.698000000000000000e+04 2.395000000000000000e+03
2.712200000000000000e+04 2.483000000000000000e+03
2.726400000000000000e+04 2.585000000000000000e+03
2.740600000000000000e+04 2.734000000000000000e+03
2.754800000000000000e+04 2.744000000000000000e+03
2.769000000000000000e+04 2.917000000000000000e+03
2.783200000000000000e+04 2.993000000000000000e+03
2.797400000000000000e+04 3.164000000000000000e+03
2.811600000000000000e+04 3.227000000000000000e+03
2.825800000000000000e+04 3.316000000000000000e+03
2.840000000000000000e+04 3.185000000000000000e+03
