0.000000000000000000e+00 1.277900000000000000e+04
1.420000000000000000e+02 1.295800000000000000e+04
2.840000000000000000e+02 1.339800000000000000e+04
4.260000000000000000e+02 1.358500000000000000e+04
5.680000000000000000e+02 1.357300000000000000e+04
7.100000000000000000e+02 1.392600000000000000e+04
8.520000000000000000e+02 1.387500000000000000e+04
9.940000000000000000e+02 1.416000000000000000e+04
1.136000000000000000e+03 1.436500000000000000e+04
1.278000000000000000e+03 1.445700000000000000e+04
1.420000000000000000e+03 1.458100000000000000e+04
1.562000000000000000e+03 1.431400000000000000e+04
1.704000000000000000e+03 1.465400000000000000e+04
1.846000000000000000e+03 1.459400000000000000e+04
1.988000000000000000e+03 1.474300000000000000e+04
2.130000000000000000e+03 1.469600000000000000e+04
2.272000000000000000e+03 1.470500000000000000e+04
2.414000000000000000e+03 1.466900000000000000e+04
2.556000000000000000e+03 1.482500000000000000e+04
2.698000000000000000e+03 1.480600000000000000e+04
2.840000000000000000e+03 1.485000000000000000e+04
2.982000000000000000e+03 1.478300000000000000e+04
3.124000000000000000e+03 1.484900000000000000e+04
3.266000000000000000e+03 1.476400000000000000e+04
3.408000000000000000e+03 1.479600000000000000e+04
3.550000000000000000e+03 1.495600000000000000e+04
3.692000000000000000e+03 1.458100000000000000e+04
3.834000000000000000e+03 1.466400000000000000e+04
3.976000000000000000e+03 1.449900000000000000e+04
4.118000000000000000e+03 1.474400000000000000e+04
4.260000000000000000e+03 1.443800000000000000e+04
4.402000000000000000e+03 1.419800000000000000e+04
4.544000000000000000e+03 1.451200000000000000e+04
4.686000000000000000e+03 1.396400000000000000e+04
4.828000000000000000e+03 1.383600000000000000e+04
4.970000000000000000e+03 1.362500000000000000e+04
5.112000000000000000e+03 1.355500000000000000e+04
5.254000000000000000e+03 1.330400000000000000e+04
5.396000000000000000e+03 1.302000000000000000e+04
5.538000000000000000e+03 1.280200000000000000e+04
5.680000000000000000e+03 1.265300000000000000e+04
5.822000000000000000e+03 1.236300000000000000e+04
5.964000000000000000e+03 1.204100000000000000e+04
6.106000000000000000e+03 1.190200000000000000e+04
6.248000000000000000e+03 1.155200000000000000e+04
6.390000000000000000e+03 1.133800000000000000e+04
6.532000000000000000e+03 1.107200000000000000e+04
6.674000000000000000e+03 1.078300000000000000e+04
6.816000000000000000e+03 1.022500000000000000e+04
6.958000000000000000e+03 1.013100000000000000e+04
7.100000000000000000e+03 9.809000000000000000e+03
7.242000000000000000e+03 9.458000000000000000e+03
7.384000000000000000e+03 9.249000000000000000e+03
7.526000000000000000e+03 8.594000000000000000e+03
7.668000000000000000e+03 8.262000000000000000e+03
7.810000000000000000e+03 8.166000000000000000e+03
7.952000000000000000e+03 7.665000000000000000e+03
8.094000000000000000e+03 7.391000000000000000e+03
8.236000000000000000e+03 7.109000000000000000e+03
8.378000000000000000e+03 6.826000000000000000e+03
8.520000000000000000e+03 6.386000000000000000e+03
8.662000000000000000e+03 6.180000000000000000e+03
8.804000000000000000e+03 6.056000000000000000e+03
8.946000000000000000e+03 5.774000000000000000e+03
9.088000000000000000e+03 5.462000000000000000e+03
9.230000000000000000e+03 5.331000000000000000e+03
9.372000000000000000e+03 5.098000000000000000e+03
9.514000000000000000e+03 5.018000000000000000e+03
9.656000000000000000e+03 4.853000000000000000e+03
9.798000000000000000e+03 4.759000000000000000e+03
9.940000000000000000e+03 4.747000000000000000e+03
1.008200000000000000e+04 4.659000000000000000e+03
1.022400000000000000e+04 4.713000000000000000e+03
1.036600000000000000e+04 4.692000000000000000e+03
1.050800000000000000e+04 4.782000000000000000e+03
1.065000000000000000e+04 4.988000000000000000e+03
1.079200000000000000e+04 4.972000000000000000e+03
1.093400000000000000e+04 5.221000000000000000e+03
1.107600000000000000e+04 5.440000000000000000e+03
1.121800000000000000e+04 5.676000000000000000e+03
1.136000000000000000e+04 5.897000000000000000e+03
1.150200000000000000e+04 6.242000000000000000e+03
1.164400000000000000e+04 6.531000000000000000e+03
1.178600000000000000e+04 6.879000000000000000e+03
1.192800000000000000e+04 7.179000000000000000e+03
1.207000000000000000e+04 7.498000000000000000e+03
1.221200000000000000e+04 8.069000000000000000e+03
1.235400000000000000e+04 8.305000000000000000e+03
1.249600000000000000e+04 8.685000000000000000e+03
1.263800000000000000e+04 9.082000000000000000e+03
1.278000000000000000e+04 9.512000000000000000e+03
1.292200000000000000e+04 9.946000000000000000e+03
1.306400000000000000e+04 1.015000000000000000e+04
1.320600000000000000e+04 1.058700000000000000e+04
1.334800000000000000e+04 1.099800000000000000e+04
1.349000000000000000e+04 1.125200000000000000e+04
1.363200000000000000e+04 1.180500000000000000e+04
1.377400000000000000e+04 1.183100000000000000e+04
1.391600000000000000e+04 1.224800000000000000e+04
1.405800000000000000e+04 1.258800000000000000e+04
1.420000000000000000e+04 1.260600000000000000e+04
1.434200000000000000e+04 1.287800000000000000e+04
1.448400000000000000e+04 1.305300000000000000e+04
1.462600000000000000e+04 1.347600000000000000e+04
1.476800000000000000e+04 1.349800000000000000e+04
1.491000000000000000e+04 1.383400000000000000e+04
1.505200000000000000e+04 1.379400000000000000e+04
1.519400000000000000e+04 1.400900000000000000e+04
1.533600000000000000e+04 1.429100000000000000e+04
1.547800000000000000e+04 1.434500000000000000e+04
1.562000000000000000e+04 1.412900000000000000e+04
1.576200000000000000e+04 1.432300000000000000e+04
1.590400000000000000e+04 1.434700000000000000e+04
1.604600000000000000e+04 1.454200000000000000e+04
1.618800000000000000e+04 1.482400000000000000e+04
1.633000000000000000e+04 1.476900000000000000e+04
1.647200000000000000e+04 1.454500000000000000e+04
1.661400000000000000e+04 1.487300000000000000e+04
1.675600000000000000e+04 1.470300000000000000e+04
1.689800000000000000e+04 1.466900000000000000e+04
1.704000000000000000e+04 1.480500000000000000e+04
1.718200000000000000e+04 1.494100000000000000e+04
1.732400000000000000e+04 1.462900000000000000e+04
1.746600000000000000e+04 1.473700000000000000e+04
1.760800000000000000e+04 1.486800000000000000e+04
1.775000000000000000e+04 1.493500000000000000e+04
1.789200000000000000e+04 1.497100000000000000e+04
1.803400000000000000e+04 1.472300000000000000e+04
1.817600000000000000e+04 1.454800000000000000e+04
1.831800000000000000e+04 1.454500000000000000e+04
1.846000000000000000e+04 1.450700000000000000e+04
1.860200000000000000e+04 1.404200000000000000e+04
1.874400000000000000e+04 1.408600000000000000e+04
1.888600000000000000e+04 1.402100000000000000e+04
1.902800000000000000e+04 1.386800000000000000e+04
1.917000000000000000e+04 1.383700000000000000e+04
1.931200000000000000e+04 1.358500000000000000e+04
1.945400000000000000e+04 1.334300000000000000e+04
1.959600000000000000e+04 1.335700000000000000e+04
1.973800000000000000e+04 1.291300000000000000e+04
1.988000000000000000e+04 1.287300000000000000e+04
2.002200000000000000e+04 1.251800000000000000e+04
2.016400000000000000e+04 1.235500000000000000e+04
2.030600000000000000e+04 1.216600000000000000e+04
2.044800000000000000e+04 1.170200000000000000e+04
2.059000000000000000e+04 1.165100000000000000e+04
2.073200000000000000e+04 1.134500000000000000e+04
2.087400000000000000e+04 1.085400000000000000e+04
2.101600000000000000e+04 1.064600000000000000e+04
2.115800000000000000e+04 1.042400000000000000e+04
2.130000000000000000e+04 1.012700000000000000e+04
2.144200000000000000e+04 9.450000000000000000e+03
2.158400000000000000e+04 9.239000000000000000e+03
2.172600000000000000e+04 9.012000000000000000e+03
2.186800000000000000e+04 8.649000000000000000e+03
2.201000000000000000e+04 8.132000000000000000e+03
2.215200000000000000e+04 8.028000000000000000e+03
2.229400000000000000e+04 7.516000000000000000e+03
2.243600000000000000e+04 7.239000000000000000e+03
2.257800000000000000e+04 6.890000000000000000e+03
2.272000000000000000e+04 6.647000000000000000e+03
2.286200000000000000e+04 6.377000000000000000e+03
2.300400000000000000e+04 6.171000000000000000e+03
2.314600000000000000e+04 5.873000000000000000e+03
2.328800000000000000e+04 5.600000000000000000e+03
2.343000000000000000e+04 5.296000000000000000e+03
2.357200000000000000e+04 5.300000000000000000e+03
2.371400000000000000e+04 5.112000000000000000e+03
2.385600000000000000e+04 4.856000000000000000e+03
2.399800000000000000e+04 4.909000000000000000e+03
2.414000000000000000e+04 4.855000000000000000e+03
2.428200000000000000e+04 4.628000000000000000e+03
2.442400000000000000e+04 4.768000000000000000e+03
2.456600000000000000e+04 4.822000000000000000e+03
2.470800000000000000e+04 4.673000000000000000e+03
2.485000000000000000e+04 4.882000000000000000e+03
2.499200000000000000e+04 4.901000000000000000e+03
2.513400000000000000e+04 5.131000000000000000e+03
2.527600000000000000e+04 5.254000000000000000e+03
2.541800000000000000e+04 5.462000000000000000e+03
2.556000000000000000e+04 5.704000000000000000e+03
2.570200000000000000e+04 6.158000000000000000e+03
2.584400000000000000e+04 6.387000000000000000e+03
2.598600000000000000e+04 6.623000000000000000e+03
2.612800000000000000e+04 7.088000000000000000e+03
2.627000000000000000e+04 7.248000000000000000e+03
2.641200000000000000e+04 7.549000000000000000e+03
2.655400000000000000e+04 8.104000000000000000e+03
2.669600000000000000e+04 8.532000000000000000e+03
2.683800000000000000e+04 8.684000000000000000e+03
2.698000000000000000e+04 9.223000000000000000e+03
2.712200000000000000e+04 9.639000000000000000e+03
2.726400000000000000e+04 1.002300000000000000e+04
2.740600000000000000e+04 1.028800000000000000e+04
2.754800000000000000e+04 1.088300000000000000e+04
2.769000000000000000e+04 1.123900000000000000e+04
2.783200000000000000e+04 1.151800000000000000e+04
2.797400000000000000e+04 1.153900000000000000e+04
2.811600000000000000e+04 1.206000000000000000e+04
2.825800000000000000e+04 1.231900000000000000e+04
2.840000000000000000e+04 1.260800000000000000e+04
