0.000000000000000000e+00 1.117600000000000000e+04
3.300000000000000000e+01 1.189500000000000000e+04
6.600000000000000000e+01 1.191500000000000000e+04
9.900000000000000000e+01 1.233500000000000000e+04
1.320000000000000000e+02 1.261600000000000000e+04
1.650000000000000000e+02 1.250200000000000000e+04
1.980000000000000000e+02 1.280400000000000000e+04
2.310000000000000000e+02 1.297600000000000000e+04
2.640000000000000000e+02 1.307500000000000000e+04
2.970000000000000000e+02 1.338400000000000000e+04
3.300000000000000000e+02 1.352100000000000000e+04
3.630000000000000000e+02 1.366900000000000000e+04
3.960000000000000000e+02 1.363400000000000000e+04
4.290000000000000000e+02 1.354900000000000000e+04
4.620000000000000000e+02 1.397000000000000000e+04
4.950000000000000000e+02 1.395800000000000000e+04
5.280000000000000000e+02 1.415900000000000000e+04
5.610000000000000000e+02 1.397100000000000000e+04
5.940000000000000000e+02 1.373900000000000000e+04
6.270000000000000000e+02 1.401800000000000000e+04
6.600000000000000000e+02 1.409700000000000000e+04
6.930000000000000000e+02 1.430100000000000000e+04
7.260000000000000000e+02 1.400000000000000000e+04
7.590000000000000000e+02 1.396700000000000000e+04
7.920000000000000000e+02 1.439300000000000000e+04
8.250000000000000000e+02 1.418900000000000000e+04
8.580000000000000000e+02 1.415400000000000000e+04
8.910000000000000000e+02 1.397600000000000000e+04
9.240000000000000000e+02 1.393200000000000000e+04
9.570000000000000000e+02 1.393800000000000000e+04
9.900000000000000000e+02 1.390500000000000000e+04
1.023000000000000000e+03 1.385000000000000000e+04
1.056000000000000000e+03 1.385900000000000000e+04
1.089000000000000000e+03 1.361300000000000000e+04
1.122000000000000000e+03 1.375700000000000000e+04
1.155000000000000000e+03 1.356800000000000000e+04
1.188000000000000000e+03 1.341700000000000000e+04
1.221000000000000000e+03 1.313700000000000000e+04
1.254000000000000000e+03 1.309800000000000000e+04
1.287000000000000000e+03 1.263500000000000000e+04
1.320000000000000000e+03 1.284300000000000000e+04
1.353000000000000000e+03 1.258500000000000000e+04
1.386000000000000000e+03 1.236200000000000000e+04
1.419000000000000000e+03 1.213800000000000000e+04
1.452000000000000000e+03 1.184100000000000000e+04
1.485000000000000000e+03 1.176800000000000000e+04
1.518000000000000000e+03 1.148800000000000000e+04
1.551000000000000000e+03 1.136800000000000000e+04
1.584000000000000000e+03 1.116800000000000000e+04
1.617000000000000000e+03 1.084500000000000000e+04
1.650000000000000000e+03 1.065400000000000000e+04
1.683000000000000000e+03 1.005700000000000000e+04
1.716000000000000000e+03 9.925000000000000000e+03
1.749000000000000000e+03 9.795000000000000000e+03
1.782000000000000000e+03 9.378000000000000000e+03
1.815000000000000000e+03 9.173000000000000000e+03
1.848000000000000000e+03 8.626000000000000000e+03
1.881000000000000000e+03 8.341000000000000000e+03
1.914000000000000000e+03 8.273000000000000000e+03
1.947000000000000000e+03 7.848000000000000000e+03
1.980000000000000000e+03 7.660000000000000000e+03
2.013000000000000000e+03 7.439000000000000000e+03
2.046000000000000000e+03 7.113000000000000000e+03
2.079000000000000000e+03 6.800000000000000000e+03
2.112000000000000000e+03 6.760000000000000000e+03
2.145000000000000000e+03 6.660000000000000000e+03
2.178000000000000000e+03 6.300000000000000000e+03
2.211000000000000000e+03 6.127000000000000000e+03
2.244000000000000000e+03 6.029000000000000000e+03
2.277000000000000000e+03 5.660000000000000000e+03
2.310000000000000000e+03 5.588000000000000000e+03
2.343000000000000000e+03 5.529000000000000000e+03
2.376000000000000000e+03 5.365000000000000000e+03
2.409000000000000000e+03 5.361000000000000000e+03
2.442000000000000000e+03 5.350000000000000000e+03
2.475000000000000000e+03 5.310000000000000000e+03
2.508000000000000000e+03 5.308000000000000000e+03
2.541000000000000000e+03 5.138000000000000000e+03
2.574000000000000000e+03 5.420000000000000000e+03
2.607000000000000000e+03 5.438000000000000000e+03
2.640000000000000000e+03 5.527000000000000000e+03
2.673000000000000000e+03 5.509000000000000000e+03
2.706000000000000000e+03 5.759000000000000000e+03
2.739000000000000000e+03 6.086000000000000000e+03
2.772000000000000000e+03 6.147000000000000000e+03
2.805000000000000000e+03 6.293000000000000000e+03
2.838000000000000000e+03 6.607000000000000000e+03
2.871000000000000000e+03 7.070000000000000000e+03
2.904000000000000000e+03 7.175000000000000000e+03
2.937000000000000000e+03 7.416000000000000000e+03
2.970000000000000000e+03 7.856000000000000000e+03
3.003000000000000000e+03 8.112000000000000000e+03
3.036000000000000000e+03 8.415000000000000000e+03
3.069000000000000000e+03 8.786000000000000000e+03
3.102000000000000000e+03 9.145000000000000000e+03
3.135000000000000000e+03 9.647000000000000000e+03
3.168000000000000000e+03 1.000600000000000000e+04
3.201000000000000000e+03 1.010300000000000000e+04
3.234000000000000000e+03 1.064500000000000000e+04
3.267000000000000000e+03 1.089100000000000000e+04
3.300000000000000000e+03 1.125800000000000000e+04
3.333000000000000000e+03 1.154100000000000000e+04
3.366000000000000000e+03 1.171300000000000000e+04
3.399000000000000000e+03 1.197300000000000000e+04
3.432000000000000000e+03 1.251900000000000000e+04
3.465000000000000000e+03 1.256600000000000000e+04
3.498000000000000000e+03 1.284100000000000000e+04
3.531000000000000000e+03 1.285800000000000000e+04
3.564000000000000000e+03 1.282900000000000000e+04
3.597000000000000000e+03 1.322600000000000000e+04
3.630000000000000000e+03 1.340000000000000000e+04
3.663000000000000000e+03 1.340700000000000000e+04
3.696000000000000000e+03 1.354400000000000000e+04
3.729000000000000000e+03 1.375000000000000000e+04
3.762000000000000000e+03 1.400100000000000000e+04
3.795000000000000000e+03 1.371400000000000000e+04
3.828000000000000000e+03 1.387300000000000000e+04
3.861000000000000000e+03 1.397400000000000000e+04
3.894000000000000000e+03 1.387100000000000000e+04
3.927000000000000000e+03 1.405700000000000000e+04
3.960000000000000000e+03 1.403200000000000000e+04
3.993000000000000000e+03 1.417900000000000000e+04
4.026000000000000000e+03 1.397100000000000000e+04
4.059000000000000000e+03 1.407200000000000000e+04
4.092000000000000000e+03 1.398500000000000000e+04
4.125000000000000000e+03 1.397300000000000000e+04
4.158000000000000000e+03 1.418200000000000000e+04
4.191000000000000000e+03 1.394600000000000000e+04
4.224000000000000000e+03 1.405400000000000000e+04
4.257000000000000000e+03 1.401600000000000000e+04
4.290000000000000000e+03 1.395700000000000000e+04
4.323000000000000000e+03 1.389600000000000000e+04
4.356000000000000000e+03 1.378800000000000000e+04
4.389000000000000000e+03 1.369200000000000000e+04
4.422000000000000000e+03 1.364400000000000000e+04
4.455000000000000000e+03 1.344700000000000000e+04
4.488000000000000000e+03 1.346400000000000000e+04
4.521000000000000000e+03 1.313700000000000000e+04
4.554000000000000000e+03 1.320200000000000000e+04
4.587000000000000000e+03 1.314200000000000000e+04
4.620000000000000000e+03 1.301300000000000000e+04
4.653000000000000000e+03 1.283500000000000000e+04
4.686000000000000000e+03 1.253200000000000000e+04
4.719000000000000000e+03 1.234900000000000000e+04
4.752000000000000000e+03 1.209500000000000000e+04
4.785000000000000000e+03 1.213300000000000000e+04
4.818000000000000000e+03 1.161800000000000000e+04
4.851000000000000000e+03 1.158300000000000000e+04
4.884000000000000000e+03 1.130000000000000000e+04
4.917000000000000000e+03 1.103000000000000000e+04
4.950000000000000000e+03 1.080900000000000000e+04
4.983000000000000000e+03 1.051900000000000000e+04
5.016000000000000000e+03 1.033300000000000000e+04
5.049000000000000000e+03 9.814000000000000000e+03
5.082000000000000000e+03 9.613000000000000000e+03
5.115000000000000000e+03 9.383000000000000000e+03
5.148000000000000000e+03 9.257000000000000000e+03
5.181000000000000000e+03 8.731000000000000000e+03
5.214000000000000000e+03 8.358000000000000000e+03
5.247000000000000000e+03 8.197000000000000000e+03
5.280000000000000000e+03 7.835000000000000000e+03
5.313000000000000000e+03 7.620000000000000000e+03
5.346000000000000000e+03 7.303000000000000000e+03
5.379000000000000000e+03 7.273000000000000000e+03
5.412000000000000000e+03 6.786000000000000000e+03
5.445000000000000000e+03 6.864000000000000000e+03
5.478000000000000000e+03 6.374000000000000000e+03
5.511000000000000000e+03 6.177000000000000000e+03
5.544000000000000000e+03 6.172000000000000000e+03
5.577000000000000000e+03 5.920000000000000000e+03
5.610000000000000000e+03 5.695000000000000000e+03
5.643000000000000000e+03 5.658000000000000000e+03
5.676000000000000000e+03 5.440000000000000000e+03
5.709000000000000000e+03 5.400000000000000000e+03
5.742000000000000000e+03 5.378000000000000000e+03
5.775000000000000000e+03 5.363000000000000000e+03
5.808000000000000000e+03 5.202000000000000000e+03
5.841000000000000000e+03 5.338000000000000000e+03
5.874000000000000000e+03 5.323000000000000000e+03
5.907000000000000000e+03 5.391000000000000000e+03
5.940000000000000000e+03 5.435000000000000000e+03
5.973000000000000000e+03 5.504000000000000000e+03
6.006000000000000000e+03 5.846000000000000000e+03
6.039000000000000000e+03 5.709000000000000000e+03
6.072000000000000000e+03 5.858000000000000000e+03
6.105000000000000000e+03 6.123000000000000000e+03
6.138000000000000000e+03 6.356000000000000000e+03
6.171000000000000000e+03 6.756000000000000000e+03
6.204000000000000000e+03 6.956000000000000000e+03
6.237000000000000000e+03 7.236000000000000000e+03
6.270000000000000000e+03 7.684000000000000000e+03
6.303000000000000000e+03 7.772000000000000000e+03
6.336000000000000000e+03 8.296000000000000000e+03
6.369000000000000000e+03 8.732000000000000000e+03
6.402000000000000000e+03 8.916000000000000000e+03
6.435000000000000000e+03 9.258000000000000000e+03
6.468000000000000000e+03 9.526000000000000000e+03
6.501000000000000000e+03 1.004100000000000000e+04
6.534000000000000000e+03 1.040400000000000000e+04
6.567000000000000000e+03 1.065300000000000000e+04
6.600000000000000000e+03 1.119200000000000000e+04
6.633000000000000000e+03 1.126200000000000000e+04
