0.000000000000000000e+00 8.794000000000000000e+03
2.000000000000000000e+01 9.130000000000000000e+03
4.000000000000000000e+01 9.369000000000000000e+03
6.000000000000000000e+01 9.785000000000000000e+03
8.000000000000000000e+01 9.881000000000000000e+03
1.000000000000000000e+02 1.022500000000000000e+04
1.200000000000000000e+02 1.013300000000000000e+04
1.400000000000000000e+02 1.062800000000000000e+04
1.600000000000000000e+02 1.082100000000000000e+04
1.800000000000000000e+02 1.079400000000000000e+04
2.000000000000000000e+02 1.077800000000000000e+04
2.200000000000000000e+02 1.113300000000000000e+04
2.400000000000000000e+02 1.131400000000000000e+04
2.600000000000000000e+02 1.158600000000000000e+04
2.800000000000000000e+02 1.145400000000000000e+04
3.000000000000000000e+02 1.163900000000000000e+04
3.200000000000000000e+02 1.176200000000000000e+04
3.400000000000000000e+02 1.212500000000000000e+04
3.600000000000000000e+02 1.180000000000000000e+04
3.800000000000000000e+02 1.193100000000000000e+04
4.000000000000000000e+02 1.192100000000000000e+04
4.200000000000000000e+02 1.202600000000000000e+04
4.400000000000000000e+02 1.221900000000000000e+04
4.600000000000000000e+02 1.196000000000000000e+04
4.800000000000000000e+02 1.234000000000000000e+04
5.000000000000000000e+02 1.249100000000000000e+04
5.200000000000000000e+02 1.233600000000000000e+04
5.400000000000000000e+02 1.233200000000000000e+04
5.600000000000000000e+02 1.215700000000000000e+04
5.800000000000000000e+02 1.222400000000000000e+04
6.000000000000000000e+02 1.234400000000000000e+04
6.200000000000000000e+02 1.197700000000000000e+04
6.400000000000000000e+02 1.221500000000000000e+04
6.600000000000000000e+02 1.218500000000000000e+04
6.800000000000000000e+02 1.174000000000000000e+04
7.000000000000000000e+02 1.186700000000000000e+04
7.200000000000000000e+02 1.178000000000000000e+04
7.400000000000000000e+02 1.170400000000000000e+04
7.600000000000000000e+02 1.170900000000000000e+04
7.800000000000000000e+02 1.125700000000000000e+04
8.000000000000000000e+02 1.150400000000000000e+04
8.200000000000000000e+02 1.124500000000000000e+04
8.400000000000000000e+02 1.123300000000000000e+04
8.600000000000000000e+02 1.097100000000000000e+04
8.800000000000000000e+02 1.069300000000000000e+04
9.000000000000000000e+02 1.059600000000000000e+04
9.200000000000000000e+02 1.014600000000000000e+04
9.400000000000000000e+02 1.039400000000000000e+04
9.600000000000000000e+02 9.965000000000000000e+03
9.800000000000000000e+02 1.004300000000000000e+04
1.000000000000000000e+03 9.522000000000000000e+03
1.020000000000000000e+03 9.349000000000000000e+03
1.040000000000000000e+03 9.437000000000000000e+03
1.060000000000000000e+03 8.787000000000000000e+03
1.080000000000000000e+03 8.646000000000000000e+03
1.100000000000000000e+03 8.592000000000000000e+03
1.120000000000000000e+03 8.012000000000000000e+03
1.140000000000000000e+03 7.936000000000000000e+03
1.160000000000000000e+03 7.774000000000000000e+03
1.180000000000000000e+03 7.561000000000000000e+03
1.200000000000000000e+03 7.458000000000000000e+03
1.220000000000000000e+03 7.012000000000000000e+03
1.240000000000000000e+03 6.746000000000000000e+03
1.260000000000000000e+03 6.543000000000000000e+03
1.280000000000000000e+03 6.463000000000000000e+03
1.300000000000000000e+03 6.171000000000000000e+03
1.320000000000000000e+03 6.086000000000000000e+03
1.340000000000000000e+03 5.792000000000000000e+03
1.360000000000000000e+03 5.860000000000000000e+03
1.380000000000000000e+03 5.724000000000000000e+03
1.400000000000000000e+03 5.432000000000000000e+03
1.420000000000000000e+03 5.298000000000000000e+03
1.440000000000000000e+03 5.215000000000000000e+03
1.460000000000000000e+03 5.058000000000000000e+03
1.480000000000000000e+03 5.151000000000000000e+03
1.500000000000000000e+03 5.114000000000000000e+03
1.520000000000000000e+03 4.965000000000000000e+03
1.540000000000000000e+03 4.921000000000000000e+03
1.560000000000000000e+03 4.895000000000000000e+03
1.580000000000000000e+03 4.957000000000000000e+03
1.600000000000000000e+03 4.984000000000000000e+03
1.620000000000000000e+03 5.011000000000000000e+03
1.640000000000000000e+03 4.946000000000000000e+03
1.660000000000000000e+03 5.134000000000000000e+03
1.680000000000000000e+03 5.254000000000000000e+03
1.700000000000000000e+03 5.373000000000000000e+03
1.720000000000000000e+03 5.594000000000000000e+03
1.740000000000000000e+03 5.807000000000000000e+03
1.760000000000000000e+03 5.909000000000000000e+03
1.780000000000000000e+03 6.103000000000000000e+03
1.800000000000000000e+03 6.523000000000000000e+03
1.820000000000000000e+03 6.510000000000000000e+03
1.840000000000000000e+03 6.850000000000000000e+03
1.860000000000000000e+03 6.858000000000000000e+03
1.880000000000000000e+03 7.249000000000000000e+03
1.900000000000000000e+03 7.654000000000000000e+03
1.920000000000000000e+03 7.844000000000000000e+03
1.940000000000000000e+03 8.182000000000000000e+03
1.960000000000000000e+03 8.524000000000000000e+03
1.980000000000000000e+03 8.756000000000000000e+03
2.000000000000000000e+03 8.977000000000000000e+03
2.020000000000000000e+03 9.079000000000000000e+03
2.040000000000000000e+03 9.542000000000000000e+03
2.060000000000000000e+03 9.690000000000000000e+03
2.080000000000000000e+03 1.007000000000000000e+04
2.100000000000000000e+03 1.011400000000000000e+04
2.120000000000000000e+03 1.026400000000000000e+04
2.140000000000000000e+03 1.050400000000000000e+04
2.160000000000000000e+03 1.060400000000000000e+04
2.180000000000000000e+03 1.100400000000000000e+04
2.200000000000000000e+03 1.114700000000000000e+04
2.220000000000000000e+03 1.119200000000000000e+04
2.240000000000000000e+03 1.104600000000000000e+04
2.260000000000000000e+03 1.145900000000000000e+04
2.280000000000000000e+03 1.157600000000000000e+04
2.300000000000000000e+03 1.176200000000000000e+04
2.320000000000000000e+03 1.206100000000000000e+04
2.340000000000000000e+03 1.174600000000000000e+04
2.360000000000000000e+03 1.171600000000000000e+04
2.380000000000000000e+03 1.218800000000000000e+04
2.400000000000000000e+03 1.200700000000000000e+04
2.420000000000000000e+03 1.205200000000000000e+04
2.440000000000000000e+03 1.227400000000000000e+04
2.460000000000000000e+03 1.233800000000000000e+04
2.480000000000000000e+03 1.219900000000000000e+04
2.500000000000000000e+03 1.218900000000000000e+04
2.520000000000000000e+03 1.221000000000000000e+04
2.540000000000000000e+03 1.215800000000000000e+04
2.560000000000000000e+03 1.243400000000000000e+04
2.580000000000000000e+03 1.219700000000000000e+04
2.600000000000000000e+03 1.224900000000000000e+04
2.620000000000000000e+03 1.221200000000000000e+04
2.640000000000000000e+03 1.214900000000000000e+04
2.660000000000000000e+03 1.230000000000000000e+04
2.680000000000000000e+03 1.200400000000000000e+04
2.700000000000000000e+03 1.193600000000000000e+04
2.720000000000000000e+03 1.166200000000000000e+04
2.740000000000000000e+03 1.169200000000000000e+04
2.760000000000000000e+03 1.170100000000000000e+04
2.780000000000000000e+03 1.148400000000000000e+04
2.800000000000000000e+03 1.137800000000000000e+04
2.820000000000000000e+03 1.131600000000000000e+04
2.840000000000000000e+03 1.120200000000000000e+04
2.860000000000000000e+03 1.093800000000000000e+04
2.880000000000000000e+03 1.064100000000000000e+04
2.900000000000000000e+03 1.043700000000000000e+04
2.920000000000000000e+03 1.027700000000000000e+04
2.940000000000000000e+03 1.017500000000000000e+04
2.960000000000000000e+03 1.004200000000000000e+04
2.980000000000000000e+03 9.764000000000000000e+03
3.000000000000000000e+03 9.502000000000000000e+03
3.020000000000000000e+03 9.097000000000000000e+03
3.040000000000000000e+03 8.978000000000000000e+03
3.060000000000000000e+03 8.903000000000000000e+03
3.080000000000000000e+03 8.498000000000000000e+03
3.100000000000000000e+03 8.416000000000000000e+03
3.120000000000000000e+03 8.154000000000000000e+03
3.140000000000000000e+03 7.860000000000000000e+03
3.160000000000000000e+03 7.747000000000000000e+03
3.180000000000000000e+03 7.556000000000000000e+03
3.200000000000000000e+03 7.230000000000000000e+03
3.220000000000000000e+03 7.144000000000000000e+03
3.240000000000000000e+03 6.770000000000000000e+03
3.260000000000000000e+03 6.528000000000000000e+03
3.280000000000000000e+03 6.277000000000000000e+03
3.300000000000000000e+03 6.309000000000000000e+03
3.320000000000000000e+03 6.130000000000000000e+03
3.340000000000000000e+03 5.958000000000000000e+03
3.360000000000000000e+03 5.757000000000000000e+03
3.380000000000000000e+03 5.588000000000000000e+03
3.400000000000000000e+03 5.516000000000000000e+03
3.420000000000000000e+03 5.385000000000000000e+03
3.440000000000000000e+03 5.256000000000000000e+03
3.460000000000000000e+03 5.175000000000000000e+03
3.480000000000000000e+03 5.051000000000000000e+03
3.500000000000000000e+03 4.990000000000000000e+03
3.520000000000000000e+03 5.025000000000000000e+03
3.540000000000000000e+03 4.903000000000000000e+03
3.560000000000000000e+03 4.889000000000000000e+03
3.580000000000000000e+03 4.954000000000000000e+03
3.600000000000000000e+03 4.972000000000000000e+03
3.620000000000000000e+03 5.096000000000000000e+03
3.640000000000000000e+03 5.070000000000000000e+03
3.660000000000000000e+03 5.126000000000000000e+03
3.680000000000000000e+03 5.142000000000000000e+03
3.700000000000000000e+03 5.339000000000000000e+03
3.720000000000000000e+03 5.681000000000000000e+03
3.740000000000000000e+03 5.663000000000000000e+03
3.760000000000000000e+03 5.816000000000000000e+03
3.780000000000000000e+03 6.127000000000000000e+03
3.800000000000000000e+03 6.408000000000000000e+03
3.820000000000000000e+03 6.490000000000000000e+03
3.840000000000000000e+03 6.889000000000000000e+03
3.860000000000000000e+03 7.032000000000000000e+03
3.880000000000000000e+03 7.369000000000000000e+03
3.900000000000000000e+03 7.769000000000000000e+03
3.920000000000000000e+03 7.892000000000000000e+03
3.940000000000000000e+03 8.169000000000000000e+03
3.960000000000000000e+03 8.498000000000000000e+03
3.980000000000000000e+03 8.673000000000000000e+03
