0.000000000000000000e+00 8.426000000000000000e+03
1.000000000000000000e+02 8.740000000000000000e+03
2.000000000000000000e+02 8.796000000000000000e+03
3.000000000000000000e+02 9.058000000000000000e+03
4.000000000000000000e+02 9.269000000000000000e+03
5.000000000000000000e+02 9.213000000000000000e+03
6.000000000000000000e+02 9.549000000000000000e+03
7.000000000000000000e+02 9.511000000000000000e+03
8.000000000000000000e+02 9.449000000000000000e+03
9.000000000000000000e+02 9.815000000000000000e+03
1.000000000000000000e+03 9.692000000000000000e+03
1.100000000000000000e+03 9.772000000000000000e+03
1.200000000000000000e+03 1.002300000000000000e+04
1.300000000000000000e+03 1.005800000000000000e+04
1.400000000000000000e+03 9.934000000000000000e+03
1.500000000000000000e+03 9.986000000000000000e+03
1.600000000000000000e+03 1.012400000000000000e+04
1.700000000000000000e+03 1.022400000000000000e+04
1.800000000000000000e+03 1.009200000000000000e+04
1.900000000000000000e+03 1.012400000000000000e+04
2.000000000000000000e+03 1.009400000000000000e+04
2.100000000000000000e+03 1.007400000000000000e+04
2.200000000000000000e+03 1.003800000000000000e+04
2.300000000000000000e+03 1.003400000000000000e+04
2.400000000000000000e+03 1.002300000000000000e+04
2.500000000000000000e+03 9.918000000000000000e+03
2.600000000000000000e+03 9.935000000000000000e+03
2.700000000000000000e+03 9.832000000000000000e+03
2.800000000000000000e+03 9.648000000000000000e+03
2.900000000000000000e+03 9.828000000000000000e+03
3.000000000000000000e+03 9.826000000000000000e+03
3.100000000000000000e+03 9.683000000000000000e+03
3.200000000000000000e+03 9.735000000000000000e+03
3.300000000000000000e+03 9.485000000000000000e+03
3.400000000000000000e+03 9.519000000000000000e+03
3.500000000000000000e+03 9.361000000000000000e+03
3.600000000000000000e+03 9.075000000000000000e+03
3.700000000000000000e+03 9.041000000000000000e+03
3.800000000000000000e+03 8.795000000000000000e+03
3.900000000000000000e+03 9.061000000000000000e+03
4.000000000000000000e+03 8.548000000000000000e+03
4.100000000000000000e+03 8.538000000000000000e+03
4.200000000000000000e+03 8.135000000000000000e+03
4.300000000000000000e+03 8.212000000000000000e+03
4.400000000000000000e+03 7.978000000000000000e+03
4.500000000000000000e+03 7.612000000000000000e+03
4.600000000000000000e+03 7.398000000000000000e+03
4.700000000000000000e+03 7.284000000000000000e+03
4.800000000000000000e+03 7.162000000000000000e+03
4.900000000000000000e+03 6.799000000000000000e+03
5.000000000000000000e+03 6.605000000000000000e+03
5.100000000000000000e+03 6.518000000000000000e+03
5.200000000000000000e+03 6.035000000000000000e+03
5.300000000000000000e+03 5.917000000000000000e+03
5.400000000000000000e+03 5.657000000000000000e+03
5.500000000000000000e+03 5.344000000000000000e+03
5.600000000000000000e+03 5.404000000000000000e+03
5.700000000000000000e+03 4.945000000000000000e+03
5.800000000000000000e+03 4.668000000000000000e+03
5.900000000000000000e+03 4.681000000000000000e+03
6.000000000000000000e+03 4.209000000000000000e+03
6.100000000000000000e+03 4.216000000000000000e+03
6.200000000000000000e+03 3.948000000000000000e+03
6.300000000000000000e+03 3.821000000000000000e+03
6.400000000000000000e+03 3.661000000000000000e+03
6.500000000000000000e+03 3.495000000000000000e+03
6.600000000000000000e+03 3.464000000000000000e+03
6.700000000000000000e+03 3.294000000000000000e+03
6.800000000000000000e+03 3.252000000000000000e+03
6.900000000000000000e+03 3.207000000000000000e+03
7.000000000000000000e+03 3.058000000000000000e+03
7.100000000000000000e+03 3.199000000000000000e+03
7.200000000000000000e+03 3.069000000000000000e+03
7.300000000000000000e+03 3.048000000000000000e+03
7.400000000000000000e+03 3.141000000000000000e+03
7.500000000000000000e+03 3.122000000000000000e+03
7.600000000000000000e+03 3.318000000000000000e+03
7.700000000000000000e+03 3.450000000000000000e+03
7.800000000000000000e+03 3.467000000000000000e+03
7.900000000000000000e+03 3.482000000000000000e+03
8.000000000000000000e+03 3.749000000000000000e+03
8.100000000000000000e+03 3.839000000000000000e+03
8.200000000000000000e+03 4.082000000000000000e+03
8.300000000000000000e+03 4.377000000000000000e+03
8.400000000000000000e+03 4.462000000000000000e+03
8.500000000000000000e+03 4.779000000000000000e+03
8.600000000000000000e+03 5.219000000000000000e+03
8.700000000000000000e+03 5.276000000000000000e+03
8.800000000000000000e+03 5.645000000000000000e+03
8.900000000000000000e+03 5.972000000000000000e+03
9.000000000000000000e+03 6.160000000000000000e+03
9.100000000000000000e+03 6.606000000000000000e+03
9.200000000000000000e+03 6.827000000000000000e+03
9.300000000000000000e+03 6.929000000000000000e+03
9.400000000000000000e+03 7.354000000000000000e+03
9.500000000000000000e+03 7.497000000000000000e+03
9.600000000000000000e+03 7.768000000000000000e+03
9.700000000000000000e+03 7.930000000000000000e+03
9.800000000000000000e+03 8.249000000000000000e+03
9.900000000000000000e+03 8.401000000000000000e+03
1.000000000000000000e+04 8.562000000000000000e+03
1.010000000000000000e+04 8.888000000000000000e+03
1.020000000000000000e+04 8.821000000000000000e+03
1.030000000000000000e+04 9.215000000000000000e+03
1.040000000000000000e+04 9.112000000000000000e+03
1.050000000000000000e+04 9.228000000000000000e+03
1.060000000000000000e+04 9.509000000000000000e+03
1.070000000000000000e+04 9.650000000000000000e+03
1.080000000000000000e+04 9.640000000000000000e+03
1.090000000000000000e+04 9.723000000000000000e+03
1.100000000000000000e+04 9.866000000000000000e+03
1.110000000000000000e+04 9.827000000000000000e+03
1.120000000000000000e+04 9.708000000000000000e+03
1.130000000000000000e+04 9.914000000000000000e+03
1.140000000000000000e+04 9.971000000000000000e+03
1.150000000000000000e+04 1.003500000000000000e+04
1.160000000000000000e+04 1.001400000000000000e+04
1.170000000000000000e+04 1.013000000000000000e+04
1.180000000000000000e+04 1.018600000000000000e+04
1.190000000000000000e+04 1.013700000000000000e+04
1.200000000000000000e+04 1.009300000000000000e+04
1.210000000000000000e+04 1.014900000000000000e+04
1.220000000000000000e+04 1.002700000000000000e+04
1.230000000000000000e+04 1.009900000000000000e+04
1.240000000000000000e+04 9.906000000000000000e+03
1.250000000000000000e+04 1.003300000000000000e+04
1.260000000000000000e+04 9.930000000000000000e+03
1.270000000000000000e+04 9.792000000000000000e+03
1.280000000000000000e+04 9.957000000000000000e+03
1.290000000000000000e+04 9.873000000000000000e+03
1.300000000000000000e+04 9.673000000000000000e+03
1.310000000000000000e+04 9.658000000000000000e+03
1.320000000000000000e+04 9.424000000000000000e+03
1.330000000000000000e+04 9.525000000000000000e+03
1.340000000000000000e+04 9.250000000000000000e+03
1.350000000000000000e+04 9.406000000000000000e+03
1.360000000000000000e+04 9.280000000000000000e+03
1.370000000000000000e+04 9.066000000000000000e+03
1.380000000000000000e+04 8.880000000000000000e+03
1.390000000000000000e+04 8.660000000000000000e+03
1.400000000000000000e+04 8.639000000000000000e+03
1.410000000000000000e+04 8.413000000000000000e+03
1.420000000000000000e+04 8.179000000000000000e+03
1.430000000000000000e+04 8.106000000000000000e+03
1.440000000000000000e+04 7.924000000000000000e+03
1.450000000000000000e+04 7.780000000000000000e+03
1.460000000000000000e+04 7.678000000000000000e+03
1.470000000000000000e+04 7.276000000000000000e+03
1.480000000000000000e+04 7.130000000000000000e+03
1.490000000000000000e+04 6.784000000000000000e+03
1.500000000000000000e+04 6.744000000000000000e+03
1.510000000000000000e+04 6.335000000000000000e+03
1.520000000000000000e+04 6.058000000000000000e+03
1.530000000000000000e+04 5.964000000000000000e+03
1.540000000000000000e+04 5.721000000000000000e+03
1.550000000000000000e+04 5.396000000000000000e+03
1.560000000000000000e+04 5.130000000000000000e+03
1.570000000000000000e+04 4.958000000000000000e+03
1.580000000000000000e+04 4.799000000000000000e+03
1.590000000000000000e+04 4.438000000000000000e+03
1.600000000000000000e+04 4.372000000000000000e+03
1.610000000000000000e+04 4.161000000000000000e+03
1.620000000000000000e+04 3.975000000000000000e+03
1.630000000000000000e+04 3.869000000000000000e+03
1.640000000000000000e+04 3.624000000000000000e+03
1.650000000000000000e+04 3.488000000000000000e+03
1.660000000000000000e+04 3.389000000000000000e+03
1.670000000000000000e+04 3.278000000000000000e+03
1.680000000000000000e+04 3.147000000000000000e+03
1.690000000000000000e+04 3.086000000000000000e+03
1.700000000000000000e+04 3.153000000000000000e+03
1.710000000000000000e+04 3.027000000000000000e+03
1.720000000000000000e+04 3.000000000000000000e+03
1.730000000000000000e+04 3.035000000000000000e+03
1.740000000000000000e+04 2.986000000000000000e+03
1.750000000000000000e+04 3.127000000000000000e+03
1.760000000000000000e+04 3.286000000000000000e+03
1.770000000000000000e+04 3.291000000000000000e+03
1.780000000000000000e+04 3.535000000000000000e+03
1.790000000000000000e+04 3.526000000000000000e+03
1.800000000000000000e+04 3.769000000000000000e+03
1.810000000000000000e+04 4.001000000000000000e+03
1.820000000000000000e+04 4.085000000000000000e+03
1.830000000000000000e+04 4.438000000000000000e+03
1.840000000000000000e+04 4.697000000000000000e+03
1.850000000000000000e+04 4.863000000000000000e+03
1.860000000000000000e+04 5.073000000000000000e+03
1.870000000000000000e+04 5.338000000000000000e+03
1.880000000000000000e+04 5.664000000000000000e+03
1.890000000000000000e+04 5.940000000000000000e+03
1.900000000000000000e+04 6.216000000000000000e+03
1.910000000000000000e+04 6.321000000000000000e+03
1.920000000000000000e+04 6.807000000000000000e+03
1.930000000000000000e+04 6.937000000000000000e+03
1.940000000000000000e+04 7.168000000000000000e+03
1.950000000000000000e+04 7.617000000000000000e+03
1.960000000000000000e+04 7.928000000000000000e+03
1.970000000000000000e+04 7.967000000000000000e+03
1.980000000000000000e+04 8.149000000000000000e+03
1.990000000000000000e+04 8.278000000000000000e+03
