0.000000000000000000e+00 1.143900000000000000e+04
1.428000000000000000e+03 1.145100000000000000e+04
2.856000000000000000e+03 1.172100000000000000e+04
4.284000000000000000e+03 1.180800000000000000e+04
5.712000000000000000e+03 1.182900000000000000e+04
7.140000000000000000e+03 1.192300000000000000e+04
8.568000000000000000e+03 1.236300000000000000e+04
9.996000000000000000e+03 1.228500000000000000e+04
1.142400000000000000e+04 1.243500000000000000e+04
1.285200000000000000e+04 1.242100000000000000e+04
1.428000000000000000e+04 1.266100000000000000e+04
1.570800000000000000e+04 1.270400000000000000e+04
1.713600000000000000e+04 1.285500000000000000e+04
1.856400000000000000e+04 1.275400000000000000e+04
1.999200000000000000e+04 1.287300000000000000e+04
2.142000000000000000e+04 1.303000000000000000e+04
2.284800000000000000e+04 1.297900000000000000e+04
2.427600000000000000e+04 1.293700000000000000e+04
2.570400000000000000e+04 1.298300000000000000e+04
2.713200000000000000e+04 1.324900000000000000e+04
2.856000000000000000e+04 1.299500000000000000e+04
2.998800000000000000e+04 1.291400000000000000e+04
3.141600000000000000e+04 1.305700000000000000e+04
3.284400000000000000e+04 1.278300000000000000e+04
3.427200000000000000e+04 1.297700000000000000e+04
3.570000000000000000e+04 1.297100000000000000e+04
3.712800000000000000e+04 1.266900000000000000e+04
3.855600000000000000e+04 1.267900000000000000e+04
3.998400000000000000e+04 1.265200000000000000e+04
4.141200000000000000e+04 1.259300000000000000e+04
4.284000000000000000e+04 1.250500000000000000e+04
4.426800000000000000e+04 1.237200000000000000e+04
4.569600000000000000e+04 1.223000000000000000e+04
4.712400000000000000e+04 1.220500000000000000e+04
4.855200000000000000e+04 1.215800000000000000e+04
4.998000000000000000e+04 1.163800000000000000e+04
5.140800000000000000e+04 1.177800000000000000e+04
5.283600000000000000e+04 1.173400000000000000e+04
5.426400000000000000e+04 1.146700000000000000e+04
5.569200000000000000e+04 1.098800000000000000e+04
5.712000000000000000e+04 1.102100000000000000e+04
5.854800000000000000e+04 1.089700000000000000e+04
5.997600000000000000e+04 1.058000000000000000e+04
6.140400000000000000e+04 1.041400000000000000e+04
6.283200000000000000e+04 9.891000000000000000e+03
6.426000000000000000e+04 9.822000000000000000e+03
6.568800000000000000e+04 9.494000000000000000e+03
6.711600000000000000e+04 9.283000000000000000e+03
6.854400000000000000e+04 9.085000000000000000e+03
6.997200000000000000e+04 8.561000000000000000e+03
7.140000000000000000e+04 8.394000000000000000e+03
7.282800000000000000e+04 7.872000000000000000e+03
7.425600000000000000e+04 7.594000000000000000e+03
7.568400000000000000e+04 7.235000000000000000e+03
7.711200000000000000e+04 7.101000000000000000e+03
7.854000000000000000e+04 6.796000000000000000e+03
7.996800000000000000e+04 6.372000000000000000e+03
8.139600000000000000e+04 6.068000000000000000e+03
8.282400000000000000e+04 5.821000000000000000e+03
8.425200000000000000e+04 5.595000000000000000e+03
8.568000000000000000e+04 5.383000000000000000e+03
8.710800000000000000e+04 5.053000000000000000e+03
8.853600000000000000e+04 4.845000000000000000e+03
8.996400000000000000e+04 4.672000000000000000e+03
9.139200000000000000e+04 4.393000000000000000e+03
9.282000000000000000e+04 4.351000000000000000e+03
9.424800000000000000e+04 4.211000000000000000e+03
9.567600000000000000e+04 4.132000000000000000e+03
9.710400000000000000e+04 4.161000000000000000e+03
9.853200000000000000e+04 4.125000000000000000e+03
9.996000000000000000e+04 4.149000000000000000e+03
1.013880000000000000e+05 4.190000000000000000e+03
1.028160000000000000e+05 4.082000000000000000e+03
1.042440000000000000e+05 4.210000000000000000e+03
1.056720000000000000e+05 4.354000000000000000e+03
1.071000000000000000e+05 4.516000000000000000e+03
1.085280000000000000e+05 4.659000000000000000e+03
1.099560000000000000e+05 4.976000000000000000e+03
1.113840000000000000e+05 5.248000000000000000e+03
1.128120000000000000e+05 5.366000000000000000e+03
1.142400000000000000e+05 5.680000000000000000e+03
1.156680000000000000e+05 6.080000000000000000e+03
1.170960000000000000e+05 6.125000000000000000e+03
1.185240000000000000e+05 6.349000000000000000e+03
1.199520000000000000e+05 7.054000000000000000e+03
1.213800000000000000e+05 7.182000000000000000e+03
1.228080000000000000e+05 7.625000000000000000e+03
1.242360000000000000e+05 7.706000000000000000e+03
1.256640000000000000e+05 8.120000000000000000e+03
1.270920000000000000e+05 8.417000000000000000e+03
1.285200000000000000e+05 8.742000000000000000e+03
1.299480000000000000e+05 9.253000000000000000e+03
1.313760000000000000e+05 9.346000000000000000e+03
1.328040000000000000e+05 9.681000000000000000e+03
1.342320000000000000e+05 9.835000000000000000e+03
1.356600000000000000e+05 1.019700000000000000e+04
1.370880000000000000e+05 1.063800000000000000e+04
1.385160000000000000e+05 1.066100000000000000e+04
1.399440000000000000e+05 1.085400000000000000e+04
1.413720000000000000e+05 1.124000000000000000e+04
1.428000000000000000e+05 1.142500000000000000e+04
1.442280000000000000e+05 1.132100000000000000e+04
1.456560000000000000e+05 1.169400000000000000e+04
1.470840000000000000e+05 1.183200000000000000e+04
1.485120000000000000e+05 1.200600000000000000e+04
1.499400000000000000e+05 1.210700000000000000e+04
1.513680000000000000e+05 1.236300000000000000e+04
1.527960000000000000e+05 1.246700000000000000e+04
1.542240000000000000e+05 1.226100000000000000e+04
1.556520000000000000e+05 1.266300000000000000e+04
1.570800000000000000e+05 1.273800000000000000e+04
1.585080000000000000e+05 1.291700000000000000e+04
1.599360000000000000e+05 1.282600000000000000e+04
1.613640000000000000e+05 1.286300000000000000e+04
1.627920000000000000e+05 1.273000000000000000e+04
1.642200000000000000e+05 1.301500000000000000e+04
1.656480000000000000e+05 1.283200000000000000e+04
1.670760000000000000e+05 1.299400000000000000e+04
1.685040000000000000e+05 1.306600000000000000e+04
1.699320000000000000e+05 1.312500000000000000e+04
1.713600000000000000e+05 1.293000000000000000e+04
1.727880000000000000e+05 1.297500000000000000e+04
1.742160000000000000e+05 1.281500000000000000e+04
1.756440000000000000e+05 1.302100000000000000e+04
1.770720000000000000e+05 1.276100000000000000e+04
1.785000000000000000e+05 1.289100000000000000e+04
1.799280000000000000e+05 1.269400000000000000e+04
1.813560000000000000e+05 1.256400000000000000e+04
1.827840000000000000e+05 1.284600000000000000e+04
1.842120000000000000e+05 1.259200000000000000e+04
1.856400000000000000e+05 1.249600000000000000e+04
1.870680000000000000e+05 1.268200000000000000e+04
1.884960000000000000e+05 1.240500000000000000e+04
1.899240000000000000e+05 1.227400000000000000e+04
1.913520000000000000e+05 1.215800000000000000e+04
1.927800000000000000e+05 1.203100000000000000e+04
1.942080000000000000e+05 1.186100000000000000e+04
1.956360000000000000e+05 1.135400000000000000e+04
1.970640000000000000e+05 1.144000000000000000e+04
1.984920000000000000e+05 1.141700000000000000e+04
1.999200000000000000e+05 1.092200000000000000e+04
2.013480000000000000e+05 1.091700000000000000e+04
2.027760000000000000e+05 1.048100000000000000e+04
2.042040000000000000e+05 1.027400000000000000e+04
2.056320000000000000e+05 9.961000000000000000e+03
2.070600000000000000e+05 9.855000000000000000e+03
2.084880000000000000e+05 9.415000000000000000e+03
2.099160000000000000e+05 9.189000000000000000e+03
2.113440000000000000e+05 8.815000000000000000e+03
2.127720000000000000e+05 8.557000000000000000e+03
2.142000000000000000e+05 8.360000000000000000e+03
2.156280000000000000e+05 7.964000000000000000e+03
2.170560000000000000e+05 7.616000000000000000e+03
2.184840000000000000e+05 7.193000000000000000e+03
2.199120000000000000e+05 7.083000000000000000e+03
2.213400000000000000e+05 6.714000000000000000e+03
2.227680000000000000e+05 6.569000000000000000e+03
2.241960000000000000e+05 6.031000000000000000e+03
2.256240000000000000e+05 5.870000000000000000e+03
2.270520000000000000e+05 5.568000000000000000e+03
2.284800000000000000e+05 5.367000000000000000e+03
2.299080000000000000e+05 5.045000000000000000e+03
2.313360000000000000e+05 4.834000000000000000e+03
2.327640000000000000e+05 4.755000000000000000e+03
2.341920000000000000e+05 4.477000000000000000e+03
2.356200000000000000e+05 4.392000000000000000e+03
2.370480000000000000e+05 4.254000000000000000e+03
2.384760000000000000e+05 4.295000000000000000e+03
2.399040000000000000e+05 4.051000000000000000e+03
2.413320000000000000e+05 4.094000000000000000e+03
2.427600000000000000e+05 4.121000000000000000e+03
2.441880000000000000e+05 4.051000000000000000e+03
2.456160000000000000e+05 4.311000000000000000e+03
2.470440000000000000e+05 4.282000000000000000e+03
2.484720000000000000e+05 4.306000000000000000e+03
2.499000000000000000e+05 4.431000000000000000e+03
2.513280000000000000e+05 4.748000000000000000e+03
2.527560000000000000e+05 4.753000000000000000e+03
2.541840000000000000e+05 5.001000000000000000e+03
2.556120000000000000e+05 5.377000000000000000e+03
2.570400000000000000e+05 5.559000000000000000e+03
2.584680000000000000e+05 5.957000000000000000e+03
2.598960000000000000e+05 6.223000000000000000e+03
2.613240000000000000e+05 6.436000000000000000e+03
2.627520000000000000e+05 6.754000000000000000e+03
2.641800000000000000e+05 7.219000000000000000e+03
2.656080000000000000e+05 7.409000000000000000e+03
2.670360000000000000e+05 7.948000000000000000e+03
2.684640000000000000e+05 8.291000000000000000e+03
2.698920000000000000e+05 8.248000000000000000e+03
2.713200000000000000e+05 8.700000000000000000e+03
2.727480000000000000e+05 9.089000000000000000e+03
2.741760000000000000e+05 9.236000000000000000e+03
2.756040000000000000e+05 9.529000000000000000e+03
2.770320000000000000e+05 1.004800000000000000e+04
2.784600000000000000e+05 1.005300000000000000e+04
2.798880000000000000e+05 1.044100000000000000e+04
2.813160000000000000e+05 1.055800000000000000e+04
2.827440000000000000e+05 1.108500000000000000e+04
2.841720000000000000e+05 1.094900000000000000e+04
