0.000000000000000000e+00 1.114300000000000000e+04
1.000000000000000000e+02 1.144400000000000000e+04
2.000000000000000000e+02 1.143300000000000000e+04
3.000000000000000000e+02 1.160100000000000000e+04
4.000000000000000000e+02 1.189100000000000000e+04
5.000000000000000000e+02 1.220500000000000000e+04
6.000000000000000000e+02 1.229900000000000000e+04
7.000000000000000000e+02 1.237700000000000000e+04
8.000000000000000000e+02 1.249000000000000000e+04
9.000000000000000000e+02 1.244600000000000000e+04
1.000000000000000000e+03 1.262200000000000000e+04
1.100000000000000000e+03 1.276800000000000000e+04
1.200000000000000000e+03 1.279100000000000000e+04
1.300000000000000000e+03 1.282500000000000000e+04
1.400000000000000000e+03 1.290500000000000000e+04
1.500000000000000000e+03 1.280200000000000000e+04
1.600000000000000000e+03 1.275200000000000000e+04
1.700000000000000000e+03 1.318400000000000000e+04
1.800000000000000000e+03 1.312700000000000000e+04
1.900000000000000000e+03 1.307300000000000000e+04
2.000000000000000000e+03 1.297200000000000000e+04
2.100000000000000000e+03 1.316600000000000000e+04
2.200000000000000000e+03 1.304900000000000000e+04
2.300000000000000000e+03 1.274100000000000000e+04
2.400000000000000000e+03 1.302600000000000000e+04
2.500000000000000000e+03 1.295100000000000000e+04
2.600000000000000000e+03 1.286300000000000000e+04
2.700000000000000000e+03 1.286000000000000000e+04
2.800000000000000000e+03 1.257300000000000000e+04
2.900000000000000000e+03 1.279900000000000000e+04
3.000000000000000000e+03 1.266400000000000000e+04
3.100000000000000000e+03 1.240000000000000000e+04
3.200000000000000000e+03 1.248500000000000000e+04
3.300000000000000000e+03 1.225500000000000000e+04
3.400000000000000000e+03 1.214700000000000000e+04
3.500000000000000000e+03 1.190700000000000000e+04
3.600000000000000000e+03 1.188500000000000000e+04
3.700000000000000000e+03 1.206400000000000000e+04
3.800000000000000000e+03 1.167200000000000000e+04
3.900000000000000000e+03 1.138100000000000000e+04
4.000000000000000000e+03 1.128400000000000000e+04
4.100000000000000000e+03 1.083100000000000000e+04
4.200000000000000000e+03 1.059300000000000000e+04
4.300000000000000000e+03 1.056700000000000000e+04
4.400000000000000000e+03 1.013300000000000000e+04
4.500000000000000000e+03 1.004900000000000000e+04
4.600000000000000000e+03 9.772000000000000000e+03
4.700000000000000000e+03 9.278000000000000000e+03
4.800000000000000000e+03 9.244000000000000000e+03
4.900000000000000000e+03 8.879000000000000000e+03
5.000000000000000000e+03 8.507000000000000000e+03
5.100000000000000000e+03 8.238000000000000000e+03
5.200000000000000000e+03 7.736000000000000000e+03
5.300000000000000000e+03 7.535000000000000000e+03
5.400000000000000000e+03 7.315000000000000000e+03
5.500000000000000000e+03 6.936000000000000000e+03
5.600000000000000000e+03 6.784000000000000000e+03
5.700000000000000000e+03 6.336000000000000000e+03
5.800000000000000000e+03 6.211000000000000000e+03
5.900000000000000000e+03 5.845000000000000000e+03
6.000000000000000000e+03 5.705000000000000000e+03
6.100000000000000000e+03 5.497000000000000000e+03
6.200000000000000000e+03 5.134000000000000000e+03
6.300000000000000000e+03 5.012000000000000000e+03
6.400000000000000000e+03 4.756000000000000000e+03
6.500000000000000000e+03 4.560000000000000000e+03
6.600000000000000000e+03 4.519000000000000000e+03
6.700000000000000000e+03 4.188000000000000000e+03
6.800000000000000000e+03 4.130000000000000000e+03
6.900000000000000000e+03 4.166000000000000000e+03
7.000000000000000000e+03 4.092000000000000000e+03
7.100000000000000000e+03 4.100000000000000000e+03
7.200000000000000000e+03 4.007000000000000000e+03
7.300000000000000000e+03 3.977000000000000000e+03
7.400000000000000000e+03 3.849000000000000000e+03
7.500000000000000000e+03 4.160000000000000000e+03
7.600000000000000000e+03 4.136000000000000000e+03
7.700000000000000000e+03 4.208000000000000000e+03
7.800000000000000000e+03 4.369000000000000000e+03
7.900000000000000000e+03 4.736000000000000000e+03
8.000000000000000000e+03 4.941000000000000000e+03
8.100000000000000000e+03 5.026000000000000000e+03
8.200000000000000000e+03 5.402000000000000000e+03
8.300000000000000000e+03 5.623000000000000000e+03
8.400000000000000000e+03 5.860000000000000000e+03
8.500000000000000000e+03 6.110000000000000000e+03
8.600000000000000000e+03 6.550000000000000000e+03
8.700000000000000000e+03 6.978000000000000000e+03
8.800000000000000000e+03 7.138000000000000000e+03
8.900000000000000000e+03 7.615000000000000000e+03
9.000000000000000000e+03 7.995000000000000000e+03
9.100000000000000000e+03 8.441000000000000000e+03
9.200000000000000000e+03 8.921000000000000000e+03
9.300000000000000000e+03 9.109000000000000000e+03
9.400000000000000000e+03 9.365000000000000000e+03
9.500000000000000000e+03 9.879000000000000000e+03
9.600000000000000000e+03 1.003400000000000000e+04
9.700000000000000000e+03 1.051000000000000000e+04
9.800000000000000000e+03 1.073100000000000000e+04
9.900000000000000000e+03 1.112700000000000000e+04
1.000000000000000000e+04 1.094800000000000000e+04
1.010000000000000000e+04 1.134400000000000000e+04
1.020000000000000000e+04 1.157300000000000000e+04
1.030000000000000000e+04 1.175600000000000000e+04
1.040000000000000000e+04 1.180400000000000000e+04
1.050000000000000000e+04 1.201100000000000000e+04
1.060000000000000000e+04 1.215600000000000000e+04
1.070000000000000000e+04 1.216500000000000000e+04
1.080000000000000000e+04 1.243500000000000000e+04
1.090000000000000000e+04 1.264500000000000000e+04
1.100000000000000000e+04 1.257500000000000000e+04
1.110000000000000000e+04 1.284800000000000000e+04
1.120000000000000000e+04 1.272300000000000000e+04
1.130000000000000000e+04 1.287900000000000000e+04
1.140000000000000000e+04 1.290000000000000000e+04
1.150000000000000000e+04 1.266400000000000000e+04
1.160000000000000000e+04 1.274100000000000000e+04
1.170000000000000000e+04 1.320300000000000000e+04
1.180000000000000000e+04 1.311800000000000000e+04
1.190000000000000000e+04 1.329500000000000000e+04
1.200000000000000000e+04 1.318100000000000000e+04
1.210000000000000000e+04 1.286900000000000000e+04
1.220000000000000000e+04 1.330800000000000000e+04
1.230000000000000000e+04 1.308900000000000000e+04
1.240000000000000000e+04 1.276200000000000000e+04
1.250000000000000000e+04 1.285200000000000000e+04
1.260000000000000000e+04 1.282400000000000000e+04
1.270000000000000000e+04 1.289200000000000000e+04
1.280000000000000000e+04 1.260100000000000000e+04
1.290000000000000000e+04 1.268400000000000000e+04
1.300000000000000000e+04 1.249100000000000000e+04
1.310000000000000000e+04 1.250100000000000000e+04
1.320000000000000000e+04 1.238600000000000000e+04
1.330000000000000000e+04 1.244400000000000000e+04
1.340000000000000000e+04 1.209200000000000000e+04
1.350000000000000000e+04 1.217600000000000000e+04
1.360000000000000000e+04 1.187000000000000000e+04
1.370000000000000000e+04 1.179000000000000000e+04
1.380000000000000000e+04 1.144500000000000000e+04
1.390000000000000000e+04 1.130500000000000000e+04
1.400000000000000000e+04 1.106800000000000000e+04
1.410000000000000000e+04 1.119900000000000000e+04
1.420000000000000000e+04 1.068700000000000000e+04
1.430000000000000000e+04 1.058600000000000000e+04
1.440000000000000000e+04 1.027000000000000000e+04
1.450000000000000000e+04 9.902000000000000000e+03
1.460000000000000000e+04 9.523000000000000000e+03
1.470000000000000000e+04 9.618000000000000000e+03
1.480000000000000000e+04 9.078000000000000000e+03
1.490000000000000000e+04 8.838000000000000000e+03
1.500000000000000000e+04 8.612000000000000000e+03
1.510000000000000000e+04 8.119000000000000000e+03
1.520000000000000000e+04 8.023000000000000000e+03
1.530000000000000000e+04 7.471000000000000000e+03
1.540000000000000000e+04 7.307000000000000000e+03
1.550000000000000000e+04 7.102000000000000000e+03
1.560000000000000000e+04 6.627000000000000000e+03
1.570000000000000000e+04 6.390000000000000000e+03
1.580000000000000000e+04 6.258000000000000000e+03
1.590000000000000000e+04 5.804000000000000000e+03
1.600000000000000000e+04 5.691000000000000000e+03
1.610000000000000000e+04 5.470000000000000000e+03
1.620000000000000000e+04 5.283000000000000000e+03
1.630000000000000000e+04 4.873000000000000000e+03
1.640000000000000000e+04 4.736000000000000000e+03
1.650000000000000000e+04 4.560000000000000000e+03
1.660000000000000000e+04 4.531000000000000000e+03
1.670000000000000000e+04 4.287000000000000000e+03
1.680000000000000000e+04 4.230000000000000000e+03
1.690000000000000000e+04 4.104000000000000000e+03
1.700000000000000000e+04 3.993000000000000000e+03
1.710000000000000000e+04 4.067000000000000000e+03
1.720000000000000000e+04 3.933000000000000000e+03
1.730000000000000000e+04 4.039000000000000000e+03
1.740000000000000000e+04 3.913000000000000000e+03
1.750000000000000000e+04 4.016000000000000000e+03
1.760000000000000000e+04 4.120000000000000000e+03
1.770000000000000000e+04 4.401000000000000000e+03
1.780000000000000000e+04 4.539000000000000000e+03
1.790000000000000000e+04 4.575000000000000000e+03
1.800000000000000000e+04 4.923000000000000000e+03
1.810000000000000000e+04 5.059000000000000000e+03
1.820000000000000000e+04 5.405000000000000000e+03
1.830000000000000000e+04 5.401000000000000000e+03
1.840000000000000000e+04 5.979000000000000000e+03
1.850000000000000000e+04 6.162000000000000000e+03
1.860000000000000000e+04 6.667000000000000000e+03
1.870000000000000000e+04 6.751000000000000000e+03
1.880000000000000000e+04 7.263000000000000000e+03
1.890000000000000000e+04 7.604000000000000000e+03
1.900000000000000000e+04 8.042000000000000000e+03
1.910000000000000000e+04 8.336000000000000000e+03
1.920000000000000000e+04 8.906000000000000000e+03
1.930000000000000000e+04 9.118000000000000000e+03
1.940000000000000000e+04 9.460000000000000000e+03
1.950000000000000000e+04 9.659000000000000000e+03
1.960000000000000000e+04 1.009400000000000000e+04
1.970000000000000000e+04 1.043700000000000000e+04
1.980000000000000000e+04 1.072000000000000000e+04
1.990000000000000000e+04 1.107500000000000000e+04
