0.000000000000000000e+00 2.582100000000000000e+04
3.333000000000000000e+03 2.610700000000000000e+04
6.666000000000000000e+03 2.682800000000000000e+04
9.999000000000000000e+03 2.691400000000000000e+04
1.333200000000000000e+04 2.706500000000000000e+04
1.666500000000000000e+04 2.782600000000000000e+04
1.999800000000000000e+04 2.809300000000000000e+04
2.333100000000000000e+04 2.849800000000000000e+04
2.666400000000000000e+04 2.803800000000000000e+04
2.999700000000000000e+04 2.870000000000000000e+04
3.333000000000000000e+04 2.866800000000000000e+04
3.666300000000000000e+04 2.922100000000000000e+04
3.999600000000000000e+04 2.921800000000000000e+04
4.332900000000000000e+04 2.911100000000000000e+04
4.666200000000000000e+04 2.941000000000000000e+04
4.999500000000000000e+04 2.964400000000000000e+04
5.332800000000000000e+04 2.946500000000000000e+04
5.666100000000000000e+04 2.977100000000000000e+04
5.999400000000000000e+04 2.950200000000000000e+04
6.332700000000000000e+04 2.974900000000000000e+04
6.666000000000000000e+04 2.920800000000000000e+04
6.999300000000000000e+04 2.940800000000000000e+04
7.332600000000000000e+04 2.923200000000000000e+04
7.665900000000000000e+04 2.920800000000000000e+04
7.999200000000000000e+04 2.964500000000000000e+04
8.332500000000000000e+04 2.944300000000000000e+04
8.665800000000000000e+04 2.920700000000000000e+04
8.999100000000000000e+04 2.904900000000000000e+04
9.332400000000000000e+04 2.906400000000000000e+04
9.665700000000000000e+04 2.860500000000000000e+04
9.999000000000000000e+04 2.830800000000000000e+04
1.033230000000000000e+05 2.802200000000000000e+04
1.066560000000000000e+05 2.828900000000000000e+04
1.099890000000000000e+05 2.757300000000000000e+04
1.133220000000000000e+05 2.726900000000000000e+04
1.166550000000000000e+05 2.710400000000000000e+04
1.199880000000000000e+05 2.667200000000000000e+04
1.233210000000000000e+05 2.634900000000000000e+04
1.266540000000000000e+05 2.572700000000000000e+04
1.299870000000000000e+05 2.551100000000000000e+04
1.333200000000000000e+05 2.523300000000000000e+04
1.366530000000000000e+05 2.459200000000000000e+04
1.399860000000000000e+05 2.417000000000000000e+04
1.433190000000000000e+05 2.313500000000000000e+04
1.466520000000000000e+05 2.270000000000000000e+04
1.499850000000000000e+05 2.202400000000000000e+04
1.533180000000000000e+05 2.158200000000000000e+04
1.566510000000000000e+05 2.090100000000000000e+04
1.599840000000000000e+05 2.005700000000000000e+04
1.633170000000000000e+05 1.946900000000000000e+04
1.666500000000000000e+05 1.897700000000000000e+04
1.699830000000000000e+05 1.798500000000000000e+04
1.733160000000000000e+05 1.754700000000000000e+04
1.766490000000000000e+05 1.678600000000000000e+04
1.799820000000000000e+05 1.628900000000000000e+04
1.833150000000000000e+05 1.518300000000000000e+04
1.866480000000000000e+05 1.440500000000000000e+04
1.899810000000000000e+05 1.397800000000000000e+04
1.933140000000000000e+05 1.343000000000000000e+04
1.966470000000000000e+05 1.292000000000000000e+04
1.999800000000000000e+05 1.206000000000000000e+04
2.033130000000000000e+05 1.148600000000000000e+04
2.066460000000000000e+05 1.126600000000000000e+04
2.099790000000000000e+05 1.069500000000000000e+04
2.133120000000000000e+05 1.020000000000000000e+04
2.166450000000000000e+05 1.005100000000000000e+04
2.199780000000000000e+05 9.833000000000000000e+03
2.233110000000000000e+05 9.387000000000000000e+03
2.266440000000000000e+05 9.472000000000000000e+03
2.299770000000000000e+05 9.245000000000000000e+03
2.333100000000000000e+05 9.358000000000000000e+03
2.366430000000000000e+05 9.606000000000000000e+03
2.399760000000000000e+05 9.699000000000000000e+03
2.433090000000000000e+05 9.982000000000000000e+03
2.466420000000000000e+05 1.025400000000000000e+04
2.499750000000000000e+05 1.055700000000000000e+04
2.533080000000000000e+05 1.081300000000000000e+04
2.566410000000000000e+05 1.117400000000000000e+04
2.599740000000000000e+05 1.204400000000000000e+04
2.633070000000000000e+05 1.253200000000000000e+04
2.666400000000000000e+05 1.323800000000000000e+04
2.699730000000000000e+05 1.374500000000000000e+04
2.733060000000000000e+05 1.434200000000000000e+04
2.766390000000000000e+05 1.508700000000000000e+04
2.799720000000000000e+05 1.587200000000000000e+04
2.833050000000000000e+05 1.656500000000000000e+04
2.866380000000000000e+05 1.738600000000000000e+04
2.899710000000000000e+05 1.797000000000000000e+04
2.933040000000000000e+05 1.884700000000000000e+04
2.966370000000000000e+05 1.961500000000000000e+04
2.999700000000000000e+05 2.010800000000000000e+04
3.033030000000000000e+05 2.068800000000000000e+04
3.066360000000000000e+05 2.153100000000000000e+04
3.099690000000000000e+05 2.207000000000000000e+04
3.133020000000000000e+05 2.286600000000000000e+04
3.166350000000000000e+05 2.309000000000000000e+04
3.199680000000000000e+05 2.392800000000000000e+04
3.233010000000000000e+05 2.421600000000000000e+04
3.266340000000000000e+05 2.496300000000000000e+04
3.299670000000000000e+05 2.539000000000000000e+04
3.333000000000000000e+05 2.552300000000000000e+04
3.366330000000000000e+05 2.642500000000000000e+04
3.399660000000000000e+05 2.699200000000000000e+04
3.432990000000000000e+05 2.710600000000000000e+04
3.466320000000000000e+05 2.734800000000000000e+04
3.499650000000000000e+05 2.750800000000000000e+04
3.532980000000000000e+05 2.778200000000000000e+04
3.566310000000000000e+05 2.814700000000000000e+04
3.599640000000000000e+05 2.852600000000000000e+04
3.632970000000000000e+05 2.838400000000000000e+04
3.666300000000000000e+05 2.869100000000000000e+04
3.699630000000000000e+05 2.944000000000000000e+04
3.732960000000000000e+05 2.899000000000000000e+04
3.766290000000000000e+05 2.941500000000000000e+04
3.799620000000000000e+05 2.966600000000000000e+04
3.832950000000000000e+05 2.968900000000000000e+04
3.866280000000000000e+05 2.953200000000000000e+04
3.899610000000000000e+05 2.944800000000000000e+04
3.932940000000000000e+05 2.938600000000000000e+04
3.966270000000000000e+05 2.954200000000000000e+04
3.999600000000000000e+05 2.949400000000000000e+04
4.032930000000000000e+05 2.951800000000000000e+04
4.066260000000000000e+05 2.964700000000000000e+04
4.099590000000000000e+05 2.959700000000000000e+04
4.132920000000000000e+05 2.937000000000000000e+04
4.166250000000000000e+05 2.930200000000000000e+04
4.199580000000000000e+05 2.941200000000000000e+04
4.232910000000000000e+05 2.918300000000000000e+04
4.266240000000000000e+05 2.877200000000000000e+04
4.299570000000000000e+05 2.874700000000000000e+04
4.332900000000000000e+05 2.797800000000000000e+04
4.366230000000000000e+05 2.818200000000000000e+04
4.399560000000000000e+05 2.797300000000000000e+04
4.432890000000000000e+05 2.771700000000000000e+04
4.466220000000000000e+05 2.762200000000000000e+04
4.499550000000000000e+05 2.736500000000000000e+04
4.532880000000000000e+05 2.693100000000000000e+04
4.566210000000000000e+05 2.679800000000000000e+04
4.599540000000000000e+05 2.587700000000000000e+04
4.632870000000000000e+05 2.560000000000000000e+04
4.666200000000000000e+05 2.505100000000000000e+04
4.699530000000000000e+05 2.468300000000000000e+04
4.732860000000000000e+05 2.373600000000000000e+04
4.766190000000000000e+05 2.360000000000000000e+04
4.799520000000000000e+05 2.264800000000000000e+04
4.832850000000000000e+05 2.226400000000000000e+04
4.866180000000000000e+05 2.164700000000000000e+04
4.899510000000000000e+05 2.084400000000000000e+04
4.932840000000000000e+05 2.024700000000000000e+04
4.966170000000000000e+05 1.962100000000000000e+04
4.999500000000000000e+05 1.896000000000000000e+04
5.032830000000000000e+05 1.809700000000000000e+04
5.066160000000000000e+05 1.740300000000000000e+04
5.099490000000000000e+05 1.680500000000000000e+04
5.132820000000000000e+05 1.624000000000000000e+04
5.166150000000000000e+05 1.522000000000000000e+04
5.199480000000000000e+05 1.490700000000000000e+04
5.232810000000000000e+05 1.408500000000000000e+04
5.266140000000000000e+05 1.319500000000000000e+04
5.299470000000000000e+05 1.272400000000000000e+04
5.332800000000000000e+05 1.223000000000000000e+04
5.366130000000000000e+05 1.166800000000000000e+04
5.399460000000000000e+05 1.087300000000000000e+04
5.432790000000000000e+05 1.055100000000000000e+04
5.466120000000000000e+05 1.035200000000000000e+04
5.499450000000000000e+05 1.008500000000000000e+04
5.532780000000000000e+05 9.950000000000000000e+03
5.566110000000000000e+05 9.355000000000000000e+03
5.599440000000000000e+05 9.434000000000000000e+03
5.632770000000000000e+05 9.337000000000000000e+03
5.666100000000000000e+05 9.297000000000000000e+03
5.699430000000000000e+05 9.516000000000000000e+03
5.732760000000000000e+05 9.497000000000000000e+03
5.766090000000000000e+05 9.692000000000000000e+03
5.799420000000000000e+05 1.012700000000000000e+04
5.832750000000000000e+05 1.044500000000000000e+04
5.866080000000000000e+05 1.069200000000000000e+04
5.899410000000000000e+05 1.123800000000000000e+04
5.932740000000000000e+05 1.173700000000000000e+04
5.966070000000000000e+05 1.238900000000000000e+04
5.999400000000000000e+05 1.307800000000000000e+04
6.032730000000000000e+05 1.371900000000000000e+04
6.066060000000000000e+05 1.426200000000000000e+04
6.099390000000000000e+05 1.519400000000000000e+04
6.132720000000000000e+05 1.584500000000000000e+04
6.166050000000000000e+05 1.637600000000000000e+04
6.199380000000000000e+05 1.703300000000000000e+04
6.232710000000000000e+05 1.812100000000000000e+04
6.266040000000000000e+05 1.881900000000000000e+04
6.299370000000000000e+05 1.938200000000000000e+04
6.332700000000000000e+05 2.000200000000000000e+04
6.366030000000000000e+05 2.072400000000000000e+04
6.399360000000000000e+05 2.136400000000000000e+04
6.432690000000000000e+05 2.198100000000000000e+04
6.466020000000000000e+05 2.292800000000000000e+04
6.499350000000000000e+05 2.345800000000000000e+04
6.532680000000000000e+05 2.380100000000000000e+04
6.566010000000000000e+05 2.446800000000000000e+04
6.599340000000000000e+05 2.477200000000000000e+04
6.632670000000000000e+05 2.537500000000000000e+04
