0.000000000000000000e+00 8.605000000000000000e+03
3.330000000000000000e+02 8.825000000000000000e+03
6.660000000000000000e+02 9.068000000000000000e+03
9.990000000000000000e+02 9.179000000000000000e+03
1.332000000000000000e+03 9.182000000000000000e+03
1.665000000000000000e+03 9.397000000000000000e+03
1.998000000000000000e+03 9.286000000000000000e+03
2.331000000000000000e+03 9.568000000000000000e+03
2.664000000000000000e+03 9.554000000000000000e+03
2.997000000000000000e+03 9.820000000000000000e+03
3.330000000000000000e+03 9.755000000000000000e+03
3.663000000000000000e+03 9.771000000000000000e+03
3.996000000000000000e+03 9.850000000000000000e+03
4.329000000000000000e+03 9.815000000000000000e+03
4.662000000000000000e+03 9.986000000000000000e+03
4.995000000000000000e+03 9.796000000000000000e+03
5.328000000000000000e+03 9.813000000000000000e+03
5.661000000000000000e+03 1.003100000000000000e+04
5.994000000000000000e+03 1.008600000000000000e+04
6.327000000000000000e+03 9.851000000000000000e+03
6.660000000000000000e+03 9.856000000000000000e+03
6.993000000000000000e+03 1.006300000000000000e+04
7.326000000000000000e+03 1.001100000000000000e+04
7.659000000000000000e+03 1.018500000000000000e+04
7.992000000000000000e+03 1.011700000000000000e+04
8.325000000000000000e+03 9.739000000000000000e+03
8.658000000000000000e+03 1.004600000000000000e+04
8.991000000000000000e+03 9.921000000000000000e+03
9.324000000000000000e+03 9.822000000000000000e+03
9.657000000000000000e+03 9.830000000000000000e+03
9.990000000000000000e+03 9.459000000000000000e+03
1.032300000000000000e+04 9.580000000000000000e+03
1.065600000000000000e+04 9.302000000000000000e+03
1.098900000000000000e+04 9.218000000000000000e+03
1.132200000000000000e+04 9.382000000000000000e+03
1.165500000000000000e+04 9.216000000000000000e+03
1.198800000000000000e+04 9.122000000000000000e+03
1.232100000000000000e+04 9.130000000000000000e+03
1.265400000000000000e+04 8.953000000000000000e+03
1.298700000000000000e+04 8.696000000000000000e+03
1.332000000000000000e+04 8.453000000000000000e+03
1.365300000000000000e+04 8.369000000000000000e+03
1.398600000000000000e+04 8.226000000000000000e+03
1.431900000000000000e+04 7.961000000000000000e+03
1.465200000000000000e+04 7.899000000000000000e+03
1.498500000000000000e+04 7.533000000000000000e+03
1.531800000000000000e+04 7.412000000000000000e+03
1.565100000000000000e+04 6.935000000000000000e+03
1.598400000000000000e+04 6.686000000000000000e+03
1.631700000000000000e+04 6.416000000000000000e+03
1.665000000000000000e+04 6.193000000000000000e+03
1.698300000000000000e+04 6.218000000000000000e+03
1.731600000000000000e+04 5.797000000000000000e+03
1.764900000000000000e+04 5.716000000000000000e+03
1.798200000000000000e+04 5.364000000000000000e+03
1.831500000000000000e+04 5.160000000000000000e+03
1.864800000000000000e+04 4.940000000000000000e+03
1.898100000000000000e+04 4.634000000000000000e+03
1.931400000000000000e+04 4.429000000000000000e+03
1.964700000000000000e+04 4.289000000000000000e+03
1.998000000000000000e+04 4.032000000000000000e+03
2.031300000000000000e+04 3.715000000000000000e+03
2.064600000000000000e+04 3.611000000000000000e+03
2.097900000000000000e+04 3.552000000000000000e+03
2.131200000000000000e+04 3.342000000000000000e+03
2.164500000000000000e+04 3.281000000000000000e+03
2.197800000000000000e+04 3.150000000000000000e+03
2.231100000000000000e+04 3.002000000000000000e+03
2.264400000000000000e+04 2.938000000000000000e+03
2.297700000000000000e+04 3.036000000000000000e+03
2.331000000000000000e+04 2.952000000000000000e+03
2.364300000000000000e+04 2.927000000000000000e+03
2.397600000000000000e+04 2.986000000000000000e+03
2.430900000000000000e+04 3.103000000000000000e+03
2.464200000000000000e+04 3.173000000000000000e+03
2.497500000000000000e+04 3.229000000000000000e+03
2.530800000000000000e+04 3.275000000000000000e+03
2.564100000000000000e+04 3.530000000000000000e+03
2.597400000000000000e+04 3.686000000000000000e+03
2.630700000000000000e+04 3.905000000000000000e+03
2.664000000000000000e+04 4.107000000000000000e+03
2.697300000000000000e+04 4.313000000000000000e+03
2.730600000000000000e+04 4.504000000000000000e+03
2.763900000000000000e+04 4.823000000000000000e+03
2.797200000000000000e+04 5.092000000000000000e+03
2.830500000000000000e+04 5.325000000000000000e+03
2.863800000000000000e+04 5.469000000000000000e+03
2.897100000000000000e+04 5.690000000000000000e+03
2.930400000000000000e+04 6.102000000000000000e+03
2.963700000000000000e+04 6.424000000000000000e+03
2.997000000000000000e+04 6.709000000000000000e+03
3.030300000000000000e+04 6.804000000000000000e+03
3.063600000000000000e+04 7.168000000000000000e+03
3.096900000000000000e+04 7.447000000000000000e+03
3.130200000000000000e+04 7.444000000000000000e+03
3.163500000000000000e+04 7.944000000000000000e+03
3.196800000000000000e+04 7.954000000000000000e+03
3.230100000000000000e+04 8.195000000000000000e+03
3.263400000000000000e+04 8.464000000000000000e+03
3.296700000000000000e+04 8.436000000000000000e+03
3.330000000000000000e+04 8.372000000000000000e+03
3.363300000000000000e+04 8.747000000000000000e+03
3.396600000000000000e+04 9.063000000000000000e+03
3.429900000000000000e+04 9.169000000000000000e+03
3.463200000000000000e+04 9.233000000000000000e+03
3.496500000000000000e+04 9.234000000000000000e+03
3.529800000000000000e+04 9.432000000000000000e+03
3.563100000000000000e+04 9.473000000000000000e+03
3.596400000000000000e+04 9.705000000000000000e+03
3.629700000000000000e+04 9.584000000000000000e+03
3.663000000000000000e+04 9.745000000000000000e+03
3.696300000000000000e+04 9.767000000000000000e+03
3.729600000000000000e+04 9.524000000000000000e+03
3.762900000000000000e+04 9.890000000000000000e+03
3.796200000000000000e+04 9.907000000000000000e+03
3.829500000000000000e+04 9.839000000000000000e+03
3.862800000000000000e+04 9.992000000000000000e+03
3.896100000000000000e+04 1.010100000000000000e+04
3.929400000000000000e+04 9.940000000000000000e+03
3.962700000000000000e+04 1.009900000000000000e+04
3.996000000000000000e+04 1.000500000000000000e+04
4.029300000000000000e+04 9.961000000000000000e+03
4.062600000000000000e+04 9.946000000000000000e+03
4.095900000000000000e+04 1.008700000000000000e+04
4.129200000000000000e+04 9.892000000000000000e+03
4.162500000000000000e+04 1.001200000000000000e+04
4.195800000000000000e+04 1.004700000000000000e+04
4.229100000000000000e+04 9.629000000000000000e+03
4.262400000000000000e+04 9.824000000000000000e+03
4.295700000000000000e+04 9.743000000000000000e+03
4.329000000000000000e+04 9.748000000000000000e+03
4.362300000000000000e+04 9.526000000000000000e+03
4.395600000000000000e+04 9.445000000000000000e+03
4.428900000000000000e+04 9.606000000000000000e+03
4.462200000000000000e+04 9.278000000000000000e+03
4.495500000000000000e+04 9.329000000000000000e+03
4.528800000000000000e+04 9.131000000000000000e+03
4.562100000000000000e+04 9.138000000000000000e+03
4.595400000000000000e+04 8.835000000000000000e+03
4.628700000000000000e+04 8.641000000000000000e+03
4.662000000000000000e+04 8.648000000000000000e+03
4.695300000000000000e+04 8.504000000000000000e+03
4.728600000000000000e+04 8.271000000000000000e+03
4.761900000000000000e+04 8.030000000000000000e+03
4.795200000000000000e+04 7.863000000000000000e+03
4.828500000000000000e+04 7.564000000000000000e+03
4.861800000000000000e+04 7.301000000000000000e+03
4.895100000000000000e+04 7.131000000000000000e+03
4.928400000000000000e+04 6.904000000000000000e+03
4.961700000000000000e+04 6.721000000000000000e+03
4.995000000000000000e+04 6.400000000000000000e+03
5.028300000000000000e+04 6.301000000000000000e+03
5.061600000000000000e+04 5.831000000000000000e+03
5.094900000000000000e+04 5.644000000000000000e+03
5.128200000000000000e+04 5.464000000000000000e+03
5.161500000000000000e+04 5.153000000000000000e+03
5.194800000000000000e+04 4.853000000000000000e+03
5.228100000000000000e+04 4.735000000000000000e+03
5.261400000000000000e+04 4.615000000000000000e+03
5.294700000000000000e+04 4.188000000000000000e+03
5.328000000000000000e+04 3.981000000000000000e+03
5.361300000000000000e+04 3.847000000000000000e+03
5.394600000000000000e+04 3.637000000000000000e+03
5.427900000000000000e+04 3.545000000000000000e+03
5.461200000000000000e+04 3.285000000000000000e+03
5.494500000000000000e+04 3.132000000000000000e+03
5.527800000000000000e+04 3.193000000000000000e+03
5.561100000000000000e+04 3.034000000000000000e+03
5.594400000000000000e+04 2.894000000000000000e+03
5.627700000000000000e+04 2.966000000000000000e+03
5.661000000000000000e+04 3.073000000000000000e+03
5.694300000000000000e+04 3.013000000000000000e+03
5.727600000000000000e+04 3.015000000000000000e+03
5.760900000000000000e+04 3.080000000000000000e+03
5.794200000000000000e+04 3.120000000000000000e+03
5.827500000000000000e+04 3.181000000000000000e+03
5.860800000000000000e+04 3.360000000000000000e+03
5.894100000000000000e+04 3.458000000000000000e+03
5.927400000000000000e+04 3.666000000000000000e+03
5.960700000000000000e+04 3.843000000000000000e+03
5.994000000000000000e+04 3.939000000000000000e+03
6.027300000000000000e+04 4.216000000000000000e+03
6.060600000000000000e+04 4.464000000000000000e+03
6.093900000000000000e+04 4.722000000000000000e+03
6.127200000000000000e+04 4.959000000000000000e+03
6.160500000000000000e+04 5.286000000000000000e+03
6.193800000000000000e+04 5.573000000000000000e+03
6.227100000000000000e+04 5.870000000000000000e+03
6.260400000000000000e+04 6.052000000000000000e+03
6.293700000000000000e+04 6.560000000000000000e+03
6.327000000000000000e+04 6.486000000000000000e+03
6.360300000000000000e+04 7.000000000000000000e+03
6.393600000000000000e+04 7.183000000000000000e+03
6.426900000000000000e+04 7.383000000000000000e+03
6.460200000000000000e+04 7.392000000000000000e+03
6.493500000000000000e+04 7.768000000000000000e+03
6.526800000000000000e+04 7.895000000000000000e+03
6.560100000000000000e+04 8.098000000000000000e+03
6.593400000000000000e+04 8.523000000000000000e+03
6.626700000000000000e+04 8.485000000000000000e+03
