0.000000000000000000e+00 1.100800000000000000e+04
3.300000000000000000e+01 1.162200000000000000e+04
6.600000000000000000e+01 1.176800000000000000e+04
9.900000000000000000e+01 1.202200000000000000e+04
1.320000000000000000e+02 1.220400000000000000e+04
1.650000000000000000e+02 1.253600000000000000e+04
1.980000000000000000e+02 1.272900000000000000e+04
2.310000000000000000e+02 1.282100000000000000e+04
2.640000000000000000e+02 1.280600000000000000e+04
2.970000000000000000e+02 1.313400000000000000e+04
3.300000000000000000e+02 1.324200000000000000e+04
3.630000000000000000e+02 1.342100000000000000e+04
3.960000000000000000e+02 1.347500000000000000e+04
4.290000000000000000e+02 1.345300000000000000e+04
4.620000000000000000e+02 1.368500000000000000e+04
4.950000000000000000e+02 1.363500000000000000e+04
5.280000000000000000e+02 1.379900000000000000e+04
5.610000000000000000e+02 1.392500000000000000e+04
5.940000000000000000e+02 1.404700000000000000e+04
6.270000000000000000e+02 1.400800000000000000e+04
6.600000000000000000e+02 1.382000000000000000e+04
6.930000000000000000e+02 1.386500000000000000e+04
7.260000000000000000e+02 1.401200000000000000e+04
7.590000000000000000e+02 1.400500000000000000e+04
7.920000000000000000e+02 1.399200000000000000e+04
8.250000000000000000e+02 1.378700000000000000e+04
8.580000000000000000e+02 1.392500000000000000e+04
8.910000000000000000e+02 1.415300000000000000e+04
9.240000000000000000e+02 1.392200000000000000e+04
9.570000000000000000e+02 1.375500000000000000e+04
9.900000000000000000e+02 1.382300000000000000e+04
1.023000000000000000e+03 1.389800000000000000e+04
1.056000000000000000e+03 1.374300000000000000e+04
1.089000000000000000e+03 1.354100000000000000e+04
1.122000000000000000e+03 1.343000000000000000e+04
1.155000000000000000e+03 1.336400000000000000e+04
1.188000000000000000e+03 1.337900000000000000e+04
1.221000000000000000e+03 1.301800000000000000e+04
1.254000000000000000e+03 1.316000000000000000e+04
1.287000000000000000e+03 1.263500000000000000e+04
1.320000000000000000e+03 1.268400000000000000e+04
1.353000000000000000e+03 1.241800000000000000e+04
1.386000000000000000e+03 1.248200000000000000e+04
1.419000000000000000e+03 1.200700000000000000e+04
1.452000000000000000e+03 1.200800000000000000e+04
1.485000000000000000e+03 1.183900000000000000e+04
1.518000000000000000e+03 1.155200000000000000e+04
1.551000000000000000e+03 1.154300000000000000e+04
1.584000000000000000e+03 1.100700000000000000e+04
1.617000000000000000e+03 1.059400000000000000e+04
1.650000000000000000e+03 1.047600000000000000e+04
1.683000000000000000e+03 1.019500000000000000e+04
1.716000000000000000e+03 9.945000000000000000e+03
1.749000000000000000e+03 9.913000000000000000e+03
1.782000000000000000e+03 9.245000000000000000e+03
1.815000000000000000e+03 9.242000000000000000e+03
1.848000000000000000e+03 9.119000000000000000e+03
1.881000000000000000e+03 8.528000000000000000e+03
1.914000000000000000e+03 8.030000000000000000e+03
1.947000000000000000e+03 8.108000000000000000e+03
1.980000000000000000e+03 7.503000000000000000e+03
2.013000000000000000e+03 7.400000000000000000e+03
2.046000000000000000e+03 7.189000000000000000e+03
2.079000000000000000e+03 6.993000000000000000e+03
2.112000000000000000e+03 6.676000000000000000e+03
2.145000000000000000e+03 6.536000000000000000e+03
2.178000000000000000e+03 6.424000000000000000e+03
2.211000000000000000e+03 6.112000000000000000e+03
2.244000000000000000e+03 6.059000000000000000e+03
2.277000000000000000e+03 5.844000000000000000e+03
2.310000000000000000e+03 5.571000000000000000e+03
2.343000000000000000e+03 5.528000000000000000e+03
2.376000000000000000e+03 5.333000000000000000e+03
2.409000000000000000e+03 5.343000000000000000e+03
2.442000000000000000e+03 5.247000000000000000e+03
2.475000000000000000e+03 5.236000000000000000e+03
2.508000000000000000e+03 5.219000000000000000e+03
2.541000000000000000e+03 5.159000000000000000e+03
2.574000000000000000e+03 5.126000000000000000e+03
2.607000000000000000e+03 5.268000000000000000e+03
2.640000000000000000e+03 5.436000000000000000e+03
2.673000000000000000e+03 5.249000000000000000e+03
2.706000000000000000e+03 5.597000000000000000e+03
2.739000000000000000e+03 5.657000000000000000e+03
2.772000000000000000e+03 5.941000000000000000e+03
2.805000000000000000e+03 6.235000000000000000e+03
2.838000000000000000e+03 6.366000000000000000e+03
2.871000000000000000e+03 6.647000000000000000e+03
2.904000000000000000e+03 6.821000000000000000e+03
2.937000000000000000e+03 7.182000000000000000e+03
2.970000000000000000e+03 7.518000000000000000e+03
3.003000000000000000e+03 7.965000000000000000e+03
3.036000000000000000e+03 8.210000000000000000e+03
3.069000000000000000e+03 8.524000000000000000e+03
3.102000000000000000e+03 8.895000000000000000e+03
3.135000000000000000e+03 9.066000000000000000e+03
3.168000000000000000e+03 9.737000000000000000e+03
3.201000000000000000e+03 9.755000000000000000e+03
3.234000000000000000e+03 1.028900000000000000e+04
3.267000000000000000e+03 1.066400000000000000e+04
3.300000000000000000e+03 1.103000000000000000e+04
3.333000000000000000e+03 1.111900000000000000e+04
3.366000000000000000e+03 1.155600000000000000e+04
3.399000000000000000e+03 1.168700000000000000e+04
3.432000000000000000e+03 1.204500000000000000e+04
3.465000000000000000e+03 1.223500000000000000e+04
3.498000000000000000e+03 1.230000000000000000e+04
3.531000000000000000e+03 1.273900000000000000e+04
3.564000000000000000e+03 1.276800000000000000e+04
3.597000000000000000e+03 1.298600000000000000e+04
3.630000000000000000e+03 1.303700000000000000e+04
3.663000000000000000e+03 1.340500000000000000e+04
3.696000000000000000e+03 1.348800000000000000e+04
3.729000000000000000e+03 1.373400000000000000e+04
3.762000000000000000e+03 1.379000000000000000e+04
3.795000000000000000e+03 1.368500000000000000e+04
3.828000000000000000e+03 1.377300000000000000e+04
3.861000000000000000e+03 1.395900000000000000e+04
3.894000000000000000e+03 1.369300000000000000e+04
3.927000000000000000e+03 1.378000000000000000e+04
3.960000000000000000e+03 1.403400000000000000e+04
3.993000000000000000e+03 1.419400000000000000e+04
4.026000000000000000e+03 1.386000000000000000e+04
4.059000000000000000e+03 1.378500000000000000e+04
4.092000000000000000e+03 1.394300000000000000e+04
4.125000000000000000e+03 1.433300000000000000e+04
4.158000000000000000e+03 1.414800000000000000e+04
4.191000000000000000e+03 1.405100000000000000e+04
4.224000000000000000e+03 1.428200000000000000e+04
4.257000000000000000e+03 1.400900000000000000e+04
4.290000000000000000e+03 1.405900000000000000e+04
4.323000000000000000e+03 1.373000000000000000e+04
4.356000000000000000e+03 1.353600000000000000e+04
4.389000000000000000e+03 1.378600000000000000e+04
4.422000000000000000e+03 1.389500000000000000e+04
4.455000000000000000e+03 1.359000000000000000e+04
4.488000000000000000e+03 1.335200000000000000e+04
4.521000000000000000e+03 1.352300000000000000e+04
4.554000000000000000e+03 1.314300000000000000e+04
4.587000000000000000e+03 1.314900000000000000e+04
4.620000000000000000e+03 1.296500000000000000e+04
4.653000000000000000e+03 1.280000000000000000e+04
4.686000000000000000e+03 1.272300000000000000e+04
4.719000000000000000e+03 1.254900000000000000e+04
4.752000000000000000e+03 1.232400000000000000e+04
4.785000000000000000e+03 1.214300000000000000e+04
4.818000000000000000e+03 1.174000000000000000e+04
4.851000000000000000e+03 1.174300000000000000e+04
4.884000000000000000e+03 1.130000000000000000e+04
4.917000000000000000e+03 1.102800000000000000e+04
4.950000000000000000e+03 1.067600000000000000e+04
4.983000000000000000e+03 1.041600000000000000e+04
5.016000000000000000e+03 1.036000000000000000e+04
5.049000000000000000e+03 1.020000000000000000e+04
5.082000000000000000e+03 9.600000000000000000e+03
5.115000000000000000e+03 9.326000000000000000e+03
5.148000000000000000e+03 8.882000000000000000e+03
5.181000000000000000e+03 8.734000000000000000e+03
5.214000000000000000e+03 8.606000000000000000e+03
5.247000000000000000e+03 8.196000000000000000e+03
5.280000000000000000e+03 7.797000000000000000e+03
5.313000000000000000e+03 7.800000000000000000e+03
5.346000000000000000e+03 7.215000000000000000e+03
5.379000000000000000e+03 7.011000000000000000e+03
5.412000000000000000e+03 6.945000000000000000e+03
5.445000000000000000e+03 6.615000000000000000e+03
5.478000000000000000e+03 6.521000000000000000e+03
5.511000000000000000e+03 6.321000000000000000e+03
5.544000000000000000e+03 6.012000000000000000e+03
5.577000000000000000e+03 5.957000000000000000e+03
5.610000000000000000e+03 5.868000000000000000e+03
5.643000000000000000e+03 5.693000000000000000e+03
5.676000000000000000e+03 5.500000000000000000e+03
5.709000000000000000e+03 5.490000000000000000e+03
5.742000000000000000e+03 5.387000000000000000e+03
5.775000000000000000e+03 5.282000000000000000e+03
5.808000000000000000e+03 5.095000000000000000e+03
5.841000000000000000e+03 5.066000000000000000e+03
5.874000000000000000e+03 5.058000000000000000e+03
5.907000000000000000e+03 5.199000000000000000e+03
5.940000000000000000e+03 5.297000000000000000e+03
5.973000000000000000e+03 5.154000000000000000e+03
6.006000000000000000e+03 5.505000000000000000e+03
6.039000000000000000e+03 5.523000000000000000e+03
6.072000000000000000e+03 5.735000000000000000e+03
6.105000000000000000e+03 5.876000000000000000e+03
6.138000000000000000e+03 6.226000000000000000e+03
6.171000000000000000e+03 6.350000000000000000e+03
6.204000000000000000e+03 6.625000000000000000e+03
6.237000000000000000e+03 6.654000000000000000e+03
6.270000000000000000e+03 7.266000000000000000e+03
6.303000000000000000e+03 7.658000000000000000e+03
6.336000000000000000e+03 7.799000000000000000e+03
6.369000000000000000e+03 8.085000000000000000e+03
6.402000000000000000e+03 8.593000000000000000e+03
6.435000000000000000e+03 8.967000000000000000e+03
6.468000000000000000e+03 9.117000000000000000e+03
6.501000000000000000e+03 9.530000000000000000e+03
6.534000000000000000e+03 1.010800000000000000e+04
6.567000000000000000e+03 1.018300000000000000e+04
6.600000000000000000e+03 1.062400000000000000e+04
6.633000000000000000e+03 1.081000000000000000e+04
