0.000000000000000000e+00 4.385200000000000000e+04
3.333000000000000000e+03 4.502800000000000000e+04
6.666000000000000000e+03 4.605500000000000000e+04
9.999000000000000000e+03 4.640800000000000000e+04
1.333200000000000000e+04 4.672500000000000000e+04
1.666500000000000000e+04 4.731900000000000000e+04
1.999800000000000000e+04 4.793500000000000000e+04
2.333100000000000000e+04 4.863800000000000000e+04
2.666400000000000000e+04 4.865200000000000000e+04
2.999700000000000000e+04 4.885400000000000000e+04
3.333000000000000000e+04 4.924900000000000000e+04
3.666300000000000000e+04 4.962800000000000000e+04
3.999600000000000000e+04 5.032200000000000000e+04
4.332900000000000000e+04 4.991500000000000000e+04
4.666200000000000000e+04 5.006800000000000000e+04
4.999500000000000000e+04 5.013800000000000000e+04
5.332800000000000000e+04 5.062100000000000000e+04
5.666100000000000000e+04 5.041100000000000000e+04
5.999400000000000000e+04 5.052500000000000000e+04
6.332700000000000000e+04 5.049300000000000000e+04
6.666000000000000000e+04 5.043900000000000000e+04
6.999300000000000000e+04 5.084900000000000000e+04
7.332600000000000000e+04 5.040500000000000000e+04
7.665900000000000000e+04 5.038700000000000000e+04
7.999200000000000000e+04 5.010400000000000000e+04
8.332500000000000000e+04 5.034200000000000000e+04
8.665800000000000000e+04 4.964000000000000000e+04
8.999100000000000000e+04 4.977600000000000000e+04
9.332400000000000000e+04 4.949300000000000000e+04
9.665700000000000000e+04 4.922300000000000000e+04
9.999000000000000000e+04 4.855500000000000000e+04
1.033230000000000000e+05 4.863600000000000000e+04
1.066560000000000000e+05 4.765000000000000000e+04
1.099890000000000000e+05 4.760900000000000000e+04
1.133220000000000000e+05 4.695200000000000000e+04
1.166550000000000000e+05 4.646200000000000000e+04
1.199880000000000000e+05 4.589800000000000000e+04
1.233210000000000000e+05 4.493700000000000000e+04
1.266540000000000000e+05 4.448100000000000000e+04
1.299870000000000000e+05 4.342000000000000000e+04
1.333200000000000000e+05 4.292100000000000000e+04
1.366530000000000000e+05 4.225300000000000000e+04
1.399860000000000000e+05 4.147300000000000000e+04
1.433190000000000000e+05 4.067600000000000000e+04
1.466520000000000000e+05 3.901000000000000000e+04
1.499850000000000000e+05 3.822600000000000000e+04
1.533180000000000000e+05 3.746200000000000000e+04
1.566510000000000000e+05 3.617600000000000000e+04
1.599840000000000000e+05 3.529100000000000000e+04
1.633170000000000000e+05 3.363400000000000000e+04
1.666500000000000000e+05 3.293800000000000000e+04
1.699830000000000000e+05 3.160400000000000000e+04
1.733160000000000000e+05 3.055500000000000000e+04
1.766490000000000000e+05 2.956800000000000000e+04
1.799820000000000000e+05 2.797000000000000000e+04
1.833150000000000000e+05 2.681300000000000000e+04
1.866480000000000000e+05 2.575700000000000000e+04
1.899810000000000000e+05 2.463600000000000000e+04
1.933140000000000000e+05 2.381700000000000000e+04
1.966470000000000000e+05 2.265100000000000000e+04
1.999800000000000000e+05 2.165500000000000000e+04
2.033130000000000000e+05 2.098000000000000000e+04
2.066460000000000000e+05 1.994900000000000000e+04
2.099790000000000000e+05 1.929600000000000000e+04
2.133120000000000000e+05 1.841400000000000000e+04
2.166450000000000000e+05 1.817400000000000000e+04
2.199780000000000000e+05 1.750500000000000000e+04
2.233110000000000000e+05 1.732000000000000000e+04
2.266440000000000000e+05 1.750000000000000000e+04
2.299770000000000000e+05 1.709700000000000000e+04
2.333100000000000000e+05 1.706400000000000000e+04
2.366430000000000000e+05 1.726300000000000000e+04
2.399760000000000000e+05 1.752100000000000000e+04
2.433090000000000000e+05 1.803500000000000000e+04
2.466420000000000000e+05 1.818600000000000000e+04
2.499750000000000000e+05 1.914700000000000000e+04
2.533080000000000000e+05 1.988100000000000000e+04
2.566410000000000000e+05 2.024500000000000000e+04
2.599740000000000000e+05 2.151600000000000000e+04
2.633070000000000000e+05 2.195700000000000000e+04
2.666400000000000000e+05 2.310000000000000000e+04
2.699730000000000000e+05 2.429400000000000000e+04
2.733060000000000000e+05 2.501700000000000000e+04
2.766390000000000000e+05 2.655500000000000000e+04
2.799720000000000000e+05 2.758000000000000000e+04
2.833050000000000000e+05 2.851100000000000000e+04
2.866380000000000000e+05 2.997900000000000000e+04
2.899710000000000000e+05 3.126400000000000000e+04
2.933040000000000000e+05 3.287100000000000000e+04
2.966370000000000000e+05 3.347800000000000000e+04
2.999700000000000000e+05 3.484300000000000000e+04
3.033030000000000000e+05 3.586600000000000000e+04
3.066360000000000000e+05 3.698900000000000000e+04
3.099690000000000000e+05 3.785800000000000000e+04
3.133020000000000000e+05 3.903000000000000000e+04
3.166350000000000000e+05 4.006200000000000000e+04
3.199680000000000000e+05 4.115700000000000000e+04
3.233010000000000000e+05 4.185300000000000000e+04
3.266340000000000000e+05 4.295700000000000000e+04
3.299670000000000000e+05 4.341400000000000000e+04
3.333000000000000000e+05 4.437400000000000000e+04
3.366330000000000000e+05 4.469500000000000000e+04
3.399660000000000000e+05 4.569400000000000000e+04
3.432990000000000000e+05 4.648900000000000000e+04
3.466320000000000000e+05 4.691100000000000000e+04
3.499650000000000000e+05 4.751400000000000000e+04
3.532980000000000000e+05 4.774700000000000000e+04
3.566310000000000000e+05 4.832600000000000000e+04
3.599640000000000000e+05 4.848600000000000000e+04
3.632970000000000000e+05 4.884100000000000000e+04
3.666300000000000000e+05 4.931400000000000000e+04
3.699630000000000000e+05 4.925600000000000000e+04
3.732960000000000000e+05 4.975700000000000000e+04
3.766290000000000000e+05 5.000300000000000000e+04
3.799620000000000000e+05 4.987600000000000000e+04
3.832950000000000000e+05 5.026400000000000000e+04
3.866280000000000000e+05 5.075300000000000000e+04
3.899610000000000000e+05 5.042300000000000000e+04
3.932940000000000000e+05 5.047800000000000000e+04
3.966270000000000000e+05 4.991200000000000000e+04
3.999600000000000000e+05 5.018900000000000000e+04
4.032930000000000000e+05 5.041700000000000000e+04
4.066260000000000000e+05 5.065800000000000000e+04
4.099590000000000000e+05 5.008700000000000000e+04
4.132920000000000000e+05 5.006500000000000000e+04
4.166250000000000000e+05 5.005600000000000000e+04
4.199580000000000000e+05 4.987200000000000000e+04
4.232910000000000000e+05 4.963200000000000000e+04
4.266240000000000000e+05 4.948400000000000000e+04
4.299570000000000000e+05 4.935100000000000000e+04
4.332900000000000000e+05 4.885000000000000000e+04
4.366230000000000000e+05 4.816000000000000000e+04
4.399560000000000000e+05 4.862300000000000000e+04
4.432890000000000000e+05 4.737600000000000000e+04
4.466220000000000000e+05 4.711800000000000000e+04
4.499550000000000000e+05 4.649600000000000000e+04
4.532880000000000000e+05 4.593700000000000000e+04
4.566210000000000000e+05 4.535000000000000000e+04
4.599540000000000000e+05 4.462700000000000000e+04
4.632870000000000000e+05 4.379500000000000000e+04
4.666200000000000000e+05 4.323600000000000000e+04
4.699530000000000000e+05 4.213300000000000000e+04
4.732860000000000000e+05 4.129900000000000000e+04
4.766190000000000000e+05 4.029800000000000000e+04
4.799520000000000000e+05 3.925200000000000000e+04
4.832850000000000000e+05 3.811400000000000000e+04
4.866180000000000000e+05 3.743800000000000000e+04
4.899510000000000000e+05 3.653900000000000000e+04
4.932840000000000000e+05 3.493500000000000000e+04
4.966170000000000000e+05 3.392400000000000000e+04
4.999500000000000000e+05 3.255800000000000000e+04
5.032830000000000000e+05 3.161100000000000000e+04
5.066160000000000000e+05 3.067800000000000000e+04
5.099490000000000000e+05 2.927800000000000000e+04
5.132820000000000000e+05 2.822900000000000000e+04
5.166150000000000000e+05 2.672700000000000000e+04
5.199480000000000000e+05 2.565800000000000000e+04
5.232810000000000000e+05 2.494300000000000000e+04
5.266140000000000000e+05 2.342700000000000000e+04
5.299470000000000000e+05 2.243800000000000000e+04
5.332800000000000000e+05 2.141100000000000000e+04
5.366130000000000000e+05 2.076700000000000000e+04
5.399460000000000000e+05 1.958400000000000000e+04
5.432790000000000000e+05 1.913800000000000000e+04
5.466120000000000000e+05 1.840300000000000000e+04
5.499450000000000000e+05 1.779100000000000000e+04
5.532780000000000000e+05 1.797700000000000000e+04
5.566110000000000000e+05 1.743700000000000000e+04
5.599440000000000000e+05 1.749200000000000000e+04
5.632770000000000000e+05 1.708400000000000000e+04
5.666100000000000000e+05 1.717600000000000000e+04
5.699430000000000000e+05 1.740800000000000000e+04
5.732760000000000000e+05 1.726000000000000000e+04
5.766090000000000000e+05 1.787400000000000000e+04
5.799420000000000000e+05 1.822000000000000000e+04
5.832750000000000000e+05 1.881800000000000000e+04
5.866080000000000000e+05 1.957500000000000000e+04
5.899410000000000000e+05 2.044500000000000000e+04
5.932740000000000000e+05 2.145300000000000000e+04
5.966070000000000000e+05 2.225800000000000000e+04
5.999400000000000000e+05 2.319300000000000000e+04
6.032730000000000000e+05 2.393000000000000000e+04
6.066060000000000000e+05 2.522800000000000000e+04
6.099390000000000000e+05 2.633900000000000000e+04
6.132720000000000000e+05 2.719200000000000000e+04
6.166050000000000000e+05 2.857200000000000000e+04
6.199380000000000000e+05 3.021800000000000000e+04
6.232710000000000000e+05 3.065000000000000000e+04
6.266040000000000000e+05 3.257600000000000000e+04
6.299370000000000000e+05 3.341200000000000000e+04
6.332700000000000000e+05 3.486500000000000000e+04
6.366030000000000000e+05 3.593700000000000000e+04
6.399360000000000000e+05 3.694400000000000000e+04
6.432690000000000000e+05 3.803000000000000000e+04
6.466020000000000000e+05 3.917000000000000000e+04
6.499350000000000000e+05 4.028400000000000000e+04
6.532680000000000000e+05 4.114500000000000000e+04
6.566010000000000000e+05 4.219300000000000000e+04
6.599340000000000000e+05 4.314500000000000000e+04
6.632670000000000000e+05 4.391600000000000000e+04
