0.000000000000000000e+00 2.250000000000000000e+04
5.000000000000000000e+02 2.293100000000000000e+04
1.000000000000000000e+03 2.373600000000000000e+04
1.500000000000000000e+03 2.386500000000000000e+04
2.000000000000000000e+03 2.344900000000000000e+04
2.500000000000000000e+03 2.401300000000000000e+04
3.000000000000000000e+03 2.407400000000000000e+04
3.500000000000000000e+03 2.452400000000000000e+04
4.000000000000000000e+03 2.494000000000000000e+04
4.500000000000000000e+03 2.504400000000000000e+04
5.000000000000000000e+03 2.471000000000000000e+04
5.500000000000000000e+03 2.518100000000000000e+04
6.000000000000000000e+03 2.528400000000000000e+04
6.500000000000000000e+03 2.521800000000000000e+04
7.000000000000000000e+03 2.571700000000000000e+04
7.500000000000000000e+03 2.579500000000000000e+04
8.000000000000000000e+03 2.557700000000000000e+04
8.500000000000000000e+03 2.566900000000000000e+04
9.000000000000000000e+03 2.511900000000000000e+04
9.500000000000000000e+03 2.575900000000000000e+04
1.000000000000000000e+04 2.557600000000000000e+04
1.050000000000000000e+04 2.561000000000000000e+04
1.100000000000000000e+04 2.572200000000000000e+04
1.150000000000000000e+04 2.549600000000000000e+04
1.200000000000000000e+04 2.553800000000000000e+04
1.250000000000000000e+04 2.585800000000000000e+04
1.300000000000000000e+04 2.529400000000000000e+04
1.350000000000000000e+04 2.513600000000000000e+04
1.400000000000000000e+04 2.533600000000000000e+04
1.450000000000000000e+04 2.496400000000000000e+04
1.500000000000000000e+04 2.462400000000000000e+04
1.550000000000000000e+04 2.440200000000000000e+04
1.600000000000000000e+04 2.420200000000000000e+04
1.650000000000000000e+04 2.407900000000000000e+04
1.700000000000000000e+04 2.408800000000000000e+04
1.750000000000000000e+04 2.413800000000000000e+04
1.800000000000000000e+04 2.357100000000000000e+04
1.850000000000000000e+04 2.314700000000000000e+04
1.900000000000000000e+04 2.263700000000000000e+04
1.950000000000000000e+04 2.216100000000000000e+04
2.000000000000000000e+04 2.152600000000000000e+04
2.050000000000000000e+04 2.179200000000000000e+04
2.100000000000000000e+04 2.115600000000000000e+04
2.150000000000000000e+04 2.048200000000000000e+04
2.200000000000000000e+04 2.013500000000000000e+04
2.250000000000000000e+04 1.949800000000000000e+04
2.300000000000000000e+04 1.924300000000000000e+04
2.350000000000000000e+04 1.849400000000000000e+04
2.400000000000000000e+04 1.805300000000000000e+04
2.450000000000000000e+04 1.751900000000000000e+04
2.500000000000000000e+04 1.689200000000000000e+04
2.550000000000000000e+04 1.616900000000000000e+04
2.600000000000000000e+04 1.542200000000000000e+04
2.650000000000000000e+04 1.507900000000000000e+04
2.700000000000000000e+04 1.452500000000000000e+04
2.750000000000000000e+04 1.389300000000000000e+04
2.800000000000000000e+04 1.334900000000000000e+04
2.850000000000000000e+04 1.278300000000000000e+04
2.900000000000000000e+04 1.220700000000000000e+04
2.950000000000000000e+04 1.168300000000000000e+04
3.000000000000000000e+04 1.116500000000000000e+04
3.050000000000000000e+04 1.096000000000000000e+04
3.100000000000000000e+04 1.058200000000000000e+04
3.150000000000000000e+04 1.000100000000000000e+04
3.200000000000000000e+04 9.699000000000000000e+03
3.250000000000000000e+04 9.498000000000000000e+03
3.300000000000000000e+04 9.172000000000000000e+03
3.350000000000000000e+04 9.203000000000000000e+03
3.400000000000000000e+04 9.137000000000000000e+03
3.450000000000000000e+04 8.967000000000000000e+03
3.500000000000000000e+04 9.040000000000000000e+03
3.550000000000000000e+04 9.033000000000000000e+03
3.600000000000000000e+04 9.070000000000000000e+03
3.650000000000000000e+04 9.171000000000000000e+03
3.700000000000000000e+04 9.467000000000000000e+03
3.750000000000000000e+04 9.699000000000000000e+03
3.800000000000000000e+04 9.956000000000000000e+03
3.850000000000000000e+04 1.045600000000000000e+04
3.900000000000000000e+04 1.077600000000000000e+04
3.950000000000000000e+04 1.122700000000000000e+04
4.000000000000000000e+04 1.189100000000000000e+04
4.050000000000000000e+04 1.247100000000000000e+04
4.100000000000000000e+04 1.296600000000000000e+04
4.150000000000000000e+04 1.350900000000000000e+04
4.200000000000000000e+04 1.398400000000000000e+04
4.250000000000000000e+04 1.448500000000000000e+04
4.300000000000000000e+04 1.536500000000000000e+04
4.350000000000000000e+04 1.590200000000000000e+04
4.400000000000000000e+04 1.645700000000000000e+04
4.450000000000000000e+04 1.725900000000000000e+04
4.500000000000000000e+04 1.779100000000000000e+04
4.550000000000000000e+04 1.822000000000000000e+04
4.600000000000000000e+04 1.886600000000000000e+04
4.650000000000000000e+04 1.960100000000000000e+04
4.700000000000000000e+04 1.993900000000000000e+04
4.750000000000000000e+04 2.058600000000000000e+04
4.800000000000000000e+04 2.085600000000000000e+04
4.850000000000000000e+04 2.127500000000000000e+04
4.900000000000000000e+04 2.185700000000000000e+04
4.950000000000000000e+04 2.191900000000000000e+04
5.000000000000000000e+04 2.257900000000000000e+04
5.050000000000000000e+04 2.327900000000000000e+04
5.100000000000000000e+04 2.347200000000000000e+04
5.150000000000000000e+04 2.351700000000000000e+04
5.200000000000000000e+04 2.389000000000000000e+04
5.250000000000000000e+04 2.382000000000000000e+04
5.300000000000000000e+04 2.486000000000000000e+04
5.350000000000000000e+04 2.445000000000000000e+04
5.400000000000000000e+04 2.495300000000000000e+04
5.450000000000000000e+04 2.472600000000000000e+04
5.500000000000000000e+04 2.498500000000000000e+04
5.550000000000000000e+04 2.523100000000000000e+04
5.600000000000000000e+04 2.552700000000000000e+04
5.650000000000000000e+04 2.547100000000000000e+04
5.700000000000000000e+04 2.555800000000000000e+04
5.750000000000000000e+04 2.573100000000000000e+04
5.800000000000000000e+04 2.574800000000000000e+04
5.850000000000000000e+04 2.543200000000000000e+04
5.900000000000000000e+04 2.549800000000000000e+04
5.950000000000000000e+04 2.544600000000000000e+04
6.000000000000000000e+04 2.540700000000000000e+04
6.050000000000000000e+04 2.578700000000000000e+04
6.100000000000000000e+04 2.555900000000000000e+04
6.150000000000000000e+04 2.569600000000000000e+04
6.200000000000000000e+04 2.524800000000000000e+04
6.250000000000000000e+04 2.577500000000000000e+04
6.300000000000000000e+04 2.557400000000000000e+04
6.350000000000000000e+04 2.542000000000000000e+04
6.400000000000000000e+04 2.508600000000000000e+04
6.450000000000000000e+04 2.495100000000000000e+04
6.500000000000000000e+04 2.463200000000000000e+04
6.550000000000000000e+04 2.447500000000000000e+04
6.600000000000000000e+04 2.437700000000000000e+04
6.650000000000000000e+04 2.409100000000000000e+04
6.700000000000000000e+04 2.384100000000000000e+04
6.750000000000000000e+04 2.415600000000000000e+04
6.800000000000000000e+04 2.351000000000000000e+04
6.850000000000000000e+04 2.307300000000000000e+04
6.900000000000000000e+04 2.256700000000000000e+04
6.950000000000000000e+04 2.232800000000000000e+04
7.000000000000000000e+04 2.171000000000000000e+04
7.050000000000000000e+04 2.147900000000000000e+04
7.100000000000000000e+04 2.094600000000000000e+04
7.150000000000000000e+04 2.056500000000000000e+04
7.200000000000000000e+04 2.043200000000000000e+04
7.250000000000000000e+04 1.940000000000000000e+04
7.300000000000000000e+04 1.943700000000000000e+04
7.350000000000000000e+04 1.870400000000000000e+04
7.400000000000000000e+04 1.786000000000000000e+04
7.450000000000000000e+04 1.740500000000000000e+04
7.500000000000000000e+04 1.684500000000000000e+04
7.550000000000000000e+04 1.612100000000000000e+04
7.600000000000000000e+04 1.567500000000000000e+04
7.650000000000000000e+04 1.505400000000000000e+04
7.700000000000000000e+04 1.454200000000000000e+04
7.750000000000000000e+04 1.394500000000000000e+04
7.800000000000000000e+04 1.328000000000000000e+04
7.850000000000000000e+04 1.288400000000000000e+04
7.900000000000000000e+04 1.224100000000000000e+04
7.950000000000000000e+04 1.182100000000000000e+04
8.000000000000000000e+04 1.124900000000000000e+04
8.050000000000000000e+04 1.089300000000000000e+04
8.100000000000000000e+04 1.048300000000000000e+04
8.150000000000000000e+04 1.001600000000000000e+04
8.200000000000000000e+04 9.808000000000000000e+03
8.250000000000000000e+04 9.458000000000000000e+03
8.300000000000000000e+04 9.395000000000000000e+03
8.350000000000000000e+04 9.171000000000000000e+03
8.400000000000000000e+04 9.367000000000000000e+03
8.450000000000000000e+04 9.127000000000000000e+03
8.500000000000000000e+04 8.784000000000000000e+03
8.550000000000000000e+04 9.019000000000000000e+03
8.600000000000000000e+04 9.042000000000000000e+03
8.650000000000000000e+04 9.386000000000000000e+03
8.700000000000000000e+04 9.362000000000000000e+03
8.750000000000000000e+04 9.720000000000000000e+03
8.800000000000000000e+04 1.011500000000000000e+04
8.850000000000000000e+04 1.038900000000000000e+04
8.900000000000000000e+04 1.095800000000000000e+04
8.950000000000000000e+04 1.168600000000000000e+04
9.000000000000000000e+04 1.181200000000000000e+04
9.050000000000000000e+04 1.259700000000000000e+04
9.100000000000000000e+04 1.304800000000000000e+04
9.150000000000000000e+04 1.360500000000000000e+04
9.200000000000000000e+04 1.385900000000000000e+04
9.250000000000000000e+04 1.440300000000000000e+04
9.300000000000000000e+04 1.514700000000000000e+04
9.350000000000000000e+04 1.615000000000000000e+04
9.400000000000000000e+04 1.649500000000000000e+04
9.450000000000000000e+04 1.725800000000000000e+04
9.500000000000000000e+04 1.762000000000000000e+04
9.550000000000000000e+04 1.835900000000000000e+04
9.600000000000000000e+04 1.877800000000000000e+04
9.650000000000000000e+04 1.946400000000000000e+04
9.700000000000000000e+04 1.999300000000000000e+04
9.750000000000000000e+04 2.051300000000000000e+04
9.800000000000000000e+04 2.093100000000000000e+04
9.850000000000000000e+04 2.139100000000000000e+04
9.900000000000000000e+04 2.154100000000000000e+04
9.950000000000000000e+04 2.213400000000000000e+04
