0.000000000000000000e+00 3.170400000000000000e+04
5.000000000000000000e+03 3.235100000000000000e+04
1.000000000000000000e+04 3.286000000000000000e+04
1.500000000000000000e+04 3.330000000000000000e+04
2.000000000000000000e+04 3.357100000000000000e+04
2.500000000000000000e+04 3.402200000000000000e+04
3.000000000000000000e+04 3.433200000000000000e+04
3.500000000000000000e+04 3.448300000000000000e+04
4.000000000000000000e+04 3.515000000000000000e+04
4.500000000000000000e+04 3.520600000000000000e+04
5.000000000000000000e+04 3.569800000000000000e+04
5.500000000000000000e+04 3.544600000000000000e+04
6.000000000000000000e+04 3.570000000000000000e+04
6.500000000000000000e+04 3.583200000000000000e+04
7.000000000000000000e+04 3.578400000000000000e+04
7.500000000000000000e+04 3.623800000000000000e+04
8.000000000000000000e+04 3.621900000000000000e+04
8.500000000000000000e+04 3.630100000000000000e+04
9.000000000000000000e+04 3.621800000000000000e+04
9.500000000000000000e+04 3.622200000000000000e+04
1.000000000000000000e+05 3.645100000000000000e+04
1.050000000000000000e+05 3.617300000000000000e+04
1.100000000000000000e+05 3.594800000000000000e+04
1.150000000000000000e+05 3.634100000000000000e+04
1.200000000000000000e+05 3.597000000000000000e+04
1.250000000000000000e+05 3.583600000000000000e+04
1.300000000000000000e+05 3.592300000000000000e+04
1.350000000000000000e+05 3.544100000000000000e+04
1.400000000000000000e+05 3.556300000000000000e+04
1.450000000000000000e+05 3.525400000000000000e+04
1.500000000000000000e+05 3.518700000000000000e+04
1.550000000000000000e+05 3.474900000000000000e+04
1.600000000000000000e+05 3.433200000000000000e+04
1.650000000000000000e+05 3.408900000000000000e+04
1.700000000000000000e+05 3.365100000000000000e+04
1.750000000000000000e+05 3.331600000000000000e+04
1.800000000000000000e+05 3.304500000000000000e+04
1.850000000000000000e+05 3.249000000000000000e+04
1.900000000000000000e+05 3.186700000000000000e+04
1.950000000000000000e+05 3.117900000000000000e+04
2.000000000000000000e+05 3.083100000000000000e+04
2.050000000000000000e+05 3.017700000000000000e+04
2.100000000000000000e+05 2.992400000000000000e+04
2.150000000000000000e+05 2.905000000000000000e+04
2.200000000000000000e+05 2.844500000000000000e+04
2.250000000000000000e+05 2.732700000000000000e+04
2.300000000000000000e+05 2.683800000000000000e+04
2.350000000000000000e+05 2.599300000000000000e+04
2.400000000000000000e+05 2.516300000000000000e+04
2.450000000000000000e+05 2.426700000000000000e+04
2.500000000000000000e+05 2.346700000000000000e+04
2.550000000000000000e+05 2.234000000000000000e+04
2.600000000000000000e+05 2.174900000000000000e+04
2.650000000000000000e+05 2.092400000000000000e+04
2.700000000000000000e+05 2.000000000000000000e+04
2.750000000000000000e+05 1.918700000000000000e+04
2.800000000000000000e+05 1.833300000000000000e+04
2.850000000000000000e+05 1.763100000000000000e+04
2.900000000000000000e+05 1.687100000000000000e+04
2.950000000000000000e+05 1.603200000000000000e+04
3.000000000000000000e+05 1.555700000000000000e+04
3.050000000000000000e+05 1.462000000000000000e+04
3.100000000000000000e+05 1.401500000000000000e+04
3.150000000000000000e+05 1.360400000000000000e+04
3.200000000000000000e+05 1.342900000000000000e+04
3.250000000000000000e+05 1.303500000000000000e+04
3.300000000000000000e+05 1.244200000000000000e+04
3.350000000000000000e+05 1.257100000000000000e+04
3.400000000000000000e+05 1.228900000000000000e+04
3.450000000000000000e+05 1.221400000000000000e+04
3.500000000000000000e+05 1.232000000000000000e+04
3.550000000000000000e+05 1.224800000000000000e+04
3.600000000000000000e+05 1.224100000000000000e+04
3.650000000000000000e+05 1.291100000000000000e+04
3.700000000000000000e+05 1.309900000000000000e+04
3.750000000000000000e+05 1.352000000000000000e+04
3.800000000000000000e+05 1.409800000000000000e+04
3.850000000000000000e+05 1.450500000000000000e+04
3.900000000000000000e+05 1.485200000000000000e+04
3.950000000000000000e+05 1.578900000000000000e+04
4.000000000000000000e+05 1.659800000000000000e+04
4.050000000000000000e+05 1.726500000000000000e+04
4.100000000000000000e+05 1.797200000000000000e+04
4.150000000000000000e+05 1.907900000000000000e+04
4.200000000000000000e+05 1.963200000000000000e+04
4.250000000000000000e+05 2.062400000000000000e+04
4.300000000000000000e+05 2.141200000000000000e+04
4.350000000000000000e+05 2.248300000000000000e+04
4.400000000000000000e+05 2.310200000000000000e+04
4.450000000000000000e+05 2.415900000000000000e+04
4.500000000000000000e+05 2.492600000000000000e+04
4.550000000000000000e+05 2.599200000000000000e+04
4.600000000000000000e+05 2.682800000000000000e+04
4.650000000000000000e+05 2.714900000000000000e+04
4.700000000000000000e+05 2.796800000000000000e+04
4.750000000000000000e+05 2.897300000000000000e+04
4.800000000000000000e+05 2.923300000000000000e+04
4.850000000000000000e+05 3.017500000000000000e+04
4.900000000000000000e+05 3.064900000000000000e+04
4.950000000000000000e+05 3.097800000000000000e+04
5.000000000000000000e+05 3.188700000000000000e+04
5.050000000000000000e+05 3.267700000000000000e+04
5.100000000000000000e+05 3.283700000000000000e+04
5.150000000000000000e+05 3.285900000000000000e+04
5.200000000000000000e+05 3.349700000000000000e+04
5.250000000000000000e+05 3.377700000000000000e+04
5.300000000000000000e+05 3.438000000000000000e+04
5.350000000000000000e+05 3.495700000000000000e+04
5.400000000000000000e+05 3.520500000000000000e+04
5.450000000000000000e+05 3.511400000000000000e+04
5.500000000000000000e+05 3.570200000000000000e+04
5.550000000000000000e+05 3.561800000000000000e+04
5.600000000000000000e+05 3.567000000000000000e+04
5.650000000000000000e+05 3.608700000000000000e+04
5.700000000000000000e+05 3.608200000000000000e+04
5.750000000000000000e+05 3.584600000000000000e+04
5.800000000000000000e+05 3.639400000000000000e+04
5.850000000000000000e+05 3.615000000000000000e+04
5.900000000000000000e+05 3.645900000000000000e+04
5.950000000000000000e+05 3.636900000000000000e+04
6.000000000000000000e+05 3.606300000000000000e+04
6.050000000000000000e+05 3.640900000000000000e+04
6.100000000000000000e+05 3.617800000000000000e+04
6.150000000000000000e+05 3.607500000000000000e+04
6.200000000000000000e+05 3.638000000000000000e+04
6.250000000000000000e+05 3.585100000000000000e+04
6.300000000000000000e+05 3.574900000000000000e+04
6.350000000000000000e+05 3.578700000000000000e+04
6.400000000000000000e+05 3.555800000000000000e+04
6.450000000000000000e+05 3.493700000000000000e+04
6.500000000000000000e+05 3.476000000000000000e+04
6.550000000000000000e+05 3.449100000000000000e+04
6.600000000000000000e+05 3.430800000000000000e+04
6.650000000000000000e+05 3.398700000000000000e+04
6.700000000000000000e+05 3.363600000000000000e+04
6.750000000000000000e+05 3.340000000000000000e+04
6.800000000000000000e+05 3.296800000000000000e+04
6.850000000000000000e+05 3.223800000000000000e+04
6.900000000000000000e+05 3.224800000000000000e+04
6.950000000000000000e+05 3.146600000000000000e+04
7.000000000000000000e+05 3.068400000000000000e+04
7.050000000000000000e+05 3.012100000000000000e+04
7.100000000000000000e+05 2.991900000000000000e+04
7.150000000000000000e+05 2.881800000000000000e+04
7.200000000000000000e+05 2.824500000000000000e+04
7.250000000000000000e+05 2.769700000000000000e+04
7.300000000000000000e+05 2.657200000000000000e+04
7.350000000000000000e+05 2.552400000000000000e+04
7.400000000000000000e+05 2.483900000000000000e+04
7.450000000000000000e+05 2.463800000000000000e+04
7.500000000000000000e+05 2.335200000000000000e+04
7.550000000000000000e+05 2.275400000000000000e+04
7.600000000000000000e+05 2.174400000000000000e+04
7.650000000000000000e+05 2.072500000000000000e+04
7.700000000000000000e+05 2.005900000000000000e+04
7.750000000000000000e+05 1.919900000000000000e+04
7.800000000000000000e+05 1.840100000000000000e+04
7.850000000000000000e+05 1.769000000000000000e+04
7.900000000000000000e+05 1.680600000000000000e+04
7.950000000000000000e+05 1.606800000000000000e+04
8.000000000000000000e+05 1.531400000000000000e+04
8.050000000000000000e+05 1.500100000000000000e+04
8.100000000000000000e+05 1.416700000000000000e+04
8.150000000000000000e+05 1.364100000000000000e+04
8.200000000000000000e+05 1.305700000000000000e+04
8.250000000000000000e+05 1.274100000000000000e+04
8.300000000000000000e+05 1.251500000000000000e+04
8.350000000000000000e+05 1.253500000000000000e+04
8.400000000000000000e+05 1.214300000000000000e+04
8.450000000000000000e+05 1.220800000000000000e+04
8.500000000000000000e+05 1.222300000000000000e+04
8.550000000000000000e+05 1.233500000000000000e+04
8.600000000000000000e+05 1.240500000000000000e+04
8.650000000000000000e+05 1.259200000000000000e+04
8.700000000000000000e+05 1.303200000000000000e+04
8.750000000000000000e+05 1.346700000000000000e+04
8.800000000000000000e+05 1.398600000000000000e+04
8.850000000000000000e+05 1.438100000000000000e+04
8.900000000000000000e+05 1.506600000000000000e+04
8.950000000000000000e+05 1.570100000000000000e+04
9.000000000000000000e+05 1.662300000000000000e+04
9.050000000000000000e+05 1.735100000000000000e+04
9.100000000000000000e+05 1.801300000000000000e+04
9.150000000000000000e+05 1.891400000000000000e+04
9.200000000000000000e+05 1.972800000000000000e+04
9.250000000000000000e+05 2.049400000000000000e+04
9.300000000000000000e+05 2.137900000000000000e+04
9.350000000000000000e+05 2.257500000000000000e+04
9.400000000000000000e+05 2.325200000000000000e+04
9.450000000000000000e+05 2.400100000000000000e+04
9.500000000000000000e+05 2.504700000000000000e+04
9.550000000000000000e+05 2.573600000000000000e+04
9.600000000000000000e+05 2.648200000000000000e+04
9.650000000000000000e+05 2.746300000000000000e+04
9.700000000000000000e+05 2.800400000000000000e+04
9.750000000000000000e+05 2.896200000000000000e+04
9.800000000000000000e+05 2.956900000000000000e+04
9.850000000000000000e+05 3.028700000000000000e+04
9.900000000000000000e+05 3.057800000000000000e+04
9.950000000000000000e+05 3.133800000000000000e+04
