0.000000000000000000e+00 2.722600000000000000e+04
1.000000000000000000e+03 2.741300000000000000e+04
2.000000000000000000e+03 2.774800000000000000e+04
3.000000000000000000e+03 2.851900000000000000e+04
4.000000000000000000e+03 2.877700000000000000e+04
5.000000000000000000e+03 2.918500000000000000e+04
6.000000000000000000e+03 2.939100000000000000e+04
7.000000000000000000e+03 2.941700000000000000e+04
8.000000000000000000e+03 3.017100000000000000e+04
9.000000000000000000e+03 3.041600000000000000e+04
1.000000000000000000e+04 3.043000000000000000e+04
1.100000000000000000e+04 3.068800000000000000e+04
1.200000000000000000e+04 3.090400000000000000e+04
1.300000000000000000e+04 3.067900000000000000e+04
1.400000000000000000e+04 3.120100000000000000e+04
1.500000000000000000e+04 3.081100000000000000e+04
1.600000000000000000e+04 3.112300000000000000e+04
1.700000000000000000e+04 3.145700000000000000e+04
1.800000000000000000e+04 3.118500000000000000e+04
1.900000000000000000e+04 3.081500000000000000e+04
2.000000000000000000e+04 3.155300000000000000e+04
2.100000000000000000e+04 3.124000000000000000e+04
2.200000000000000000e+04 3.131200000000000000e+04
2.300000000000000000e+04 3.125200000000000000e+04
2.400000000000000000e+04 3.095500000000000000e+04
2.500000000000000000e+04 3.074700000000000000e+04
2.600000000000000000e+04 3.089500000000000000e+04
2.700000000000000000e+04 3.064600000000000000e+04
2.800000000000000000e+04 3.006500000000000000e+04
2.900000000000000000e+04 3.005300000000000000e+04
3.000000000000000000e+04 3.004200000000000000e+04
3.100000000000000000e+04 2.992400000000000000e+04
3.200000000000000000e+04 2.969000000000000000e+04
3.300000000000000000e+04 2.919800000000000000e+04
3.400000000000000000e+04 2.918300000000000000e+04
3.500000000000000000e+04 2.877100000000000000e+04
3.600000000000000000e+04 2.843900000000000000e+04
3.700000000000000000e+04 2.823200000000000000e+04
3.800000000000000000e+04 2.747200000000000000e+04
3.900000000000000000e+04 2.705600000000000000e+04
4.000000000000000000e+04 2.663500000000000000e+04
4.100000000000000000e+04 2.617800000000000000e+04
4.200000000000000000e+04 2.554800000000000000e+04
4.300000000000000000e+04 2.475400000000000000e+04
4.400000000000000000e+04 2.397800000000000000e+04
4.500000000000000000e+04 2.353600000000000000e+04
4.600000000000000000e+04 2.316100000000000000e+04
4.700000000000000000e+04 2.212300000000000000e+04
4.800000000000000000e+04 2.182700000000000000e+04
4.900000000000000000e+04 2.123900000000000000e+04
5.000000000000000000e+04 2.033200000000000000e+04
5.100000000000000000e+04 1.944200000000000000e+04
5.200000000000000000e+04 1.874200000000000000e+04
5.300000000000000000e+04 1.831300000000000000e+04
5.400000000000000000e+04 1.754700000000000000e+04
5.500000000000000000e+04 1.680700000000000000e+04
5.600000000000000000e+04 1.593300000000000000e+04
5.700000000000000000e+04 1.522000000000000000e+04
5.800000000000000000e+04 1.470300000000000000e+04
5.900000000000000000e+04 1.408400000000000000e+04
6.000000000000000000e+04 1.362800000000000000e+04
6.100000000000000000e+04 1.302500000000000000e+04
6.200000000000000000e+04 1.240900000000000000e+04
6.300000000000000000e+04 1.219100000000000000e+04
6.400000000000000000e+04 1.162600000000000000e+04
6.500000000000000000e+04 1.146900000000000000e+04
6.600000000000000000e+04 1.148400000000000000e+04
6.700000000000000000e+04 1.096300000000000000e+04
6.800000000000000000e+04 1.092700000000000000e+04
6.900000000000000000e+04 1.075800000000000000e+04
7.000000000000000000e+04 1.092500000000000000e+04
7.100000000000000000e+04 1.086800000000000000e+04
7.200000000000000000e+04 1.108000000000000000e+04
7.300000000000000000e+04 1.142300000000000000e+04
7.400000000000000000e+04 1.153000000000000000e+04
7.500000000000000000e+04 1.171000000000000000e+04
7.600000000000000000e+04 1.212100000000000000e+04
7.700000000000000000e+04 1.276100000000000000e+04
7.800000000000000000e+04 1.325200000000000000e+04
7.900000000000000000e+04 1.361400000000000000e+04
8.000000000000000000e+04 1.430500000000000000e+04
8.100000000000000000e+04 1.478900000000000000e+04
8.200000000000000000e+04 1.581100000000000000e+04
8.300000000000000000e+04 1.637200000000000000e+04
8.400000000000000000e+04 1.704000000000000000e+04
8.500000000000000000e+04 1.763800000000000000e+04
8.600000000000000000e+04 1.882200000000000000e+04
8.700000000000000000e+04 1.962800000000000000e+04
8.800000000000000000e+04 2.003600000000000000e+04
8.900000000000000000e+04 2.113200000000000000e+04
9.000000000000000000e+04 2.175300000000000000e+04
9.100000000000000000e+04 2.200200000000000000e+04
9.200000000000000000e+04 2.338800000000000000e+04
9.300000000000000000e+04 2.355400000000000000e+04
9.400000000000000000e+04 2.433700000000000000e+04
9.500000000000000000e+04 2.465600000000000000e+04
9.600000000000000000e+04 2.534700000000000000e+04
9.700000000000000000e+04 2.605700000000000000e+04
9.800000000000000000e+04 2.671800000000000000e+04
9.900000000000000000e+04 2.749000000000000000e+04
1.000000000000000000e+05 2.736100000000000000e+04
1.010000000000000000e+05 2.788300000000000000e+04
1.020000000000000000e+05 2.823600000000000000e+04
1.030000000000000000e+05 2.891100000000000000e+04
1.040000000000000000e+05 2.921700000000000000e+04
1.050000000000000000e+05 2.911900000000000000e+04
1.060000000000000000e+05 2.961500000000000000e+04
1.070000000000000000e+05 2.979100000000000000e+04
1.080000000000000000e+05 3.012900000000000000e+04
1.090000000000000000e+05 3.033900000000000000e+04
1.100000000000000000e+05 3.074400000000000000e+04
1.110000000000000000e+05 3.030000000000000000e+04
1.120000000000000000e+05 3.050300000000000000e+04
1.130000000000000000e+05 3.119600000000000000e+04
1.140000000000000000e+05 3.053100000000000000e+04
1.150000000000000000e+05 3.078600000000000000e+04
1.160000000000000000e+05 3.164600000000000000e+04
1.170000000000000000e+05 3.139300000000000000e+04
1.180000000000000000e+05 3.073300000000000000e+04
1.190000000000000000e+05 3.091800000000000000e+04
1.200000000000000000e+05 3.160300000000000000e+04
1.210000000000000000e+05 3.126900000000000000e+04
1.220000000000000000e+05 3.107000000000000000e+04
1.230000000000000000e+05 3.109700000000000000e+04
1.240000000000000000e+05 3.099500000000000000e+04
1.250000000000000000e+05 3.058300000000000000e+04
1.260000000000000000e+05 3.084700000000000000e+04
1.270000000000000000e+05 3.104400000000000000e+04
1.280000000000000000e+05 3.034500000000000000e+04
1.290000000000000000e+05 3.004500000000000000e+04
1.300000000000000000e+05 3.031200000000000000e+04
1.310000000000000000e+05 2.995500000000000000e+04
1.320000000000000000e+05 2.996600000000000000e+04
1.330000000000000000e+05 2.935700000000000000e+04
1.340000000000000000e+05 2.886600000000000000e+04
1.350000000000000000e+05 2.854200000000000000e+04
1.360000000000000000e+05 2.851400000000000000e+04
1.370000000000000000e+05 2.797800000000000000e+04
1.380000000000000000e+05 2.746300000000000000e+04
1.390000000000000000e+05 2.720900000000000000e+04
1.400000000000000000e+05 2.653600000000000000e+04
1.410000000000000000e+05 2.599600000000000000e+04
1.420000000000000000e+05 2.580900000000000000e+04
1.430000000000000000e+05 2.499400000000000000e+04
1.440000000000000000e+05 2.453600000000000000e+04
1.450000000000000000e+05 2.351000000000000000e+04
1.460000000000000000e+05 2.311800000000000000e+04
1.470000000000000000e+05 2.245500000000000000e+04
1.480000000000000000e+05 2.169600000000000000e+04
1.490000000000000000e+05 2.103500000000000000e+04
1.500000000000000000e+05 2.029600000000000000e+04
1.510000000000000000e+05 1.967600000000000000e+04
1.520000000000000000e+05 1.871500000000000000e+04
1.530000000000000000e+05 1.810800000000000000e+04
1.540000000000000000e+05 1.772800000000000000e+04
1.550000000000000000e+05 1.671200000000000000e+04
1.560000000000000000e+05 1.612000000000000000e+04
1.570000000000000000e+05 1.520000000000000000e+04
1.580000000000000000e+05 1.475100000000000000e+04
1.590000000000000000e+05 1.417600000000000000e+04
1.600000000000000000e+05 1.386300000000000000e+04
1.610000000000000000e+05 1.289500000000000000e+04
1.620000000000000000e+05 1.223500000000000000e+04
1.630000000000000000e+05 1.211400000000000000e+04
1.640000000000000000e+05 1.186700000000000000e+04
1.650000000000000000e+05 1.115100000000000000e+04
1.660000000000000000e+05 1.121200000000000000e+04
1.670000000000000000e+05 1.103300000000000000e+04
1.680000000000000000e+05 1.099500000000000000e+04
1.690000000000000000e+05 1.094400000000000000e+04
1.700000000000000000e+05 1.097200000000000000e+04
1.710000000000000000e+05 1.092400000000000000e+04
1.720000000000000000e+05 1.108300000000000000e+04
1.730000000000000000e+05 1.116800000000000000e+04
1.740000000000000000e+05 1.129700000000000000e+04
1.750000000000000000e+05 1.184500000000000000e+04
1.760000000000000000e+05 1.236700000000000000e+04
1.770000000000000000e+05 1.303800000000000000e+04
1.780000000000000000e+05 1.296600000000000000e+04
1.790000000000000000e+05 1.361700000000000000e+04
1.800000000000000000e+05 1.404100000000000000e+04
1.810000000000000000e+05 1.519900000000000000e+04
1.820000000000000000e+05 1.585800000000000000e+04
1.830000000000000000e+05 1.644300000000000000e+04
1.840000000000000000e+05 1.715100000000000000e+04
1.850000000000000000e+05 1.766600000000000000e+04
1.860000000000000000e+05 1.869800000000000000e+04
1.870000000000000000e+05 1.954900000000000000e+04
1.880000000000000000e+05 2.010300000000000000e+04
1.890000000000000000e+05 2.069900000000000000e+04
1.900000000000000000e+05 2.169400000000000000e+04
1.910000000000000000e+05 2.193900000000000000e+04
1.920000000000000000e+05 2.281200000000000000e+04
1.930000000000000000e+05 2.350600000000000000e+04
1.940000000000000000e+05 2.427100000000000000e+04
1.950000000000000000e+05 2.477100000000000000e+04
1.960000000000000000e+05 2.526300000000000000e+04
1.970000000000000000e+05 2.590000000000000000e+04
1.980000000000000000e+05 2.631500000000000000e+04
1.990000000000000000e+05 2.709300000000000000e+04
