0.000000000000000000e+00 1.960200000000000000e+04
2.000000000000000000e+01 2.087300000000000000e+04
4.000000000000000000e+01 2.103600000000000000e+04
6.000000000000000000e+01 2.164600000000000000e+04
8.000000000000000000e+01 2.176700000000000000e+04
1.000000000000000000e+02 2.224600000000000000e+04
1.200000000000000000e+02 2.276200000000000000e+04
1.400000000000000000e+02 2.300900000000000000e+04
1.600000000000000000e+02 2.342100000000000000e+04
1.800000000000000000e+02 2.403200000000000000e+04
2.000000000000000000e+02 2.396200000000000000e+04
2.200000000000000000e+02 2.424900000000000000e+04
2.400000000000000000e+02 2.462900000000000000e+04
2.600000000000000000e+02 2.483200000000000000e+04
2.800000000000000000e+02 2.471300000000000000e+04
3.000000000000000000e+02 2.522800000000000000e+04
3.200000000000000000e+02 2.523800000000000000e+04
3.400000000000000000e+02 2.576600000000000000e+04
3.600000000000000000e+02 2.571800000000000000e+04
3.800000000000000000e+02 2.573400000000000000e+04
4.000000000000000000e+02 2.592500000000000000e+04
4.200000000000000000e+02 2.607800000000000000e+04
4.400000000000000000e+02 2.549900000000000000e+04
4.600000000000000000e+02 2.632400000000000000e+04
4.800000000000000000e+02 2.588000000000000000e+04
5.000000000000000000e+02 2.607900000000000000e+04
5.200000000000000000e+02 2.601700000000000000e+04
5.400000000000000000e+02 2.604300000000000000e+04
5.600000000000000000e+02 2.581300000000000000e+04
5.800000000000000000e+02 2.624400000000000000e+04
6.000000000000000000e+02 2.596200000000000000e+04
6.200000000000000000e+02 2.580400000000000000e+04
6.400000000000000000e+02 2.561600000000000000e+04
6.600000000000000000e+02 2.552000000000000000e+04
6.800000000000000000e+02 2.538900000000000000e+04
7.000000000000000000e+02 2.481200000000000000e+04
7.200000000000000000e+02 2.471400000000000000e+04
7.400000000000000000e+02 2.473200000000000000e+04
7.600000000000000000e+02 2.472600000000000000e+04
7.800000000000000000e+02 2.422800000000000000e+04
8.000000000000000000e+02 2.375200000000000000e+04
8.200000000000000000e+02 2.346300000000000000e+04
8.400000000000000000e+02 2.347200000000000000e+04
8.600000000000000000e+02 2.297200000000000000e+04
8.800000000000000000e+02 2.262300000000000000e+04
9.000000000000000000e+02 2.194000000000000000e+04
9.200000000000000000e+02 2.195600000000000000e+04
9.400000000000000000e+02 2.145900000000000000e+04
9.600000000000000000e+02 2.108100000000000000e+04
9.800000000000000000e+02 2.069600000000000000e+04
1.000000000000000000e+03 2.002900000000000000e+04
1.020000000000000000e+03 1.957700000000000000e+04
1.040000000000000000e+03 1.884300000000000000e+04
1.060000000000000000e+03 1.857200000000000000e+04
1.080000000000000000e+03 1.792600000000000000e+04
1.100000000000000000e+03 1.783700000000000000e+04
1.120000000000000000e+03 1.742300000000000000e+04
1.140000000000000000e+03 1.648100000000000000e+04
1.160000000000000000e+03 1.621600000000000000e+04
1.180000000000000000e+03 1.577400000000000000e+04
1.200000000000000000e+03 1.549500000000000000e+04
1.220000000000000000e+03 1.480700000000000000e+04
1.240000000000000000e+03 1.423600000000000000e+04
1.260000000000000000e+03 1.382100000000000000e+04
1.280000000000000000e+03 1.358400000000000000e+04
1.300000000000000000e+03 1.348100000000000000e+04
1.320000000000000000e+03 1.262000000000000000e+04
1.340000000000000000e+03 1.261300000000000000e+04
1.360000000000000000e+03 1.215800000000000000e+04
1.380000000000000000e+03 1.185000000000000000e+04
1.400000000000000000e+03 1.168200000000000000e+04
1.420000000000000000e+03 1.157100000000000000e+04
1.440000000000000000e+03 1.138100000000000000e+04
1.460000000000000000e+03 1.130700000000000000e+04
1.480000000000000000e+03 1.100100000000000000e+04
1.500000000000000000e+03 1.103200000000000000e+04
1.520000000000000000e+03 1.079600000000000000e+04
1.540000000000000000e+03 1.101700000000000000e+04
1.560000000000000000e+03 1.084900000000000000e+04
1.580000000000000000e+03 1.085000000000000000e+04
1.600000000000000000e+03 1.104200000000000000e+04
1.620000000000000000e+03 1.106300000000000000e+04
1.640000000000000000e+03 1.159300000000000000e+04
1.660000000000000000e+03 1.166300000000000000e+04
1.680000000000000000e+03 1.202100000000000000e+04
1.700000000000000000e+03 1.227000000000000000e+04
1.720000000000000000e+03 1.256200000000000000e+04
1.740000000000000000e+03 1.331200000000000000e+04
1.760000000000000000e+03 1.364500000000000000e+04
1.780000000000000000e+03 1.396000000000000000e+04
1.800000000000000000e+03 1.460500000000000000e+04
1.820000000000000000e+03 1.509900000000000000e+04
1.840000000000000000e+03 1.566900000000000000e+04
1.860000000000000000e+03 1.592800000000000000e+04
1.880000000000000000e+03 1.674900000000000000e+04
1.900000000000000000e+03 1.740700000000000000e+04
1.920000000000000000e+03 1.798800000000000000e+04
1.940000000000000000e+03 1.822300000000000000e+04
1.960000000000000000e+03 1.924400000000000000e+04
1.980000000000000000e+03 1.964100000000000000e+04
2.000000000000000000e+03 2.005800000000000000e+04
2.020000000000000000e+03 2.055600000000000000e+04
2.040000000000000000e+03 2.118200000000000000e+04
2.060000000000000000e+03 2.154800000000000000e+04
2.080000000000000000e+03 2.200600000000000000e+04
2.100000000000000000e+03 2.242500000000000000e+04
2.120000000000000000e+03 2.320000000000000000e+04
2.140000000000000000e+03 2.326500000000000000e+04
2.160000000000000000e+03 2.366500000000000000e+04
2.180000000000000000e+03 2.348900000000000000e+04
2.200000000000000000e+03 2.397200000000000000e+04
2.220000000000000000e+03 2.431800000000000000e+04
2.240000000000000000e+03 2.433200000000000000e+04
2.260000000000000000e+03 2.475900000000000000e+04
2.280000000000000000e+03 2.492700000000000000e+04
2.300000000000000000e+03 2.534300000000000000e+04
2.320000000000000000e+03 2.537800000000000000e+04
2.340000000000000000e+03 2.519200000000000000e+04
2.360000000000000000e+03 2.551100000000000000e+04
2.380000000000000000e+03 2.571800000000000000e+04
2.400000000000000000e+03 2.594200000000000000e+04
2.420000000000000000e+03 2.589100000000000000e+04
2.440000000000000000e+03 2.580000000000000000e+04
2.460000000000000000e+03 2.614500000000000000e+04
2.480000000000000000e+03 2.581500000000000000e+04
2.500000000000000000e+03 2.586400000000000000e+04
2.520000000000000000e+03 2.577700000000000000e+04
2.540000000000000000e+03 2.601800000000000000e+04
2.560000000000000000e+03 2.564100000000000000e+04
2.580000000000000000e+03 2.580000000000000000e+04
2.600000000000000000e+03 2.551800000000000000e+04
2.620000000000000000e+03 2.554000000000000000e+04
2.640000000000000000e+03 2.543000000000000000e+04
2.660000000000000000e+03 2.541900000000000000e+04
2.680000000000000000e+03 2.508800000000000000e+04
2.700000000000000000e+03 2.497000000000000000e+04
2.720000000000000000e+03 2.469900000000000000e+04
2.740000000000000000e+03 2.457500000000000000e+04
2.760000000000000000e+03 2.432600000000000000e+04
2.780000000000000000e+03 2.394400000000000000e+04
2.800000000000000000e+03 2.378200000000000000e+04
2.820000000000000000e+03 2.382200000000000000e+04
2.840000000000000000e+03 2.314900000000000000e+04
2.860000000000000000e+03 2.276300000000000000e+04
2.880000000000000000e+03 2.240900000000000000e+04
2.900000000000000000e+03 2.206300000000000000e+04
2.920000000000000000e+03 2.181600000000000000e+04
2.940000000000000000e+03 2.151700000000000000e+04
2.960000000000000000e+03 2.101700000000000000e+04
2.980000000000000000e+03 2.046900000000000000e+04
3.000000000000000000e+03 1.997000000000000000e+04
3.020000000000000000e+03 1.954900000000000000e+04
3.040000000000000000e+03 1.925200000000000000e+04
3.060000000000000000e+03 1.875000000000000000e+04
3.080000000000000000e+03 1.811400000000000000e+04
3.100000000000000000e+03 1.756900000000000000e+04
3.120000000000000000e+03 1.710400000000000000e+04
3.140000000000000000e+03 1.663000000000000000e+04
3.160000000000000000e+03 1.603700000000000000e+04
3.180000000000000000e+03 1.574500000000000000e+04
3.200000000000000000e+03 1.527600000000000000e+04
3.220000000000000000e+03 1.485600000000000000e+04
3.240000000000000000e+03 1.433500000000000000e+04
3.260000000000000000e+03 1.404600000000000000e+04
3.280000000000000000e+03 1.349800000000000000e+04
3.300000000000000000e+03 1.332600000000000000e+04
3.320000000000000000e+03 1.281000000000000000e+04
3.340000000000000000e+03 1.250000000000000000e+04
3.360000000000000000e+03 1.235500000000000000e+04
3.380000000000000000e+03 1.174600000000000000e+04
3.400000000000000000e+03 1.175500000000000000e+04
3.420000000000000000e+03 1.145000000000000000e+04
3.440000000000000000e+03 1.116000000000000000e+04
3.460000000000000000e+03 1.130100000000000000e+04
3.480000000000000000e+03 1.100700000000000000e+04
3.500000000000000000e+03 1.116000000000000000e+04
3.520000000000000000e+03 1.083900000000000000e+04
3.540000000000000000e+03 1.089100000000000000e+04
3.560000000000000000e+03 1.097600000000000000e+04
3.580000000000000000e+03 1.108500000000000000e+04
3.600000000000000000e+03 1.095500000000000000e+04
3.620000000000000000e+03 1.114200000000000000e+04
3.640000000000000000e+03 1.155200000000000000e+04
3.660000000000000000e+03 1.176100000000000000e+04
3.680000000000000000e+03 1.202200000000000000e+04
3.700000000000000000e+03 1.222600000000000000e+04
3.720000000000000000e+03 1.266900000000000000e+04
3.740000000000000000e+03 1.306400000000000000e+04
3.760000000000000000e+03 1.365100000000000000e+04
3.780000000000000000e+03 1.434500000000000000e+04
3.800000000000000000e+03 1.451900000000000000e+04
3.820000000000000000e+03 1.526600000000000000e+04
3.840000000000000000e+03 1.550600000000000000e+04
3.860000000000000000e+03 1.623800000000000000e+04
3.880000000000000000e+03 1.665600000000000000e+04
3.900000000000000000e+03 1.771100000000000000e+04
3.920000000000000000e+03 1.789000000000000000e+04
3.940000000000000000e+03 1.848200000000000000e+04
3.960000000000000000e+03 1.883600000000000000e+04
3.980000000000000000e+03 1.986200000000000000e+04
