0.000000000000000000e+00 2.252000000000000000e+04
2.000000000000000000e+02 2.269000000000000000e+04
4.000000000000000000e+02 2.333500000000000000e+04
6.000000000000000000e+02 2.389700000000000000e+04
8.000000000000000000e+02 2.390300000000000000e+04
1.000000000000000000e+03 2.398300000000000000e+04
1.200000000000000000e+03 2.458000000000000000e+04
1.400000000000000000e+03 2.480000000000000000e+04
1.600000000000000000e+03 2.519800000000000000e+04
1.800000000000000000e+03 2.506000000000000000e+04
2.000000000000000000e+03 2.557600000000000000e+04
2.200000000000000000e+03 2.522500000000000000e+04
2.400000000000000000e+03 2.542900000000000000e+04
2.600000000000000000e+03 2.590400000000000000e+04
2.800000000000000000e+03 2.588800000000000000e+04
3.000000000000000000e+03 2.546300000000000000e+04
3.200000000000000000e+03 2.590500000000000000e+04
3.400000000000000000e+03 2.562700000000000000e+04
3.600000000000000000e+03 2.593400000000000000e+04
3.800000000000000000e+03 2.595900000000000000e+04
4.000000000000000000e+03 2.608600000000000000e+04
4.200000000000000000e+03 2.614600000000000000e+04
4.400000000000000000e+03 2.575000000000000000e+04
4.600000000000000000e+03 2.569900000000000000e+04
4.800000000000000000e+03 2.589800000000000000e+04
5.000000000000000000e+03 2.561500000000000000e+04
5.200000000000000000e+03 2.542400000000000000e+04
5.400000000000000000e+03 2.545100000000000000e+04
5.600000000000000000e+03 2.523800000000000000e+04
5.800000000000000000e+03 2.511900000000000000e+04
6.000000000000000000e+03 2.486300000000000000e+04
6.200000000000000000e+03 2.495000000000000000e+04
6.400000000000000000e+03 2.457100000000000000e+04
6.600000000000000000e+03 2.443100000000000000e+04
6.800000000000000000e+03 2.394100000000000000e+04
7.000000000000000000e+03 2.369000000000000000e+04
7.200000000000000000e+03 2.367000000000000000e+04
7.400000000000000000e+03 2.339500000000000000e+04
7.600000000000000000e+03 2.289200000000000000e+04
7.800000000000000000e+03 2.292700000000000000e+04
8.000000000000000000e+03 2.220100000000000000e+04
8.200000000000000000e+03 2.168200000000000000e+04
8.400000000000000000e+03 2.161200000000000000e+04
8.600000000000000000e+03 2.093700000000000000e+04
8.800000000000000000e+03 2.028500000000000000e+04
9.000000000000000000e+03 1.991300000000000000e+04
9.200000000000000000e+03 1.957200000000000000e+04
9.400000000000000000e+03 1.883500000000000000e+04
9.600000000000000000e+03 1.820000000000000000e+04
9.800000000000000000e+03 1.785800000000000000e+04
1.000000000000000000e+04 1.725600000000000000e+04
1.020000000000000000e+04 1.650600000000000000e+04
1.040000000000000000e+04 1.596500000000000000e+04
1.060000000000000000e+04 1.525200000000000000e+04
1.080000000000000000e+04 1.481500000000000000e+04
1.100000000000000000e+04 1.446300000000000000e+04
1.120000000000000000e+04 1.380500000000000000e+04
1.140000000000000000e+04 1.333900000000000000e+04
1.160000000000000000e+04 1.285100000000000000e+04
1.180000000000000000e+04 1.219500000000000000e+04
1.200000000000000000e+04 1.179400000000000000e+04
1.220000000000000000e+04 1.148200000000000000e+04
1.240000000000000000e+04 1.105300000000000000e+04
1.260000000000000000e+04 1.059400000000000000e+04
1.280000000000000000e+04 1.045500000000000000e+04
1.300000000000000000e+04 9.879000000000000000e+03
1.320000000000000000e+04 9.715000000000000000e+03
1.340000000000000000e+04 9.610000000000000000e+03
1.360000000000000000e+04 9.277000000000000000e+03
1.380000000000000000e+04 9.170000000000000000e+03
1.400000000000000000e+04 9.359000000000000000e+03
1.420000000000000000e+04 9.211000000000000000e+03
1.440000000000000000e+04 9.522000000000000000e+03
1.460000000000000000e+04 9.371000000000000000e+03
1.480000000000000000e+04 9.885000000000000000e+03
1.500000000000000000e+04 9.840000000000000000e+03
1.520000000000000000e+04 1.029300000000000000e+04
1.540000000000000000e+04 1.048500000000000000e+04
1.560000000000000000e+04 1.098400000000000000e+04
1.580000000000000000e+04 1.143000000000000000e+04
1.600000000000000000e+04 1.189700000000000000e+04
1.620000000000000000e+04 1.244600000000000000e+04
1.640000000000000000e+04 1.258300000000000000e+04
1.660000000000000000e+04 1.341800000000000000e+04
1.680000000000000000e+04 1.413100000000000000e+04
1.700000000000000000e+04 1.459700000000000000e+04
1.720000000000000000e+04 1.530700000000000000e+04
1.740000000000000000e+04 1.593700000000000000e+04
1.760000000000000000e+04 1.657500000000000000e+04
1.780000000000000000e+04 1.732000000000000000e+04
1.800000000000000000e+04 1.797500000000000000e+04
1.820000000000000000e+04 1.830700000000000000e+04
1.840000000000000000e+04 1.902700000000000000e+04
1.860000000000000000e+04 1.954500000000000000e+04
1.880000000000000000e+04 1.981600000000000000e+04
1.900000000000000000e+04 2.080700000000000000e+04
1.920000000000000000e+04 2.087200000000000000e+04
1.940000000000000000e+04 2.122900000000000000e+04
1.960000000000000000e+04 2.185300000000000000e+04
1.980000000000000000e+04 2.222700000000000000e+04
2.000000000000000000e+04 2.283200000000000000e+04
2.020000000000000000e+04 2.287900000000000000e+04
2.040000000000000000e+04 2.328700000000000000e+04
2.060000000000000000e+04 2.378100000000000000e+04
2.080000000000000000e+04 2.423500000000000000e+04
2.100000000000000000e+04 2.427800000000000000e+04
2.120000000000000000e+04 2.424200000000000000e+04
2.140000000000000000e+04 2.456600000000000000e+04
2.160000000000000000e+04 2.505700000000000000e+04
2.180000000000000000e+04 2.502400000000000000e+04
2.200000000000000000e+04 2.553500000000000000e+04
2.220000000000000000e+04 2.499400000000000000e+04
2.240000000000000000e+04 2.534600000000000000e+04
2.260000000000000000e+04 2.578700000000000000e+04
2.280000000000000000e+04 2.565600000000000000e+04
2.300000000000000000e+04 2.585900000000000000e+04
2.320000000000000000e+04 2.569800000000000000e+04
2.340000000000000000e+04 2.575000000000000000e+04
2.360000000000000000e+04 2.564700000000000000e+04
2.380000000000000000e+04 2.564100000000000000e+04
2.400000000000000000e+04 2.584700000000000000e+04
2.420000000000000000e+04 2.602700000000000000e+04
2.440000000000000000e+04 2.569100000000000000e+04
2.460000000000000000e+04 2.597300000000000000e+04
2.480000000000000000e+04 2.568500000000000000e+04
2.500000000000000000e+04 2.588200000000000000e+04
2.520000000000000000e+04 2.595500000000000000e+04
2.540000000000000000e+04 2.561500000000000000e+04
2.560000000000000000e+04 2.518700000000000000e+04
2.580000000000000000e+04 2.499900000000000000e+04
2.600000000000000000e+04 2.489000000000000000e+04
2.620000000000000000e+04 2.460200000000000000e+04
2.640000000000000000e+04 2.453500000000000000e+04
2.660000000000000000e+04 2.401000000000000000e+04
2.680000000000000000e+04 2.428000000000000000e+04
2.700000000000000000e+04 2.370100000000000000e+04
2.720000000000000000e+04 2.362200000000000000e+04
2.740000000000000000e+04 2.346900000000000000e+04
2.760000000000000000e+04 2.306700000000000000e+04
2.780000000000000000e+04 2.245700000000000000e+04
2.800000000000000000e+04 2.199500000000000000e+04
2.820000000000000000e+04 2.184200000000000000e+04
2.840000000000000000e+04 2.139200000000000000e+04
2.860000000000000000e+04 2.095600000000000000e+04
2.880000000000000000e+04 2.024700000000000000e+04
2.900000000000000000e+04 2.036100000000000000e+04
2.920000000000000000e+04 1.941100000000000000e+04
2.940000000000000000e+04 1.893300000000000000e+04
2.960000000000000000e+04 1.823900000000000000e+04
2.980000000000000000e+04 1.772300000000000000e+04
3.000000000000000000e+04 1.730400000000000000e+04
3.020000000000000000e+04 1.675700000000000000e+04
3.040000000000000000e+04 1.587900000000000000e+04
3.060000000000000000e+04 1.531400000000000000e+04
3.080000000000000000e+04 1.496200000000000000e+04
3.100000000000000000e+04 1.458700000000000000e+04
3.120000000000000000e+04 1.403500000000000000e+04
3.140000000000000000e+04 1.336100000000000000e+04
3.160000000000000000e+04 1.281100000000000000e+04
3.180000000000000000e+04 1.238700000000000000e+04
3.200000000000000000e+04 1.170700000000000000e+04
3.220000000000000000e+04 1.144800000000000000e+04
3.240000000000000000e+04 1.115900000000000000e+04
3.260000000000000000e+04 1.070200000000000000e+04
3.280000000000000000e+04 1.035300000000000000e+04
3.300000000000000000e+04 1.000300000000000000e+04
3.320000000000000000e+04 9.651000000000000000e+03
3.340000000000000000e+04 9.692000000000000000e+03
3.360000000000000000e+04 9.386000000000000000e+03
3.380000000000000000e+04 9.314000000000000000e+03
3.400000000000000000e+04 9.303000000000000000e+03
3.420000000000000000e+04 9.246000000000000000e+03
3.440000000000000000e+04 9.578000000000000000e+03
3.460000000000000000e+04 9.428000000000000000e+03
3.480000000000000000e+04 9.625000000000000000e+03
3.500000000000000000e+04 9.912000000000000000e+03
3.520000000000000000e+04 1.027900000000000000e+04
3.540000000000000000e+04 1.065400000000000000e+04
3.560000000000000000e+04 1.098100000000000000e+04
3.580000000000000000e+04 1.138100000000000000e+04
3.600000000000000000e+04 1.197000000000000000e+04
3.620000000000000000e+04 1.236500000000000000e+04
3.640000000000000000e+04 1.294900000000000000e+04
3.660000000000000000e+04 1.336000000000000000e+04
3.680000000000000000e+04 1.418500000000000000e+04
3.700000000000000000e+04 1.462900000000000000e+04
3.720000000000000000e+04 1.528100000000000000e+04
3.740000000000000000e+04 1.592800000000000000e+04
3.760000000000000000e+04 1.663600000000000000e+04
3.780000000000000000e+04 1.730700000000000000e+04
3.800000000000000000e+04 1.794600000000000000e+04
3.820000000000000000e+04 1.850800000000000000e+04
3.840000000000000000e+04 1.927100000000000000e+04
3.860000000000000000e+04 1.959400000000000000e+04
3.880000000000000000e+04 1.993400000000000000e+04
3.900000000000000000e+04 2.060800000000000000e+04
3.920000000000000000e+04 2.118500000000000000e+04
3.940000000000000000e+04 2.123000000000000000e+04
3.960000000000000000e+04 2.171900000000000000e+04
3.980000000000000000e+04 2.237500000000000000e+04
