0.000000000000000000e+00 2.300500000000000000e+04
5.000000000000000000e+01 2.371900000000000000e+04
1.000000000000000000e+02 2.418000000000000000e+04
1.500000000000000000e+02 2.443200000000000000e+04
2.000000000000000000e+02 2.474400000000000000e+04
2.500000000000000000e+02 2.543400000000000000e+04
3.000000000000000000e+02 2.554900000000000000e+04
3.500000000000000000e+02 2.610800000000000000e+04
4.000000000000000000e+02 2.593900000000000000e+04
4.500000000000000000e+02 2.647100000000000000e+04
5.000000000000000000e+02 2.689300000000000000e+04
5.500000000000000000e+02 2.678700000000000000e+04
6.000000000000000000e+02 2.693800000000000000e+04
6.500000000000000000e+02 2.736600000000000000e+04
7.000000000000000000e+02 2.727800000000000000e+04
7.500000000000000000e+02 2.700900000000000000e+04
8.000000000000000000e+02 2.750400000000000000e+04
8.500000000000000000e+02 2.745600000000000000e+04
9.000000000000000000e+02 2.749900000000000000e+04
9.500000000000000000e+02 2.752800000000000000e+04
1.000000000000000000e+03 2.757500000000000000e+04
1.050000000000000000e+03 2.759700000000000000e+04
1.100000000000000000e+03 2.765500000000000000e+04
1.150000000000000000e+03 2.732500000000000000e+04
1.200000000000000000e+03 2.734300000000000000e+04
1.250000000000000000e+03 2.720300000000000000e+04
1.300000000000000000e+03 2.734700000000000000e+04
1.350000000000000000e+03 2.744200000000000000e+04
1.400000000000000000e+03 2.695900000000000000e+04
1.450000000000000000e+03 2.695100000000000000e+04
1.500000000000000000e+03 2.697800000000000000e+04
1.550000000000000000e+03 2.649000000000000000e+04
1.600000000000000000e+03 2.662000000000000000e+04
1.650000000000000000e+03 2.611500000000000000e+04
1.700000000000000000e+03 2.587900000000000000e+04
1.750000000000000000e+03 2.570100000000000000e+04
1.800000000000000000e+03 2.568100000000000000e+04
1.850000000000000000e+03 2.506200000000000000e+04
1.900000000000000000e+03 2.485000000000000000e+04
1.950000000000000000e+03 2.464000000000000000e+04
2.000000000000000000e+03 2.391000000000000000e+04
2.050000000000000000e+03 2.350400000000000000e+04
2.100000000000000000e+03 2.311900000000000000e+04
2.150000000000000000e+03 2.269200000000000000e+04
2.200000000000000000e+03 2.228400000000000000e+04
2.250000000000000000e+03 2.167400000000000000e+04
2.300000000000000000e+03 2.107700000000000000e+04
2.350000000000000000e+03 2.079800000000000000e+04
2.400000000000000000e+03 2.045200000000000000e+04
2.450000000000000000e+03 1.952700000000000000e+04
2.500000000000000000e+03 1.908900000000000000e+04
2.550000000000000000e+03 1.841200000000000000e+04
2.600000000000000000e+03 1.809500000000000000e+04
2.650000000000000000e+03 1.733400000000000000e+04
2.700000000000000000e+03 1.674400000000000000e+04
2.750000000000000000e+03 1.618300000000000000e+04
2.800000000000000000e+03 1.556000000000000000e+04
2.850000000000000000e+03 1.516500000000000000e+04
2.900000000000000000e+03 1.458500000000000000e+04
2.950000000000000000e+03 1.413700000000000000e+04
3.000000000000000000e+03 1.351400000000000000e+04
3.050000000000000000e+03 1.277500000000000000e+04
3.100000000000000000e+03 1.235600000000000000e+04
3.150000000000000000e+03 1.215400000000000000e+04
3.200000000000000000e+03 1.175500000000000000e+04
3.250000000000000000e+03 1.133300000000000000e+04
3.300000000000000000e+03 1.104400000000000000e+04
3.350000000000000000e+03 1.078200000000000000e+04
3.400000000000000000e+03 1.059300000000000000e+04
3.450000000000000000e+03 1.029800000000000000e+04
3.500000000000000000e+03 1.033100000000000000e+04
3.550000000000000000e+03 1.025400000000000000e+04
3.600000000000000000e+03 1.014700000000000000e+04
3.650000000000000000e+03 1.019500000000000000e+04
3.700000000000000000e+03 1.002800000000000000e+04
3.750000000000000000e+03 1.001100000000000000e+04
3.800000000000000000e+03 1.032700000000000000e+04
3.850000000000000000e+03 1.040800000000000000e+04
3.900000000000000000e+03 1.079300000000000000e+04
3.950000000000000000e+03 1.115200000000000000e+04
4.000000000000000000e+03 1.128500000000000000e+04
4.050000000000000000e+03 1.201200000000000000e+04
4.100000000000000000e+03 1.224800000000000000e+04
4.150000000000000000e+03 1.277000000000000000e+04
4.200000000000000000e+03 1.316800000000000000e+04
4.250000000000000000e+03 1.404600000000000000e+04
4.300000000000000000e+03 1.447700000000000000e+04
4.350000000000000000e+03 1.538200000000000000e+04
4.400000000000000000e+03 1.586000000000000000e+04
4.450000000000000000e+03 1.662200000000000000e+04
4.500000000000000000e+03 1.713000000000000000e+04
4.550000000000000000e+03 1.787100000000000000e+04
4.600000000000000000e+03 1.862900000000000000e+04
4.650000000000000000e+03 1.934000000000000000e+04
4.700000000000000000e+03 1.991600000000000000e+04
4.750000000000000000e+03 2.072400000000000000e+04
4.800000000000000000e+03 2.109500000000000000e+04
4.850000000000000000e+03 2.181500000000000000e+04
4.900000000000000000e+03 2.242200000000000000e+04
4.950000000000000000e+03 2.302600000000000000e+04
5.000000000000000000e+03 2.332600000000000000e+04
5.050000000000000000e+03 2.368500000000000000e+04
5.100000000000000000e+03 2.423300000000000000e+04
5.150000000000000000e+03 2.436300000000000000e+04
5.200000000000000000e+03 2.463900000000000000e+04
5.250000000000000000e+03 2.536100000000000000e+04
5.300000000000000000e+03 2.570800000000000000e+04
5.350000000000000000e+03 2.574900000000000000e+04
5.400000000000000000e+03 2.632600000000000000e+04
5.450000000000000000e+03 2.625800000000000000e+04
5.500000000000000000e+03 2.686200000000000000e+04
5.550000000000000000e+03 2.671900000000000000e+04
5.600000000000000000e+03 2.716400000000000000e+04
5.650000000000000000e+03 2.703600000000000000e+04
5.700000000000000000e+03 2.744200000000000000e+04
5.750000000000000000e+03 2.744000000000000000e+04
5.800000000000000000e+03 2.717800000000000000e+04
5.850000000000000000e+03 2.754500000000000000e+04
5.900000000000000000e+03 2.726500000000000000e+04
5.950000000000000000e+03 2.778800000000000000e+04
6.000000000000000000e+03 2.734900000000000000e+04
6.050000000000000000e+03 2.767700000000000000e+04
6.100000000000000000e+03 2.756300000000000000e+04
6.150000000000000000e+03 2.741800000000000000e+04
6.200000000000000000e+03 2.744500000000000000e+04
6.250000000000000000e+03 2.767500000000000000e+04
6.300000000000000000e+03 2.768200000000000000e+04
6.350000000000000000e+03 2.720300000000000000e+04
6.400000000000000000e+03 2.706700000000000000e+04
6.450000000000000000e+03 2.681900000000000000e+04
6.500000000000000000e+03 2.646400000000000000e+04
6.550000000000000000e+03 2.674400000000000000e+04
6.600000000000000000e+03 2.651900000000000000e+04
6.650000000000000000e+03 2.625800000000000000e+04
6.700000000000000000e+03 2.599100000000000000e+04
6.750000000000000000e+03 2.578400000000000000e+04
6.800000000000000000e+03 2.549100000000000000e+04
6.850000000000000000e+03 2.519000000000000000e+04
6.900000000000000000e+03 2.483100000000000000e+04
6.950000000000000000e+03 2.446800000000000000e+04
7.000000000000000000e+03 2.388900000000000000e+04
7.050000000000000000e+03 2.348200000000000000e+04
7.100000000000000000e+03 2.302800000000000000e+04
7.150000000000000000e+03 2.259200000000000000e+04
7.200000000000000000e+03 2.212000000000000000e+04
7.250000000000000000e+03 2.198600000000000000e+04
7.300000000000000000e+03 2.141900000000000000e+04
7.350000000000000000e+03 2.064700000000000000e+04
7.400000000000000000e+03 2.010000000000000000e+04
7.450000000000000000e+03 1.961100000000000000e+04
7.500000000000000000e+03 1.930600000000000000e+04
7.550000000000000000e+03 1.850800000000000000e+04
7.600000000000000000e+03 1.807800000000000000e+04
7.650000000000000000e+03 1.728200000000000000e+04
7.700000000000000000e+03 1.685300000000000000e+04
7.750000000000000000e+03 1.607600000000000000e+04
7.800000000000000000e+03 1.565800000000000000e+04
7.850000000000000000e+03 1.510000000000000000e+04
7.900000000000000000e+03 1.465500000000000000e+04
7.950000000000000000e+03 1.413300000000000000e+04
8.000000000000000000e+03 1.343300000000000000e+04
8.050000000000000000e+03 1.287300000000000000e+04
8.100000000000000000e+03 1.242600000000000000e+04
8.150000000000000000e+03 1.223600000000000000e+04
8.200000000000000000e+03 1.183600000000000000e+04
8.250000000000000000e+03 1.144400000000000000e+04
8.300000000000000000e+03 1.099300000000000000e+04
8.350000000000000000e+03 1.121500000000000000e+04
8.400000000000000000e+03 1.074100000000000000e+04
8.450000000000000000e+03 1.045800000000000000e+04
8.500000000000000000e+03 1.022200000000000000e+04
8.550000000000000000e+03 1.026500000000000000e+04
8.600000000000000000e+03 1.014600000000000000e+04
8.650000000000000000e+03 1.003400000000000000e+04
8.700000000000000000e+03 1.013700000000000000e+04
8.750000000000000000e+03 1.024900000000000000e+04
8.800000000000000000e+03 1.066600000000000000e+04
8.850000000000000000e+03 1.046800000000000000e+04
8.900000000000000000e+03 1.076000000000000000e+04
8.950000000000000000e+03 1.096300000000000000e+04
9.000000000000000000e+03 1.121200000000000000e+04
9.050000000000000000e+03 1.191100000000000000e+04
9.100000000000000000e+03 1.232100000000000000e+04
9.150000000000000000e+03 1.289500000000000000e+04
9.200000000000000000e+03 1.339700000000000000e+04
9.250000000000000000e+03 1.387400000000000000e+04
9.300000000000000000e+03 1.466700000000000000e+04
9.350000000000000000e+03 1.493500000000000000e+04
9.400000000000000000e+03 1.570400000000000000e+04
9.450000000000000000e+03 1.667300000000000000e+04
9.500000000000000000e+03 1.728900000000000000e+04
9.550000000000000000e+03 1.784800000000000000e+04
9.600000000000000000e+03 1.877100000000000000e+04
9.650000000000000000e+03 1.905000000000000000e+04
9.700000000000000000e+03 1.989600000000000000e+04
9.750000000000000000e+03 2.028300000000000000e+04
9.800000000000000000e+03 2.118900000000000000e+04
9.850000000000000000e+03 2.177800000000000000e+04
9.900000000000000000e+03 2.216700000000000000e+04
9.950000000000000000e+03 2.270700000000000000e+04
