0.000000000000000000e+00 2.031500000000000000e+04
1.000000000000000000e+02 2.055500000000000000e+04
2.000000000000000000e+02 2.124300000000000000e+04
3.000000000000000000e+02 2.147300000000000000e+04
4.000000000000000000e+02 2.147700000000000000e+04
5.000000000000000000e+02 2.212400000000000000e+04
6.000000000000000000e+02 2.237600000000000000e+04
7.000000000000000000e+02 2.243800000000000000e+04
8.000000000000000000e+02 2.261700000000000000e+04
9.000000000000000000e+02 2.300500000000000000e+04
1.000000000000000000e+03 2.293900000000000000e+04
1.100000000000000000e+03 2.310200000000000000e+04
1.200000000000000000e+03 2.319900000000000000e+04
1.300000000000000000e+03 2.322100000000000000e+04
1.400000000000000000e+03 2.333400000000000000e+04
1.500000000000000000e+03 2.367200000000000000e+04
1.600000000000000000e+03 2.347900000000000000e+04
1.700000000000000000e+03 2.345900000000000000e+04
1.800000000000000000e+03 2.330900000000000000e+04
1.900000000000000000e+03 2.382900000000000000e+04
2.000000000000000000e+03 2.363700000000000000e+04
2.100000000000000000e+03 2.361400000000000000e+04
2.200000000000000000e+03 2.369400000000000000e+04
2.300000000000000000e+03 2.340200000000000000e+04
2.400000000000000000e+03 2.357200000000000000e+04
2.500000000000000000e+03 2.358100000000000000e+04
2.600000000000000000e+03 2.303400000000000000e+04
2.700000000000000000e+03 2.270200000000000000e+04
2.800000000000000000e+03 2.308800000000000000e+04
2.900000000000000000e+03 2.270500000000000000e+04
3.000000000000000000e+03 2.252400000000000000e+04
3.100000000000000000e+03 2.254500000000000000e+04
3.200000000000000000e+03 2.247900000000000000e+04
3.300000000000000000e+03 2.247900000000000000e+04
3.400000000000000000e+03 2.203300000000000000e+04
3.500000000000000000e+03 2.133200000000000000e+04
3.600000000000000000e+03 2.128700000000000000e+04
3.700000000000000000e+03 2.124100000000000000e+04
3.800000000000000000e+03 2.085000000000000000e+04
3.900000000000000000e+03 2.050700000000000000e+04
4.000000000000000000e+03 2.011600000000000000e+04
4.100000000000000000e+03 1.980700000000000000e+04
4.200000000000000000e+03 1.955400000000000000e+04
4.300000000000000000e+03 1.935000000000000000e+04
4.400000000000000000e+03 1.900900000000000000e+04
4.500000000000000000e+03 1.818900000000000000e+04
4.600000000000000000e+03 1.796700000000000000e+04
4.700000000000000000e+03 1.739100000000000000e+04
4.800000000000000000e+03 1.679800000000000000e+04
4.900000000000000000e+03 1.622100000000000000e+04
5.000000000000000000e+03 1.583800000000000000e+04
5.100000000000000000e+03 1.549800000000000000e+04
5.200000000000000000e+03 1.458400000000000000e+04
5.300000000000000000e+03 1.421400000000000000e+04
5.400000000000000000e+03 1.379600000000000000e+04
5.500000000000000000e+03 1.306000000000000000e+04
5.600000000000000000e+03 1.243400000000000000e+04
5.700000000000000000e+03 1.196700000000000000e+04
5.800000000000000000e+03 1.182100000000000000e+04
5.900000000000000000e+03 1.087600000000000000e+04
6.000000000000000000e+03 1.056800000000000000e+04
6.100000000000000000e+03 1.009600000000000000e+04
6.200000000000000000e+03 9.984000000000000000e+03
6.300000000000000000e+03 9.338000000000000000e+03
6.400000000000000000e+03 9.024000000000000000e+03
6.500000000000000000e+03 8.842000000000000000e+03
6.600000000000000000e+03 8.697000000000000000e+03
6.700000000000000000e+03 8.300000000000000000e+03
6.800000000000000000e+03 8.092000000000000000e+03
6.900000000000000000e+03 7.919000000000000000e+03
7.000000000000000000e+03 8.016000000000000000e+03
7.100000000000000000e+03 7.818000000000000000e+03
7.200000000000000000e+03 7.905000000000000000e+03
7.300000000000000000e+03 8.026000000000000000e+03
7.400000000000000000e+03 7.850000000000000000e+03
7.500000000000000000e+03 8.263000000000000000e+03
7.600000000000000000e+03 8.525000000000000000e+03
7.700000000000000000e+03 8.629000000000000000e+03
7.800000000000000000e+03 8.841000000000000000e+03
7.900000000000000000e+03 9.252000000000000000e+03
8.000000000000000000e+03 9.545000000000000000e+03
8.100000000000000000e+03 1.029900000000000000e+04
8.200000000000000000e+03 1.056300000000000000e+04
8.300000000000000000e+03 1.127400000000000000e+04
8.400000000000000000e+03 1.177600000000000000e+04
8.500000000000000000e+03 1.216300000000000000e+04
8.600000000000000000e+03 1.299900000000000000e+04
8.700000000000000000e+03 1.345200000000000000e+04
8.800000000000000000e+03 1.414300000000000000e+04
8.900000000000000000e+03 1.467000000000000000e+04
9.000000000000000000e+03 1.523700000000000000e+04
9.100000000000000000e+03 1.607400000000000000e+04
9.200000000000000000e+03 1.635100000000000000e+04
9.300000000000000000e+03 1.703200000000000000e+04
9.400000000000000000e+03 1.749000000000000000e+04
9.500000000000000000e+03 1.801000000000000000e+04
9.600000000000000000e+03 1.891000000000000000e+04
9.700000000000000000e+03 1.906600000000000000e+04
9.800000000000000000e+03 1.949100000000000000e+04
9.900000000000000000e+03 2.002100000000000000e+04
1.000000000000000000e+04 2.045400000000000000e+04
1.010000000000000000e+04 2.050800000000000000e+04
1.020000000000000000e+04 2.102500000000000000e+04
1.030000000000000000e+04 2.133600000000000000e+04
1.040000000000000000e+04 2.173400000000000000e+04
1.050000000000000000e+04 2.193100000000000000e+04
1.060000000000000000e+04 2.219600000000000000e+04
1.070000000000000000e+04 2.231900000000000000e+04
1.080000000000000000e+04 2.249200000000000000e+04
1.090000000000000000e+04 2.287200000000000000e+04
1.100000000000000000e+04 2.281900000000000000e+04
1.110000000000000000e+04 2.304600000000000000e+04
1.120000000000000000e+04 2.298900000000000000e+04
1.130000000000000000e+04 2.346400000000000000e+04
1.140000000000000000e+04 2.361200000000000000e+04
1.150000000000000000e+04 2.356400000000000000e+04
1.160000000000000000e+04 2.349500000000000000e+04
1.170000000000000000e+04 2.361100000000000000e+04
1.180000000000000000e+04 2.349900000000000000e+04
1.190000000000000000e+04 2.365300000000000000e+04
1.200000000000000000e+04 2.360000000000000000e+04
1.210000000000000000e+04 2.356600000000000000e+04
1.220000000000000000e+04 2.343300000000000000e+04
1.230000000000000000e+04 2.367400000000000000e+04
1.240000000000000000e+04 2.349600000000000000e+04
1.250000000000000000e+04 2.334300000000000000e+04
1.260000000000000000e+04 2.328300000000000000e+04
1.270000000000000000e+04 2.307200000000000000e+04
1.280000000000000000e+04 2.307000000000000000e+04
1.290000000000000000e+04 2.267800000000000000e+04
1.300000000000000000e+04 2.262900000000000000e+04
1.310000000000000000e+04 2.282600000000000000e+04
1.320000000000000000e+04 2.236700000000000000e+04
1.330000000000000000e+04 2.236600000000000000e+04
1.340000000000000000e+04 2.206600000000000000e+04
1.350000000000000000e+04 2.169800000000000000e+04
1.360000000000000000e+04 2.119000000000000000e+04
1.370000000000000000e+04 2.143500000000000000e+04
1.380000000000000000e+04 2.095300000000000000e+04
1.390000000000000000e+04 2.061800000000000000e+04
1.400000000000000000e+04 2.020600000000000000e+04
1.410000000000000000e+04 1.966600000000000000e+04
1.420000000000000000e+04 1.964100000000000000e+04
1.430000000000000000e+04 1.882300000000000000e+04
1.440000000000000000e+04 1.856500000000000000e+04
1.450000000000000000e+04 1.796500000000000000e+04
1.460000000000000000e+04 1.775200000000000000e+04
1.470000000000000000e+04 1.752000000000000000e+04
1.480000000000000000e+04 1.688000000000000000e+04
1.490000000000000000e+04 1.628100000000000000e+04
1.500000000000000000e+04 1.579200000000000000e+04
1.510000000000000000e+04 1.513800000000000000e+04
1.520000000000000000e+04 1.466700000000000000e+04
1.530000000000000000e+04 1.411400000000000000e+04
1.540000000000000000e+04 1.352400000000000000e+04
1.550000000000000000e+04 1.317900000000000000e+04
1.560000000000000000e+04 1.250700000000000000e+04
1.570000000000000000e+04 1.213900000000000000e+04
1.580000000000000000e+04 1.170200000000000000e+04
1.590000000000000000e+04 1.113100000000000000e+04
1.600000000000000000e+04 1.070600000000000000e+04
1.610000000000000000e+04 1.016900000000000000e+04
1.620000000000000000e+04 9.698000000000000000e+03
1.630000000000000000e+04 9.387000000000000000e+03
1.640000000000000000e+04 9.104000000000000000e+03
1.650000000000000000e+04 8.762000000000000000e+03
1.660000000000000000e+04 8.331000000000000000e+03
1.670000000000000000e+04 8.283000000000000000e+03
1.680000000000000000e+04 8.131000000000000000e+03
1.690000000000000000e+04 7.923000000000000000e+03
1.700000000000000000e+04 7.944000000000000000e+03
1.710000000000000000e+04 7.883000000000000000e+03
1.720000000000000000e+04 8.059000000000000000e+03
1.730000000000000000e+04 7.988000000000000000e+03
1.740000000000000000e+04 7.975000000000000000e+03
1.750000000000000000e+04 8.122000000000000000e+03
1.760000000000000000e+04 8.421000000000000000e+03
1.770000000000000000e+04 8.744000000000000000e+03
1.780000000000000000e+04 8.935000000000000000e+03
1.790000000000000000e+04 9.305000000000000000e+03
1.800000000000000000e+04 9.673000000000000000e+03
1.810000000000000000e+04 1.032500000000000000e+04
1.820000000000000000e+04 1.073500000000000000e+04
1.830000000000000000e+04 1.117000000000000000e+04
1.840000000000000000e+04 1.169500000000000000e+04
1.850000000000000000e+04 1.230500000000000000e+04
1.860000000000000000e+04 1.285900000000000000e+04
1.870000000000000000e+04 1.346800000000000000e+04
1.880000000000000000e+04 1.417900000000000000e+04
1.890000000000000000e+04 1.476700000000000000e+04
1.900000000000000000e+04 1.520900000000000000e+04
1.910000000000000000e+04 1.583200000000000000e+04
1.920000000000000000e+04 1.639600000000000000e+04
1.930000000000000000e+04 1.703100000000000000e+04
1.940000000000000000e+04 1.723000000000000000e+04
1.950000000000000000e+04 1.822100000000000000e+04
1.960000000000000000e+04 1.834100000000000000e+04
1.970000000000000000e+04 1.889900000000000000e+04
1.980000000000000000e+04 1.947800000000000000e+04
1.990000000000000000e+04 1.984200000000000000e+04
