0.000000000000000000e+00 2.153900000000000000e+04
1.420000000000000000e+02 2.157700000000000000e+04
2.840000000000000000e+02 2.221100000000000000e+04
4.260000000000000000e+02 2.213600000000000000e+04
5.680000000000000000e+02 2.285300000000000000e+04
7.100000000000000000e+02 2.287900000000000000e+04
8.520000000000000000e+02 2.273100000000000000e+04
9.940000000000000000e+02 2.294400000000000000e+04
1.136000000000000000e+03 2.350700000000000000e+04
1.278000000000000000e+03 2.330800000000000000e+04
1.420000000000000000e+03 2.356300000000000000e+04
1.562000000000000000e+03 2.388700000000000000e+04
1.704000000000000000e+03 2.399000000000000000e+04
1.846000000000000000e+03 2.412300000000000000e+04
1.988000000000000000e+03 2.410400000000000000e+04
2.130000000000000000e+03 2.417100000000000000e+04
2.272000000000000000e+03 2.438100000000000000e+04
2.414000000000000000e+03 2.442100000000000000e+04
2.556000000000000000e+03 2.434400000000000000e+04
2.698000000000000000e+03 2.420200000000000000e+04
2.840000000000000000e+03 2.420000000000000000e+04
2.982000000000000000e+03 2.394700000000000000e+04
3.124000000000000000e+03 2.419000000000000000e+04
3.266000000000000000e+03 2.424200000000000000e+04
3.408000000000000000e+03 2.393100000000000000e+04
3.550000000000000000e+03 2.393600000000000000e+04
3.692000000000000000e+03 2.407800000000000000e+04
3.834000000000000000e+03 2.400600000000000000e+04
3.976000000000000000e+03 2.376200000000000000e+04
4.118000000000000000e+03 2.386200000000000000e+04
4.260000000000000000e+03 2.364300000000000000e+04
4.402000000000000000e+03 2.334900000000000000e+04
4.544000000000000000e+03 2.299200000000000000e+04
4.686000000000000000e+03 2.328600000000000000e+04
4.828000000000000000e+03 2.265600000000000000e+04
4.970000000000000000e+03 2.254700000000000000e+04
5.112000000000000000e+03 2.221100000000000000e+04
5.254000000000000000e+03 2.200600000000000000e+04
5.396000000000000000e+03 2.153600000000000000e+04
5.538000000000000000e+03 2.135000000000000000e+04
5.680000000000000000e+03 2.098100000000000000e+04
5.822000000000000000e+03 2.012400000000000000e+04
5.964000000000000000e+03 2.016500000000000000e+04
6.106000000000000000e+03 1.947200000000000000e+04
6.248000000000000000e+03 1.922000000000000000e+04
6.390000000000000000e+03 1.881200000000000000e+04
6.532000000000000000e+03 1.854100000000000000e+04
6.674000000000000000e+03 1.768800000000000000e+04
6.816000000000000000e+03 1.724600000000000000e+04
6.958000000000000000e+03 1.653900000000000000e+04
7.100000000000000000e+03 1.636900000000000000e+04
7.242000000000000000e+03 1.573800000000000000e+04
7.384000000000000000e+03 1.533100000000000000e+04
7.526000000000000000e+03 1.468800000000000000e+04
7.668000000000000000e+03 1.422900000000000000e+04
7.810000000000000000e+03 1.371000000000000000e+04
7.952000000000000000e+03 1.319400000000000000e+04
8.094000000000000000e+03 1.271800000000000000e+04
8.236000000000000000e+03 1.198500000000000000e+04
8.378000000000000000e+03 1.163900000000000000e+04
8.520000000000000000e+03 1.114200000000000000e+04
8.662000000000000000e+03 1.070300000000000000e+04
8.804000000000000000e+03 1.037300000000000000e+04
8.946000000000000000e+03 1.016300000000000000e+04
9.088000000000000000e+03 9.792000000000000000e+03
9.230000000000000000e+03 9.347000000000000000e+03
9.372000000000000000e+03 9.109000000000000000e+03
9.514000000000000000e+03 8.904000000000000000e+03
9.656000000000000000e+03 8.581000000000000000e+03
9.798000000000000000e+03 8.456000000000000000e+03
9.940000000000000000e+03 8.467000000000000000e+03
1.008200000000000000e+04 8.390000000000000000e+03
1.022400000000000000e+04 8.535000000000000000e+03
1.036600000000000000e+04 8.688000000000000000e+03
1.050800000000000000e+04 8.461000000000000000e+03
1.065000000000000000e+04 8.681000000000000000e+03
1.079200000000000000e+04 8.907000000000000000e+03
1.093400000000000000e+04 9.542000000000000000e+03
1.107600000000000000e+04 9.486000000000000000e+03
1.121800000000000000e+04 9.810000000000000000e+03
1.136000000000000000e+04 1.033600000000000000e+04
1.150200000000000000e+04 1.093500000000000000e+04
1.164400000000000000e+04 1.125800000000000000e+04
1.178600000000000000e+04 1.192600000000000000e+04
1.192800000000000000e+04 1.242700000000000000e+04
1.207000000000000000e+04 1.314200000000000000e+04
1.221200000000000000e+04 1.394400000000000000e+04
1.235400000000000000e+04 1.448900000000000000e+04
1.249600000000000000e+04 1.494300000000000000e+04
1.263800000000000000e+04 1.576400000000000000e+04
1.278000000000000000e+04 1.594600000000000000e+04
1.292200000000000000e+04 1.675700000000000000e+04
1.306400000000000000e+04 1.724700000000000000e+04
1.320600000000000000e+04 1.762500000000000000e+04
1.334800000000000000e+04 1.818000000000000000e+04
1.349000000000000000e+04 1.849700000000000000e+04
1.363200000000000000e+04 1.923500000000000000e+04
1.377400000000000000e+04 1.973800000000000000e+04
1.391600000000000000e+04 2.009600000000000000e+04
1.405800000000000000e+04 2.058700000000000000e+04
1.420000000000000000e+04 2.076900000000000000e+04
1.434200000000000000e+04 2.155100000000000000e+04
1.448400000000000000e+04 2.187800000000000000e+04
1.462600000000000000e+04 2.202900000000000000e+04
1.476800000000000000e+04 2.269500000000000000e+04
1.491000000000000000e+04 2.301800000000000000e+04
1.505200000000000000e+04 2.289800000000000000e+04
1.519400000000000000e+04 2.311000000000000000e+04
1.533600000000000000e+04 2.315900000000000000e+04
1.547800000000000000e+04 2.343700000000000000e+04
1.562000000000000000e+04 2.351400000000000000e+04
1.576200000000000000e+04 2.375000000000000000e+04
1.590400000000000000e+04 2.351400000000000000e+04
1.604600000000000000e+04 2.392300000000000000e+04
1.618800000000000000e+04 2.393000000000000000e+04
1.633000000000000000e+04 2.417400000000000000e+04
1.647200000000000000e+04 2.475800000000000000e+04
1.661400000000000000e+04 2.455500000000000000e+04
1.675600000000000000e+04 2.421700000000000000e+04
1.689800000000000000e+04 2.447900000000000000e+04
1.704000000000000000e+04 2.451400000000000000e+04
1.718200000000000000e+04 2.443500000000000000e+04
1.732400000000000000e+04 2.429000000000000000e+04
1.746600000000000000e+04 2.451500000000000000e+04
1.760800000000000000e+04 2.399600000000000000e+04
1.775000000000000000e+04 2.426100000000000000e+04
1.789200000000000000e+04 2.413900000000000000e+04
1.803400000000000000e+04 2.398200000000000000e+04
1.817600000000000000e+04 2.369500000000000000e+04
1.831800000000000000e+04 2.360400000000000000e+04
1.846000000000000000e+04 2.357000000000000000e+04
1.860200000000000000e+04 2.387400000000000000e+04
1.874400000000000000e+04 2.325400000000000000e+04
1.888600000000000000e+04 2.289800000000000000e+04
1.902800000000000000e+04 2.327100000000000000e+04
1.917000000000000000e+04 2.275000000000000000e+04
1.931200000000000000e+04 2.257900000000000000e+04
1.945400000000000000e+04 2.218100000000000000e+04
1.959600000000000000e+04 2.177100000000000000e+04
1.973800000000000000e+04 2.163200000000000000e+04
1.988000000000000000e+04 2.135400000000000000e+04
2.002200000000000000e+04 2.068000000000000000e+04
2.016400000000000000e+04 2.029200000000000000e+04
2.030600000000000000e+04 1.981200000000000000e+04
2.044800000000000000e+04 1.951800000000000000e+04
2.059000000000000000e+04 1.923400000000000000e+04
2.073200000000000000e+04 1.847400000000000000e+04
2.087400000000000000e+04 1.809700000000000000e+04
2.101600000000000000e+04 1.753700000000000000e+04
2.115800000000000000e+04 1.724600000000000000e+04
2.130000000000000000e+04 1.672100000000000000e+04
2.144200000000000000e+04 1.645200000000000000e+04
2.158400000000000000e+04 1.617500000000000000e+04
2.172600000000000000e+04 1.517400000000000000e+04
2.186800000000000000e+04 1.460500000000000000e+04
2.201000000000000000e+04 1.419700000000000000e+04
2.215200000000000000e+04 1.343700000000000000e+04
2.229400000000000000e+04 1.312600000000000000e+04
2.243600000000000000e+04 1.234800000000000000e+04
2.257800000000000000e+04 1.195600000000000000e+04
2.272000000000000000e+04 1.134400000000000000e+04
2.286200000000000000e+04 1.079700000000000000e+04
2.300400000000000000e+04 1.059600000000000000e+04
2.314600000000000000e+04 1.015200000000000000e+04
2.328800000000000000e+04 9.814000000000000000e+03
2.343000000000000000e+04 9.497000000000000000e+03
2.357200000000000000e+04 9.147000000000000000e+03
2.371400000000000000e+04 9.064000000000000000e+03
2.385600000000000000e+04 8.789000000000000000e+03
2.399800000000000000e+04 8.688000000000000000e+03
2.414000000000000000e+04 8.705000000000000000e+03
2.428200000000000000e+04 8.528000000000000000e+03
2.442400000000000000e+04 8.449000000000000000e+03
2.456600000000000000e+04 8.526000000000000000e+03
2.470800000000000000e+04 8.519000000000000000e+03
2.485000000000000000e+04 8.838000000000000000e+03
2.499200000000000000e+04 8.828000000000000000e+03
2.513400000000000000e+04 9.188000000000000000e+03
2.527600000000000000e+04 9.577000000000000000e+03
2.541800000000000000e+04 9.640000000000000000e+03
2.556000000000000000e+04 1.003500000000000000e+04
2.570200000000000000e+04 1.060200000000000000e+04
2.584400000000000000e+04 1.085400000000000000e+04
2.598600000000000000e+04 1.169900000000000000e+04
2.612800000000000000e+04 1.215300000000000000e+04
2.627000000000000000e+04 1.289400000000000000e+04
2.641200000000000000e+04 1.333800000000000000e+04
2.655400000000000000e+04 1.420300000000000000e+04
2.669600000000000000e+04 1.451600000000000000e+04
2.683800000000000000e+04 1.503000000000000000e+04
2.698000000000000000e+04 1.599200000000000000e+04
2.712200000000000000e+04 1.652600000000000000e+04
2.726400000000000000e+04 1.704900000000000000e+04
2.740600000000000000e+04 1.757500000000000000e+04
2.754800000000000000e+04 1.817000000000000000e+04
2.769000000000000000e+04 1.824500000000000000e+04
2.783200000000000000e+04 1.889900000000000000e+04
2.797400000000000000e+04 1.946800000000000000e+04
2.811600000000000000e+04 1.966300000000000000e+04
2.825800000000000000e+04 2.039600000000000000e+04
2.840000000000000000e+04 2.085100000000000000e+04
