0.000000000000000000e+00 2.301000000000000000e+04
3.330000000000000000e+02 2.337300000000000000e+04
6.660000000000000000e+02 2.418700000000000000e+04
9.990000000000000000e+02 2.441900000000000000e+04
1.332000000000000000e+03 2.449200000000000000e+04
1.665000000000000000e+03 2.484300000000000000e+04
1.998000000000000000e+03 2.520500000000000000e+04
2.331000000000000000e+03 2.547700000000000000e+04
2.664000000000000000e+03 2.567400000000000000e+04
2.997000000000000000e+03 2.561300000000000000e+04
3.330000000000000000e+03 2.604600000000000000e+04
3.663000000000000000e+03 2.645800000000000000e+04
3.996000000000000000e+03 2.657000000000000000e+04
4.329000000000000000e+03 2.646200000000000000e+04
4.662000000000000000e+03 2.644800000000000000e+04
4.995000000000000000e+03 2.660700000000000000e+04
5.328000000000000000e+03 2.643100000000000000e+04
5.661000000000000000e+03 2.653200000000000000e+04
5.994000000000000000e+03 2.645400000000000000e+04
6.327000000000000000e+03 2.636800000000000000e+04
6.660000000000000000e+03 2.648300000000000000e+04
6.993000000000000000e+03 2.686400000000000000e+04
7.326000000000000000e+03 2.636500000000000000e+04
7.659000000000000000e+03 2.679900000000000000e+04
7.992000000000000000e+03 2.668500000000000000e+04
8.325000000000000000e+03 2.678000000000000000e+04
8.658000000000000000e+03 2.695400000000000000e+04
8.991000000000000000e+03 2.643500000000000000e+04
9.324000000000000000e+03 2.607200000000000000e+04
9.657000000000000000e+03 2.622500000000000000e+04
9.990000000000000000e+03 2.573200000000000000e+04
1.032300000000000000e+04 2.558700000000000000e+04
1.065600000000000000e+04 2.529300000000000000e+04
1.098900000000000000e+04 2.503000000000000000e+04
1.132200000000000000e+04 2.483500000000000000e+04
1.165500000000000000e+04 2.424100000000000000e+04
1.198800000000000000e+04 2.389200000000000000e+04
1.232100000000000000e+04 2.400900000000000000e+04
1.265400000000000000e+04 2.328600000000000000e+04
1.298700000000000000e+04 2.321700000000000000e+04
1.332000000000000000e+04 2.270500000000000000e+04
1.365300000000000000e+04 2.242800000000000000e+04
1.398600000000000000e+04 2.194400000000000000e+04
1.431900000000000000e+04 2.163800000000000000e+04
1.465200000000000000e+04 2.111000000000000000e+04
1.498500000000000000e+04 2.021500000000000000e+04
1.531800000000000000e+04 1.945900000000000000e+04
1.565100000000000000e+04 1.914300000000000000e+04
1.598400000000000000e+04 1.818500000000000000e+04
1.631700000000000000e+04 1.764300000000000000e+04
1.665000000000000000e+04 1.726500000000000000e+04
1.698300000000000000e+04 1.670600000000000000e+04
1.731600000000000000e+04 1.591700000000000000e+04
1.764900000000000000e+04 1.551300000000000000e+04
1.798200000000000000e+04 1.466900000000000000e+04
1.831500000000000000e+04 1.402800000000000000e+04
1.864800000000000000e+04 1.386900000000000000e+04
1.898100000000000000e+04 1.321400000000000000e+04
1.931400000000000000e+04 1.254100000000000000e+04
1.964700000000000000e+04 1.224800000000000000e+04
1.998000000000000000e+04 1.150900000000000000e+04
2.031300000000000000e+04 1.102900000000000000e+04
2.064600000000000000e+04 1.053100000000000000e+04
2.097900000000000000e+04 1.002600000000000000e+04
2.131200000000000000e+04 9.759000000000000000e+03
2.164500000000000000e+04 9.718000000000000000e+03
2.197800000000000000e+04 9.146000000000000000e+03
2.231100000000000000e+04 9.022000000000000000e+03
2.264400000000000000e+04 8.871000000000000000e+03
2.297700000000000000e+04 8.633000000000000000e+03
2.331000000000000000e+04 8.674000000000000000e+03
2.364300000000000000e+04 8.671000000000000000e+03
2.397600000000000000e+04 8.833000000000000000e+03
2.430900000000000000e+04 9.086000000000000000e+03
2.464200000000000000e+04 9.405000000000000000e+03
2.497500000000000000e+04 9.615000000000000000e+03
2.530800000000000000e+04 9.933000000000000000e+03
2.564100000000000000e+04 1.031000000000000000e+04
2.597400000000000000e+04 1.051000000000000000e+04
2.630700000000000000e+04 1.112500000000000000e+04
2.664000000000000000e+04 1.164300000000000000e+04
2.697300000000000000e+04 1.231800000000000000e+04
2.730600000000000000e+04 1.282400000000000000e+04
2.763900000000000000e+04 1.342500000000000000e+04
2.797200000000000000e+04 1.390500000000000000e+04
2.830500000000000000e+04 1.467400000000000000e+04
2.863800000000000000e+04 1.567400000000000000e+04
2.897100000000000000e+04 1.594600000000000000e+04
2.930400000000000000e+04 1.680000000000000000e+04
2.963700000000000000e+04 1.734000000000000000e+04
2.997000000000000000e+04 1.828100000000000000e+04
3.030300000000000000e+04 1.847600000000000000e+04
3.063600000000000000e+04 1.939200000000000000e+04
3.096900000000000000e+04 1.989700000000000000e+04
3.130200000000000000e+04 2.057600000000000000e+04
3.163500000000000000e+04 2.119900000000000000e+04
3.196800000000000000e+04 2.173400000000000000e+04
3.230100000000000000e+04 2.168300000000000000e+04
3.263400000000000000e+04 2.214300000000000000e+04
3.296700000000000000e+04 2.233600000000000000e+04
3.330000000000000000e+04 2.309100000000000000e+04
3.363300000000000000e+04 2.342200000000000000e+04
3.396600000000000000e+04 2.380200000000000000e+04
3.429900000000000000e+04 2.430200000000000000e+04
3.463200000000000000e+04 2.491800000000000000e+04
3.496500000000000000e+04 2.489400000000000000e+04
3.529800000000000000e+04 2.499900000000000000e+04
3.563100000000000000e+04 2.525900000000000000e+04
3.596400000000000000e+04 2.537800000000000000e+04
3.629700000000000000e+04 2.583200000000000000e+04
3.663000000000000000e+04 2.601100000000000000e+04
3.696300000000000000e+04 2.608200000000000000e+04
3.729600000000000000e+04 2.678000000000000000e+04
3.762900000000000000e+04 2.694300000000000000e+04
3.796200000000000000e+04 2.680800000000000000e+04
3.829500000000000000e+04 2.666100000000000000e+04
3.862800000000000000e+04 2.642100000000000000e+04
3.896100000000000000e+04 2.644500000000000000e+04
3.929400000000000000e+04 2.667400000000000000e+04
3.962700000000000000e+04 2.613400000000000000e+04
3.996000000000000000e+04 2.665500000000000000e+04
4.029300000000000000e+04 2.671000000000000000e+04
4.062600000000000000e+04 2.685800000000000000e+04
4.095900000000000000e+04 2.684800000000000000e+04
4.129200000000000000e+04 2.689300000000000000e+04
4.162500000000000000e+04 2.688500000000000000e+04
4.195800000000000000e+04 2.668300000000000000e+04
4.229100000000000000e+04 2.643900000000000000e+04
4.262400000000000000e+04 2.627100000000000000e+04
4.295700000000000000e+04 2.611200000000000000e+04
4.329000000000000000e+04 2.581000000000000000e+04
4.362300000000000000e+04 2.546700000000000000e+04
4.395600000000000000e+04 2.522500000000000000e+04
4.428900000000000000e+04 2.511700000000000000e+04
4.462200000000000000e+04 2.510100000000000000e+04
4.495500000000000000e+04 2.461500000000000000e+04
4.528800000000000000e+04 2.402500000000000000e+04
4.562100000000000000e+04 2.396600000000000000e+04
4.595400000000000000e+04 2.343900000000000000e+04
4.628700000000000000e+04 2.324300000000000000e+04
4.662000000000000000e+04 2.305200000000000000e+04
4.695300000000000000e+04 2.218900000000000000e+04
4.728600000000000000e+04 2.182800000000000000e+04
4.761900000000000000e+04 2.137200000000000000e+04
4.795200000000000000e+04 2.107300000000000000e+04
4.828500000000000000e+04 2.050400000000000000e+04
4.861800000000000000e+04 1.954300000000000000e+04
4.895100000000000000e+04 1.936400000000000000e+04
4.928400000000000000e+04 1.842900000000000000e+04
4.961700000000000000e+04 1.750600000000000000e+04
4.995000000000000000e+04 1.718500000000000000e+04
5.028300000000000000e+04 1.669200000000000000e+04
5.061600000000000000e+04 1.599100000000000000e+04
5.094900000000000000e+04 1.552100000000000000e+04
5.128200000000000000e+04 1.507800000000000000e+04
5.161500000000000000e+04 1.423600000000000000e+04
5.194800000000000000e+04 1.368400000000000000e+04
5.228100000000000000e+04 1.291600000000000000e+04
5.261400000000000000e+04 1.243200000000000000e+04
5.294700000000000000e+04 1.191300000000000000e+04
5.328000000000000000e+04 1.143500000000000000e+04
5.361300000000000000e+04 1.101800000000000000e+04
5.394600000000000000e+04 1.073700000000000000e+04
5.427900000000000000e+04 1.018800000000000000e+04
5.461200000000000000e+04 9.764000000000000000e+03
5.494500000000000000e+04 9.667000000000000000e+03
5.527800000000000000e+04 9.171000000000000000e+03
5.561100000000000000e+04 9.079000000000000000e+03
5.594400000000000000e+04 8.747000000000000000e+03
5.627700000000000000e+04 8.645000000000000000e+03
5.661000000000000000e+04 8.662000000000000000e+03
5.694300000000000000e+04 8.770000000000000000e+03
5.727600000000000000e+04 8.688000000000000000e+03
5.760900000000000000e+04 9.086000000000000000e+03
5.794200000000000000e+04 9.249000000000000000e+03
5.827500000000000000e+04 9.613000000000000000e+03
5.860800000000000000e+04 9.892000000000000000e+03
5.894100000000000000e+04 1.011800000000000000e+04
5.927400000000000000e+04 1.052600000000000000e+04
5.960700000000000000e+04 1.133100000000000000e+04
5.994000000000000000e+04 1.182200000000000000e+04
6.027300000000000000e+04 1.222100000000000000e+04
6.060600000000000000e+04 1.284000000000000000e+04
6.093900000000000000e+04 1.324300000000000000e+04
6.127200000000000000e+04 1.386400000000000000e+04
6.160500000000000000e+04 1.469900000000000000e+04
6.193800000000000000e+04 1.506000000000000000e+04
6.227100000000000000e+04 1.594200000000000000e+04
6.260400000000000000e+04 1.659900000000000000e+04
6.293700000000000000e+04 1.713200000000000000e+04
6.327000000000000000e+04 1.784600000000000000e+04
6.360300000000000000e+04 1.848000000000000000e+04
6.393600000000000000e+04 1.955400000000000000e+04
6.426900000000000000e+04 1.984200000000000000e+04
6.460200000000000000e+04 2.050500000000000000e+04
6.493500000000000000e+04 2.093700000000000000e+04
6.526800000000000000e+04 2.154100000000000000e+04
6.560100000000000000e+04 2.210800000000000000e+04
6.593400000000000000e+04 2.265700000000000000e+04
6.626700000000000000e+04 2.261500000000000000e+04
