0.000000000000000000e+00 2.590700000000000000e+04
1.428000000000000000e+03 2.607600000000000000e+04
2.856000000000000000e+03 2.681000000000000000e+04
4.284000000000000000e+03 2.743800000000000000e+04
5.712000000000000000e+03 2.767300000000000000e+04
7.140000000000000000e+03 2.775600000000000000e+04
8.568000000000000000e+03 2.840900000000000000e+04
9.996000000000000000e+03 2.843300000000000000e+04
1.142400000000000000e+04 2.855700000000000000e+04
1.285200000000000000e+04 2.902400000000000000e+04
1.428000000000000000e+04 2.888400000000000000e+04
1.570800000000000000e+04 2.921700000000000000e+04
1.713600000000000000e+04 2.948600000000000000e+04
1.856400000000000000e+04 2.952300000000000000e+04
1.999200000000000000e+04 2.947400000000000000e+04
2.142000000000000000e+04 2.954200000000000000e+04
2.284800000000000000e+04 2.995700000000000000e+04
2.427600000000000000e+04 2.981900000000000000e+04
2.570400000000000000e+04 3.004400000000000000e+04
2.713200000000000000e+04 2.976200000000000000e+04
2.856000000000000000e+04 2.965300000000000000e+04
2.998800000000000000e+04 2.980100000000000000e+04
3.141600000000000000e+04 2.963300000000000000e+04
3.284400000000000000e+04 2.945300000000000000e+04
3.427200000000000000e+04 2.902600000000000000e+04
3.570000000000000000e+04 2.959200000000000000e+04
3.712800000000000000e+04 2.932000000000000000e+04
3.855600000000000000e+04 2.920700000000000000e+04
3.998400000000000000e+04 2.902800000000000000e+04
4.141200000000000000e+04 2.871600000000000000e+04
4.284000000000000000e+04 2.882100000000000000e+04
4.426800000000000000e+04 2.851500000000000000e+04
4.569600000000000000e+04 2.833200000000000000e+04
4.712400000000000000e+04 2.788800000000000000e+04
4.855200000000000000e+04 2.776400000000000000e+04
4.998000000000000000e+04 2.729400000000000000e+04
5.140800000000000000e+04 2.682100000000000000e+04
5.283600000000000000e+04 2.672500000000000000e+04
5.426400000000000000e+04 2.617000000000000000e+04
5.569200000000000000e+04 2.567400000000000000e+04
5.712000000000000000e+04 2.505000000000000000e+04
5.854800000000000000e+04 2.484300000000000000e+04
5.997600000000000000e+04 2.440900000000000000e+04
6.140400000000000000e+04 2.388800000000000000e+04
6.283200000000000000e+04 2.299000000000000000e+04
6.426000000000000000e+04 2.271700000000000000e+04
6.568800000000000000e+04 2.182400000000000000e+04
6.711600000000000000e+04 2.133800000000000000e+04
6.854400000000000000e+04 2.067600000000000000e+04
6.997200000000000000e+04 1.983800000000000000e+04
7.140000000000000000e+04 1.936000000000000000e+04
7.282800000000000000e+04 1.845200000000000000e+04
7.425600000000000000e+04 1.776900000000000000e+04
7.568400000000000000e+04 1.735600000000000000e+04
7.711200000000000000e+04 1.655400000000000000e+04
7.854000000000000000e+04 1.585000000000000000e+04
7.996800000000000000e+04 1.499700000000000000e+04
8.139600000000000000e+04 1.436800000000000000e+04
8.282400000000000000e+04 1.380300000000000000e+04
8.425200000000000000e+04 1.326600000000000000e+04
8.568000000000000000e+04 1.278400000000000000e+04
8.710800000000000000e+04 1.201400000000000000e+04
8.853600000000000000e+04 1.154100000000000000e+04
8.996400000000000000e+04 1.141800000000000000e+04
9.139200000000000000e+04 1.091600000000000000e+04
9.282000000000000000e+04 1.056700000000000000e+04
9.424800000000000000e+04 1.034200000000000000e+04
9.567600000000000000e+04 1.004700000000000000e+04
9.710400000000000000e+04 9.920000000000000000e+03
9.853200000000000000e+04 1.003800000000000000e+04
9.996000000000000000e+04 9.900000000000000000e+03
1.013880000000000000e+05 1.026500000000000000e+04
1.028160000000000000e+05 1.025900000000000000e+04
1.042440000000000000e+05 1.030100000000000000e+04
1.056720000000000000e+05 1.072400000000000000e+04
1.071000000000000000e+05 1.088900000000000000e+04
1.085280000000000000e+05 1.155400000000000000e+04
1.099560000000000000e+05 1.195500000000000000e+04
1.113840000000000000e+05 1.231600000000000000e+04
1.128120000000000000e+05 1.303700000000000000e+04
1.142400000000000000e+05 1.360900000000000000e+04
1.156680000000000000e+05 1.413400000000000000e+04
1.170960000000000000e+05 1.469400000000000000e+04
1.185240000000000000e+05 1.552300000000000000e+04
1.199520000000000000e+05 1.605700000000000000e+04
1.213800000000000000e+05 1.686400000000000000e+04
1.228080000000000000e+05 1.767000000000000000e+04
1.242360000000000000e+05 1.874600000000000000e+04
1.256640000000000000e+05 1.897000000000000000e+04
1.270920000000000000e+05 1.952100000000000000e+04
1.285200000000000000e+05 2.045600000000000000e+04
1.299480000000000000e+05 2.118400000000000000e+04
1.313760000000000000e+05 2.166400000000000000e+04
1.328040000000000000e+05 2.256700000000000000e+04
1.342320000000000000e+05 2.329600000000000000e+04
1.356600000000000000e+05 2.347500000000000000e+04
1.370880000000000000e+05 2.429800000000000000e+04
1.385160000000000000e+05 2.484500000000000000e+04
1.399440000000000000e+05 2.504800000000000000e+04
1.413720000000000000e+05 2.563600000000000000e+04
1.428000000000000000e+05 2.597200000000000000e+04
1.442280000000000000e+05 2.682000000000000000e+04
1.456560000000000000e+05 2.696700000000000000e+04
1.470840000000000000e+05 2.703900000000000000e+04
1.485120000000000000e+05 2.767500000000000000e+04
1.499400000000000000e+05 2.789400000000000000e+04
1.513680000000000000e+05 2.850200000000000000e+04
1.527960000000000000e+05 2.841100000000000000e+04
1.542240000000000000e+05 2.877700000000000000e+04
1.556520000000000000e+05 2.891000000000000000e+04
1.570800000000000000e+05 2.918400000000000000e+04
1.585080000000000000e+05 2.960100000000000000e+04
1.599360000000000000e+05 2.976700000000000000e+04
1.613640000000000000e+05 2.949100000000000000e+04
1.627920000000000000e+05 2.936600000000000000e+04
1.642200000000000000e+05 2.969400000000000000e+04
1.656480000000000000e+05 2.971500000000000000e+04
1.670760000000000000e+05 2.979400000000000000e+04
1.685040000000000000e+05 2.961100000000000000e+04
1.699320000000000000e+05 3.002100000000000000e+04
1.713600000000000000e+05 2.992300000000000000e+04
1.727880000000000000e+05 2.976500000000000000e+04
1.742160000000000000e+05 2.962000000000000000e+04
1.756440000000000000e+05 2.947000000000000000e+04
1.770720000000000000e+05 2.978500000000000000e+04
1.785000000000000000e+05 2.953300000000000000e+04
1.799280000000000000e+05 2.947100000000000000e+04
1.813560000000000000e+05 2.933900000000000000e+04
1.827840000000000000e+05 2.913900000000000000e+04
1.842120000000000000e+05 2.845400000000000000e+04
1.856400000000000000e+05 2.881000000000000000e+04
1.870680000000000000e+05 2.876200000000000000e+04
1.884960000000000000e+05 2.802600000000000000e+04
1.899240000000000000e+05 2.825800000000000000e+04
1.913520000000000000e+05 2.786100000000000000e+04
1.927800000000000000e+05 2.753800000000000000e+04
1.942080000000000000e+05 2.682500000000000000e+04
1.956360000000000000e+05 2.654900000000000000e+04
1.970640000000000000e+05 2.633200000000000000e+04
1.984920000000000000e+05 2.569700000000000000e+04
1.999200000000000000e+05 2.528700000000000000e+04
2.013480000000000000e+05 2.488800000000000000e+04
2.027760000000000000e+05 2.407100000000000000e+04
2.042040000000000000e+05 2.384900000000000000e+04
2.056320000000000000e+05 2.331500000000000000e+04
2.070600000000000000e+05 2.254500000000000000e+04
2.084880000000000000e+05 2.179100000000000000e+04
2.099160000000000000e+05 2.162800000000000000e+04
2.113440000000000000e+05 2.066700000000000000e+04
2.127720000000000000e+05 1.993900000000000000e+04
2.142000000000000000e+05 1.925800000000000000e+04
2.156280000000000000e+05 1.864200000000000000e+04
2.170560000000000000e+05 1.782400000000000000e+04
2.184840000000000000e+05 1.703200000000000000e+04
2.199120000000000000e+05 1.651900000000000000e+04
2.213400000000000000e+05 1.589800000000000000e+04
2.227680000000000000e+05 1.509300000000000000e+04
2.241960000000000000e+05 1.459600000000000000e+04
2.256240000000000000e+05 1.389600000000000000e+04
2.270520000000000000e+05 1.347800000000000000e+04
2.284800000000000000e+05 1.283900000000000000e+04
2.299080000000000000e+05 1.229900000000000000e+04
2.313360000000000000e+05 1.167000000000000000e+04
2.327640000000000000e+05 1.145700000000000000e+04
2.341920000000000000e+05 1.094400000000000000e+04
2.356200000000000000e+05 1.067200000000000000e+04
2.370480000000000000e+05 1.031300000000000000e+04
2.384760000000000000e+05 1.010100000000000000e+04
2.399040000000000000e+05 9.905000000000000000e+03
2.413320000000000000e+05 9.984000000000000000e+03
2.427600000000000000e+05 1.008600000000000000e+04
2.441880000000000000e+05 1.009500000000000000e+04
2.456160000000000000e+05 1.007000000000000000e+04
2.470440000000000000e+05 1.027800000000000000e+04
2.484720000000000000e+05 1.058000000000000000e+04
2.499000000000000000e+05 1.102900000000000000e+04
2.513280000000000000e+05 1.134800000000000000e+04
2.527560000000000000e+05 1.183700000000000000e+04
2.541840000000000000e+05 1.245100000000000000e+04
2.556120000000000000e+05 1.303400000000000000e+04
2.570400000000000000e+05 1.339200000000000000e+04
2.584680000000000000e+05 1.393500000000000000e+04
2.598960000000000000e+05 1.473200000000000000e+04
2.613240000000000000e+05 1.553100000000000000e+04
2.627520000000000000e+05 1.608100000000000000e+04
2.641800000000000000e+05 1.683700000000000000e+04
2.656080000000000000e+05 1.756800000000000000e+04
2.670360000000000000e+05 1.823400000000000000e+04
2.684640000000000000e+05 1.883800000000000000e+04
2.698920000000000000e+05 1.956000000000000000e+04
2.713200000000000000e+05 2.047500000000000000e+04
2.727480000000000000e+05 2.066700000000000000e+04
2.741760000000000000e+05 2.175700000000000000e+04
2.756040000000000000e+05 2.253900000000000000e+04
2.770320000000000000e+05 2.316800000000000000e+04
2.784600000000000000e+05 2.338200000000000000e+04
2.798880000000000000e+05 2.386300000000000000e+04
2.813160000000000000e+05 2.463800000000000000e+04
2.827440000000000000e+05 2.514200000000000000e+04
2.841720000000000000e+05 2.576800000000000000e+04
