0.000000000000000000e+00 2.100700000000000000e+04
2.000000000000000000e+03 2.116000000000000000e+04
4.000000000000000000e+03 2.176000000000000000e+04
6.000000000000000000e+03 2.179500000000000000e+04
8.000000000000000000e+03 2.186000000000000000e+04
1.000000000000000000e+04 2.222600000000000000e+04
1.200000000000000000e+04 2.257000000000000000e+04
1.400000000000000000e+04 2.276600000000000000e+04
1.600000000000000000e+04 2.304600000000000000e+04
1.800000000000000000e+04 2.313500000000000000e+04
2.000000000000000000e+04 2.312200000000000000e+04
2.200000000000000000e+04 2.319300000000000000e+04
2.400000000000000000e+04 2.347100000000000000e+04
2.600000000000000000e+04 2.383100000000000000e+04
2.800000000000000000e+04 2.368100000000000000e+04
3.000000000000000000e+04 2.375500000000000000e+04
3.200000000000000000e+04 2.383800000000000000e+04
3.400000000000000000e+04 2.390100000000000000e+04
3.600000000000000000e+04 2.355900000000000000e+04
3.800000000000000000e+04 2.414700000000000000e+04
4.000000000000000000e+04 2.355300000000000000e+04
4.200000000000000000e+04 2.411700000000000000e+04
4.400000000000000000e+04 2.383100000000000000e+04
4.600000000000000000e+04 2.351500000000000000e+04
4.800000000000000000e+04 2.390800000000000000e+04
5.000000000000000000e+04 2.354400000000000000e+04
5.200000000000000000e+04 2.316500000000000000e+04
5.400000000000000000e+04 2.356500000000000000e+04
5.600000000000000000e+04 2.296200000000000000e+04
5.800000000000000000e+04 2.321400000000000000e+04
6.000000000000000000e+04 2.306300000000000000e+04
6.200000000000000000e+04 2.288700000000000000e+04
6.400000000000000000e+04 2.331300000000000000e+04
6.600000000000000000e+04 2.265600000000000000e+04
6.800000000000000000e+04 2.211100000000000000e+04
7.000000000000000000e+04 2.178400000000000000e+04
7.200000000000000000e+04 2.162400000000000000e+04
7.400000000000000000e+04 2.135100000000000000e+04
7.600000000000000000e+04 2.112500000000000000e+04
7.800000000000000000e+04 2.045400000000000000e+04
8.000000000000000000e+04 2.004500000000000000e+04
8.200000000000000000e+04 2.002000000000000000e+04
8.400000000000000000e+04 1.942200000000000000e+04
8.600000000000000000e+04 1.903000000000000000e+04
8.800000000000000000e+04 1.821400000000000000e+04
9.000000000000000000e+04 1.814200000000000000e+04
9.200000000000000000e+04 1.767600000000000000e+04
9.400000000000000000e+04 1.695300000000000000e+04
9.600000000000000000e+04 1.627500000000000000e+04
9.800000000000000000e+04 1.612100000000000000e+04
1.000000000000000000e+05 1.554700000000000000e+04
1.020000000000000000e+05 1.501800000000000000e+04
1.040000000000000000e+05 1.422400000000000000e+04
1.060000000000000000e+05 1.362200000000000000e+04
1.080000000000000000e+05 1.304900000000000000e+04
1.100000000000000000e+05 1.270600000000000000e+04
1.120000000000000000e+05 1.198800000000000000e+04
1.140000000000000000e+05 1.196000000000000000e+04
1.160000000000000000e+05 1.123000000000000000e+04
1.180000000000000000e+05 1.050100000000000000e+04
1.200000000000000000e+05 1.020900000000000000e+04
1.220000000000000000e+05 9.683000000000000000e+03
1.240000000000000000e+05 9.223000000000000000e+03
1.260000000000000000e+05 8.924000000000000000e+03
1.280000000000000000e+05 8.692000000000000000e+03
1.300000000000000000e+05 8.354000000000000000e+03
1.320000000000000000e+05 8.170000000000000000e+03
1.340000000000000000e+05 8.181000000000000000e+03
1.360000000000000000e+05 7.888000000000000000e+03
1.380000000000000000e+05 8.028000000000000000e+03
1.400000000000000000e+05 7.748000000000000000e+03
1.420000000000000000e+05 8.102000000000000000e+03
1.440000000000000000e+05 8.249000000000000000e+03
1.460000000000000000e+05 8.210000000000000000e+03
1.480000000000000000e+05 8.659000000000000000e+03
1.500000000000000000e+05 8.738000000000000000e+03
1.520000000000000000e+05 9.273000000000000000e+03
1.540000000000000000e+05 9.501000000000000000e+03
1.560000000000000000e+05 9.686000000000000000e+03
1.580000000000000000e+05 1.026400000000000000e+04
1.600000000000000000e+05 1.089600000000000000e+04
1.620000000000000000e+05 1.140600000000000000e+04
1.640000000000000000e+05 1.185100000000000000e+04
1.660000000000000000e+05 1.247600000000000000e+04
1.680000000000000000e+05 1.275800000000000000e+04
1.700000000000000000e+05 1.355100000000000000e+04
1.720000000000000000e+05 1.403600000000000000e+04
1.740000000000000000e+05 1.471400000000000000e+04
1.760000000000000000e+05 1.508500000000000000e+04
1.780000000000000000e+05 1.575100000000000000e+04
1.800000000000000000e+05 1.618400000000000000e+04
1.820000000000000000e+05 1.707200000000000000e+04
1.840000000000000000e+05 1.745700000000000000e+04
1.860000000000000000e+05 1.782000000000000000e+04
1.880000000000000000e+05 1.846300000000000000e+04
1.900000000000000000e+05 1.880500000000000000e+04
1.920000000000000000e+05 1.962900000000000000e+04
1.940000000000000000e+05 1.992100000000000000e+04
1.960000000000000000e+05 2.009300000000000000e+04
1.980000000000000000e+05 2.060600000000000000e+04
2.000000000000000000e+05 2.099900000000000000e+04
2.020000000000000000e+05 2.104200000000000000e+04
2.040000000000000000e+05 2.186500000000000000e+04
2.060000000000000000e+05 2.135500000000000000e+04
2.080000000000000000e+05 2.229000000000000000e+04
2.100000000000000000e+05 2.263400000000000000e+04
2.120000000000000000e+05 2.275000000000000000e+04
2.140000000000000000e+05 2.276400000000000000e+04
2.160000000000000000e+05 2.297900000000000000e+04
2.180000000000000000e+05 2.312900000000000000e+04
2.200000000000000000e+05 2.328500000000000000e+04
2.220000000000000000e+05 2.308700000000000000e+04
2.240000000000000000e+05 2.296700000000000000e+04
2.260000000000000000e+05 2.401600000000000000e+04
2.280000000000000000e+05 2.388300000000000000e+04
2.300000000000000000e+05 2.345700000000000000e+04
2.320000000000000000e+05 2.418300000000000000e+04
2.340000000000000000e+05 2.412400000000000000e+04
2.360000000000000000e+05 2.370900000000000000e+04
2.380000000000000000e+05 2.401800000000000000e+04
2.400000000000000000e+05 2.357800000000000000e+04
2.420000000000000000e+05 2.398300000000000000e+04
2.440000000000000000e+05 2.372700000000000000e+04
2.460000000000000000e+05 2.391300000000000000e+04
2.480000000000000000e+05 2.420200000000000000e+04
2.500000000000000000e+05 2.346100000000000000e+04
2.520000000000000000e+05 2.330500000000000000e+04
2.540000000000000000e+05 2.347700000000000000e+04
2.560000000000000000e+05 2.318400000000000000e+04
2.580000000000000000e+05 2.319700000000000000e+04
2.600000000000000000e+05 2.322700000000000000e+04
2.620000000000000000e+05 2.265900000000000000e+04
2.640000000000000000e+05 2.279300000000000000e+04
2.660000000000000000e+05 2.248000000000000000e+04
2.680000000000000000e+05 2.210800000000000000e+04
2.700000000000000000e+05 2.187500000000000000e+04
2.720000000000000000e+05 2.169000000000000000e+04
2.740000000000000000e+05 2.125600000000000000e+04
2.760000000000000000e+05 2.087000000000000000e+04
2.780000000000000000e+05 2.082600000000000000e+04
2.800000000000000000e+05 2.012700000000000000e+04
2.820000000000000000e+05 1.995400000000000000e+04
2.840000000000000000e+05 1.962700000000000000e+04
2.860000000000000000e+05 1.880100000000000000e+04
2.880000000000000000e+05 1.848500000000000000e+04
2.900000000000000000e+05 1.768000000000000000e+04
2.920000000000000000e+05 1.729800000000000000e+04
2.940000000000000000e+05 1.702400000000000000e+04
2.960000000000000000e+05 1.633600000000000000e+04
2.980000000000000000e+05 1.594400000000000000e+04
3.000000000000000000e+05 1.532100000000000000e+04
3.020000000000000000e+05 1.471500000000000000e+04
3.040000000000000000e+05 1.440200000000000000e+04
3.060000000000000000e+05 1.361600000000000000e+04
3.080000000000000000e+05 1.306300000000000000e+04
3.100000000000000000e+05 1.273100000000000000e+04
3.120000000000000000e+05 1.186300000000000000e+04
3.140000000000000000e+05 1.138600000000000000e+04
3.160000000000000000e+05 1.102600000000000000e+04
3.180000000000000000e+05 1.050900000000000000e+04
3.200000000000000000e+05 1.002000000000000000e+04
3.220000000000000000e+05 9.627000000000000000e+03
3.240000000000000000e+05 9.062000000000000000e+03
3.260000000000000000e+05 9.129000000000000000e+03
3.280000000000000000e+05 8.770000000000000000e+03
3.300000000000000000e+05 8.391000000000000000e+03
3.320000000000000000e+05 8.355000000000000000e+03
3.340000000000000000e+05 8.247000000000000000e+03
3.360000000000000000e+05 7.898000000000000000e+03
3.380000000000000000e+05 7.919000000000000000e+03
3.400000000000000000e+05 7.747000000000000000e+03
3.420000000000000000e+05 7.896000000000000000e+03
3.440000000000000000e+05 8.145000000000000000e+03
3.460000000000000000e+05 8.083000000000000000e+03
3.480000000000000000e+05 8.463000000000000000e+03
3.500000000000000000e+05 8.880000000000000000e+03
3.520000000000000000e+05 9.096000000000000000e+03
3.540000000000000000e+05 9.555000000000000000e+03
3.560000000000000000e+05 9.740000000000000000e+03
3.580000000000000000e+05 1.029100000000000000e+04
3.600000000000000000e+05 1.068400000000000000e+04
3.620000000000000000e+05 1.140100000000000000e+04
3.640000000000000000e+05 1.165100000000000000e+04
3.660000000000000000e+05 1.213500000000000000e+04
3.680000000000000000e+05 1.301000000000000000e+04
3.700000000000000000e+05 1.338800000000000000e+04
3.720000000000000000e+05 1.409000000000000000e+04
3.740000000000000000e+05 1.449200000000000000e+04
3.760000000000000000e+05 1.537500000000000000e+04
3.780000000000000000e+05 1.588600000000000000e+04
3.800000000000000000e+05 1.633800000000000000e+04
3.820000000000000000e+05 1.678300000000000000e+04
3.840000000000000000e+05 1.710200000000000000e+04
3.860000000000000000e+05 1.779600000000000000e+04
3.880000000000000000e+05 1.843900000000000000e+04
3.900000000000000000e+05 1.890800000000000000e+04
3.920000000000000000e+05 1.966200000000000000e+04
3.940000000000000000e+05 1.995700000000000000e+04
3.960000000000000000e+05 2.017100000000000000e+04
3.980000000000000000e+05 2.044600000000000000e+04
