0.000000000000000000e+00 5.832700000000000000e+04
1.000000000000000000e+04 5.927100000000000000e+04
2.000000000000000000e+04 5.952300000000000000e+04
3.000000000000000000e+04 5.988900000000000000e+04
4.000000000000000000e+04 6.024200000000000000e+04
5.000000000000000000e+04 6.060200000000000000e+04
6.000000000000000000e+04 6.136800000000000000e+04
7.000000000000000000e+04 6.127200000000000000e+04
8.000000000000000000e+04 6.224700000000000000e+04
9.000000000000000000e+04 6.272500000000000000e+04
1.000000000000000000e+05 6.237900000000000000e+04
1.100000000000000000e+05 6.324500000000000000e+04
1.200000000000000000e+05 6.284100000000000000e+04
1.300000000000000000e+05 6.373700000000000000e+04
1.400000000000000000e+05 6.370800000000000000e+04
1.500000000000000000e+05 6.341200000000000000e+04
1.600000000000000000e+05 6.387000000000000000e+04
1.700000000000000000e+05 6.391900000000000000e+04
1.800000000000000000e+05 6.405200000000000000e+04
1.900000000000000000e+05 6.399100000000000000e+04
2.000000000000000000e+05 6.377600000000000000e+04
2.100000000000000000e+05 6.413800000000000000e+04
2.200000000000000000e+05 6.375000000000000000e+04
2.300000000000000000e+05 6.372500000000000000e+04
2.400000000000000000e+05 6.365500000000000000e+04
2.500000000000000000e+05 6.315300000000000000e+04
2.600000000000000000e+05 6.341100000000000000e+04
2.700000000000000000e+05 6.240300000000000000e+04
2.800000000000000000e+05 6.231100000000000000e+04
2.900000000000000000e+05 6.205900000000000000e+04
3.000000000000000000e+05 6.200200000000000000e+04
3.100000000000000000e+05 6.100300000000000000e+04
3.200000000000000000e+05 6.010800000000000000e+04
3.300000000000000000e+05 6.005700000000000000e+04
3.400000000000000000e+05 5.880900000000000000e+04
3.500000000000000000e+05 5.803300000000000000e+04
3.600000000000000000e+05 5.746800000000000000e+04
3.700000000000000000e+05 5.650300000000000000e+04
3.800000000000000000e+05 5.568700000000000000e+04
3.900000000000000000e+05 5.421100000000000000e+04
4.000000000000000000e+05 5.366400000000000000e+04
4.100000000000000000e+05 5.235400000000000000e+04
4.200000000000000000e+05 5.146300000000000000e+04
4.300000000000000000e+05 5.012400000000000000e+04
4.400000000000000000e+05 4.890000000000000000e+04
4.500000000000000000e+05 4.761600000000000000e+04
4.600000000000000000e+05 4.642500000000000000e+04
4.700000000000000000e+05 4.487100000000000000e+04
4.800000000000000000e+05 4.276800000000000000e+04
4.900000000000000000e+05 4.180200000000000000e+04
5.000000000000000000e+05 4.010200000000000000e+04
5.100000000000000000e+05 3.877000000000000000e+04
5.200000000000000000e+05 3.679600000000000000e+04
5.300000000000000000e+05 3.539800000000000000e+04
5.400000000000000000e+05 3.359700000000000000e+04
5.500000000000000000e+05 3.195400000000000000e+04
5.600000000000000000e+05 3.076700000000000000e+04
5.700000000000000000e+05 2.893000000000000000e+04
5.800000000000000000e+05 2.775300000000000000e+04
5.900000000000000000e+05 2.614100000000000000e+04
6.000000000000000000e+05 2.493100000000000000e+04
6.100000000000000000e+05 2.379800000000000000e+04
6.200000000000000000e+05 2.292900000000000000e+04
6.300000000000000000e+05 2.215300000000000000e+04
6.400000000000000000e+05 2.121400000000000000e+04
6.500000000000000000e+05 2.053000000000000000e+04
6.600000000000000000e+05 1.965700000000000000e+04
6.700000000000000000e+05 1.946600000000000000e+04
6.800000000000000000e+05 1.923500000000000000e+04
6.900000000000000000e+05 1.938900000000000000e+04
7.000000000000000000e+05 1.934100000000000000e+04
7.100000000000000000e+05 1.961000000000000000e+04
7.200000000000000000e+05 1.965200000000000000e+04
7.300000000000000000e+05 2.013700000000000000e+04
7.400000000000000000e+05 2.065700000000000000e+04
7.500000000000000000e+05 2.125000000000000000e+04
7.600000000000000000e+05 2.261000000000000000e+04
7.700000000000000000e+05 2.351800000000000000e+04
7.800000000000000000e+05 2.439300000000000000e+04
7.900000000000000000e+05 2.558800000000000000e+04
8.000000000000000000e+05 2.700500000000000000e+04
8.100000000000000000e+05 2.853700000000000000e+04
8.200000000000000000e+05 2.961600000000000000e+04
8.300000000000000000e+05 3.144600000000000000e+04
8.400000000000000000e+05 3.309100000000000000e+04
8.500000000000000000e+05 3.479600000000000000e+04
8.600000000000000000e+05 3.588500000000000000e+04
8.700000000000000000e+05 3.768800000000000000e+04
8.800000000000000000e+05 3.930000000000000000e+04
8.900000000000000000e+05 4.090800000000000000e+04
9.000000000000000000e+05 4.243600000000000000e+04
9.100000000000000000e+05 4.405900000000000000e+04
9.200000000000000000e+05 4.551700000000000000e+04
9.300000000000000000e+05 4.697700000000000000e+04
9.400000000000000000e+05 4.843800000000000000e+04
9.500000000000000000e+05 4.975400000000000000e+04
9.600000000000000000e+05 5.048800000000000000e+04
9.700000000000000000e+05 5.194700000000000000e+04
9.800000000000000000e+05 5.276100000000000000e+04
9.900000000000000000e+05 5.377300000000000000e+04
1.000000000000000000e+06 5.496500000000000000e+04
1.010000000000000000e+06 5.610100000000000000e+04
1.020000000000000000e+06 5.724100000000000000e+04
1.030000000000000000e+06 5.779100000000000000e+04
1.040000000000000000e+06 5.858300000000000000e+04
1.050000000000000000e+06 5.892200000000000000e+04
1.060000000000000000e+06 6.014400000000000000e+04
1.070000000000000000e+06 6.046500000000000000e+04
1.080000000000000000e+06 6.095300000000000000e+04
1.090000000000000000e+06 6.144800000000000000e+04
1.100000000000000000e+06 6.187700000000000000e+04
1.110000000000000000e+06 6.223700000000000000e+04
1.120000000000000000e+06 6.255400000000000000e+04
1.130000000000000000e+06 6.274100000000000000e+04
1.140000000000000000e+06 6.328700000000000000e+04
1.150000000000000000e+06 6.347200000000000000e+04
1.160000000000000000e+06 6.340200000000000000e+04
1.170000000000000000e+06 6.379500000000000000e+04
1.180000000000000000e+06 6.372300000000000000e+04
1.190000000000000000e+06 6.332200000000000000e+04
1.200000000000000000e+06 6.365100000000000000e+04
1.210000000000000000e+06 6.361400000000000000e+04
1.220000000000000000e+06 6.327000000000000000e+04
1.230000000000000000e+06 6.358800000000000000e+04
1.240000000000000000e+06 6.274400000000000000e+04
1.250000000000000000e+06 6.291000000000000000e+04
1.260000000000000000e+06 6.284700000000000000e+04
1.270000000000000000e+06 6.219900000000000000e+04
1.280000000000000000e+06 6.191800000000000000e+04
1.290000000000000000e+06 6.136100000000000000e+04
1.300000000000000000e+06 6.137800000000000000e+04
1.310000000000000000e+06 6.049500000000000000e+04
1.320000000000000000e+06 5.964300000000000000e+04
1.330000000000000000e+06 5.958600000000000000e+04
1.340000000000000000e+06 5.845400000000000000e+04
1.350000000000000000e+06 5.859100000000000000e+04
1.360000000000000000e+06 5.746200000000000000e+04
1.370000000000000000e+06 5.630600000000000000e+04
1.380000000000000000e+06 5.539200000000000000e+04
1.390000000000000000e+06 5.457400000000000000e+04
1.400000000000000000e+06 5.398300000000000000e+04
1.410000000000000000e+06 5.261200000000000000e+04
1.420000000000000000e+06 5.121900000000000000e+04
1.430000000000000000e+06 4.976800000000000000e+04
1.440000000000000000e+06 4.877900000000000000e+04
1.450000000000000000e+06 4.747100000000000000e+04
1.460000000000000000e+06 4.622000000000000000e+04
1.470000000000000000e+06 4.436200000000000000e+04
1.480000000000000000e+06 4.286700000000000000e+04
1.490000000000000000e+06 4.131500000000000000e+04
1.500000000000000000e+06 3.966500000000000000e+04
1.510000000000000000e+06 3.809500000000000000e+04
1.520000000000000000e+06 3.650800000000000000e+04
1.530000000000000000e+06 3.531600000000000000e+04
1.540000000000000000e+06 3.334800000000000000e+04
1.550000000000000000e+06 3.202700000000000000e+04
1.560000000000000000e+06 3.056400000000000000e+04
1.570000000000000000e+06 2.883600000000000000e+04
1.580000000000000000e+06 2.771900000000000000e+04
1.590000000000000000e+06 2.615400000000000000e+04
1.600000000000000000e+06 2.497900000000000000e+04
1.610000000000000000e+06 2.375000000000000000e+04
1.620000000000000000e+06 2.290000000000000000e+04
1.630000000000000000e+06 2.184600000000000000e+04
1.640000000000000000e+06 2.097100000000000000e+04
1.650000000000000000e+06 2.044400000000000000e+04
1.660000000000000000e+06 1.956400000000000000e+04
1.670000000000000000e+06 1.927600000000000000e+04
1.680000000000000000e+06 1.934100000000000000e+04
1.690000000000000000e+06 1.905000000000000000e+04
1.700000000000000000e+06 1.905600000000000000e+04
1.710000000000000000e+06 1.916300000000000000e+04
1.720000000000000000e+06 1.949600000000000000e+04
1.730000000000000000e+06 1.985200000000000000e+04
1.740000000000000000e+06 2.086200000000000000e+04
1.750000000000000000e+06 2.131500000000000000e+04
1.760000000000000000e+06 2.230200000000000000e+04
1.770000000000000000e+06 2.330500000000000000e+04
1.780000000000000000e+06 2.463200000000000000e+04
1.790000000000000000e+06 2.535100000000000000e+04
1.800000000000000000e+06 2.659500000000000000e+04
1.810000000000000000e+06 2.805600000000000000e+04
1.820000000000000000e+06 2.967700000000000000e+04
1.830000000000000000e+06 3.113200000000000000e+04
1.840000000000000000e+06 3.277100000000000000e+04
1.850000000000000000e+06 3.445000000000000000e+04
1.860000000000000000e+06 3.617200000000000000e+04
1.870000000000000000e+06 3.728300000000000000e+04
1.880000000000000000e+06 3.919100000000000000e+04
1.890000000000000000e+06 4.082700000000000000e+04
1.900000000000000000e+06 4.249600000000000000e+04
1.910000000000000000e+06 4.368200000000000000e+04
1.920000000000000000e+06 4.489500000000000000e+04
1.930000000000000000e+06 4.676900000000000000e+04
1.940000000000000000e+06 4.783400000000000000e+04
1.950000000000000000e+06 4.951800000000000000e+04
1.960000000000000000e+06 5.063800000000000000e+04
1.970000000000000000e+06 5.147000000000000000e+04
1.980000000000000000e+06 5.303800000000000000e+04
1.990000000000000000e+06 5.411800000000000000e+04
