0.000000000000000000e+00 1.002100000000000000e+04
2.000000000000000000e+01 1.032800000000000000e+04
4.000000000000000000e+01 1.067300000000000000e+04
6.000000000000000000e+01 1.103400000000000000e+04
8.000000000000000000e+01 1.131800000000000000e+04
1.000000000000000000e+02 1.169000000000000000e+04
1.200000000000000000e+02 1.183500000000000000e+04
1.400000000000000000e+02 1.202800000000000000e+04
1.600000000000000000e+02 1.225700000000000000e+04
1.800000000000000000e+02 1.255500000000000000e+04
2.000000000000000000e+02 1.270300000000000000e+04
2.200000000000000000e+02 1.287100000000000000e+04
2.400000000000000000e+02 1.308000000000000000e+04
2.600000000000000000e+02 1.314000000000000000e+04
2.800000000000000000e+02 1.340400000000000000e+04
3.000000000000000000e+02 1.353500000000000000e+04
3.200000000000000000e+02 1.356600000000000000e+04
3.400000000000000000e+02 1.366500000000000000e+04
3.600000000000000000e+02 1.403000000000000000e+04
3.800000000000000000e+02 1.380300000000000000e+04
4.000000000000000000e+02 1.405300000000000000e+04
4.200000000000000000e+02 1.399600000000000000e+04
4.400000000000000000e+02 1.421700000000000000e+04
4.600000000000000000e+02 1.401900000000000000e+04
4.800000000000000000e+02 1.433200000000000000e+04
5.000000000000000000e+02 1.439300000000000000e+04
5.200000000000000000e+02 1.430400000000000000e+04
5.400000000000000000e+02 1.415100000000000000e+04
5.600000000000000000e+02 1.411800000000000000e+04
5.800000000000000000e+02 1.424100000000000000e+04
6.000000000000000000e+02 1.420000000000000000e+04
6.200000000000000000e+02 1.414500000000000000e+04
6.400000000000000000e+02 1.427700000000000000e+04
6.600000000000000000e+02 1.409000000000000000e+04
6.800000000000000000e+02 1.398700000000000000e+04
7.000000000000000000e+02 1.391400000000000000e+04
7.200000000000000000e+02 1.426300000000000000e+04
7.400000000000000000e+02 1.385300000000000000e+04
7.600000000000000000e+02 1.369600000000000000e+04
7.800000000000000000e+02 1.352100000000000000e+04
8.000000000000000000e+02 1.361000000000000000e+04
8.200000000000000000e+02 1.347800000000000000e+04
8.400000000000000000e+02 1.321900000000000000e+04
8.600000000000000000e+02 1.317700000000000000e+04
8.800000000000000000e+02 1.284000000000000000e+04
9.000000000000000000e+02 1.256500000000000000e+04
9.200000000000000000e+02 1.235500000000000000e+04
9.400000000000000000e+02 1.219700000000000000e+04
9.600000000000000000e+02 1.169900000000000000e+04
9.800000000000000000e+02 1.160400000000000000e+04
1.000000000000000000e+03 1.141500000000000000e+04
1.020000000000000000e+03 1.096200000000000000e+04
1.040000000000000000e+03 1.098900000000000000e+04
1.060000000000000000e+03 1.059400000000000000e+04
1.080000000000000000e+03 1.013800000000000000e+04
1.100000000000000000e+03 9.971000000000000000e+03
1.120000000000000000e+03 9.626000000000000000e+03
1.140000000000000000e+03 9.603000000000000000e+03
1.160000000000000000e+03 9.208000000000000000e+03
1.180000000000000000e+03 8.677000000000000000e+03
1.200000000000000000e+03 8.561000000000000000e+03
1.220000000000000000e+03 8.233000000000000000e+03
1.240000000000000000e+03 7.903000000000000000e+03
1.260000000000000000e+03 7.759000000000000000e+03
1.280000000000000000e+03 7.574000000000000000e+03
1.300000000000000000e+03 7.302000000000000000e+03
1.320000000000000000e+03 7.165000000000000000e+03
1.340000000000000000e+03 6.899000000000000000e+03
1.360000000000000000e+03 6.553000000000000000e+03
1.380000000000000000e+03 6.514000000000000000e+03
1.400000000000000000e+03 6.349000000000000000e+03
1.420000000000000000e+03 6.225000000000000000e+03
1.440000000000000000e+03 5.989000000000000000e+03
1.460000000000000000e+03 5.968000000000000000e+03
1.480000000000000000e+03 5.977000000000000000e+03
1.500000000000000000e+03 5.849000000000000000e+03
1.520000000000000000e+03 5.841000000000000000e+03
1.540000000000000000e+03 5.731000000000000000e+03
1.560000000000000000e+03 5.754000000000000000e+03
1.580000000000000000e+03 5.723000000000000000e+03
1.600000000000000000e+03 5.782000000000000000e+03
1.620000000000000000e+03 5.665000000000000000e+03
1.640000000000000000e+03 5.986000000000000000e+03
1.660000000000000000e+03 5.800000000000000000e+03
1.680000000000000000e+03 6.080000000000000000e+03
1.700000000000000000e+03 6.049000000000000000e+03
1.720000000000000000e+03 6.242000000000000000e+03
1.740000000000000000e+03 6.471000000000000000e+03
1.760000000000000000e+03 6.803000000000000000e+03
1.780000000000000000e+03 6.901000000000000000e+03
1.800000000000000000e+03 7.364000000000000000e+03
1.820000000000000000e+03 7.503000000000000000e+03
1.840000000000000000e+03 7.892000000000000000e+03
1.860000000000000000e+03 8.000000000000000000e+03
1.880000000000000000e+03 8.349000000000000000e+03
1.900000000000000000e+03 8.700000000000000000e+03
1.920000000000000000e+03 8.974000000000000000e+03
1.940000000000000000e+03 9.456000000000000000e+03
1.960000000000000000e+03 9.485000000000000000e+03
1.980000000000000000e+03 1.001000000000000000e+04
2.000000000000000000e+03 1.005100000000000000e+04
2.020000000000000000e+03 1.049900000000000000e+04
2.040000000000000000e+03 1.074600000000000000e+04
2.060000000000000000e+03 1.125100000000000000e+04
2.080000000000000000e+03 1.127800000000000000e+04
2.100000000000000000e+03 1.171700000000000000e+04
2.120000000000000000e+03 1.179100000000000000e+04
2.140000000000000000e+03 1.222800000000000000e+04
2.160000000000000000e+03 1.234800000000000000e+04
2.180000000000000000e+03 1.259800000000000000e+04
2.200000000000000000e+03 1.264200000000000000e+04
2.220000000000000000e+03 1.271800000000000000e+04
2.240000000000000000e+03 1.325700000000000000e+04
2.260000000000000000e+03 1.304300000000000000e+04
2.280000000000000000e+03 1.346600000000000000e+04
2.300000000000000000e+03 1.344000000000000000e+04
2.320000000000000000e+03 1.360400000000000000e+04
2.340000000000000000e+03 1.368800000000000000e+04
2.360000000000000000e+03 1.352900000000000000e+04
2.380000000000000000e+03 1.387600000000000000e+04
2.400000000000000000e+03 1.390600000000000000e+04
2.420000000000000000e+03 1.409800000000000000e+04
2.440000000000000000e+03 1.421500000000000000e+04
2.460000000000000000e+03 1.411300000000000000e+04
2.480000000000000000e+03 1.385400000000000000e+04
2.500000000000000000e+03 1.441000000000000000e+04
2.520000000000000000e+03 1.418100000000000000e+04
2.540000000000000000e+03 1.456300000000000000e+04
2.560000000000000000e+03 1.436800000000000000e+04
2.580000000000000000e+03 1.413300000000000000e+04
2.600000000000000000e+03 1.428400000000000000e+04
2.620000000000000000e+03 1.433800000000000000e+04
2.640000000000000000e+03 1.429600000000000000e+04
2.660000000000000000e+03 1.416800000000000000e+04
2.680000000000000000e+03 1.417700000000000000e+04
2.700000000000000000e+03 1.391200000000000000e+04
2.720000000000000000e+03 1.384200000000000000e+04
2.740000000000000000e+03 1.378300000000000000e+04
2.760000000000000000e+03 1.366500000000000000e+04
2.780000000000000000e+03 1.356600000000000000e+04
2.800000000000000000e+03 1.335500000000000000e+04
2.820000000000000000e+03 1.334500000000000000e+04
2.840000000000000000e+03 1.318800000000000000e+04
2.860000000000000000e+03 1.296200000000000000e+04
2.880000000000000000e+03 1.249000000000000000e+04
2.900000000000000000e+03 1.250400000000000000e+04
2.920000000000000000e+03 1.239900000000000000e+04
2.940000000000000000e+03 1.214100000000000000e+04
2.960000000000000000e+03 1.164200000000000000e+04
2.980000000000000000e+03 1.149600000000000000e+04
3.000000000000000000e+03 1.118900000000000000e+04
3.020000000000000000e+03 1.097600000000000000e+04
3.040000000000000000e+03 1.058200000000000000e+04
3.060000000000000000e+03 1.059200000000000000e+04
3.080000000000000000e+03 1.024800000000000000e+04
3.100000000000000000e+03 9.966000000000000000e+03
3.120000000000000000e+03 9.786000000000000000e+03
3.140000000000000000e+03 9.237000000000000000e+03
3.160000000000000000e+03 8.955000000000000000e+03
3.180000000000000000e+03 8.650000000000000000e+03
3.200000000000000000e+03 8.508000000000000000e+03
3.220000000000000000e+03 8.180000000000000000e+03
3.240000000000000000e+03 7.934000000000000000e+03
3.260000000000000000e+03 7.674000000000000000e+03
3.280000000000000000e+03 7.607000000000000000e+03
3.300000000000000000e+03 7.350000000000000000e+03
3.320000000000000000e+03 7.242000000000000000e+03
3.340000000000000000e+03 6.981000000000000000e+03
3.360000000000000000e+03 6.707000000000000000e+03
3.380000000000000000e+03 6.522000000000000000e+03
3.400000000000000000e+03 6.451000000000000000e+03
3.420000000000000000e+03 6.283000000000000000e+03
3.440000000000000000e+03 6.201000000000000000e+03
3.460000000000000000e+03 5.940000000000000000e+03
3.480000000000000000e+03 5.844000000000000000e+03
3.500000000000000000e+03 5.801000000000000000e+03
3.520000000000000000e+03 5.982000000000000000e+03
3.540000000000000000e+03 5.737000000000000000e+03
3.560000000000000000e+03 5.732000000000000000e+03
3.580000000000000000e+03 5.647000000000000000e+03
3.600000000000000000e+03 5.717000000000000000e+03
3.620000000000000000e+03 5.751000000000000000e+03
3.640000000000000000e+03 5.824000000000000000e+03
3.660000000000000000e+03 6.016000000000000000e+03
3.680000000000000000e+03 6.215000000000000000e+03
3.700000000000000000e+03 6.227000000000000000e+03
3.720000000000000000e+03 6.390000000000000000e+03
3.740000000000000000e+03 6.645000000000000000e+03
3.760000000000000000e+03 6.627000000000000000e+03
3.780000000000000000e+03 6.855000000000000000e+03
3.800000000000000000e+03 7.344000000000000000e+03
3.820000000000000000e+03 7.393000000000000000e+03
3.840000000000000000e+03 7.734000000000000000e+03
3.860000000000000000e+03 8.170000000000000000e+03
3.880000000000000000e+03 8.394000000000000000e+03
3.900000000000000000e+03 8.812000000000000000e+03
3.920000000000000000e+03 9.064000000000000000e+03
3.940000000000000000e+03 9.294000000000000000e+03
3.960000000000000000e+03 9.487000000000000000e+03
3.980000000000000000e+03 9.755000000000000000e+03
