0.000000000000000000e+00 1.366100000000000000e+04
1.420000000000000000e+02 1.393200000000000000e+04
2.840000000000000000e+02 1.409000000000000000e+04
4.260000000000000000e+02 1.432000000000000000e+04
5.680000000000000000e+02 1.449600000000000000e+04
7.100000000000000000e+02 1.488500000000000000e+04
8.520000000000000000e+02 1.487000000000000000e+04
9.940000000000000000e+02 1.519200000000000000e+04
1.136000000000000000e+03 1.532400000000000000e+04
1.278000000000000000e+03 1.540300000000000000e+04
1.420000000000000000e+03 1.560100000000000000e+04
1.562000000000000000e+03 1.557700000000000000e+04
1.704000000000000000e+03 1.548500000000000000e+04
1.846000000000000000e+03 1.572000000000000000e+04
1.988000000000000000e+03 1.555500000000000000e+04
2.130000000000000000e+03 1.577100000000000000e+04
2.272000000000000000e+03 1.576000000000000000e+04
2.414000000000000000e+03 1.586600000000000000e+04
2.556000000000000000e+03 1.584500000000000000e+04
2.698000000000000000e+03 1.589800000000000000e+04
2.840000000000000000e+03 1.593300000000000000e+04
2.982000000000000000e+03 1.574100000000000000e+04
3.124000000000000000e+03 1.597300000000000000e+04
3.266000000000000000e+03 1.583000000000000000e+04
3.408000000000000000e+03 1.599100000000000000e+04
3.550000000000000000e+03 1.569500000000000000e+04
3.692000000000000000e+03 1.578200000000000000e+04
3.834000000000000000e+03 1.569400000000000000e+04
3.976000000000000000e+03 1.578800000000000000e+04
4.118000000000000000e+03 1.585800000000000000e+04
4.260000000000000000e+03 1.555600000000000000e+04
4.402000000000000000e+03 1.541300000000000000e+04
4.544000000000000000e+03 1.533400000000000000e+04
4.686000000000000000e+03 1.514300000000000000e+04
4.828000000000000000e+03 1.514500000000000000e+04
4.970000000000000000e+03 1.461700000000000000e+04
5.112000000000000000e+03 1.452400000000000000e+04
5.254000000000000000e+03 1.413200000000000000e+04
5.396000000000000000e+03 1.405600000000000000e+04
5.538000000000000000e+03 1.382900000000000000e+04
5.680000000000000000e+03 1.342600000000000000e+04
5.822000000000000000e+03 1.338500000000000000e+04
5.964000000000000000e+03 1.300400000000000000e+04
6.106000000000000000e+03 1.287100000000000000e+04
6.248000000000000000e+03 1.254600000000000000e+04
6.390000000000000000e+03 1.228100000000000000e+04
6.532000000000000000e+03 1.203700000000000000e+04
6.674000000000000000e+03 1.165300000000000000e+04
6.816000000000000000e+03 1.128100000000000000e+04
6.958000000000000000e+03 1.062300000000000000e+04
7.100000000000000000e+03 1.042000000000000000e+04
7.242000000000000000e+03 1.000700000000000000e+04
7.384000000000000000e+03 9.533000000000000000e+03
7.526000000000000000e+03 9.387000000000000000e+03
7.668000000000000000e+03 8.982000000000000000e+03
7.810000000000000000e+03 8.568000000000000000e+03
7.952000000000000000e+03 8.177000000000000000e+03
8.094000000000000000e+03 7.715000000000000000e+03
8.236000000000000000e+03 7.492000000000000000e+03
8.378000000000000000e+03 7.093000000000000000e+03
8.520000000000000000e+03 6.868000000000000000e+03
8.662000000000000000e+03 6.721000000000000000e+03
8.804000000000000000e+03 6.220000000000000000e+03
8.946000000000000000e+03 6.035000000000000000e+03
9.088000000000000000e+03 5.831000000000000000e+03
9.230000000000000000e+03 5.553000000000000000e+03
9.372000000000000000e+03 5.337000000000000000e+03
9.514000000000000000e+03 5.155000000000000000e+03
9.656000000000000000e+03 4.992000000000000000e+03
9.798000000000000000e+03 4.872000000000000000e+03
9.940000000000000000e+03 4.714000000000000000e+03
1.008200000000000000e+04 4.731000000000000000e+03
1.022400000000000000e+04 4.734000000000000000e+03
1.036600000000000000e+04 4.862000000000000000e+03
1.050800000000000000e+04 4.797000000000000000e+03
1.065000000000000000e+04 4.890000000000000000e+03
1.079200000000000000e+04 5.082000000000000000e+03
1.093400000000000000e+04 5.222000000000000000e+03
1.107600000000000000e+04 5.600000000000000000e+03
1.121800000000000000e+04 5.670000000000000000e+03
1.136000000000000000e+04 6.065000000000000000e+03
1.150200000000000000e+04 6.482000000000000000e+03
1.164400000000000000e+04 6.658000000000000000e+03
1.178600000000000000e+04 6.974000000000000000e+03
1.192800000000000000e+04 7.348000000000000000e+03
1.207000000000000000e+04 7.864000000000000000e+03
1.221200000000000000e+04 8.252000000000000000e+03
1.235400000000000000e+04 8.645000000000000000e+03
1.249600000000000000e+04 9.066000000000000000e+03
1.263800000000000000e+04 9.645000000000000000e+03
1.278000000000000000e+04 9.780000000000000000e+03
1.292200000000000000e+04 1.057700000000000000e+04
1.306400000000000000e+04 1.078300000000000000e+04
1.320600000000000000e+04 1.112800000000000000e+04
1.334800000000000000e+04 1.166800000000000000e+04
1.349000000000000000e+04 1.206100000000000000e+04
1.363200000000000000e+04 1.253500000000000000e+04
1.377400000000000000e+04 1.283600000000000000e+04
1.391600000000000000e+04 1.317400000000000000e+04
1.405800000000000000e+04 1.334200000000000000e+04
1.420000000000000000e+04 1.367100000000000000e+04
1.434200000000000000e+04 1.407100000000000000e+04
1.448400000000000000e+04 1.410100000000000000e+04
1.462600000000000000e+04 1.424500000000000000e+04
1.476800000000000000e+04 1.451100000000000000e+04
1.491000000000000000e+04 1.466200000000000000e+04
1.505200000000000000e+04 1.481500000000000000e+04
1.519400000000000000e+04 1.501100000000000000e+04
1.533600000000000000e+04 1.495800000000000000e+04
1.547800000000000000e+04 1.533600000000000000e+04
1.562000000000000000e+04 1.539300000000000000e+04
1.576200000000000000e+04 1.554900000000000000e+04
1.590400000000000000e+04 1.569900000000000000e+04
1.604600000000000000e+04 1.567800000000000000e+04
1.618800000000000000e+04 1.563600000000000000e+04
1.633000000000000000e+04 1.603700000000000000e+04
1.647200000000000000e+04 1.601900000000000000e+04
1.661400000000000000e+04 1.582500000000000000e+04
1.675600000000000000e+04 1.581000000000000000e+04
1.689800000000000000e+04 1.581100000000000000e+04
1.704000000000000000e+04 1.613000000000000000e+04
1.718200000000000000e+04 1.589000000000000000e+04
1.732400000000000000e+04 1.588100000000000000e+04
1.746600000000000000e+04 1.591500000000000000e+04
1.760800000000000000e+04 1.600700000000000000e+04
1.775000000000000000e+04 1.595100000000000000e+04
1.789200000000000000e+04 1.575600000000000000e+04
1.803400000000000000e+04 1.601000000000000000e+04
1.817600000000000000e+04 1.603200000000000000e+04
1.831800000000000000e+04 1.566400000000000000e+04
1.846000000000000000e+04 1.547000000000000000e+04
1.860200000000000000e+04 1.522900000000000000e+04
1.874400000000000000e+04 1.506700000000000000e+04
1.888600000000000000e+04 1.522600000000000000e+04
1.902800000000000000e+04 1.480200000000000000e+04
1.917000000000000000e+04 1.487200000000000000e+04
1.931200000000000000e+04 1.453600000000000000e+04
1.945400000000000000e+04 1.452000000000000000e+04
1.959600000000000000e+04 1.415600000000000000e+04
1.973800000000000000e+04 1.369400000000000000e+04
1.988000000000000000e+04 1.383800000000000000e+04
2.002200000000000000e+04 1.368800000000000000e+04
2.016400000000000000e+04 1.324000000000000000e+04
2.030600000000000000e+04 1.293300000000000000e+04
2.044800000000000000e+04 1.260600000000000000e+04
2.059000000000000000e+04 1.237300000000000000e+04
2.073200000000000000e+04 1.215600000000000000e+04
2.087400000000000000e+04 1.172400000000000000e+04
2.101600000000000000e+04 1.131700000000000000e+04
2.115800000000000000e+04 1.099600000000000000e+04
2.130000000000000000e+04 1.068900000000000000e+04
2.144200000000000000e+04 1.032300000000000000e+04
2.158400000000000000e+04 9.780000000000000000e+03
2.172600000000000000e+04 9.536000000000000000e+03
2.186800000000000000e+04 9.273000000000000000e+03
2.201000000000000000e+04 8.856000000000000000e+03
2.215200000000000000e+04 8.515000000000000000e+03
2.229400000000000000e+04 8.142000000000000000e+03
2.243600000000000000e+04 7.753000000000000000e+03
2.257800000000000000e+04 7.326000000000000000e+03
2.272000000000000000e+04 7.102000000000000000e+03
2.286200000000000000e+04 6.807000000000000000e+03
2.300400000000000000e+04 6.414000000000000000e+03
2.314600000000000000e+04 6.049000000000000000e+03
2.328800000000000000e+04 5.844000000000000000e+03
2.343000000000000000e+04 5.698000000000000000e+03
2.357200000000000000e+04 5.311000000000000000e+03
2.371400000000000000e+04 5.264000000000000000e+03
2.385600000000000000e+04 5.170000000000000000e+03
2.399800000000000000e+04 5.029000000000000000e+03
2.414000000000000000e+04 4.832000000000000000e+03
2.428200000000000000e+04 4.652000000000000000e+03
2.442400000000000000e+04 4.748000000000000000e+03
2.456600000000000000e+04 4.825000000000000000e+03
2.470800000000000000e+04 4.932000000000000000e+03
2.485000000000000000e+04 4.953000000000000000e+03
2.499200000000000000e+04 4.941000000000000000e+03
2.513400000000000000e+04 5.193000000000000000e+03
2.527600000000000000e+04 5.356000000000000000e+03
2.541800000000000000e+04 5.599000000000000000e+03
2.556000000000000000e+04 5.923000000000000000e+03
2.570200000000000000e+04 6.176000000000000000e+03
2.584400000000000000e+04 6.445000000000000000e+03
2.598600000000000000e+04 6.740000000000000000e+03
2.612800000000000000e+04 7.177000000000000000e+03
2.627000000000000000e+04 7.639000000000000000e+03
2.641200000000000000e+04 7.977000000000000000e+03
2.655400000000000000e+04 8.615000000000000000e+03
2.669600000000000000e+04 8.882000000000000000e+03
2.683800000000000000e+04 9.234000000000000000e+03
2.698000000000000000e+04 9.733000000000000000e+03
2.712200000000000000e+04 1.010200000000000000e+04
2.726400000000000000e+04 1.074400000000000000e+04
2.740600000000000000e+04 1.106200000000000000e+04
2.754800000000000000e+04 1.149500000000000000e+04
2.769000000000000000e+04 1.193800000000000000e+04
2.783200000000000000e+04 1.228800000000000000e+04
2.797400000000000000e+04 1.271200000000000000e+04
2.811600000000000000e+04 1.275900000000000000e+04
2.825800000000000000e+04 1.306800000000000000e+04
2.840000000000000000e+04 1.352500000000000000e+04
