0.000000000000000000e+00 1.506800000000000000e+04
1.428000000000000000e+03 1.519200000000000000e+04
2.856000000000000000e+03 1.569400000000000000e+04
4.284000000000000000e+03 1.562800000000000000e+04
5.712000000000000000e+03 1.599500000000000000e+04
7.140000000000000000e+03 1.605200000000000000e+04
8.568000000000000000e+03 1.613200000000000000e+04
9.996000000000000000e+03 1.641600000000000000e+04
1.142400000000000000e+04 1.638600000000000000e+04
1.285200000000000000e+04 1.661300000000000000e+04
1.428000000000000000e+04 1.670600000000000000e+04
1.570800000000000000e+04 1.684400000000000000e+04
1.713600000000000000e+04 1.679600000000000000e+04
1.856400000000000000e+04 1.696200000000000000e+04
1.999200000000000000e+04 1.737500000000000000e+04
2.142000000000000000e+04 1.715500000000000000e+04
2.284800000000000000e+04 1.704300000000000000e+04
2.427600000000000000e+04 1.745700000000000000e+04
2.570400000000000000e+04 1.692800000000000000e+04
2.713200000000000000e+04 1.727800000000000000e+04
2.856000000000000000e+04 1.711600000000000000e+04
2.998800000000000000e+04 1.728400000000000000e+04
3.141600000000000000e+04 1.702600000000000000e+04
3.284400000000000000e+04 1.710300000000000000e+04
3.427200000000000000e+04 1.696600000000000000e+04
3.570000000000000000e+04 1.713700000000000000e+04
3.712800000000000000e+04 1.682800000000000000e+04
3.855600000000000000e+04 1.694800000000000000e+04
3.998400000000000000e+04 1.683200000000000000e+04
4.141200000000000000e+04 1.678400000000000000e+04
4.284000000000000000e+04 1.687100000000000000e+04
4.426800000000000000e+04 1.634400000000000000e+04
4.569600000000000000e+04 1.635300000000000000e+04
4.712400000000000000e+04 1.627100000000000000e+04
4.855200000000000000e+04 1.596300000000000000e+04
4.998000000000000000e+04 1.569400000000000000e+04
5.140800000000000000e+04 1.574400000000000000e+04
5.283600000000000000e+04 1.522600000000000000e+04
5.426400000000000000e+04 1.500500000000000000e+04
5.569200000000000000e+04 1.476500000000000000e+04
5.712000000000000000e+04 1.455000000000000000e+04
5.854800000000000000e+04 1.393800000000000000e+04
5.997600000000000000e+04 1.388900000000000000e+04
6.140400000000000000e+04 1.353400000000000000e+04
6.283200000000000000e+04 1.316000000000000000e+04
6.426000000000000000e+04 1.277000000000000000e+04
6.568800000000000000e+04 1.265200000000000000e+04
6.711600000000000000e+04 1.210300000000000000e+04
6.854400000000000000e+04 1.182000000000000000e+04
6.997200000000000000e+04 1.139900000000000000e+04
7.140000000000000000e+04 1.120800000000000000e+04
7.282800000000000000e+04 1.063500000000000000e+04
7.425600000000000000e+04 1.024600000000000000e+04
7.568400000000000000e+04 9.507000000000000000e+03
7.711200000000000000e+04 9.252000000000000000e+03
7.854000000000000000e+04 8.727000000000000000e+03
7.996800000000000000e+04 8.442000000000000000e+03
8.139600000000000000e+04 8.071000000000000000e+03
8.282400000000000000e+04 7.741000000000000000e+03
8.425200000000000000e+04 7.313000000000000000e+03
8.568000000000000000e+04 6.763000000000000000e+03
8.710800000000000000e+04 6.530000000000000000e+03
8.853600000000000000e+04 6.512000000000000000e+03
8.996400000000000000e+04 6.022000000000000000e+03
9.139200000000000000e+04 5.914000000000000000e+03
9.282000000000000000e+04 5.702000000000000000e+03
9.424800000000000000e+04 5.552000000000000000e+03
9.567600000000000000e+04 5.411000000000000000e+03
9.710400000000000000e+04 5.306000000000000000e+03
9.853200000000000000e+04 5.210000000000000000e+03
9.996000000000000000e+04 5.253000000000000000e+03
1.013880000000000000e+05 5.213000000000000000e+03
1.028160000000000000e+05 5.528000000000000000e+03
1.042440000000000000e+05 5.593000000000000000e+03
1.056720000000000000e+05 5.653000000000000000e+03
1.071000000000000000e+05 5.932000000000000000e+03
1.085280000000000000e+05 6.270000000000000000e+03
1.099560000000000000e+05 6.523000000000000000e+03
1.113840000000000000e+05 6.703000000000000000e+03
1.128120000000000000e+05 7.223000000000000000e+03
1.142400000000000000e+05 7.533000000000000000e+03
1.156680000000000000e+05 7.843000000000000000e+03
1.170960000000000000e+05 8.068000000000000000e+03
1.185240000000000000e+05 8.642000000000000000e+03
1.199520000000000000e+05 9.032000000000000000e+03
1.213800000000000000e+05 9.267000000000000000e+03
1.228080000000000000e+05 9.763000000000000000e+03
1.242360000000000000e+05 1.013300000000000000e+04
1.256640000000000000e+05 1.068200000000000000e+04
1.270920000000000000e+05 1.137300000000000000e+04
1.285200000000000000e+05 1.138800000000000000e+04
1.299480000000000000e+05 1.189000000000000000e+04
1.313760000000000000e+05 1.267100000000000000e+04
1.328040000000000000e+05 1.266200000000000000e+04
1.342320000000000000e+05 1.314600000000000000e+04
1.356600000000000000e+05 1.331000000000000000e+04
1.370880000000000000e+05 1.406100000000000000e+04
1.385160000000000000e+05 1.428700000000000000e+04
1.399440000000000000e+05 1.430900000000000000e+04
1.413720000000000000e+05 1.476100000000000000e+04
1.428000000000000000e+05 1.493100000000000000e+04
1.442280000000000000e+05 1.542700000000000000e+04
1.456560000000000000e+05 1.533400000000000000e+04
1.470840000000000000e+05 1.558800000000000000e+04
1.485120000000000000e+05 1.611600000000000000e+04
1.499400000000000000e+05 1.596000000000000000e+04
1.513680000000000000e+05 1.644800000000000000e+04
1.527960000000000000e+05 1.619300000000000000e+04
1.542240000000000000e+05 1.665000000000000000e+04
1.556520000000000000e+05 1.658000000000000000e+04
1.570800000000000000e+05 1.675500000000000000e+04
1.585080000000000000e+05 1.665700000000000000e+04
1.599360000000000000e+05 1.675700000000000000e+04
1.613640000000000000e+05 1.701300000000000000e+04
1.627920000000000000e+05 1.704200000000000000e+04
1.642200000000000000e+05 1.732600000000000000e+04
1.656480000000000000e+05 1.702400000000000000e+04
1.670760000000000000e+05 1.725400000000000000e+04
1.685040000000000000e+05 1.714100000000000000e+04
1.699320000000000000e+05 1.700300000000000000e+04
1.713600000000000000e+05 1.700000000000000000e+04
1.727880000000000000e+05 1.738100000000000000e+04
1.742160000000000000e+05 1.719300000000000000e+04
1.756440000000000000e+05 1.695900000000000000e+04
1.770720000000000000e+05 1.713200000000000000e+04
1.785000000000000000e+05 1.704900000000000000e+04
1.799280000000000000e+05 1.702100000000000000e+04
1.813560000000000000e+05 1.663900000000000000e+04
1.827840000000000000e+05 1.674600000000000000e+04
1.842120000000000000e+05 1.649100000000000000e+04
1.856400000000000000e+05 1.647500000000000000e+04
1.870680000000000000e+05 1.638000000000000000e+04
1.884960000000000000e+05 1.637800000000000000e+04
1.899240000000000000e+05 1.630000000000000000e+04
1.913520000000000000e+05 1.593300000000000000e+04
1.927800000000000000e+05 1.563600000000000000e+04
1.942080000000000000e+05 1.545300000000000000e+04
1.956360000000000000e+05 1.524800000000000000e+04
1.970640000000000000e+05 1.513800000000000000e+04
1.984920000000000000e+05 1.492000000000000000e+04
1.999200000000000000e+05 1.474600000000000000e+04
2.013480000000000000e+05 1.417200000000000000e+04
2.027760000000000000e+05 1.411900000000000000e+04
2.042040000000000000e+05 1.370700000000000000e+04
2.056320000000000000e+05 1.335400000000000000e+04
2.070600000000000000e+05 1.279300000000000000e+04
2.084880000000000000e+05 1.256100000000000000e+04
2.099160000000000000e+05 1.210600000000000000e+04
2.113440000000000000e+05 1.165600000000000000e+04
2.127720000000000000e+05 1.144800000000000000e+04
2.142000000000000000e+05 1.091600000000000000e+04
2.156280000000000000e+05 1.076500000000000000e+04
2.170560000000000000e+05 1.021600000000000000e+04
2.184840000000000000e+05 9.769000000000000000e+03
2.199120000000000000e+05 9.124000000000000000e+03
2.213400000000000000e+05 8.659000000000000000e+03
2.227680000000000000e+05 8.600000000000000000e+03
2.241960000000000000e+05 8.207000000000000000e+03
2.256240000000000000e+05 7.417000000000000000e+03
2.270520000000000000e+05 7.333000000000000000e+03
2.284800000000000000e+05 6.875000000000000000e+03
2.299080000000000000e+05 6.764000000000000000e+03
2.313360000000000000e+05 6.382000000000000000e+03
2.327640000000000000e+05 6.118000000000000000e+03
2.341920000000000000e+05 5.924000000000000000e+03
2.356200000000000000e+05 5.664000000000000000e+03
2.370480000000000000e+05 5.619000000000000000e+03
2.384760000000000000e+05 5.517000000000000000e+03
2.399040000000000000e+05 5.386000000000000000e+03
2.413320000000000000e+05 5.302000000000000000e+03
2.427600000000000000e+05 5.284000000000000000e+03
2.441880000000000000e+05 5.493000000000000000e+03
2.456160000000000000e+05 5.515000000000000000e+03
2.470440000000000000e+05 5.553000000000000000e+03
2.484720000000000000e+05 5.759000000000000000e+03
2.499000000000000000e+05 5.826000000000000000e+03
2.513280000000000000e+05 6.169000000000000000e+03
2.527560000000000000e+05 6.477000000000000000e+03
2.541840000000000000e+05 6.731000000000000000e+03
2.556120000000000000e+05 7.181000000000000000e+03
2.570400000000000000e+05 7.361000000000000000e+03
2.584680000000000000e+05 7.586000000000000000e+03
2.598960000000000000e+05 8.135000000000000000e+03
2.613240000000000000e+05 8.579000000000000000e+03
2.627520000000000000e+05 8.926000000000000000e+03
2.641800000000000000e+05 9.394000000000000000e+03
2.656080000000000000e+05 9.832000000000000000e+03
2.670360000000000000e+05 1.018000000000000000e+04
2.684640000000000000e+05 1.078900000000000000e+04
2.698920000000000000e+05 1.099700000000000000e+04
2.713200000000000000e+05 1.142900000000000000e+04
2.727480000000000000e+05 1.197000000000000000e+04
2.741760000000000000e+05 1.229300000000000000e+04
2.756040000000000000e+05 1.284100000000000000e+04
2.770320000000000000e+05 1.316700000000000000e+04
2.784600000000000000e+05 1.365100000000000000e+04
2.798880000000000000e+05 1.372800000000000000e+04
2.813160000000000000e+05 1.413700000000000000e+04
2.827440000000000000e+05 1.447000000000000000e+04
2.841720000000000000e+05 1.464900000000000000e+04
