0.000000000000000000e+00 1.084200000000000000e+04
3.330000000000000000e+02 1.117800000000000000e+04
6.660000000000000000e+02 1.149600000000000000e+04
9.990000000000000000e+02 1.156200000000000000e+04
1.332000000000000000e+03 1.185900000000000000e+04
1.665000000000000000e+03 1.198000000000000000e+04
1.998000000000000000e+03 1.184100000000000000e+04
2.331000000000000000e+03 1.223200000000000000e+04
2.664000000000000000e+03 1.208600000000000000e+04
2.997000000000000000e+03 1.246800000000000000e+04
3.330000000000000000e+03 1.244600000000000000e+04
3.663000000000000000e+03 1.255900000000000000e+04
3.996000000000000000e+03 1.233400000000000000e+04
4.329000000000000000e+03 1.266000000000000000e+04
4.662000000000000000e+03 1.254900000000000000e+04
4.995000000000000000e+03 1.245900000000000000e+04
5.328000000000000000e+03 1.246800000000000000e+04
5.661000000000000000e+03 1.284800000000000000e+04
5.994000000000000000e+03 1.262500000000000000e+04
6.327000000000000000e+03 1.293500000000000000e+04
6.660000000000000000e+03 1.287100000000000000e+04
6.993000000000000000e+03 1.283200000000000000e+04
7.326000000000000000e+03 1.279100000000000000e+04
7.659000000000000000e+03 1.269300000000000000e+04
7.992000000000000000e+03 1.285700000000000000e+04
8.325000000000000000e+03 1.261000000000000000e+04
8.658000000000000000e+03 1.274200000000000000e+04
8.991000000000000000e+03 1.275400000000000000e+04
9.324000000000000000e+03 1.249300000000000000e+04
9.657000000000000000e+03 1.246400000000000000e+04
9.990000000000000000e+03 1.244800000000000000e+04
1.032300000000000000e+04 1.222800000000000000e+04
1.065600000000000000e+04 1.215700000000000000e+04
1.098900000000000000e+04 1.214900000000000000e+04
1.132200000000000000e+04 1.182800000000000000e+04
1.165500000000000000e+04 1.147600000000000000e+04
1.198800000000000000e+04 1.180200000000000000e+04
1.232100000000000000e+04 1.137600000000000000e+04
1.265400000000000000e+04 1.136400000000000000e+04
1.298700000000000000e+04 1.110800000000000000e+04
1.332000000000000000e+04 1.079500000000000000e+04
1.365300000000000000e+04 1.072100000000000000e+04
1.398600000000000000e+04 1.037200000000000000e+04
1.431900000000000000e+04 1.013000000000000000e+04
1.465200000000000000e+04 1.017900000000000000e+04
1.498500000000000000e+04 9.483000000000000000e+03
1.531800000000000000e+04 9.161000000000000000e+03
1.565100000000000000e+04 8.926000000000000000e+03
1.598400000000000000e+04 8.674000000000000000e+03
1.631700000000000000e+04 8.201000000000000000e+03
1.665000000000000000e+04 7.969000000000000000e+03
1.698300000000000000e+04 7.848000000000000000e+03
1.731600000000000000e+04 7.570000000000000000e+03
1.764900000000000000e+04 7.315000000000000000e+03
1.798200000000000000e+04 7.168000000000000000e+03
1.831500000000000000e+04 6.469000000000000000e+03
1.864800000000000000e+04 6.413000000000000000e+03
1.898100000000000000e+04 5.999000000000000000e+03
1.931400000000000000e+04 5.692000000000000000e+03
1.964700000000000000e+04 5.461000000000000000e+03
1.998000000000000000e+04 5.245000000000000000e+03
2.031300000000000000e+04 5.040000000000000000e+03
2.064600000000000000e+04 4.850000000000000000e+03
2.097900000000000000e+04 4.511000000000000000e+03
2.131200000000000000e+04 4.499000000000000000e+03
2.164500000000000000e+04 4.149000000000000000e+03
2.197800000000000000e+04 4.153000000000000000e+03
2.231100000000000000e+04 3.976000000000000000e+03
2.264400000000000000e+04 3.880000000000000000e+03
2.297700000000000000e+04 3.682000000000000000e+03
2.331000000000000000e+04 3.848000000000000000e+03
2.364300000000000000e+04 3.835000000000000000e+03
2.397600000000000000e+04 3.932000000000000000e+03
2.430900000000000000e+04 3.895000000000000000e+03
2.464200000000000000e+04 4.158000000000000000e+03
2.497500000000000000e+04 4.206000000000000000e+03
2.530800000000000000e+04 4.331000000000000000e+03
2.564100000000000000e+04 4.460000000000000000e+03
2.597400000000000000e+04 4.683000000000000000e+03
2.630700000000000000e+04 5.000000000000000000e+03
2.664000000000000000e+04 5.257000000000000000e+03
2.697300000000000000e+04 5.471000000000000000e+03
2.730600000000000000e+04 5.898000000000000000e+03
2.763900000000000000e+04 6.012000000000000000e+03
2.797200000000000000e+04 6.360000000000000000e+03
2.830500000000000000e+04 6.737000000000000000e+03
2.863800000000000000e+04 7.307000000000000000e+03
2.897100000000000000e+04 7.357000000000000000e+03
2.930400000000000000e+04 7.915000000000000000e+03
2.963700000000000000e+04 8.152000000000000000e+03
2.997000000000000000e+04 8.553000000000000000e+03
3.030300000000000000e+04 8.615000000000000000e+03
3.063600000000000000e+04 9.078000000000000000e+03
3.096900000000000000e+04 9.323000000000000000e+03
3.130200000000000000e+04 9.623000000000000000e+03
3.163500000000000000e+04 9.916000000000000000e+03
3.196800000000000000e+04 1.008800000000000000e+04
3.230100000000000000e+04 1.048400000000000000e+04
3.263400000000000000e+04 1.057300000000000000e+04
3.296700000000000000e+04 1.059700000000000000e+04
3.330000000000000000e+04 1.089400000000000000e+04
3.363300000000000000e+04 1.122900000000000000e+04
3.396600000000000000e+04 1.148900000000000000e+04
3.429900000000000000e+04 1.160300000000000000e+04
3.463200000000000000e+04 1.176700000000000000e+04
3.496500000000000000e+04 1.185700000000000000e+04
3.529800000000000000e+04 1.202200000000000000e+04
3.563100000000000000e+04 1.220900000000000000e+04
3.596400000000000000e+04 1.236100000000000000e+04
3.629700000000000000e+04 1.249000000000000000e+04
3.663000000000000000e+04 1.241000000000000000e+04
3.696300000000000000e+04 1.260800000000000000e+04
3.729600000000000000e+04 1.273600000000000000e+04
3.762900000000000000e+04 1.270700000000000000e+04
3.796200000000000000e+04 1.265800000000000000e+04
3.829500000000000000e+04 1.271300000000000000e+04
3.862800000000000000e+04 1.273000000000000000e+04
3.896100000000000000e+04 1.259500000000000000e+04
3.929400000000000000e+04 1.270300000000000000e+04
3.962700000000000000e+04 1.287600000000000000e+04
3.996000000000000000e+04 1.272800000000000000e+04
4.029300000000000000e+04 1.289900000000000000e+04
4.062600000000000000e+04 1.308300000000000000e+04
4.095900000000000000e+04 1.282400000000000000e+04
4.129200000000000000e+04 1.286400000000000000e+04
4.162500000000000000e+04 1.271000000000000000e+04
4.195800000000000000e+04 1.261400000000000000e+04
4.229100000000000000e+04 1.288400000000000000e+04
4.262400000000000000e+04 1.259400000000000000e+04
4.295700000000000000e+04 1.228300000000000000e+04
4.329000000000000000e+04 1.246500000000000000e+04
4.362300000000000000e+04 1.206400000000000000e+04
4.395600000000000000e+04 1.215200000000000000e+04
4.428900000000000000e+04 1.195700000000000000e+04
4.462200000000000000e+04 1.186400000000000000e+04
4.495500000000000000e+04 1.166100000000000000e+04
4.528800000000000000e+04 1.160800000000000000e+04
4.562100000000000000e+04 1.150600000000000000e+04
4.595400000000000000e+04 1.123500000000000000e+04
4.628700000000000000e+04 1.114400000000000000e+04
4.662000000000000000e+04 1.099000000000000000e+04
4.695300000000000000e+04 1.067600000000000000e+04
4.728600000000000000e+04 1.033300000000000000e+04
4.761900000000000000e+04 1.027100000000000000e+04
4.795200000000000000e+04 9.901000000000000000e+03
4.828500000000000000e+04 9.499000000000000000e+03
4.861800000000000000e+04 9.465000000000000000e+03
4.895100000000000000e+04 8.907000000000000000e+03
4.928400000000000000e+04 8.721000000000000000e+03
4.961700000000000000e+04 8.261000000000000000e+03
4.995000000000000000e+04 8.139000000000000000e+03
5.028300000000000000e+04 7.734000000000000000e+03
5.061600000000000000e+04 7.480000000000000000e+03
5.094900000000000000e+04 7.250000000000000000e+03
5.128200000000000000e+04 6.697000000000000000e+03
5.161500000000000000e+04 6.654000000000000000e+03
5.194800000000000000e+04 6.368000000000000000e+03
5.228100000000000000e+04 6.124000000000000000e+03
5.261400000000000000e+04 5.685000000000000000e+03
5.294700000000000000e+04 5.525000000000000000e+03
5.328000000000000000e+04 5.168000000000000000e+03
5.361300000000000000e+04 4.993000000000000000e+03
5.394600000000000000e+04 4.704000000000000000e+03
5.427900000000000000e+04 4.331000000000000000e+03
5.461200000000000000e+04 4.364000000000000000e+03
5.494500000000000000e+04 4.238000000000000000e+03
5.527800000000000000e+04 4.152000000000000000e+03
5.561100000000000000e+04 4.110000000000000000e+03
5.594400000000000000e+04 3.887000000000000000e+03
5.627700000000000000e+04 3.894000000000000000e+03
5.661000000000000000e+04 3.848000000000000000e+03
5.694300000000000000e+04 3.991000000000000000e+03
5.727600000000000000e+04 3.885000000000000000e+03
5.760900000000000000e+04 3.967000000000000000e+03
5.794200000000000000e+04 4.033000000000000000e+03
5.827500000000000000e+04 4.169000000000000000e+03
5.860800000000000000e+04 4.241000000000000000e+03
5.894100000000000000e+04 4.518000000000000000e+03
5.927400000000000000e+04 4.636000000000000000e+03
5.960700000000000000e+04 4.963000000000000000e+03
5.994000000000000000e+04 5.151000000000000000e+03
6.027300000000000000e+04 5.563000000000000000e+03
6.060600000000000000e+04 5.871000000000000000e+03
6.093900000000000000e+04 6.131000000000000000e+03
6.127200000000000000e+04 6.387000000000000000e+03
6.160500000000000000e+04 6.889000000000000000e+03
6.193800000000000000e+04 7.076000000000000000e+03
6.227100000000000000e+04 7.453000000000000000e+03
6.260400000000000000e+04 7.717000000000000000e+03
6.293700000000000000e+04 8.170000000000000000e+03
6.327000000000000000e+04 8.548000000000000000e+03
6.360300000000000000e+04 8.959000000000000000e+03
6.393600000000000000e+04 9.118000000000000000e+03
6.426900000000000000e+04 9.228000000000000000e+03
6.460200000000000000e+04 9.685000000000000000e+03
6.493500000000000000e+04 9.860000000000000000e+03
6.526800000000000000e+04 1.014300000000000000e+04
6.560100000000000000e+04 1.019600000000000000e+04
6.593400000000000000e+04 1.079400000000000000e+04
6.626700000000000000e+04 1.083300000000000000e+04
