0.000000000000000000e+00 9.788000000000000000e+03
5.000000000000000000e+03 1.009800000000000000e+04
1.000000000000000000e+04 1.009500000000000000e+04
1.500000000000000000e+04 1.026000000000000000e+04
2.000000000000000000e+04 1.051800000000000000e+04
2.500000000000000000e+04 1.040800000000000000e+04
3.000000000000000000e+04 1.060800000000000000e+04
3.500000000000000000e+04 1.078700000000000000e+04
4.000000000000000000e+04 1.081200000000000000e+04
4.500000000000000000e+04 1.089900000000000000e+04
5.000000000000000000e+04 1.104300000000000000e+04
5.500000000000000000e+04 1.100100000000000000e+04
6.000000000000000000e+04 1.119400000000000000e+04
6.500000000000000000e+04 1.127500000000000000e+04
7.000000000000000000e+04 1.128200000000000000e+04
7.500000000000000000e+04 1.124100000000000000e+04
8.000000000000000000e+04 1.128000000000000000e+04
8.500000000000000000e+04 1.132500000000000000e+04
9.000000000000000000e+04 1.130800000000000000e+04
9.500000000000000000e+04 1.133100000000000000e+04
1.000000000000000000e+05 1.111100000000000000e+04
1.050000000000000000e+05 1.125700000000000000e+04
1.100000000000000000e+05 1.099300000000000000e+04
1.150000000000000000e+05 1.122200000000000000e+04
1.200000000000000000e+05 1.125200000000000000e+04
1.250000000000000000e+05 1.117300000000000000e+04
1.300000000000000000e+05 1.112500000000000000e+04
1.350000000000000000e+05 1.102700000000000000e+04
1.400000000000000000e+05 1.107400000000000000e+04
1.450000000000000000e+05 1.101900000000000000e+04
1.500000000000000000e+05 1.075900000000000000e+04
1.550000000000000000e+05 1.069400000000000000e+04
1.600000000000000000e+05 1.076700000000000000e+04
1.650000000000000000e+05 1.048800000000000000e+04
1.700000000000000000e+05 1.060800000000000000e+04
1.750000000000000000e+05 1.016100000000000000e+04
1.800000000000000000e+05 1.011000000000000000e+04
1.850000000000000000e+05 1.007900000000000000e+04
1.900000000000000000e+05 9.987000000000000000e+03
1.950000000000000000e+05 9.708000000000000000e+03
2.000000000000000000e+05 9.448000000000000000e+03
2.050000000000000000e+05 9.444000000000000000e+03
2.100000000000000000e+05 9.080000000000000000e+03
2.150000000000000000e+05 8.891000000000000000e+03
2.200000000000000000e+05 8.660000000000000000e+03
2.250000000000000000e+05 8.236000000000000000e+03
2.300000000000000000e+05 8.337000000000000000e+03
2.350000000000000000e+05 8.002000000000000000e+03
2.400000000000000000e+05 7.821000000000000000e+03
2.450000000000000000e+05 7.339000000000000000e+03
2.500000000000000000e+05 7.244000000000000000e+03
2.550000000000000000e+05 7.059000000000000000e+03
2.600000000000000000e+05 6.720000000000000000e+03
2.650000000000000000e+05 6.364000000000000000e+03
2.700000000000000000e+05 6.244000000000000000e+03
2.750000000000000000e+05 6.027000000000000000e+03
2.800000000000000000e+05 5.645000000000000000e+03
2.850000000000000000e+05 5.385000000000000000e+03
2.900000000000000000e+05 5.290000000000000000e+03
2.950000000000000000e+05 4.880000000000000000e+03
3.000000000000000000e+05 4.786000000000000000e+03
3.050000000000000000e+05 4.564000000000000000e+03
3.100000000000000000e+05 4.364000000000000000e+03
3.150000000000000000e+05 4.128000000000000000e+03
3.200000000000000000e+05 4.003000000000000000e+03
3.250000000000000000e+05 3.888000000000000000e+03
3.300000000000000000e+05 3.850000000000000000e+03
3.350000000000000000e+05 3.731000000000000000e+03
3.400000000000000000e+05 3.805000000000000000e+03
3.450000000000000000e+05 3.784000000000000000e+03
3.500000000000000000e+05 3.762000000000000000e+03
3.550000000000000000e+05 3.766000000000000000e+03
3.600000000000000000e+05 3.804000000000000000e+03
3.650000000000000000e+05 3.862000000000000000e+03
3.700000000000000000e+05 4.103000000000000000e+03
3.750000000000000000e+05 4.092000000000000000e+03
3.800000000000000000e+05 4.250000000000000000e+03
3.850000000000000000e+05 4.373000000000000000e+03
3.900000000000000000e+05 4.605000000000000000e+03
3.950000000000000000e+05 4.698000000000000000e+03
4.000000000000000000e+05 5.108000000000000000e+03
4.050000000000000000e+05 5.270000000000000000e+03
4.100000000000000000e+05 5.537000000000000000e+03
4.150000000000000000e+05 5.794000000000000000e+03
4.200000000000000000e+05 6.097000000000000000e+03
4.250000000000000000e+05 6.322000000000000000e+03
4.300000000000000000e+05 6.618000000000000000e+03
4.350000000000000000e+05 7.003000000000000000e+03
4.400000000000000000e+05 7.093000000000000000e+03
4.450000000000000000e+05 7.348000000000000000e+03
4.500000000000000000e+05 7.725000000000000000e+03
4.550000000000000000e+05 7.994000000000000000e+03
4.600000000000000000e+05 8.504000000000000000e+03
4.650000000000000000e+05 8.355000000000000000e+03
4.700000000000000000e+05 8.708000000000000000e+03
4.750000000000000000e+05 8.919000000000000000e+03
4.800000000000000000e+05 9.036000000000000000e+03
4.850000000000000000e+05 9.377000000000000000e+03
4.900000000000000000e+05 9.551000000000000000e+03
4.950000000000000000e+05 9.570000000000000000e+03
5.000000000000000000e+05 9.780000000000000000e+03
5.050000000000000000e+05 1.016300000000000000e+04
5.100000000000000000e+05 1.006700000000000000e+04
5.150000000000000000e+05 1.031600000000000000e+04
5.200000000000000000e+05 1.038600000000000000e+04
5.250000000000000000e+05 1.043900000000000000e+04
5.300000000000000000e+05 1.054900000000000000e+04
5.350000000000000000e+05 1.076800000000000000e+04
5.400000000000000000e+05 1.092200000000000000e+04
5.450000000000000000e+05 1.087500000000000000e+04
5.500000000000000000e+05 1.080800000000000000e+04
5.550000000000000000e+05 1.096400000000000000e+04
5.600000000000000000e+05 1.109000000000000000e+04
5.650000000000000000e+05 1.123700000000000000e+04
5.700000000000000000e+05 1.096600000000000000e+04
5.750000000000000000e+05 1.102900000000000000e+04
5.800000000000000000e+05 1.111700000000000000e+04
5.850000000000000000e+05 1.102500000000000000e+04
5.900000000000000000e+05 1.113700000000000000e+04
5.950000000000000000e+05 1.120700000000000000e+04
6.000000000000000000e+05 1.111300000000000000e+04
6.050000000000000000e+05 1.120600000000000000e+04
6.100000000000000000e+05 1.109800000000000000e+04
6.150000000000000000e+05 1.130700000000000000e+04
6.200000000000000000e+05 1.099800000000000000e+04
6.250000000000000000e+05 1.107600000000000000e+04
6.300000000000000000e+05 1.082100000000000000e+04
6.350000000000000000e+05 1.112600000000000000e+04
6.400000000000000000e+05 1.094900000000000000e+04
6.450000000000000000e+05 1.097100000000000000e+04
6.500000000000000000e+05 1.064700000000000000e+04
6.550000000000000000e+05 1.094000000000000000e+04
6.600000000000000000e+05 1.069000000000000000e+04
6.650000000000000000e+05 1.070300000000000000e+04
6.700000000000000000e+05 1.052800000000000000e+04
6.750000000000000000e+05 1.021100000000000000e+04
6.800000000000000000e+05 1.029200000000000000e+04
6.850000000000000000e+05 9.814000000000000000e+03
6.900000000000000000e+05 1.002700000000000000e+04
6.950000000000000000e+05 9.498000000000000000e+03
7.000000000000000000e+05 9.576000000000000000e+03
7.050000000000000000e+05 9.476000000000000000e+03
7.100000000000000000e+05 9.066000000000000000e+03
7.150000000000000000e+05 8.843000000000000000e+03
7.200000000000000000e+05 8.798000000000000000e+03
7.250000000000000000e+05 8.463000000000000000e+03
7.300000000000000000e+05 8.237000000000000000e+03
7.350000000000000000e+05 8.054000000000000000e+03
7.400000000000000000e+05 7.638000000000000000e+03
7.450000000000000000e+05 7.618000000000000000e+03
7.500000000000000000e+05 7.123000000000000000e+03
7.550000000000000000e+05 7.070000000000000000e+03
7.600000000000000000e+05 6.547000000000000000e+03
7.650000000000000000e+05 6.539000000000000000e+03
7.700000000000000000e+05 5.990000000000000000e+03
7.750000000000000000e+05 5.793000000000000000e+03
7.800000000000000000e+05 5.792000000000000000e+03
7.850000000000000000e+05 5.367000000000000000e+03
7.900000000000000000e+05 5.247000000000000000e+03
7.950000000000000000e+05 4.987000000000000000e+03
8.000000000000000000e+05 4.782000000000000000e+03
8.050000000000000000e+05 4.377000000000000000e+03
8.100000000000000000e+05 4.397000000000000000e+03
8.150000000000000000e+05 4.273000000000000000e+03
8.200000000000000000e+05 4.024000000000000000e+03
8.250000000000000000e+05 3.934000000000000000e+03
8.300000000000000000e+05 3.846000000000000000e+03
8.350000000000000000e+05 3.761000000000000000e+03
8.400000000000000000e+05 3.626000000000000000e+03
8.450000000000000000e+05 3.670000000000000000e+03
8.500000000000000000e+05 3.678000000000000000e+03
8.550000000000000000e+05 3.821000000000000000e+03
8.600000000000000000e+05 3.839000000000000000e+03
8.650000000000000000e+05 3.877000000000000000e+03
8.700000000000000000e+05 4.022000000000000000e+03
8.750000000000000000e+05 4.158000000000000000e+03
8.800000000000000000e+05 4.218000000000000000e+03
8.850000000000000000e+05 4.447000000000000000e+03
8.900000000000000000e+05 4.687000000000000000e+03
8.950000000000000000e+05 4.868000000000000000e+03
9.000000000000000000e+05 5.138000000000000000e+03
9.050000000000000000e+05 5.321000000000000000e+03
9.100000000000000000e+05 5.560000000000000000e+03
9.150000000000000000e+05 5.665000000000000000e+03
9.200000000000000000e+05 6.194000000000000000e+03
9.250000000000000000e+05 6.335000000000000000e+03
9.300000000000000000e+05 6.478000000000000000e+03
9.350000000000000000e+05 6.787000000000000000e+03
9.400000000000000000e+05 7.282000000000000000e+03
9.450000000000000000e+05 7.407000000000000000e+03
9.500000000000000000e+05 7.602000000000000000e+03
9.550000000000000000e+05 8.003000000000000000e+03
9.600000000000000000e+05 8.148000000000000000e+03
9.650000000000000000e+05 8.450000000000000000e+03
9.700000000000000000e+05 8.805000000000000000e+03
9.750000000000000000e+05 8.848000000000000000e+03
9.800000000000000000e+05 9.017000000000000000e+03
9.850000000000000000e+05 9.343000000000000000e+03
9.900000000000000000e+05 9.512000000000000000e+03
9.950000000000000000e+05 9.668000000000000000e+03
