0.000000000000000000e+00 8.163000000000000000e+03
3.330000000000000000e+02 8.271000000000000000e+03
6.660000000000000000e+02 8.329000000000000000e+03
9.990000000000000000e+02 8.597000000000000000e+03
1.332000000000000000e+03 8.669000000000000000e+03
1.665000000000000000e+03 8.623000000000000000e+03
1.998000000000000000e+03 8.814000000000000000e+03
2.331000000000000000e+03 8.896000000000000000e+03
2.664000000000000000e+03 8.938000000000000000e+03
2.997000000000000000e+03 8.969000000000000000e+03
3.330000000000000000e+03 9.000000000000000000e+03
3.663000000000000000e+03 9.204000000000000000e+03
3.996000000000000000e+03 9.109000000000000000e+03
4.329000000000000000e+03 8.929000000000000000e+03
4.662000000000000000e+03 9.133000000000000000e+03
4.995000000000000000e+03 8.986000000000000000e+03
5.328000000000000000e+03 9.067000000000000000e+03
5.661000000000000000e+03 9.266000000000000000e+03
5.994000000000000000e+03 9.154000000000000000e+03
6.327000000000000000e+03 9.410000000000000000e+03
6.660000000000000000e+03 9.345000000000000000e+03
6.993000000000000000e+03 9.173000000000000000e+03
7.326000000000000000e+03 9.270000000000000000e+03
7.659000000000000000e+03 9.407000000000000000e+03
7.992000000000000000e+03 9.464000000000000000e+03
8.325000000000000000e+03 9.142000000000000000e+03
8.658000000000000000e+03 9.195000000000000000e+03
8.991000000000000000e+03 9.331000000000000000e+03
9.324000000000000000e+03 9.020000000000000000e+03
9.657000000000000000e+03 9.081000000000000000e+03
9.990000000000000000e+03 9.028000000000000000e+03
1.032300000000000000e+04 8.925000000000000000e+03
1.065600000000000000e+04 8.849000000000000000e+03
1.098900000000000000e+04 8.654000000000000000e+03
1.132200000000000000e+04 8.709000000000000000e+03
1.165500000000000000e+04 8.476000000000000000e+03
1.198800000000000000e+04 8.402000000000000000e+03
1.232100000000000000e+04 8.377000000000000000e+03
1.265400000000000000e+04 8.351000000000000000e+03
1.298700000000000000e+04 8.167000000000000000e+03
1.332000000000000000e+04 7.940000000000000000e+03
1.365300000000000000e+04 7.821000000000000000e+03
1.398600000000000000e+04 7.648000000000000000e+03
1.431900000000000000e+04 7.381000000000000000e+03
1.465200000000000000e+04 7.342000000000000000e+03
1.498500000000000000e+04 7.043000000000000000e+03
1.531800000000000000e+04 6.838000000000000000e+03
1.565100000000000000e+04 6.634000000000000000e+03
1.598400000000000000e+04 6.293000000000000000e+03
1.631700000000000000e+04 6.224000000000000000e+03
1.665000000000000000e+04 5.965000000000000000e+03
1.698300000000000000e+04 5.850000000000000000e+03
1.731600000000000000e+04 5.566000000000000000e+03
1.764900000000000000e+04 5.367000000000000000e+03
1.798200000000000000e+04 5.155000000000000000e+03
1.831500000000000000e+04 5.019000000000000000e+03
1.864800000000000000e+04 4.824000000000000000e+03
1.898100000000000000e+04 4.538000000000000000e+03
1.931400000000000000e+04 4.261000000000000000e+03
1.964700000000000000e+04 4.244000000000000000e+03
1.998000000000000000e+04 3.890000000000000000e+03
2.031300000000000000e+04 3.816000000000000000e+03
2.064600000000000000e+04 3.610000000000000000e+03
2.097900000000000000e+04 3.483000000000000000e+03
2.131200000000000000e+04 3.335000000000000000e+03
2.164500000000000000e+04 3.210000000000000000e+03
2.197800000000000000e+04 3.153000000000000000e+03
2.231100000000000000e+04 3.205000000000000000e+03
2.264400000000000000e+04 3.193000000000000000e+03
2.297700000000000000e+04 2.993000000000000000e+03
2.331000000000000000e+04 2.960000000000000000e+03
2.364300000000000000e+04 3.050000000000000000e+03
2.397600000000000000e+04 3.039000000000000000e+03
2.430900000000000000e+04 3.000000000000000000e+03
2.464200000000000000e+04 3.143000000000000000e+03
2.497500000000000000e+04 3.340000000000000000e+03
2.530800000000000000e+04 3.425000000000000000e+03
2.564100000000000000e+04 3.466000000000000000e+03
2.597400000000000000e+04 3.631000000000000000e+03
2.630700000000000000e+04 3.904000000000000000e+03
2.664000000000000000e+04 3.938000000000000000e+03
2.697300000000000000e+04 4.175000000000000000e+03
2.730600000000000000e+04 4.435000000000000000e+03
2.763900000000000000e+04 4.537000000000000000e+03
2.797200000000000000e+04 4.820000000000000000e+03
2.830500000000000000e+04 5.026000000000000000e+03
2.863800000000000000e+04 5.259000000000000000e+03
2.897100000000000000e+04 5.549000000000000000e+03
2.930400000000000000e+04 5.949000000000000000e+03
2.963700000000000000e+04 6.137000000000000000e+03
2.997000000000000000e+04 6.363000000000000000e+03
3.030300000000000000e+04 6.533000000000000000e+03
3.063600000000000000e+04 6.721000000000000000e+03
3.096900000000000000e+04 6.910000000000000000e+03
3.130200000000000000e+04 7.144000000000000000e+03
3.163500000000000000e+04 7.348000000000000000e+03
3.196800000000000000e+04 7.322000000000000000e+03
3.230100000000000000e+04 7.484000000000000000e+03
3.263400000000000000e+04 7.951000000000000000e+03
3.296700000000000000e+04 7.990000000000000000e+03
3.330000000000000000e+04 7.983000000000000000e+03
3.363300000000000000e+04 8.399000000000000000e+03
3.396600000000000000e+04 8.327000000000000000e+03
3.429900000000000000e+04 8.663000000000000000e+03
3.463200000000000000e+04 8.748000000000000000e+03
3.496500000000000000e+04 8.770000000000000000e+03
3.529800000000000000e+04 8.820000000000000000e+03
3.563100000000000000e+04 8.666000000000000000e+03
3.596400000000000000e+04 8.931000000000000000e+03
3.629700000000000000e+04 8.895000000000000000e+03
3.663000000000000000e+04 9.097000000000000000e+03
3.696300000000000000e+04 9.190000000000000000e+03
3.729600000000000000e+04 9.197000000000000000e+03
3.762900000000000000e+04 9.022000000000000000e+03
3.796200000000000000e+04 9.070000000000000000e+03
3.829500000000000000e+04 9.118000000000000000e+03
3.862800000000000000e+04 9.132000000000000000e+03
3.896100000000000000e+04 9.172000000000000000e+03
3.929400000000000000e+04 9.207000000000000000e+03
3.962700000000000000e+04 9.398000000000000000e+03
3.996000000000000000e+04 9.331000000000000000e+03
4.029300000000000000e+04 9.188000000000000000e+03
4.062600000000000000e+04 9.372000000000000000e+03
4.095900000000000000e+04 9.336000000000000000e+03
4.129200000000000000e+04 9.414000000000000000e+03
4.162500000000000000e+04 9.211000000000000000e+03
4.195800000000000000e+04 9.428000000000000000e+03
4.229100000000000000e+04 9.031000000000000000e+03
4.262400000000000000e+04 9.237000000000000000e+03
4.295700000000000000e+04 8.915000000000000000e+03
4.329000000000000000e+04 8.860000000000000000e+03
4.362300000000000000e+04 8.820000000000000000e+03
4.395600000000000000e+04 8.780000000000000000e+03
4.428900000000000000e+04 8.631000000000000000e+03
4.462200000000000000e+04 8.625000000000000000e+03
4.495500000000000000e+04 8.476000000000000000e+03
4.528800000000000000e+04 8.585000000000000000e+03
4.562100000000000000e+04 8.380000000000000000e+03
4.595400000000000000e+04 8.362000000000000000e+03
4.628700000000000000e+04 8.043000000000000000e+03
4.662000000000000000e+04 8.019000000000000000e+03
4.695300000000000000e+04 7.737000000000000000e+03
4.728600000000000000e+04 7.527000000000000000e+03
4.761900000000000000e+04 7.450000000000000000e+03
4.795200000000000000e+04 7.381000000000000000e+03
4.828500000000000000e+04 7.179000000000000000e+03
4.861800000000000000e+04 6.956000000000000000e+03
4.895100000000000000e+04 6.889000000000000000e+03
4.928400000000000000e+04 6.351000000000000000e+03
4.961700000000000000e+04 6.292000000000000000e+03
4.995000000000000000e+04 6.078000000000000000e+03
5.028300000000000000e+04 5.955000000000000000e+03
5.061600000000000000e+04 5.618000000000000000e+03
5.094900000000000000e+04 5.436000000000000000e+03
5.128200000000000000e+04 5.121000000000000000e+03
5.161500000000000000e+04 4.807000000000000000e+03
5.194800000000000000e+04 4.751000000000000000e+03
5.228100000000000000e+04 4.598000000000000000e+03
5.261400000000000000e+04 4.537000000000000000e+03
5.294700000000000000e+04 4.263000000000000000e+03
5.328000000000000000e+04 4.001000000000000000e+03
5.361300000000000000e+04 3.849000000000000000e+03
5.394600000000000000e+04 3.735000000000000000e+03
5.427900000000000000e+04 3.474000000000000000e+03
5.461200000000000000e+04 3.301000000000000000e+03
5.494500000000000000e+04 3.201000000000000000e+03
5.527800000000000000e+04 3.161000000000000000e+03
5.561100000000000000e+04 3.224000000000000000e+03
5.594400000000000000e+04 2.949000000000000000e+03
5.627700000000000000e+04 2.944000000000000000e+03
5.661000000000000000e+04 2.965000000000000000e+03
5.694300000000000000e+04 3.042000000000000000e+03
5.727600000000000000e+04 3.031000000000000000e+03
5.760900000000000000e+04 3.165000000000000000e+03
5.794200000000000000e+04 3.165000000000000000e+03
5.827500000000000000e+04 3.264000000000000000e+03
5.860800000000000000e+04 3.399000000000000000e+03
5.894100000000000000e+04 3.416000000000000000e+03
5.927400000000000000e+04 3.700000000000000000e+03
5.960700000000000000e+04 3.866000000000000000e+03
5.994000000000000000e+04 3.915000000000000000e+03
6.027300000000000000e+04 4.183000000000000000e+03
6.060600000000000000e+04 4.278000000000000000e+03
6.093900000000000000e+04 4.553000000000000000e+03
6.127200000000000000e+04 4.909000000000000000e+03
6.160500000000000000e+04 5.124000000000000000e+03
6.193800000000000000e+04 5.332000000000000000e+03
6.227100000000000000e+04 5.612000000000000000e+03
6.260400000000000000e+04 5.861000000000000000e+03
6.293700000000000000e+04 6.001000000000000000e+03
6.327000000000000000e+04 6.223000000000000000e+03
6.360300000000000000e+04 6.497000000000000000e+03
6.393600000000000000e+04 6.656000000000000000e+03
6.426900000000000000e+04 6.907000000000000000e+03
6.460200000000000000e+04 7.122000000000000000e+03
6.493500000000000000e+04 7.339000000000000000e+03
6.526800000000000000e+04 7.583000000000000000e+03
6.560100000000000000e+04 7.490000000000000000e+03
6.593400000000000000e+04 7.851000000000000000e+03
6.626700000000000000e+04 8.111000000000000000e+03
