0.000000000000000000e+00 1.079800000000000000e+04
5.000000000000000000e+02 1.111500000000000000e+04
1.000000000000000000e+03 1.107700000000000000e+04
1.500000000000000000e+03 1.140100000000000000e+04
2.000000000000000000e+03 1.144300000000000000e+04
2.500000000000000000e+03 1.161300000000000000e+04
3.000000000000000000e+03 1.186500000000000000e+04
3.500000000000000000e+03 1.187500000000000000e+04
4.000000000000000000e+03 1.197200000000000000e+04
4.500000000000000000e+03 1.188100000000000000e+04
5.000000000000000000e+03 1.219800000000000000e+04
5.500000000000000000e+03 1.224300000000000000e+04
6.000000000000000000e+03 1.209700000000000000e+04
6.500000000000000000e+03 1.220600000000000000e+04
7.000000000000000000e+03 1.250700000000000000e+04
7.500000000000000000e+03 1.227700000000000000e+04
8.000000000000000000e+03 1.250900000000000000e+04
8.500000000000000000e+03 1.255700000000000000e+04
9.000000000000000000e+03 1.258400000000000000e+04
9.500000000000000000e+03 1.240000000000000000e+04
1.000000000000000000e+04 1.274600000000000000e+04
1.050000000000000000e+04 1.231500000000000000e+04
1.100000000000000000e+04 1.223500000000000000e+04
1.150000000000000000e+04 1.224500000000000000e+04
1.200000000000000000e+04 1.236700000000000000e+04
1.250000000000000000e+04 1.224500000000000000e+04
1.300000000000000000e+04 1.243500000000000000e+04
1.350000000000000000e+04 1.219600000000000000e+04
1.400000000000000000e+04 1.224500000000000000e+04
1.450000000000000000e+04 1.204300000000000000e+04
1.500000000000000000e+04 1.198200000000000000e+04
1.550000000000000000e+04 1.172800000000000000e+04
1.600000000000000000e+04 1.136200000000000000e+04
1.650000000000000000e+04 1.152000000000000000e+04
1.700000000000000000e+04 1.132400000000000000e+04
1.750000000000000000e+04 1.119100000000000000e+04
1.800000000000000000e+04 1.124600000000000000e+04
1.850000000000000000e+04 1.088400000000000000e+04
1.900000000000000000e+04 1.089600000000000000e+04
1.950000000000000000e+04 1.076100000000000000e+04
2.000000000000000000e+04 1.061400000000000000e+04
2.050000000000000000e+04 1.035600000000000000e+04
2.100000000000000000e+04 1.011500000000000000e+04
2.150000000000000000e+04 9.824000000000000000e+03
2.200000000000000000e+04 9.717000000000000000e+03
2.250000000000000000e+04 9.337000000000000000e+03
2.300000000000000000e+04 8.982000000000000000e+03
2.350000000000000000e+04 8.929000000000000000e+03
2.400000000000000000e+04 8.560000000000000000e+03
2.450000000000000000e+04 8.424000000000000000e+03
2.500000000000000000e+04 8.120000000000000000e+03
2.550000000000000000e+04 7.851000000000000000e+03
2.600000000000000000e+04 7.543000000000000000e+03
2.650000000000000000e+04 7.017000000000000000e+03
2.700000000000000000e+04 7.023000000000000000e+03
2.750000000000000000e+04 6.584000000000000000e+03
2.800000000000000000e+04 6.219000000000000000e+03
2.850000000000000000e+04 6.111000000000000000e+03
2.900000000000000000e+04 5.843000000000000000e+03
2.950000000000000000e+04 5.560000000000000000e+03
3.000000000000000000e+04 5.354000000000000000e+03
3.050000000000000000e+04 4.984000000000000000e+03
3.100000000000000000e+04 4.952000000000000000e+03
3.150000000000000000e+04 4.632000000000000000e+03
3.200000000000000000e+04 4.527000000000000000e+03
3.250000000000000000e+04 4.322000000000000000e+03
3.300000000000000000e+04 4.243000000000000000e+03
3.350000000000000000e+04 4.264000000000000000e+03
3.400000000000000000e+04 4.290000000000000000e+03
3.450000000000000000e+04 4.050000000000000000e+03
3.500000000000000000e+04 4.227000000000000000e+03
3.550000000000000000e+04 4.216000000000000000e+03
3.600000000000000000e+04 4.269000000000000000e+03
3.650000000000000000e+04 4.348000000000000000e+03
3.700000000000000000e+04 4.396000000000000000e+03
3.750000000000000000e+04 4.516000000000000000e+03
3.800000000000000000e+04 4.718000000000000000e+03
3.850000000000000000e+04 4.779000000000000000e+03
3.900000000000000000e+04 5.064000000000000000e+03
3.950000000000000000e+04 5.218000000000000000e+03
4.000000000000000000e+04 5.637000000000000000e+03
4.050000000000000000e+04 5.864000000000000000e+03
4.100000000000000000e+04 6.058000000000000000e+03
4.150000000000000000e+04 6.301000000000000000e+03
4.200000000000000000e+04 6.809000000000000000e+03
4.250000000000000000e+04 6.951000000000000000e+03
4.300000000000000000e+04 7.190000000000000000e+03
4.350000000000000000e+04 7.499000000000000000e+03
4.400000000000000000e+04 7.898000000000000000e+03
4.450000000000000000e+04 8.063000000000000000e+03
4.500000000000000000e+04 8.450000000000000000e+03
4.550000000000000000e+04 8.783000000000000000e+03
4.600000000000000000e+04 8.993000000000000000e+03
4.650000000000000000e+04 9.229000000000000000e+03
4.700000000000000000e+04 9.562000000000000000e+03
4.750000000000000000e+04 9.654000000000000000e+03
4.800000000000000000e+04 1.013400000000000000e+04
4.850000000000000000e+04 1.020100000000000000e+04
4.900000000000000000e+04 1.046100000000000000e+04
4.950000000000000000e+04 1.066800000000000000e+04
5.000000000000000000e+04 1.071500000000000000e+04
5.050000000000000000e+04 1.107100000000000000e+04
5.100000000000000000e+04 1.098700000000000000e+04
5.150000000000000000e+04 1.127200000000000000e+04
5.200000000000000000e+04 1.141800000000000000e+04
5.250000000000000000e+04 1.159200000000000000e+04
5.300000000000000000e+04 1.185200000000000000e+04
5.350000000000000000e+04 1.190500000000000000e+04
5.400000000000000000e+04 1.191400000000000000e+04
5.450000000000000000e+04 1.217100000000000000e+04
5.500000000000000000e+04 1.217900000000000000e+04
5.550000000000000000e+04 1.220200000000000000e+04
5.600000000000000000e+04 1.203100000000000000e+04
5.650000000000000000e+04 1.236800000000000000e+04
5.700000000000000000e+04 1.250100000000000000e+04
5.750000000000000000e+04 1.239400000000000000e+04
5.800000000000000000e+04 1.258600000000000000e+04
5.850000000000000000e+04 1.251300000000000000e+04
5.900000000000000000e+04 1.247500000000000000e+04
5.950000000000000000e+04 1.240000000000000000e+04
6.000000000000000000e+04 1.234800000000000000e+04
6.050000000000000000e+04 1.223300000000000000e+04
6.100000000000000000e+04 1.240000000000000000e+04
6.150000000000000000e+04 1.232600000000000000e+04
6.200000000000000000e+04 1.224400000000000000e+04
6.250000000000000000e+04 1.232200000000000000e+04
6.300000000000000000e+04 1.218600000000000000e+04
6.350000000000000000e+04 1.217400000000000000e+04
6.400000000000000000e+04 1.203700000000000000e+04
6.450000000000000000e+04 1.191900000000000000e+04
6.500000000000000000e+04 1.197200000000000000e+04
6.550000000000000000e+04 1.179300000000000000e+04
6.600000000000000000e+04 1.166200000000000000e+04
6.650000000000000000e+04 1.164000000000000000e+04
6.700000000000000000e+04 1.160900000000000000e+04
6.750000000000000000e+04 1.131900000000000000e+04
6.800000000000000000e+04 1.124300000000000000e+04
6.850000000000000000e+04 1.114800000000000000e+04
6.900000000000000000e+04 1.082700000000000000e+04
6.950000000000000000e+04 1.089600000000000000e+04
7.000000000000000000e+04 1.077800000000000000e+04
7.050000000000000000e+04 1.038700000000000000e+04
7.100000000000000000e+04 1.006200000000000000e+04
7.150000000000000000e+04 9.901000000000000000e+03
7.200000000000000000e+04 9.777000000000000000e+03
7.250000000000000000e+04 9.431000000000000000e+03
7.300000000000000000e+04 9.197000000000000000e+03
7.350000000000000000e+04 8.907000000000000000e+03
7.400000000000000000e+04 8.781000000000000000e+03
7.450000000000000000e+04 8.412000000000000000e+03
7.500000000000000000e+04 7.965000000000000000e+03
7.550000000000000000e+04 7.800000000000000000e+03
7.600000000000000000e+04 7.421000000000000000e+03
7.650000000000000000e+04 7.179000000000000000e+03
7.700000000000000000e+04 6.881000000000000000e+03
7.750000000000000000e+04 6.728000000000000000e+03
7.800000000000000000e+04 6.158000000000000000e+03
7.850000000000000000e+04 5.937000000000000000e+03
7.900000000000000000e+04 5.791000000000000000e+03
7.950000000000000000e+04 5.627000000000000000e+03
8.000000000000000000e+04 5.183000000000000000e+03
8.050000000000000000e+04 5.120000000000000000e+03
8.100000000000000000e+04 4.899000000000000000e+03
8.150000000000000000e+04 4.613000000000000000e+03
8.200000000000000000e+04 4.520000000000000000e+03
8.250000000000000000e+04 4.405000000000000000e+03
8.300000000000000000e+04 4.298000000000000000e+03
8.350000000000000000e+04 4.168000000000000000e+03
8.400000000000000000e+04 4.077000000000000000e+03
8.450000000000000000e+04 4.222000000000000000e+03
8.500000000000000000e+04 4.088000000000000000e+03
8.550000000000000000e+04 4.181000000000000000e+03
8.600000000000000000e+04 4.299000000000000000e+03
8.650000000000000000e+04 4.317000000000000000e+03
8.700000000000000000e+04 4.297000000000000000e+03
8.750000000000000000e+04 4.438000000000000000e+03
8.800000000000000000e+04 4.636000000000000000e+03
8.850000000000000000e+04 4.836000000000000000e+03
8.900000000000000000e+04 5.046000000000000000e+03
8.950000000000000000e+04 5.293000000000000000e+03
9.000000000000000000e+04 5.582000000000000000e+03
9.050000000000000000e+04 5.766000000000000000e+03
9.100000000000000000e+04 6.134000000000000000e+03
9.150000000000000000e+04 6.339000000000000000e+03
9.200000000000000000e+04 6.637000000000000000e+03
9.250000000000000000e+04 7.009000000000000000e+03
9.300000000000000000e+04 7.397000000000000000e+03
9.350000000000000000e+04 7.635000000000000000e+03
9.400000000000000000e+04 7.737000000000000000e+03
9.450000000000000000e+04 8.115000000000000000e+03
9.500000000000000000e+04 8.264000000000000000e+03
9.550000000000000000e+04 8.688000000000000000e+03
9.600000000000000000e+04 8.995000000000000000e+03
9.650000000000000000e+04 9.456000000000000000e+03
9.700000000000000000e+04 9.545000000000000000e+03
9.750000000000000000e+04 9.894000000000000000e+03
9.800000000000000000e+04 1.005000000000000000e+04
9.850000000000000000e+04 1.021600000000000000e+04
9.900000000000000000e+04 1.057900000000000000e+04
9.950000000000000000e+04 1.058300000000000000e+04
