0.000000000000000000e+00 1.490400000000000000e+04
1.428000000000000000e+03 1.499200000000000000e+04
2.856000000000000000e+03 1.510300000000000000e+04
4.284000000000000000e+03 1.545400000000000000e+04
5.712000000000000000e+03 1.547900000000000000e+04
7.140000000000000000e+03 1.570000000000000000e+04
8.568000000000000000e+03 1.586000000000000000e+04
9.996000000000000000e+03 1.589400000000000000e+04
1.142400000000000000e+04 1.649900000000000000e+04
1.285200000000000000e+04 1.630300000000000000e+04
1.428000000000000000e+04 1.626100000000000000e+04
1.570800000000000000e+04 1.636500000000000000e+04
1.713600000000000000e+04 1.657400000000000000e+04
1.856400000000000000e+04 1.684600000000000000e+04
1.999200000000000000e+04 1.677000000000000000e+04
2.142000000000000000e+04 1.670900000000000000e+04
2.284800000000000000e+04 1.667900000000000000e+04
2.427600000000000000e+04 1.676500000000000000e+04
2.570400000000000000e+04 1.689300000000000000e+04
2.713200000000000000e+04 1.663800000000000000e+04
2.856000000000000000e+04 1.694600000000000000e+04
2.998800000000000000e+04 1.668300000000000000e+04
3.141600000000000000e+04 1.645500000000000000e+04
3.284400000000000000e+04 1.656200000000000000e+04
3.427200000000000000e+04 1.641700000000000000e+04
3.570000000000000000e+04 1.667600000000000000e+04
3.712800000000000000e+04 1.640800000000000000e+04
3.855600000000000000e+04 1.665200000000000000e+04
3.998400000000000000e+04 1.648200000000000000e+04
4.141200000000000000e+04 1.605500000000000000e+04
4.284000000000000000e+04 1.619800000000000000e+04
4.426800000000000000e+04 1.597000000000000000e+04
4.569600000000000000e+04 1.550900000000000000e+04
4.712400000000000000e+04 1.576100000000000000e+04
4.855200000000000000e+04 1.569400000000000000e+04
4.998000000000000000e+04 1.535700000000000000e+04
5.140800000000000000e+04 1.524500000000000000e+04
5.283600000000000000e+04 1.503700000000000000e+04
5.426400000000000000e+04 1.496000000000000000e+04
5.569200000000000000e+04 1.456500000000000000e+04
5.712000000000000000e+04 1.426900000000000000e+04
5.854800000000000000e+04 1.384900000000000000e+04
5.997600000000000000e+04 1.370000000000000000e+04
6.140400000000000000e+04 1.355800000000000000e+04
6.283200000000000000e+04 1.307300000000000000e+04
6.426000000000000000e+04 1.264200000000000000e+04
6.568800000000000000e+04 1.247100000000000000e+04
6.711600000000000000e+04 1.201500000000000000e+04
6.854400000000000000e+04 1.165600000000000000e+04
6.997200000000000000e+04 1.121500000000000000e+04
7.140000000000000000e+04 1.090700000000000000e+04
7.282800000000000000e+04 1.052000000000000000e+04
7.425600000000000000e+04 9.933000000000000000e+03
7.568400000000000000e+04 9.451000000000000000e+03
7.711200000000000000e+04 9.414000000000000000e+03
7.854000000000000000e+04 8.913000000000000000e+03
7.996800000000000000e+04 8.727000000000000000e+03
8.139600000000000000e+04 7.996000000000000000e+03
8.282400000000000000e+04 7.869000000000000000e+03
8.425200000000000000e+04 7.522000000000000000e+03
8.568000000000000000e+04 7.317000000000000000e+03
8.710800000000000000e+04 6.773000000000000000e+03
8.853600000000000000e+04 6.620000000000000000e+03
8.996400000000000000e+04 6.377000000000000000e+03
9.139200000000000000e+04 6.158000000000000000e+03
9.282000000000000000e+04 5.936000000000000000e+03
9.424800000000000000e+04 5.751000000000000000e+03
9.567600000000000000e+04 5.688000000000000000e+03
9.710400000000000000e+04 5.645000000000000000e+03
9.853200000000000000e+04 5.536000000000000000e+03
9.996000000000000000e+04 5.868000000000000000e+03
1.013880000000000000e+05 5.632000000000000000e+03
1.028160000000000000e+05 5.755000000000000000e+03
1.042440000000000000e+05 6.005000000000000000e+03
1.056720000000000000e+05 6.107000000000000000e+03
1.071000000000000000e+05 6.186000000000000000e+03
1.085280000000000000e+05 6.383000000000000000e+03
1.099560000000000000e+05 6.685000000000000000e+03
1.113840000000000000e+05 6.820000000000000000e+03
1.128120000000000000e+05 7.284000000000000000e+03
1.142400000000000000e+05 7.663000000000000000e+03
1.156680000000000000e+05 7.849000000000000000e+03
1.170960000000000000e+05 8.347000000000000000e+03
1.185240000000000000e+05 8.730000000000000000e+03
1.199520000000000000e+05 8.914000000000000000e+03
1.213800000000000000e+05 9.569000000000000000e+03
1.228080000000000000e+05 1.003500000000000000e+04
1.242360000000000000e+05 1.033200000000000000e+04
1.256640000000000000e+05 1.061600000000000000e+04
1.270920000000000000e+05 1.124700000000000000e+04
1.285200000000000000e+05 1.137200000000000000e+04
1.299480000000000000e+05 1.181200000000000000e+04
1.313760000000000000e+05 1.231500000000000000e+04
1.328040000000000000e+05 1.282600000000000000e+04
1.342320000000000000e+05 1.309200000000000000e+04
1.356600000000000000e+05 1.313200000000000000e+04
1.370880000000000000e+05 1.350100000000000000e+04
1.385160000000000000e+05 1.401900000000000000e+04
1.399440000000000000e+05 1.411900000000000000e+04
1.413720000000000000e+05 1.425300000000000000e+04
1.428000000000000000e+05 1.462400000000000000e+04
1.442280000000000000e+05 1.485200000000000000e+04
1.456560000000000000e+05 1.534700000000000000e+04
1.470840000000000000e+05 1.531000000000000000e+04
1.485120000000000000e+05 1.557000000000000000e+04
1.499400000000000000e+05 1.564200000000000000e+04
1.513680000000000000e+05 1.570600000000000000e+04
1.527960000000000000e+05 1.590300000000000000e+04
1.542240000000000000e+05 1.611200000000000000e+04
1.556520000000000000e+05 1.624300000000000000e+04
1.570800000000000000e+05 1.627700000000000000e+04
1.585080000000000000e+05 1.640800000000000000e+04
1.599360000000000000e+05 1.644200000000000000e+04
1.613640000000000000e+05 1.651100000000000000e+04
1.627920000000000000e+05 1.675800000000000000e+04
1.642200000000000000e+05 1.666600000000000000e+04
1.656480000000000000e+05 1.659700000000000000e+04
1.670760000000000000e+05 1.689700000000000000e+04
1.685040000000000000e+05 1.681600000000000000e+04
1.699320000000000000e+05 1.657900000000000000e+04
1.713600000000000000e+05 1.673100000000000000e+04
1.727880000000000000e+05 1.651500000000000000e+04
1.742160000000000000e+05 1.649800000000000000e+04
1.756440000000000000e+05 1.664800000000000000e+04
1.770720000000000000e+05 1.676600000000000000e+04
1.785000000000000000e+05 1.680400000000000000e+04
1.799280000000000000e+05 1.646000000000000000e+04
1.813560000000000000e+05 1.642900000000000000e+04
1.827840000000000000e+05 1.641900000000000000e+04
1.842120000000000000e+05 1.627600000000000000e+04
1.856400000000000000e+05 1.609000000000000000e+04
1.870680000000000000e+05 1.635200000000000000e+04
1.884960000000000000e+05 1.586800000000000000e+04
1.899240000000000000e+05 1.590100000000000000e+04
1.913520000000000000e+05 1.558000000000000000e+04
1.927800000000000000e+05 1.535000000000000000e+04
1.942080000000000000e+05 1.550000000000000000e+04
1.956360000000000000e+05 1.484500000000000000e+04
1.970640000000000000e+05 1.471600000000000000e+04
1.984920000000000000e+05 1.450100000000000000e+04
1.999200000000000000e+05 1.428500000000000000e+04
2.013480000000000000e+05 1.377800000000000000e+04
2.027760000000000000e+05 1.366000000000000000e+04
2.042040000000000000e+05 1.322600000000000000e+04
2.056320000000000000e+05 1.308200000000000000e+04
2.070600000000000000e+05 1.284200000000000000e+04
2.084880000000000000e+05 1.218100000000000000e+04
2.099160000000000000e+05 1.221100000000000000e+04
2.113440000000000000e+05 1.165200000000000000e+04
2.127720000000000000e+05 1.116800000000000000e+04
2.142000000000000000e+05 1.073500000000000000e+04
2.156280000000000000e+05 1.035200000000000000e+04
2.170560000000000000e+05 1.023300000000000000e+04
2.184840000000000000e+05 9.541000000000000000e+03
2.199120000000000000e+05 9.325000000000000000e+03
2.213400000000000000e+05 8.914000000000000000e+03
2.227680000000000000e+05 8.538000000000000000e+03
2.241960000000000000e+05 8.221000000000000000e+03
2.256240000000000000e+05 7.830000000000000000e+03
2.270520000000000000e+05 7.375000000000000000e+03
2.284800000000000000e+05 7.212000000000000000e+03
2.299080000000000000e+05 6.908000000000000000e+03
2.313360000000000000e+05 6.662000000000000000e+03
2.327640000000000000e+05 6.429000000000000000e+03
2.341920000000000000e+05 6.106000000000000000e+03
2.356200000000000000e+05 5.992000000000000000e+03
2.370480000000000000e+05 5.838000000000000000e+03
2.384760000000000000e+05 5.562000000000000000e+03
2.399040000000000000e+05 5.668000000000000000e+03
2.413320000000000000e+05 5.735000000000000000e+03
2.427600000000000000e+05 5.696000000000000000e+03
2.441880000000000000e+05 5.765000000000000000e+03
2.456160000000000000e+05 5.744000000000000000e+03
2.470440000000000000e+05 5.857000000000000000e+03
2.484720000000000000e+05 6.046000000000000000e+03
2.499000000000000000e+05 6.375000000000000000e+03
2.513280000000000000e+05 6.402000000000000000e+03
2.527560000000000000e+05 6.645000000000000000e+03
2.541840000000000000e+05 6.811000000000000000e+03
2.556120000000000000e+05 7.241000000000000000e+03
2.570400000000000000e+05 7.612000000000000000e+03
2.584680000000000000e+05 7.868000000000000000e+03
2.598960000000000000e+05 8.284000000000000000e+03
2.613240000000000000e+05 8.814000000000000000e+03
2.627520000000000000e+05 8.991000000000000000e+03
2.641800000000000000e+05 9.486000000000000000e+03
2.656080000000000000e+05 1.001600000000000000e+04
2.670360000000000000e+05 1.018000000000000000e+04
2.684640000000000000e+05 1.064800000000000000e+04
2.698920000000000000e+05 1.110500000000000000e+04
2.713200000000000000e+05 1.123700000000000000e+04
2.727480000000000000e+05 1.189300000000000000e+04
2.741760000000000000e+05 1.198400000000000000e+04
2.756040000000000000e+05 1.259000000000000000e+04
2.770320000000000000e+05 1.278100000000000000e+04
2.784600000000000000e+05 1.329800000000000000e+04
2.798880000000000000e+05 1.355800000000000000e+04
2.813160000000000000e+05 1.401000000000000000e+04
2.827440000000000000e+05 1.404400000000000000e+04
2.841720000000000000e+05 1.461100000000000000e+04
