0.000000000000000000e+00 8.592000000000000000e+03
2.000000000000000000e+02 9.124000000000000000e+03
4.000000000000000000e+02 9.051000000000000000e+03
6.000000000000000000e+02 9.146000000000000000e+03
8.000000000000000000e+02 9.317000000000000000e+03
1.000000000000000000e+03 9.478000000000000000e+03
1.200000000000000000e+03 9.418000000000000000e+03
1.400000000000000000e+03 9.672000000000000000e+03
1.600000000000000000e+03 9.616000000000000000e+03
1.800000000000000000e+03 9.708000000000000000e+03
2.000000000000000000e+03 9.886000000000000000e+03
2.200000000000000000e+03 9.803000000000000000e+03
2.400000000000000000e+03 9.852000000000000000e+03
2.600000000000000000e+03 1.002900000000000000e+04
2.800000000000000000e+03 9.788000000000000000e+03
3.000000000000000000e+03 1.005400000000000000e+04
3.200000000000000000e+03 9.834000000000000000e+03
3.400000000000000000e+03 1.005100000000000000e+04
3.600000000000000000e+03 1.007700000000000000e+04
3.800000000000000000e+03 1.002600000000000000e+04
4.000000000000000000e+03 9.885000000000000000e+03
4.200000000000000000e+03 1.003100000000000000e+04
4.400000000000000000e+03 1.001700000000000000e+04
4.600000000000000000e+03 9.895000000000000000e+03
4.800000000000000000e+03 9.921000000000000000e+03
5.000000000000000000e+03 1.006200000000000000e+04
5.200000000000000000e+03 1.005300000000000000e+04
5.400000000000000000e+03 9.874000000000000000e+03
5.600000000000000000e+03 9.784000000000000000e+03
5.800000000000000000e+03 9.653000000000000000e+03
6.000000000000000000e+03 9.711000000000000000e+03
6.200000000000000000e+03 9.783000000000000000e+03
6.400000000000000000e+03 9.695000000000000000e+03
6.600000000000000000e+03 9.531000000000000000e+03
6.800000000000000000e+03 9.334000000000000000e+03
7.000000000000000000e+03 9.220000000000000000e+03
7.200000000000000000e+03 8.935000000000000000e+03
7.400000000000000000e+03 8.956000000000000000e+03
7.600000000000000000e+03 8.878000000000000000e+03
7.800000000000000000e+03 8.728000000000000000e+03
8.000000000000000000e+03 8.558000000000000000e+03
8.200000000000000000e+03 8.391000000000000000e+03
8.400000000000000000e+03 8.243000000000000000e+03
8.600000000000000000e+03 8.005000000000000000e+03
8.800000000000000000e+03 7.900000000000000000e+03
9.000000000000000000e+03 7.566000000000000000e+03
9.200000000000000000e+03 7.551000000000000000e+03
9.400000000000000000e+03 7.384000000000000000e+03
9.600000000000000000e+03 6.905000000000000000e+03
9.800000000000000000e+03 6.716000000000000000e+03
1.000000000000000000e+04 6.379000000000000000e+03
1.020000000000000000e+04 6.452000000000000000e+03
1.040000000000000000e+04 6.137000000000000000e+03
1.060000000000000000e+04 6.014000000000000000e+03
1.080000000000000000e+04 5.645000000000000000e+03
1.100000000000000000e+04 5.379000000000000000e+03
1.120000000000000000e+04 5.078000000000000000e+03
1.140000000000000000e+04 4.978000000000000000e+03
1.160000000000000000e+04 4.742000000000000000e+03
1.180000000000000000e+04 4.468000000000000000e+03
1.200000000000000000e+04 4.386000000000000000e+03
1.220000000000000000e+04 4.190000000000000000e+03
1.240000000000000000e+04 4.020000000000000000e+03
1.260000000000000000e+04 3.859000000000000000e+03
1.280000000000000000e+04 3.706000000000000000e+03
1.300000000000000000e+04 3.531000000000000000e+03
1.320000000000000000e+04 3.370000000000000000e+03
1.340000000000000000e+04 3.366000000000000000e+03
1.360000000000000000e+04 3.340000000000000000e+03
1.380000000000000000e+04 3.227000000000000000e+03
1.400000000000000000e+04 3.180000000000000000e+03
1.420000000000000000e+04 3.184000000000000000e+03
1.440000000000000000e+04 3.318000000000000000e+03
1.460000000000000000e+04 3.191000000000000000e+03
1.480000000000000000e+04 3.266000000000000000e+03
1.500000000000000000e+04 3.387000000000000000e+03
1.520000000000000000e+04 3.555000000000000000e+03
1.540000000000000000e+04 3.667000000000000000e+03
1.560000000000000000e+04 3.809000000000000000e+03
1.580000000000000000e+04 3.871000000000000000e+03
1.600000000000000000e+04 4.210000000000000000e+03
1.620000000000000000e+04 4.303000000000000000e+03
1.640000000000000000e+04 4.618000000000000000e+03
1.660000000000000000e+04 4.962000000000000000e+03
1.680000000000000000e+04 5.108000000000000000e+03
1.700000000000000000e+04 5.335000000000000000e+03
1.720000000000000000e+04 5.781000000000000000e+03
1.740000000000000000e+04 5.916000000000000000e+03
1.760000000000000000e+04 6.147000000000000000e+03
1.780000000000000000e+04 6.459000000000000000e+03
1.800000000000000000e+04 6.735000000000000000e+03
1.820000000000000000e+04 7.036000000000000000e+03
1.840000000000000000e+04 7.175000000000000000e+03
1.860000000000000000e+04 7.521000000000000000e+03
1.880000000000000000e+04 7.749000000000000000e+03
1.900000000000000000e+04 7.840000000000000000e+03
1.920000000000000000e+04 7.939000000000000000e+03
1.940000000000000000e+04 8.324000000000000000e+03
1.960000000000000000e+04 8.383000000000000000e+03
1.980000000000000000e+04 8.437000000000000000e+03
2.000000000000000000e+04 8.754000000000000000e+03
2.020000000000000000e+04 8.865000000000000000e+03
2.040000000000000000e+04 9.232000000000000000e+03
2.060000000000000000e+04 9.231000000000000000e+03
2.080000000000000000e+04 9.260000000000000000e+03
2.100000000000000000e+04 9.427000000000000000e+03
2.120000000000000000e+04 9.560000000000000000e+03
2.140000000000000000e+04 9.621000000000000000e+03
2.160000000000000000e+04 9.772000000000000000e+03
2.180000000000000000e+04 9.578000000000000000e+03
2.200000000000000000e+04 9.818000000000000000e+03
2.220000000000000000e+04 9.832000000000000000e+03
2.240000000000000000e+04 1.007500000000000000e+04
2.260000000000000000e+04 9.736000000000000000e+03
2.280000000000000000e+04 9.933000000000000000e+03
2.300000000000000000e+04 9.908000000000000000e+03
2.320000000000000000e+04 1.006800000000000000e+04
2.340000000000000000e+04 1.016500000000000000e+04
2.360000000000000000e+04 1.004400000000000000e+04
2.380000000000000000e+04 1.005800000000000000e+04
2.400000000000000000e+04 9.954000000000000000e+03
2.420000000000000000e+04 1.011800000000000000e+04
2.440000000000000000e+04 9.947000000000000000e+03
2.460000000000000000e+04 1.010900000000000000e+04
2.480000000000000000e+04 1.004600000000000000e+04
2.500000000000000000e+04 9.966000000000000000e+03
2.520000000000000000e+04 9.956000000000000000e+03
2.540000000000000000e+04 9.662000000000000000e+03
2.560000000000000000e+04 9.899000000000000000e+03
2.580000000000000000e+04 9.593000000000000000e+03
2.600000000000000000e+04 9.558000000000000000e+03
2.620000000000000000e+04 9.607000000000000000e+03
2.640000000000000000e+04 9.607000000000000000e+03
2.660000000000000000e+04 9.455000000000000000e+03
2.680000000000000000e+04 9.233000000000000000e+03
2.700000000000000000e+04 9.311000000000000000e+03
2.720000000000000000e+04 9.306000000000000000e+03
2.740000000000000000e+04 8.881000000000000000e+03
2.760000000000000000e+04 8.726000000000000000e+03
2.780000000000000000e+04 8.929000000000000000e+03
2.800000000000000000e+04 8.648000000000000000e+03
2.820000000000000000e+04 8.350000000000000000e+03
2.840000000000000000e+04 8.160000000000000000e+03
2.860000000000000000e+04 8.057000000000000000e+03
2.880000000000000000e+04 7.848000000000000000e+03
2.900000000000000000e+04 7.626000000000000000e+03
2.920000000000000000e+04 7.296000000000000000e+03
2.940000000000000000e+04 7.160000000000000000e+03
2.960000000000000000e+04 6.839000000000000000e+03
2.980000000000000000e+04 6.835000000000000000e+03
3.000000000000000000e+04 6.425000000000000000e+03
3.020000000000000000e+04 6.372000000000000000e+03
3.040000000000000000e+04 5.919000000000000000e+03
3.060000000000000000e+04 5.802000000000000000e+03
3.080000000000000000e+04 5.633000000000000000e+03
3.100000000000000000e+04 5.432000000000000000e+03
3.120000000000000000e+04 5.140000000000000000e+03
3.140000000000000000e+04 4.795000000000000000e+03
3.160000000000000000e+04 4.643000000000000000e+03
3.180000000000000000e+04 4.373000000000000000e+03
3.200000000000000000e+04 4.165000000000000000e+03
3.220000000000000000e+04 4.154000000000000000e+03
3.240000000000000000e+04 3.991000000000000000e+03
3.260000000000000000e+04 3.759000000000000000e+03
3.280000000000000000e+04 3.666000000000000000e+03
3.300000000000000000e+04 3.589000000000000000e+03
3.320000000000000000e+04 3.476000000000000000e+03
3.340000000000000000e+04 3.250000000000000000e+03
3.360000000000000000e+04 3.387000000000000000e+03
3.380000000000000000e+04 3.155000000000000000e+03
3.400000000000000000e+04 3.232000000000000000e+03
3.420000000000000000e+04 3.273000000000000000e+03
3.440000000000000000e+04 3.128000000000000000e+03
3.460000000000000000e+04 3.290000000000000000e+03
3.480000000000000000e+04 3.406000000000000000e+03
3.500000000000000000e+04 3.413000000000000000e+03
3.520000000000000000e+04 3.594000000000000000e+03
3.540000000000000000e+04 3.802000000000000000e+03
3.560000000000000000e+04 3.721000000000000000e+03
3.580000000000000000e+04 3.980000000000000000e+03
3.600000000000000000e+04 4.156000000000000000e+03
3.620000000000000000e+04 4.427000000000000000e+03
3.640000000000000000e+04 4.674000000000000000e+03
3.660000000000000000e+04 4.819000000000000000e+03
3.680000000000000000e+04 5.097000000000000000e+03
3.700000000000000000e+04 5.358000000000000000e+03
3.720000000000000000e+04 5.700000000000000000e+03
3.740000000000000000e+04 5.876000000000000000e+03
3.760000000000000000e+04 6.239000000000000000e+03
3.780000000000000000e+04 6.296000000000000000e+03
3.800000000000000000e+04 6.661000000000000000e+03
3.820000000000000000e+04 7.225000000000000000e+03
3.840000000000000000e+04 7.157000000000000000e+03
3.860000000000000000e+04 7.396000000000000000e+03
3.880000000000000000e+04 7.760000000000000000e+03
3.900000000000000000e+04 7.756000000000000000e+03
3.920000000000000000e+04 8.016000000000000000e+03
3.940000000000000000e+04 8.431000000000000000e+03
3.960000000000000000e+04 8.405000000000000000e+03
3.980000000000000000e+04 8.564000000000000000e+03
