0.000000000000000000e+00 7.866000000000000000e+03
5.000000000000000000e+01 8.292000000000000000e+03
1.000000000000000000e+02 8.422000000000000000e+03
1.500000000000000000e+02 8.460000000000000000e+03
2.000000000000000000e+02 8.772000000000000000e+03
2.500000000000000000e+02 8.910000000000000000e+03
3.000000000000000000e+02 9.075000000000000000e+03
3.500000000000000000e+02 9.164000000000000000e+03
4.000000000000000000e+02 9.357000000000000000e+03
4.500000000000000000e+02 9.436000000000000000e+03
5.000000000000000000e+02 9.515000000000000000e+03
5.500000000000000000e+02 9.738000000000000000e+03
6.000000000000000000e+02 9.753000000000000000e+03
6.500000000000000000e+02 9.730000000000000000e+03
7.000000000000000000e+02 9.934000000000000000e+03
7.500000000000000000e+02 9.861000000000000000e+03
8.000000000000000000e+02 1.008100000000000000e+04
8.500000000000000000e+02 9.803000000000000000e+03
9.000000000000000000e+02 9.940000000000000000e+03
9.500000000000000000e+02 9.724000000000000000e+03
1.000000000000000000e+03 1.004200000000000000e+04
1.050000000000000000e+03 1.013600000000000000e+04
1.100000000000000000e+03 9.969000000000000000e+03
1.150000000000000000e+03 9.968000000000000000e+03
1.200000000000000000e+03 9.722000000000000000e+03
1.250000000000000000e+03 9.896000000000000000e+03
1.300000000000000000e+03 9.893000000000000000e+03
1.350000000000000000e+03 9.724000000000000000e+03
1.400000000000000000e+03 9.786000000000000000e+03
1.450000000000000000e+03 9.600000000000000000e+03
1.500000000000000000e+03 9.578000000000000000e+03
1.550000000000000000e+03 9.469000000000000000e+03
1.600000000000000000e+03 9.509000000000000000e+03
1.650000000000000000e+03 9.177000000000000000e+03
1.700000000000000000e+03 9.209000000000000000e+03
1.750000000000000000e+03 9.115000000000000000e+03
1.800000000000000000e+03 9.081000000000000000e+03
1.850000000000000000e+03 9.023000000000000000e+03
1.900000000000000000e+03 8.724000000000000000e+03
1.950000000000000000e+03 8.734000000000000000e+03
2.000000000000000000e+03 8.508000000000000000e+03
2.050000000000000000e+03 8.343000000000000000e+03
2.100000000000000000e+03 8.132000000000000000e+03
2.150000000000000000e+03 8.035000000000000000e+03
2.200000000000000000e+03 8.027000000000000000e+03
2.250000000000000000e+03 7.739000000000000000e+03
2.300000000000000000e+03 7.602000000000000000e+03
2.350000000000000000e+03 7.406000000000000000e+03
2.400000000000000000e+03 6.954000000000000000e+03
2.450000000000000000e+03 6.831000000000000000e+03
2.500000000000000000e+03 6.779000000000000000e+03
2.550000000000000000e+03 6.519000000000000000e+03
2.600000000000000000e+03 6.291000000000000000e+03
2.650000000000000000e+03 5.982000000000000000e+03
2.700000000000000000e+03 5.821000000000000000e+03
2.750000000000000000e+03 5.595000000000000000e+03
2.800000000000000000e+03 5.488000000000000000e+03
2.850000000000000000e+03 5.189000000000000000e+03
2.900000000000000000e+03 4.994000000000000000e+03
2.950000000000000000e+03 4.848000000000000000e+03
3.000000000000000000e+03 4.743000000000000000e+03
3.050000000000000000e+03 4.501000000000000000e+03
3.100000000000000000e+03 4.328000000000000000e+03
3.150000000000000000e+03 4.121000000000000000e+03
3.200000000000000000e+03 4.030000000000000000e+03
3.250000000000000000e+03 3.855000000000000000e+03
3.300000000000000000e+03 3.571000000000000000e+03
3.350000000000000000e+03 3.620000000000000000e+03
3.400000000000000000e+03 3.413000000000000000e+03
3.450000000000000000e+03 3.361000000000000000e+03
3.500000000000000000e+03 3.493000000000000000e+03
3.550000000000000000e+03 3.291000000000000000e+03
3.600000000000000000e+03 3.273000000000000000e+03
3.650000000000000000e+03 3.240000000000000000e+03
3.700000000000000000e+03 3.254000000000000000e+03
3.750000000000000000e+03 3.290000000000000000e+03
3.800000000000000000e+03 3.452000000000000000e+03
3.850000000000000000e+03 3.349000000000000000e+03
3.900000000000000000e+03 3.478000000000000000e+03
3.950000000000000000e+03 3.575000000000000000e+03
4.000000000000000000e+03 3.647000000000000000e+03
4.050000000000000000e+03 3.832000000000000000e+03
4.100000000000000000e+03 4.036000000000000000e+03
4.150000000000000000e+03 4.214000000000000000e+03
4.200000000000000000e+03 4.341000000000000000e+03
4.250000000000000000e+03 4.641000000000000000e+03
4.300000000000000000e+03 4.923000000000000000e+03
4.350000000000000000e+03 5.004000000000000000e+03
4.400000000000000000e+03 5.240000000000000000e+03
4.450000000000000000e+03 5.424000000000000000e+03
4.500000000000000000e+03 5.693000000000000000e+03
4.550000000000000000e+03 6.010000000000000000e+03
4.600000000000000000e+03 6.403000000000000000e+03
4.650000000000000000e+03 6.535000000000000000e+03
4.700000000000000000e+03 7.036000000000000000e+03
4.750000000000000000e+03 7.006000000000000000e+03
4.800000000000000000e+03 7.233000000000000000e+03
4.850000000000000000e+03 7.463000000000000000e+03
4.900000000000000000e+03 7.738000000000000000e+03
4.950000000000000000e+03 7.935000000000000000e+03
5.000000000000000000e+03 8.229000000000000000e+03
5.050000000000000000e+03 8.258000000000000000e+03
5.100000000000000000e+03 8.452000000000000000e+03
5.150000000000000000e+03 8.604000000000000000e+03
5.200000000000000000e+03 8.851000000000000000e+03
5.250000000000000000e+03 8.840000000000000000e+03
5.300000000000000000e+03 9.099000000000000000e+03
5.350000000000000000e+03 9.200000000000000000e+03
5.400000000000000000e+03 9.120000000000000000e+03
5.450000000000000000e+03 9.219000000000000000e+03
5.500000000000000000e+03 9.630000000000000000e+03
5.550000000000000000e+03 9.588000000000000000e+03
5.600000000000000000e+03 9.480000000000000000e+03
5.650000000000000000e+03 9.508000000000000000e+03
5.700000000000000000e+03 9.722000000000000000e+03
5.750000000000000000e+03 9.750000000000000000e+03
5.800000000000000000e+03 9.739000000000000000e+03
5.850000000000000000e+03 1.002800000000000000e+04
5.900000000000000000e+03 9.743000000000000000e+03
5.950000000000000000e+03 9.775000000000000000e+03
6.000000000000000000e+03 9.937000000000000000e+03
6.050000000000000000e+03 9.823000000000000000e+03
6.100000000000000000e+03 9.871000000000000000e+03
6.150000000000000000e+03 9.837000000000000000e+03
6.200000000000000000e+03 9.788000000000000000e+03
6.250000000000000000e+03 9.897000000000000000e+03
6.300000000000000000e+03 9.878000000000000000e+03
6.350000000000000000e+03 9.880000000000000000e+03
6.400000000000000000e+03 9.708000000000000000e+03
6.450000000000000000e+03 9.610000000000000000e+03
6.500000000000000000e+03 9.487000000000000000e+03
6.550000000000000000e+03 9.764000000000000000e+03
6.600000000000000000e+03 9.336000000000000000e+03
6.650000000000000000e+03 9.328000000000000000e+03
6.700000000000000000e+03 9.061000000000000000e+03
6.750000000000000000e+03 9.071000000000000000e+03
6.800000000000000000e+03 9.047000000000000000e+03
6.850000000000000000e+03 8.974000000000000000e+03
6.900000000000000000e+03 8.880000000000000000e+03
6.950000000000000000e+03 8.549000000000000000e+03
7.000000000000000000e+03 8.577000000000000000e+03
7.050000000000000000e+03 8.497000000000000000e+03
7.100000000000000000e+03 8.358000000000000000e+03
7.150000000000000000e+03 8.052000000000000000e+03
7.200000000000000000e+03 7.964000000000000000e+03
7.250000000000000000e+03 7.676000000000000000e+03
7.300000000000000000e+03 7.402000000000000000e+03
7.350000000000000000e+03 7.260000000000000000e+03
7.400000000000000000e+03 6.988000000000000000e+03
7.450000000000000000e+03 6.926000000000000000e+03
7.500000000000000000e+03 6.890000000000000000e+03
7.550000000000000000e+03 6.601000000000000000e+03
7.600000000000000000e+03 6.256000000000000000e+03
7.650000000000000000e+03 5.996000000000000000e+03
7.700000000000000000e+03 5.859000000000000000e+03
7.750000000000000000e+03 5.739000000000000000e+03
7.800000000000000000e+03 5.456000000000000000e+03
7.850000000000000000e+03 5.249000000000000000e+03
7.900000000000000000e+03 5.029000000000000000e+03
7.950000000000000000e+03 4.900000000000000000e+03
8.000000000000000000e+03 4.575000000000000000e+03
8.050000000000000000e+03 4.448000000000000000e+03
8.100000000000000000e+03 4.229000000000000000e+03
8.150000000000000000e+03 4.132000000000000000e+03
8.200000000000000000e+03 3.959000000000000000e+03
8.250000000000000000e+03 3.906000000000000000e+03
8.300000000000000000e+03 3.809000000000000000e+03
8.350000000000000000e+03 3.632000000000000000e+03
8.400000000000000000e+03 3.542000000000000000e+03
8.450000000000000000e+03 3.454000000000000000e+03
8.500000000000000000e+03 3.341000000000000000e+03
8.550000000000000000e+03 3.417000000000000000e+03
8.600000000000000000e+03 3.243000000000000000e+03
8.650000000000000000e+03 3.294000000000000000e+03
8.700000000000000000e+03 3.195000000000000000e+03
8.750000000000000000e+03 3.353000000000000000e+03
8.800000000000000000e+03 3.310000000000000000e+03
8.850000000000000000e+03 3.425000000000000000e+03
8.900000000000000000e+03 3.428000000000000000e+03
8.950000000000000000e+03 3.518000000000000000e+03
9.000000000000000000e+03 3.795000000000000000e+03
9.050000000000000000e+03 3.818000000000000000e+03
9.100000000000000000e+03 3.992000000000000000e+03
9.150000000000000000e+03 4.194000000000000000e+03
9.200000000000000000e+03 4.339000000000000000e+03
9.250000000000000000e+03 4.558000000000000000e+03
9.300000000000000000e+03 4.805000000000000000e+03
9.350000000000000000e+03 5.058000000000000000e+03
9.400000000000000000e+03 5.244000000000000000e+03
9.450000000000000000e+03 5.599000000000000000e+03
9.500000000000000000e+03 5.816000000000000000e+03
9.550000000000000000e+03 6.140000000000000000e+03
9.600000000000000000e+03 6.346000000000000000e+03
9.650000000000000000e+03 6.584000000000000000e+03
9.700000000000000000e+03 6.774000000000000000e+03
9.750000000000000000e+03 7.014000000000000000e+03
9.800000000000000000e+03 7.180000000000000000e+03
9.850000000000000000e+03 7.451000000000000000e+03
9.900000000000000000e+03 7.758000000000000000e+03
9.950000000000000000e+03 8.056000000000000000e+03
