0.000000000000000000e+00 1.096100000000000000e+04
2.000000000000000000e+03 1.106900000000000000e+04
4.000000000000000000e+03 1.129400000000000000e+04
6.000000000000000000e+03 1.129900000000000000e+04
8.000000000000000000e+03 1.162600000000000000e+04
1.000000000000000000e+04 1.160800000000000000e+04
1.200000000000000000e+04 1.157900000000000000e+04
1.400000000000000000e+04 1.202500000000000000e+04
1.600000000000000000e+04 1.205500000000000000e+04
1.800000000000000000e+04 1.218000000000000000e+04
2.000000000000000000e+04 1.234100000000000000e+04
2.200000000000000000e+04 1.221200000000000000e+04
2.400000000000000000e+04 1.229400000000000000e+04
2.600000000000000000e+04 1.222100000000000000e+04
2.800000000000000000e+04 1.205000000000000000e+04
3.000000000000000000e+04 1.244600000000000000e+04
3.200000000000000000e+04 1.249100000000000000e+04
3.400000000000000000e+04 1.230300000000000000e+04
3.600000000000000000e+04 1.247700000000000000e+04
3.800000000000000000e+04 1.259900000000000000e+04
4.000000000000000000e+04 1.235200000000000000e+04
4.200000000000000000e+04 1.242700000000000000e+04
4.400000000000000000e+04 1.226700000000000000e+04
4.600000000000000000e+04 1.251000000000000000e+04
4.800000000000000000e+04 1.258200000000000000e+04
5.000000000000000000e+04 1.212400000000000000e+04
5.200000000000000000e+04 1.237500000000000000e+04
5.400000000000000000e+04 1.241200000000000000e+04
5.600000000000000000e+04 1.185800000000000000e+04
5.800000000000000000e+04 1.207900000000000000e+04
6.000000000000000000e+04 1.214200000000000000e+04
6.200000000000000000e+04 1.179700000000000000e+04
6.400000000000000000e+04 1.189800000000000000e+04
6.600000000000000000e+04 1.143300000000000000e+04
6.800000000000000000e+04 1.159300000000000000e+04
7.000000000000000000e+04 1.156300000000000000e+04
7.200000000000000000e+04 1.105300000000000000e+04
7.400000000000000000e+04 1.111500000000000000e+04
7.600000000000000000e+04 1.098800000000000000e+04
7.800000000000000000e+04 1.072000000000000000e+04
8.000000000000000000e+04 1.054800000000000000e+04
8.200000000000000000e+04 1.060000000000000000e+04
8.400000000000000000e+04 1.012600000000000000e+04
8.600000000000000000e+04 1.008900000000000000e+04
8.800000000000000000e+04 9.541000000000000000e+03
9.000000000000000000e+04 9.196000000000000000e+03
9.200000000000000000e+04 9.129000000000000000e+03
9.400000000000000000e+04 8.786000000000000000e+03
9.600000000000000000e+04 8.623000000000000000e+03
9.800000000000000000e+04 8.310000000000000000e+03
1.000000000000000000e+05 7.896000000000000000e+03
1.020000000000000000e+05 7.777000000000000000e+03
1.040000000000000000e+05 7.408000000000000000e+03
1.060000000000000000e+05 7.099000000000000000e+03
1.080000000000000000e+05 6.860000000000000000e+03
1.100000000000000000e+05 6.496000000000000000e+03
1.120000000000000000e+05 6.183000000000000000e+03
1.140000000000000000e+05 5.974000000000000000e+03
1.160000000000000000e+05 5.746000000000000000e+03
1.180000000000000000e+05 5.344000000000000000e+03
1.200000000000000000e+05 5.223000000000000000e+03
1.220000000000000000e+05 4.981000000000000000e+03
1.240000000000000000e+05 4.734000000000000000e+03
1.260000000000000000e+05 4.507000000000000000e+03
1.280000000000000000e+05 4.442000000000000000e+03
1.300000000000000000e+05 4.321000000000000000e+03
1.320000000000000000e+05 4.373000000000000000e+03
1.340000000000000000e+05 4.076000000000000000e+03
1.360000000000000000e+05 4.234000000000000000e+03
1.380000000000000000e+05 4.133000000000000000e+03
1.400000000000000000e+05 4.084000000000000000e+03
1.420000000000000000e+05 4.156000000000000000e+03
1.440000000000000000e+05 4.127000000000000000e+03
1.460000000000000000e+05 4.278000000000000000e+03
1.480000000000000000e+05 4.414000000000000000e+03
1.500000000000000000e+05 4.529000000000000000e+03
1.520000000000000000e+05 4.782000000000000000e+03
1.540000000000000000e+05 4.983000000000000000e+03
1.560000000000000000e+05 4.846000000000000000e+03
1.580000000000000000e+05 5.321000000000000000e+03
1.600000000000000000e+05 5.634000000000000000e+03
1.620000000000000000e+05 5.767000000000000000e+03
1.640000000000000000e+05 6.156000000000000000e+03
1.660000000000000000e+05 6.439000000000000000e+03
1.680000000000000000e+05 6.646000000000000000e+03
1.700000000000000000e+05 6.991000000000000000e+03
1.720000000000000000e+05 7.322000000000000000e+03
1.740000000000000000e+05 7.661000000000000000e+03
1.760000000000000000e+05 7.913000000000000000e+03
1.780000000000000000e+05 8.107000000000000000e+03
1.800000000000000000e+05 8.521000000000000000e+03
1.820000000000000000e+05 8.805000000000000000e+03
1.840000000000000000e+05 9.129000000000000000e+03
1.860000000000000000e+05 9.358000000000000000e+03
1.880000000000000000e+05 9.646000000000000000e+03
1.900000000000000000e+05 9.771000000000000000e+03
1.920000000000000000e+05 1.024600000000000000e+04
1.940000000000000000e+05 1.024200000000000000e+04
1.960000000000000000e+05 1.055100000000000000e+04
1.980000000000000000e+05 1.087800000000000000e+04
2.000000000000000000e+05 1.111300000000000000e+04
2.020000000000000000e+05 1.119200000000000000e+04
2.040000000000000000e+05 1.119700000000000000e+04
2.060000000000000000e+05 1.128600000000000000e+04
2.080000000000000000e+05 1.152300000000000000e+04
2.100000000000000000e+05 1.167000000000000000e+04
2.120000000000000000e+05 1.183200000000000000e+04
2.140000000000000000e+05 1.204600000000000000e+04
2.160000000000000000e+05 1.212800000000000000e+04
2.180000000000000000e+05 1.212100000000000000e+04
2.200000000000000000e+05 1.209300000000000000e+04
2.220000000000000000e+05 1.202400000000000000e+04
2.240000000000000000e+05 1.228100000000000000e+04
2.260000000000000000e+05 1.224800000000000000e+04
2.280000000000000000e+05 1.229100000000000000e+04
2.300000000000000000e+05 1.266000000000000000e+04
2.320000000000000000e+05 1.254500000000000000e+04
2.340000000000000000e+05 1.240400000000000000e+04
2.360000000000000000e+05 1.243800000000000000e+04
2.380000000000000000e+05 1.242800000000000000e+04
2.400000000000000000e+05 1.238300000000000000e+04
2.420000000000000000e+05 1.245600000000000000e+04
2.440000000000000000e+05 1.260800000000000000e+04
2.460000000000000000e+05 1.245200000000000000e+04
2.480000000000000000e+05 1.245100000000000000e+04
2.500000000000000000e+05 1.224100000000000000e+04
2.520000000000000000e+05 1.203800000000000000e+04
2.540000000000000000e+05 1.222400000000000000e+04
2.560000000000000000e+05 1.214800000000000000e+04
2.580000000000000000e+05 1.209000000000000000e+04
2.600000000000000000e+05 1.212800000000000000e+04
2.620000000000000000e+05 1.192600000000000000e+04
2.640000000000000000e+05 1.179900000000000000e+04
2.660000000000000000e+05 1.178300000000000000e+04
2.680000000000000000e+05 1.135200000000000000e+04
2.700000000000000000e+05 1.133100000000000000e+04
2.720000000000000000e+05 1.105600000000000000e+04
2.740000000000000000e+05 1.108100000000000000e+04
2.760000000000000000e+05 1.079700000000000000e+04
2.780000000000000000e+05 1.053200000000000000e+04
2.800000000000000000e+05 1.074900000000000000e+04
2.820000000000000000e+05 1.033800000000000000e+04
2.840000000000000000e+05 1.016900000000000000e+04
2.860000000000000000e+05 1.000600000000000000e+04
2.880000000000000000e+05 9.632000000000000000e+03
2.900000000000000000e+05 9.201000000000000000e+03
2.920000000000000000e+05 9.315000000000000000e+03
2.940000000000000000e+05 8.904000000000000000e+03
2.960000000000000000e+05 8.551000000000000000e+03
2.980000000000000000e+05 8.514000000000000000e+03
3.000000000000000000e+05 7.864000000000000000e+03
3.020000000000000000e+05 7.873000000000000000e+03
3.040000000000000000e+05 7.521000000000000000e+03
3.060000000000000000e+05 6.946000000000000000e+03
3.080000000000000000e+05 6.901000000000000000e+03
3.100000000000000000e+05 6.509000000000000000e+03
3.120000000000000000e+05 6.144000000000000000e+03
3.140000000000000000e+05 5.954000000000000000e+03
3.160000000000000000e+05 5.845000000000000000e+03
3.180000000000000000e+05 5.299000000000000000e+03
3.200000000000000000e+05 5.333000000000000000e+03
3.220000000000000000e+05 5.117000000000000000e+03
3.240000000000000000e+05 4.715000000000000000e+03
3.260000000000000000e+05 4.646000000000000000e+03
3.280000000000000000e+05 4.366000000000000000e+03
3.300000000000000000e+05 4.444000000000000000e+03
3.320000000000000000e+05 4.259000000000000000e+03
3.340000000000000000e+05 4.111000000000000000e+03
3.360000000000000000e+05 4.096000000000000000e+03
3.380000000000000000e+05 4.034000000000000000e+03
3.400000000000000000e+05 3.983000000000000000e+03
3.420000000000000000e+05 4.114000000000000000e+03
3.440000000000000000e+05 4.135000000000000000e+03
3.460000000000000000e+05 4.314000000000000000e+03
3.480000000000000000e+05 4.365000000000000000e+03
3.500000000000000000e+05 4.415000000000000000e+03
3.520000000000000000e+05 4.798000000000000000e+03
3.540000000000000000e+05 4.990000000000000000e+03
3.560000000000000000e+05 5.015000000000000000e+03
3.580000000000000000e+05 5.321000000000000000e+03
3.600000000000000000e+05 5.651000000000000000e+03
3.620000000000000000e+05 5.847000000000000000e+03
3.640000000000000000e+05 6.065000000000000000e+03
3.660000000000000000e+05 6.278000000000000000e+03
3.680000000000000000e+05 6.497000000000000000e+03
3.700000000000000000e+05 7.079000000000000000e+03
3.720000000000000000e+05 7.074000000000000000e+03
3.740000000000000000e+05 7.595000000000000000e+03
3.760000000000000000e+05 7.992000000000000000e+03
3.780000000000000000e+05 8.141000000000000000e+03
3.800000000000000000e+05 8.596000000000000000e+03
3.820000000000000000e+05 8.750000000000000000e+03
3.840000000000000000e+05 9.047000000000000000e+03
3.860000000000000000e+05 9.246000000000000000e+03
3.880000000000000000e+05 9.520000000000000000e+03
3.900000000000000000e+05 9.748000000000000000e+03
3.920000000000000000e+05 1.014300000000000000e+04
3.940000000000000000e+05 1.040000000000000000e+04
3.960000000000000000e+05 1.047100000000000000e+04
3.980000000000000000e+05 1.086300000000000000e+04
