0.000000000000000000e+00 6.061000000000000000e+03
1.000000000000000000e+02 5.962000000000000000e+03
2.000000000000000000e+02 6.285000000000000000e+03
3.000000000000000000e+02 6.279000000000000000e+03
4.000000000000000000e+02 6.463000000000000000e+03
5.000000000000000000e+02 6.379000000000000000e+03
6.000000000000000000e+02 6.479000000000000000e+03
7.000000000000000000e+02 6.532000000000000000e+03
8.000000000000000000e+02 6.695000000000000000e+03
9.000000000000000000e+02 6.506000000000000000e+03
1.000000000000000000e+03 6.717000000000000000e+03
1.100000000000000000e+03 6.628000000000000000e+03
1.200000000000000000e+03 6.883000000000000000e+03
1.300000000000000000e+03 6.999000000000000000e+03
1.400000000000000000e+03 6.743000000000000000e+03
1.500000000000000000e+03 6.830000000000000000e+03
1.600000000000000000e+03 6.881000000000000000e+03
1.700000000000000000e+03 6.769000000000000000e+03
1.800000000000000000e+03 6.841000000000000000e+03
1.900000000000000000e+03 6.862000000000000000e+03
2.000000000000000000e+03 6.904000000000000000e+03
2.100000000000000000e+03 6.879000000000000000e+03
2.200000000000000000e+03 6.886000000000000000e+03
2.300000000000000000e+03 6.896000000000000000e+03
2.400000000000000000e+03 6.804000000000000000e+03
2.500000000000000000e+03 6.762000000000000000e+03
2.600000000000000000e+03 6.834000000000000000e+03
2.700000000000000000e+03 6.839000000000000000e+03
2.800000000000000000e+03 6.563000000000000000e+03
2.900000000000000000e+03 6.781000000000000000e+03
3.000000000000000000e+03 6.584000000000000000e+03
3.100000000000000000e+03 6.727000000000000000e+03
3.200000000000000000e+03 6.684000000000000000e+03
3.300000000000000000e+03 6.508000000000000000e+03
3.400000000000000000e+03 6.504000000000000000e+03
3.500000000000000000e+03 6.308000000000000000e+03
3.600000000000000000e+03 6.339000000000000000e+03
3.700000000000000000e+03 6.171000000000000000e+03
3.800000000000000000e+03 6.198000000000000000e+03
3.900000000000000000e+03 5.969000000000000000e+03
4.000000000000000000e+03 5.875000000000000000e+03
4.100000000000000000e+03 5.790000000000000000e+03
4.200000000000000000e+03 5.703000000000000000e+03
4.300000000000000000e+03 5.698000000000000000e+03
4.400000000000000000e+03 5.462000000000000000e+03
4.500000000000000000e+03 5.142000000000000000e+03
4.600000000000000000e+03 5.167000000000000000e+03
4.700000000000000000e+03 5.142000000000000000e+03
4.800000000000000000e+03 4.723000000000000000e+03
4.900000000000000000e+03 4.692000000000000000e+03
5.000000000000000000e+03 4.508000000000000000e+03
5.100000000000000000e+03 4.317000000000000000e+03
5.200000000000000000e+03 4.249000000000000000e+03
5.300000000000000000e+03 4.144000000000000000e+03
5.400000000000000000e+03 3.900000000000000000e+03
5.500000000000000000e+03 3.841000000000000000e+03
5.600000000000000000e+03 3.628000000000000000e+03
5.700000000000000000e+03 3.477000000000000000e+03
5.800000000000000000e+03 3.299000000000000000e+03
5.900000000000000000e+03 3.097000000000000000e+03
6.000000000000000000e+03 3.103000000000000000e+03
6.100000000000000000e+03 2.911000000000000000e+03
6.200000000000000000e+03 2.770000000000000000e+03
6.300000000000000000e+03 2.707000000000000000e+03
6.400000000000000000e+03 2.667000000000000000e+03
6.500000000000000000e+03 2.515000000000000000e+03
6.600000000000000000e+03 2.383000000000000000e+03
6.700000000000000000e+03 2.315000000000000000e+03
6.800000000000000000e+03 2.255000000000000000e+03
6.900000000000000000e+03 2.184000000000000000e+03
7.000000000000000000e+03 2.260000000000000000e+03
7.100000000000000000e+03 2.207000000000000000e+03
7.200000000000000000e+03 2.228000000000000000e+03
7.300000000000000000e+03 2.338000000000000000e+03
7.400000000000000000e+03 2.325000000000000000e+03
7.500000000000000000e+03 2.315000000000000000e+03
7.600000000000000000e+03 2.315000000000000000e+03
7.700000000000000000e+03 2.389000000000000000e+03
7.800000000000000000e+03 2.503000000000000000e+03
7.900000000000000000e+03 2.611000000000000000e+03
8.000000000000000000e+03 2.723000000000000000e+03
8.100000000000000000e+03 2.724000000000000000e+03
8.200000000000000000e+03 3.034000000000000000e+03
8.300000000000000000e+03 3.118000000000000000e+03
8.400000000000000000e+03 3.335000000000000000e+03
8.500000000000000000e+03 3.557000000000000000e+03
8.600000000000000000e+03 3.638000000000000000e+03
8.700000000000000000e+03 3.784000000000000000e+03
8.800000000000000000e+03 3.954000000000000000e+03
8.900000000000000000e+03 4.280000000000000000e+03
9.000000000000000000e+03 4.298000000000000000e+03
9.100000000000000000e+03 4.604000000000000000e+03
9.200000000000000000e+03 4.816000000000000000e+03
9.300000000000000000e+03 5.011000000000000000e+03
9.400000000000000000e+03 5.094000000000000000e+03
9.500000000000000000e+03 5.154000000000000000e+03
9.600000000000000000e+03 5.353000000000000000e+03
9.700000000000000000e+03 5.569000000000000000e+03
9.800000000000000000e+03 5.748000000000000000e+03
9.900000000000000000e+03 5.828000000000000000e+03
1.000000000000000000e+04 5.936000000000000000e+03
1.010000000000000000e+04 6.030000000000000000e+03
1.020000000000000000e+04 6.086000000000000000e+03
1.030000000000000000e+04 6.264000000000000000e+03
1.040000000000000000e+04 6.225000000000000000e+03
1.050000000000000000e+04 6.458000000000000000e+03
1.060000000000000000e+04 6.396000000000000000e+03
1.070000000000000000e+04 6.446000000000000000e+03
1.080000000000000000e+04 6.557000000000000000e+03
1.090000000000000000e+04 6.721000000000000000e+03
1.100000000000000000e+04 6.704000000000000000e+03
1.110000000000000000e+04 6.829000000000000000e+03
1.120000000000000000e+04 6.701000000000000000e+03
1.130000000000000000e+04 6.773000000000000000e+03
1.140000000000000000e+04 6.751000000000000000e+03
1.150000000000000000e+04 6.816000000000000000e+03
1.160000000000000000e+04 6.875000000000000000e+03
1.170000000000000000e+04 6.828000000000000000e+03
1.180000000000000000e+04 6.982000000000000000e+03
1.190000000000000000e+04 6.944000000000000000e+03
1.200000000000000000e+04 6.984000000000000000e+03
1.210000000000000000e+04 6.926000000000000000e+03
1.220000000000000000e+04 7.117000000000000000e+03
1.230000000000000000e+04 7.023000000000000000e+03
1.240000000000000000e+04 6.944000000000000000e+03
1.250000000000000000e+04 6.987000000000000000e+03
1.260000000000000000e+04 6.741000000000000000e+03
1.270000000000000000e+04 6.888000000000000000e+03
1.280000000000000000e+04 6.748000000000000000e+03
1.290000000000000000e+04 6.697000000000000000e+03
1.300000000000000000e+04 6.625000000000000000e+03
1.310000000000000000e+04 6.715000000000000000e+03
1.320000000000000000e+04 6.541000000000000000e+03
1.330000000000000000e+04 6.567000000000000000e+03
1.340000000000000000e+04 6.455000000000000000e+03
1.350000000000000000e+04 6.321000000000000000e+03
1.360000000000000000e+04 6.349000000000000000e+03
1.370000000000000000e+04 6.214000000000000000e+03
1.380000000000000000e+04 6.195000000000000000e+03
1.390000000000000000e+04 5.919000000000000000e+03
1.400000000000000000e+04 5.889000000000000000e+03
1.410000000000000000e+04 5.815000000000000000e+03
1.420000000000000000e+04 5.647000000000000000e+03
1.430000000000000000e+04 5.510000000000000000e+03
1.440000000000000000e+04 5.584000000000000000e+03
1.450000000000000000e+04 5.305000000000000000e+03
1.460000000000000000e+04 5.238000000000000000e+03
1.470000000000000000e+04 4.875000000000000000e+03
1.480000000000000000e+04 4.754000000000000000e+03
1.490000000000000000e+04 4.779000000000000000e+03
1.500000000000000000e+04 4.591000000000000000e+03
1.510000000000000000e+04 4.379000000000000000e+03
1.520000000000000000e+04 4.382000000000000000e+03
1.530000000000000000e+04 4.089000000000000000e+03
1.540000000000000000e+04 3.971000000000000000e+03
1.550000000000000000e+04 3.802000000000000000e+03
1.560000000000000000e+04 3.669000000000000000e+03
1.570000000000000000e+04 3.501000000000000000e+03
1.580000000000000000e+04 3.326000000000000000e+03
1.590000000000000000e+04 3.165000000000000000e+03
1.600000000000000000e+04 2.914000000000000000e+03
1.610000000000000000e+04 2.879000000000000000e+03
1.620000000000000000e+04 2.796000000000000000e+03
1.630000000000000000e+04 2.747000000000000000e+03
1.640000000000000000e+04 2.617000000000000000e+03
1.650000000000000000e+04 2.645000000000000000e+03
1.660000000000000000e+04 2.431000000000000000e+03
1.670000000000000000e+04 2.328000000000000000e+03
1.680000000000000000e+04 2.291000000000000000e+03
1.690000000000000000e+04 2.238000000000000000e+03
1.700000000000000000e+04 2.282000000000000000e+03
1.710000000000000000e+04 2.211000000000000000e+03
1.720000000000000000e+04 2.146000000000000000e+03
1.730000000000000000e+04 2.190000000000000000e+03
1.740000000000000000e+04 2.241000000000000000e+03
1.750000000000000000e+04 2.337000000000000000e+03
1.760000000000000000e+04 2.397000000000000000e+03
1.770000000000000000e+04 2.360000000000000000e+03
1.780000000000000000e+04 2.512000000000000000e+03
1.790000000000000000e+04 2.652000000000000000e+03
1.800000000000000000e+04 2.705000000000000000e+03
1.810000000000000000e+04 2.912000000000000000e+03
1.820000000000000000e+04 2.855000000000000000e+03
1.830000000000000000e+04 3.137000000000000000e+03
1.840000000000000000e+04 3.224000000000000000e+03
1.850000000000000000e+04 3.507000000000000000e+03
1.860000000000000000e+04 3.656000000000000000e+03
1.870000000000000000e+04 3.875000000000000000e+03
1.880000000000000000e+04 4.035000000000000000e+03
1.890000000000000000e+04 4.236000000000000000e+03
1.900000000000000000e+04 4.357000000000000000e+03
1.910000000000000000e+04 4.490000000000000000e+03
1.920000000000000000e+04 4.650000000000000000e+03
1.930000000000000000e+04 5.012000000000000000e+03
1.940000000000000000e+04 5.069000000000000000e+03
1.950000000000000000e+04 5.293000000000000000e+03
1.960000000000000000e+04 5.453000000000000000e+03
1.970000000000000000e+04 5.629000000000000000e+03
1.980000000000000000e+04 5.725000000000000000e+03
1.990000000000000000e+04 5.635000000000000000e+03
