0.000000000000000000e+00 8.857000000000000000e+03
2.000000000000000000e+01 9.204000000000000000e+03
4.000000000000000000e+01 9.236000000000000000e+03
6.000000000000000000e+01 9.704000000000000000e+03
8.000000000000000000e+01 9.801000000000000000e+03
1.000000000000000000e+02 1.003200000000000000e+04
1.200000000000000000e+02 1.018300000000000000e+04
1.400000000000000000e+02 1.044000000000000000e+04
1.600000000000000000e+02 1.063000000000000000e+04
1.800000000000000000e+02 1.078400000000000000e+04
2.000000000000000000e+02 1.104200000000000000e+04
2.200000000000000000e+02 1.091500000000000000e+04
2.400000000000000000e+02 1.102900000000000000e+04
2.600000000000000000e+02 1.133600000000000000e+04
2.800000000000000000e+02 1.113400000000000000e+04
3.000000000000000000e+02 1.130400000000000000e+04
3.200000000000000000e+02 1.158700000000000000e+04
3.400000000000000000e+02 1.130500000000000000e+04
3.600000000000000000e+02 1.153400000000000000e+04
3.800000000000000000e+02 1.164000000000000000e+04
4.000000000000000000e+02 1.168300000000000000e+04
4.200000000000000000e+02 1.153400000000000000e+04
4.400000000000000000e+02 1.156400000000000000e+04
4.600000000000000000e+02 1.183000000000000000e+04
4.800000000000000000e+02 1.167700000000000000e+04
5.000000000000000000e+02 1.189200000000000000e+04
5.200000000000000000e+02 1.191700000000000000e+04
5.400000000000000000e+02 1.180000000000000000e+04
5.600000000000000000e+02 1.182600000000000000e+04
5.800000000000000000e+02 1.177600000000000000e+04
6.000000000000000000e+02 1.177700000000000000e+04
6.200000000000000000e+02 1.167200000000000000e+04
6.400000000000000000e+02 1.153900000000000000e+04
6.600000000000000000e+02 1.175200000000000000e+04
6.800000000000000000e+02 1.153800000000000000e+04
7.000000000000000000e+02 1.151700000000000000e+04
7.200000000000000000e+02 1.141900000000000000e+04
7.400000000000000000e+02 1.150700000000000000e+04
7.600000000000000000e+02 1.121500000000000000e+04
7.800000000000000000e+02 1.120100000000000000e+04
8.000000000000000000e+02 1.092500000000000000e+04
8.200000000000000000e+02 1.088500000000000000e+04
8.400000000000000000e+02 1.078700000000000000e+04
8.600000000000000000e+02 1.063800000000000000e+04
8.800000000000000000e+02 1.051300000000000000e+04
9.000000000000000000e+02 1.022000000000000000e+04
9.200000000000000000e+02 1.022200000000000000e+04
9.400000000000000000e+02 9.797000000000000000e+03
9.600000000000000000e+02 9.395000000000000000e+03
9.800000000000000000e+02 9.430000000000000000e+03
1.000000000000000000e+03 9.125000000000000000e+03
1.020000000000000000e+03 8.938000000000000000e+03
1.040000000000000000e+03 8.530000000000000000e+03
1.060000000000000000e+03 8.525000000000000000e+03
1.080000000000000000e+03 8.231000000000000000e+03
1.100000000000000000e+03 7.844000000000000000e+03
1.120000000000000000e+03 7.849000000000000000e+03
1.140000000000000000e+03 7.443000000000000000e+03
1.160000000000000000e+03 7.303000000000000000e+03
1.180000000000000000e+03 6.976000000000000000e+03
1.200000000000000000e+03 6.869000000000000000e+03
1.220000000000000000e+03 6.681000000000000000e+03
1.240000000000000000e+03 6.459000000000000000e+03
1.260000000000000000e+03 6.373000000000000000e+03
1.280000000000000000e+03 6.165000000000000000e+03
1.300000000000000000e+03 6.022000000000000000e+03
1.320000000000000000e+03 5.766000000000000000e+03
1.340000000000000000e+03 5.534000000000000000e+03
1.360000000000000000e+03 5.399000000000000000e+03
1.380000000000000000e+03 5.482000000000000000e+03
1.400000000000000000e+03 5.300000000000000000e+03
1.420000000000000000e+03 5.135000000000000000e+03
1.440000000000000000e+03 4.988000000000000000e+03
1.460000000000000000e+03 4.972000000000000000e+03
1.480000000000000000e+03 4.866000000000000000e+03
1.500000000000000000e+03 4.821000000000000000e+03
1.520000000000000000e+03 4.955000000000000000e+03
1.540000000000000000e+03 4.801000000000000000e+03
1.560000000000000000e+03 4.829000000000000000e+03
1.580000000000000000e+03 4.912000000000000000e+03
1.600000000000000000e+03 4.887000000000000000e+03
1.620000000000000000e+03 4.903000000000000000e+03
1.640000000000000000e+03 5.078000000000000000e+03
1.660000000000000000e+03 5.253000000000000000e+03
1.680000000000000000e+03 5.244000000000000000e+03
1.700000000000000000e+03 5.495000000000000000e+03
1.720000000000000000e+03 5.581000000000000000e+03
1.740000000000000000e+03 5.841000000000000000e+03
1.760000000000000000e+03 6.016000000000000000e+03
1.780000000000000000e+03 6.257000000000000000e+03
1.800000000000000000e+03 6.500000000000000000e+03
1.820000000000000000e+03 6.740000000000000000e+03
1.840000000000000000e+03 6.862000000000000000e+03
1.860000000000000000e+03 7.121000000000000000e+03
1.880000000000000000e+03 7.313000000000000000e+03
1.900000000000000000e+03 7.585000000000000000e+03
1.920000000000000000e+03 7.867000000000000000e+03
1.940000000000000000e+03 8.242000000000000000e+03
1.960000000000000000e+03 8.484000000000000000e+03
1.980000000000000000e+03 8.659000000000000000e+03
2.000000000000000000e+03 8.963000000000000000e+03
2.020000000000000000e+03 9.243000000000000000e+03
2.040000000000000000e+03 9.395000000000000000e+03
2.060000000000000000e+03 9.599000000000000000e+03
2.080000000000000000e+03 9.777000000000000000e+03
2.100000000000000000e+03 1.008900000000000000e+04
2.120000000000000000e+03 1.034900000000000000e+04
2.140000000000000000e+03 1.040200000000000000e+04
2.160000000000000000e+03 1.048300000000000000e+04
2.180000000000000000e+03 1.070700000000000000e+04
2.200000000000000000e+03 1.088300000000000000e+04
2.220000000000000000e+03 1.082300000000000000e+04
2.240000000000000000e+03 1.101900000000000000e+04
2.260000000000000000e+03 1.115000000000000000e+04
2.280000000000000000e+03 1.130500000000000000e+04
2.300000000000000000e+03 1.135200000000000000e+04
2.320000000000000000e+03 1.133700000000000000e+04
2.340000000000000000e+03 1.146000000000000000e+04
2.360000000000000000e+03 1.164100000000000000e+04
2.380000000000000000e+03 1.151400000000000000e+04
2.400000000000000000e+03 1.165000000000000000e+04
2.420000000000000000e+03 1.188900000000000000e+04
2.440000000000000000e+03 1.168700000000000000e+04
2.460000000000000000e+03 1.156200000000000000e+04
2.480000000000000000e+03 1.191300000000000000e+04
2.500000000000000000e+03 1.163200000000000000e+04
2.520000000000000000e+03 1.176700000000000000e+04
2.540000000000000000e+03 1.156900000000000000e+04
2.560000000000000000e+03 1.193000000000000000e+04
2.580000000000000000e+03 1.157100000000000000e+04
2.600000000000000000e+03 1.166300000000000000e+04
2.620000000000000000e+03 1.160300000000000000e+04
2.640000000000000000e+03 1.160900000000000000e+04
2.660000000000000000e+03 1.166000000000000000e+04
2.680000000000000000e+03 1.143500000000000000e+04
2.700000000000000000e+03 1.155300000000000000e+04
2.720000000000000000e+03 1.140900000000000000e+04
2.740000000000000000e+03 1.117100000000000000e+04
2.760000000000000000e+03 1.106200000000000000e+04
2.780000000000000000e+03 1.105200000000000000e+04
2.800000000000000000e+03 1.080800000000000000e+04
2.820000000000000000e+03 1.072100000000000000e+04
2.840000000000000000e+03 1.072300000000000000e+04
2.860000000000000000e+03 1.061700000000000000e+04
2.880000000000000000e+03 1.025800000000000000e+04
2.900000000000000000e+03 1.011400000000000000e+04
2.920000000000000000e+03 9.906000000000000000e+03
2.940000000000000000e+03 9.837000000000000000e+03
2.960000000000000000e+03 9.852000000000000000e+03
2.980000000000000000e+03 9.456000000000000000e+03
3.000000000000000000e+03 9.244000000000000000e+03
3.020000000000000000e+03 8.954000000000000000e+03
3.040000000000000000e+03 8.741000000000000000e+03
3.060000000000000000e+03 8.476000000000000000e+03
3.080000000000000000e+03 8.260000000000000000e+03
3.100000000000000000e+03 8.041000000000000000e+03
3.120000000000000000e+03 7.742000000000000000e+03
3.140000000000000000e+03 7.534000000000000000e+03
3.160000000000000000e+03 7.305000000000000000e+03
3.180000000000000000e+03 7.153000000000000000e+03
3.200000000000000000e+03 6.872000000000000000e+03
3.220000000000000000e+03 6.718000000000000000e+03
3.240000000000000000e+03 6.367000000000000000e+03
3.260000000000000000e+03 6.277000000000000000e+03
3.280000000000000000e+03 6.091000000000000000e+03
3.300000000000000000e+03 6.133000000000000000e+03
3.320000000000000000e+03 5.836000000000000000e+03
3.340000000000000000e+03 5.589000000000000000e+03
3.360000000000000000e+03 5.448000000000000000e+03
3.380000000000000000e+03 5.313000000000000000e+03
3.400000000000000000e+03 5.326000000000000000e+03
3.420000000000000000e+03 5.157000000000000000e+03
3.440000000000000000e+03 4.940000000000000000e+03
3.460000000000000000e+03 4.871000000000000000e+03
3.480000000000000000e+03 4.847000000000000000e+03
3.500000000000000000e+03 4.818000000000000000e+03
3.520000000000000000e+03 4.877000000000000000e+03
3.540000000000000000e+03 4.791000000000000000e+03
3.560000000000000000e+03 4.815000000000000000e+03
3.580000000000000000e+03 4.947000000000000000e+03
3.600000000000000000e+03 4.925000000000000000e+03
3.620000000000000000e+03 5.014000000000000000e+03
3.640000000000000000e+03 4.997000000000000000e+03
3.660000000000000000e+03 5.136000000000000000e+03
3.680000000000000000e+03 5.237000000000000000e+03
3.700000000000000000e+03 5.465000000000000000e+03
3.720000000000000000e+03 5.612000000000000000e+03
3.740000000000000000e+03 5.900000000000000000e+03
3.760000000000000000e+03 5.953000000000000000e+03
3.780000000000000000e+03 6.350000000000000000e+03
3.800000000000000000e+03 6.431000000000000000e+03
3.820000000000000000e+03 6.633000000000000000e+03
3.840000000000000000e+03 6.998000000000000000e+03
3.860000000000000000e+03 7.213000000000000000e+03
3.880000000000000000e+03 7.472000000000000000e+03
3.900000000000000000e+03 7.883000000000000000e+03
3.920000000000000000e+03 8.047000000000000000e+03
3.940000000000000000e+03 8.320000000000000000e+03
3.960000000000000000e+03 8.755000000000000000e+03
3.980000000000000000e+03 8.712000000000000000e+03
