0.000000000000000000e+00 2.380200000000000000e+04
3.333000000000000000e+03 2.425100000000000000e+04
6.666000000000000000e+03 2.442100000000000000e+04
9.999000000000000000e+03 2.463100000000000000e+04
1.333200000000000000e+04 2.469400000000000000e+04
1.666500000000000000e+04 2.559700000000000000e+04
1.999800000000000000e+04 2.548400000000000000e+04
2.333100000000000000e+04 2.560900000000000000e+04
2.666400000000000000e+04 2.563000000000000000e+04
2.999700000000000000e+04 2.621400000000000000e+04
3.333000000000000000e+04 2.635000000000000000e+04
3.666300000000000000e+04 2.638700000000000000e+04
3.999600000000000000e+04 2.629300000000000000e+04
4.332900000000000000e+04 2.659200000000000000e+04
4.666200000000000000e+04 2.677700000000000000e+04
4.999500000000000000e+04 2.660700000000000000e+04
5.332800000000000000e+04 2.679800000000000000e+04
5.666100000000000000e+04 2.694300000000000000e+04
5.999400000000000000e+04 2.679200000000000000e+04
6.332700000000000000e+04 2.699900000000000000e+04
6.666000000000000000e+04 2.658500000000000000e+04
6.999300000000000000e+04 2.697700000000000000e+04
7.332600000000000000e+04 2.665800000000000000e+04
7.665900000000000000e+04 2.683900000000000000e+04
7.999200000000000000e+04 2.658800000000000000e+04
8.332500000000000000e+04 2.689700000000000000e+04
8.665800000000000000e+04 2.635500000000000000e+04
8.999100000000000000e+04 2.637200000000000000e+04
9.332400000000000000e+04 2.634300000000000000e+04
9.665700000000000000e+04 2.572300000000000000e+04
9.999000000000000000e+04 2.621500000000000000e+04
1.033230000000000000e+05 2.597500000000000000e+04
1.066560000000000000e+05 2.579100000000000000e+04
1.099890000000000000e+05 2.525100000000000000e+04
1.133220000000000000e+05 2.507500000000000000e+04
1.166550000000000000e+05 2.452900000000000000e+04
1.199880000000000000e+05 2.435600000000000000e+04
1.233210000000000000e+05 2.400000000000000000e+04
1.266540000000000000e+05 2.375600000000000000e+04
1.299870000000000000e+05 2.336500000000000000e+04
1.333200000000000000e+05 2.262100000000000000e+04
1.366530000000000000e+05 2.241600000000000000e+04
1.399860000000000000e+05 2.172100000000000000e+04
1.433190000000000000e+05 2.129700000000000000e+04
1.466520000000000000e+05 2.086200000000000000e+04
1.499850000000000000e+05 2.054800000000000000e+04
1.533180000000000000e+05 1.964000000000000000e+04
1.566510000000000000e+05 1.905200000000000000e+04
1.599840000000000000e+05 1.865900000000000000e+04
1.633170000000000000e+05 1.788200000000000000e+04
1.666500000000000000e+05 1.724100000000000000e+04
1.699830000000000000e+05 1.675200000000000000e+04
1.733160000000000000e+05 1.582500000000000000e+04
1.766490000000000000e+05 1.520200000000000000e+04
1.799820000000000000e+05 1.456600000000000000e+04
1.833150000000000000e+05 1.415800000000000000e+04
1.866480000000000000e+05 1.368900000000000000e+04
1.899810000000000000e+05 1.311900000000000000e+04
1.933140000000000000e+05 1.228000000000000000e+04
1.966470000000000000e+05 1.180400000000000000e+04
1.999800000000000000e+05 1.113500000000000000e+04
2.033130000000000000e+05 1.086600000000000000e+04
2.066460000000000000e+05 1.031100000000000000e+04
2.099790000000000000e+05 9.980000000000000000e+03
2.133120000000000000e+05 9.757000000000000000e+03
2.166450000000000000e+05 9.467000000000000000e+03
2.199780000000000000e+05 9.092000000000000000e+03
2.233110000000000000e+05 8.858000000000000000e+03
2.266440000000000000e+05 8.907000000000000000e+03
2.299770000000000000e+05 8.765000000000000000e+03
2.333100000000000000e+05 8.813000000000000000e+03
2.366430000000000000e+05 8.676000000000000000e+03
2.399760000000000000e+05 9.097000000000000000e+03
2.433090000000000000e+05 9.098000000000000000e+03
2.466420000000000000e+05 9.480000000000000000e+03
2.499750000000000000e+05 9.864000000000000000e+03
2.533080000000000000e+05 1.023800000000000000e+04
2.566410000000000000e+05 1.049100000000000000e+04
2.599740000000000000e+05 1.109500000000000000e+04
2.633070000000000000e+05 1.150500000000000000e+04
2.666400000000000000e+05 1.192200000000000000e+04
2.699730000000000000e+05 1.269800000000000000e+04
2.733060000000000000e+05 1.331400000000000000e+04
2.766390000000000000e+05 1.381400000000000000e+04
2.799720000000000000e+05 1.425100000000000000e+04
2.833050000000000000e+05 1.525200000000000000e+04
2.866380000000000000e+05 1.550900000000000000e+04
2.899710000000000000e+05 1.664200000000000000e+04
2.933040000000000000e+05 1.722400000000000000e+04
2.966370000000000000e+05 1.758400000000000000e+04
2.999700000000000000e+05 1.815800000000000000e+04
3.033030000000000000e+05 1.899000000000000000e+04
3.066360000000000000e+05 1.983000000000000000e+04
3.099690000000000000e+05 2.038100000000000000e+04
3.133020000000000000e+05 2.095800000000000000e+04
3.166350000000000000e+05 2.137800000000000000e+04
3.199680000000000000e+05 2.171500000000000000e+04
3.233010000000000000e+05 2.235500000000000000e+04
3.266340000000000000e+05 2.294900000000000000e+04
3.299670000000000000e+05 2.315000000000000000e+04
3.333000000000000000e+05 2.368000000000000000e+04
3.366330000000000000e+05 2.402100000000000000e+04
3.399660000000000000e+05 2.437600000000000000e+04
3.432990000000000000e+05 2.443400000000000000e+04
3.466320000000000000e+05 2.507900000000000000e+04
3.499650000000000000e+05 2.544000000000000000e+04
3.532980000000000000e+05 2.506000000000000000e+04
3.566310000000000000e+05 2.567000000000000000e+04
3.599640000000000000e+05 2.609400000000000000e+04
3.632970000000000000e+05 2.594700000000000000e+04
3.666300000000000000e+05 2.649600000000000000e+04
3.699630000000000000e+05 2.616000000000000000e+04
3.732960000000000000e+05 2.659500000000000000e+04
3.766290000000000000e+05 2.666400000000000000e+04
3.799620000000000000e+05 2.681800000000000000e+04
3.832950000000000000e+05 2.677400000000000000e+04
3.866280000000000000e+05 2.711900000000000000e+04
3.899610000000000000e+05 2.695900000000000000e+04
3.932940000000000000e+05 2.715700000000000000e+04
3.966270000000000000e+05 2.730900000000000000e+04
3.999600000000000000e+05 2.684200000000000000e+04
4.032930000000000000e+05 2.666500000000000000e+04
4.066260000000000000e+05 2.676800000000000000e+04
4.099590000000000000e+05 2.693600000000000000e+04
4.132920000000000000e+05 2.680600000000000000e+04
4.166250000000000000e+05 2.672200000000000000e+04
4.199580000000000000e+05 2.635400000000000000e+04
4.232910000000000000e+05 2.655000000000000000e+04
4.266240000000000000e+05 2.601200000000000000e+04
4.299570000000000000e+05 2.609200000000000000e+04
4.332900000000000000e+05 2.609800000000000000e+04
4.366230000000000000e+05 2.554300000000000000e+04
4.399560000000000000e+05 2.578400000000000000e+04
4.432890000000000000e+05 2.549500000000000000e+04
4.466220000000000000e+05 2.507300000000000000e+04
4.499550000000000000e+05 2.463100000000000000e+04
4.532880000000000000e+05 2.411200000000000000e+04
4.566210000000000000e+05 2.385800000000000000e+04
4.599540000000000000e+05 2.383300000000000000e+04
4.632870000000000000e+05 2.350900000000000000e+04
4.666200000000000000e+05 2.279900000000000000e+04
4.699530000000000000e+05 2.258200000000000000e+04
4.732860000000000000e+05 2.185900000000000000e+04
4.766190000000000000e+05 2.133900000000000000e+04
4.799520000000000000e+05 2.102000000000000000e+04
4.832850000000000000e+05 2.033500000000000000e+04
4.866180000000000000e+05 1.962000000000000000e+04
4.899510000000000000e+05 1.906300000000000000e+04
4.932840000000000000e+05 1.876000000000000000e+04
4.966170000000000000e+05 1.797300000000000000e+04
4.999500000000000000e+05 1.730300000000000000e+04
5.032830000000000000e+05 1.663500000000000000e+04
5.066160000000000000e+05 1.588700000000000000e+04
5.099490000000000000e+05 1.533900000000000000e+04
5.132820000000000000e+05 1.479900000000000000e+04
5.166150000000000000e+05 1.400500000000000000e+04
5.199480000000000000e+05 1.331800000000000000e+04
5.232810000000000000e+05 1.277800000000000000e+04
5.266140000000000000e+05 1.229900000000000000e+04
5.299470000000000000e+05 1.185100000000000000e+04
5.332800000000000000e+05 1.126100000000000000e+04
5.366130000000000000e+05 1.088300000000000000e+04
5.399460000000000000e+05 1.031500000000000000e+04
5.432790000000000000e+05 1.010800000000000000e+04
5.466120000000000000e+05 9.688000000000000000e+03
5.499450000000000000e+05 9.225000000000000000e+03
5.532780000000000000e+05 9.258000000000000000e+03
5.566110000000000000e+05 9.038000000000000000e+03
5.599440000000000000e+05 8.822000000000000000e+03
5.632770000000000000e+05 8.596000000000000000e+03
5.666100000000000000e+05 8.589000000000000000e+03
5.699430000000000000e+05 9.002000000000000000e+03
5.732760000000000000e+05 8.936000000000000000e+03
5.766090000000000000e+05 9.252000000000000000e+03
5.799420000000000000e+05 9.436000000000000000e+03
5.832750000000000000e+05 9.617000000000000000e+03
5.866080000000000000e+05 1.012800000000000000e+04
5.899410000000000000e+05 1.059300000000000000e+04
5.932740000000000000e+05 1.104700000000000000e+04
5.966070000000000000e+05 1.154900000000000000e+04
5.999400000000000000e+05 1.217000000000000000e+04
6.032730000000000000e+05 1.254900000000000000e+04
6.066060000000000000e+05 1.311800000000000000e+04
6.099390000000000000e+05 1.397600000000000000e+04
6.132720000000000000e+05 1.433500000000000000e+04
6.166050000000000000e+05 1.510500000000000000e+04
6.199380000000000000e+05 1.573000000000000000e+04
6.232710000000000000e+05 1.621900000000000000e+04
6.266040000000000000e+05 1.715300000000000000e+04
6.299370000000000000e+05 1.769100000000000000e+04
6.332700000000000000e+05 1.834700000000000000e+04
6.366030000000000000e+05 1.898000000000000000e+04
6.399360000000000000e+05 1.955700000000000000e+04
6.432690000000000000e+05 2.023600000000000000e+04
6.466020000000000000e+05 2.058600000000000000e+04
6.499350000000000000e+05 2.129300000000000000e+04
6.532680000000000000e+05 2.216800000000000000e+04
6.566010000000000000e+05 2.232300000000000000e+04
6.599340000000000000e+05 2.306300000000000000e+04
6.632670000000000000e+05 2.296400000000000000e+04
