0.000000000000000000e+00 7.005000000000000000e+03
1.420000000000000000e+02 7.147000000000000000e+03
2.840000000000000000e+02 7.368000000000000000e+03
4.260000000000000000e+02 7.407000000000000000e+03
5.680000000000000000e+02 7.684000000000000000e+03
7.100000000000000000e+02 7.683000000000000000e+03
8.520000000000000000e+02 7.652000000000000000e+03
9.940000000000000000e+02 7.967000000000000000e+03
1.136000000000000000e+03 7.741000000000000000e+03
1.278000000000000000e+03 8.006000000000000000e+03
1.420000000000000000e+03 8.144000000000000000e+03
1.562000000000000000e+03 8.053000000000000000e+03
1.704000000000000000e+03 8.122000000000000000e+03
1.846000000000000000e+03 8.006000000000000000e+03
1.988000000000000000e+03 8.242000000000000000e+03
2.130000000000000000e+03 8.195000000000000000e+03
2.272000000000000000e+03 8.187000000000000000e+03
2.414000000000000000e+03 8.265000000000000000e+03
2.556000000000000000e+03 8.196000000000000000e+03
2.698000000000000000e+03 8.098000000000000000e+03
2.840000000000000000e+03 8.162000000000000000e+03
2.982000000000000000e+03 8.137000000000000000e+03
3.124000000000000000e+03 8.099000000000000000e+03
3.266000000000000000e+03 8.338000000000000000e+03
3.408000000000000000e+03 8.164000000000000000e+03
3.550000000000000000e+03 8.180000000000000000e+03
3.692000000000000000e+03 8.280000000000000000e+03
3.834000000000000000e+03 8.205000000000000000e+03
3.976000000000000000e+03 8.163000000000000000e+03
4.118000000000000000e+03 8.189000000000000000e+03
4.260000000000000000e+03 7.941000000000000000e+03
4.402000000000000000e+03 7.733000000000000000e+03
4.544000000000000000e+03 7.719000000000000000e+03
4.686000000000000000e+03 7.703000000000000000e+03
4.828000000000000000e+03 7.600000000000000000e+03
4.970000000000000000e+03 7.573000000000000000e+03
5.112000000000000000e+03 7.308000000000000000e+03
5.254000000000000000e+03 7.189000000000000000e+03
5.396000000000000000e+03 7.313000000000000000e+03
5.538000000000000000e+03 7.196000000000000000e+03
5.680000000000000000e+03 7.077000000000000000e+03
5.822000000000000000e+03 6.986000000000000000e+03
5.964000000000000000e+03 6.748000000000000000e+03
6.106000000000000000e+03 6.669000000000000000e+03
6.248000000000000000e+03 6.538000000000000000e+03
6.390000000000000000e+03 6.373000000000000000e+03
6.532000000000000000e+03 6.153000000000000000e+03
6.674000000000000000e+03 5.906000000000000000e+03
6.816000000000000000e+03 5.831000000000000000e+03
6.958000000000000000e+03 5.579000000000000000e+03
7.100000000000000000e+03 5.404000000000000000e+03
7.242000000000000000e+03 5.223000000000000000e+03
7.384000000000000000e+03 4.937000000000000000e+03
7.526000000000000000e+03 4.785000000000000000e+03
7.668000000000000000e+03 4.641000000000000000e+03
7.810000000000000000e+03 4.503000000000000000e+03
7.952000000000000000e+03 4.283000000000000000e+03
8.094000000000000000e+03 4.047000000000000000e+03
8.236000000000000000e+03 3.987000000000000000e+03
8.378000000000000000e+03 3.760000000000000000e+03
8.520000000000000000e+03 3.676000000000000000e+03
8.662000000000000000e+03 3.576000000000000000e+03
8.804000000000000000e+03 3.308000000000000000e+03
8.946000000000000000e+03 3.364000000000000000e+03
9.088000000000000000e+03 3.058000000000000000e+03
9.230000000000000000e+03 3.024000000000000000e+03
9.372000000000000000e+03 2.890000000000000000e+03
9.514000000000000000e+03 3.007000000000000000e+03
9.656000000000000000e+03 2.820000000000000000e+03
9.798000000000000000e+03 2.680000000000000000e+03
9.940000000000000000e+03 2.771000000000000000e+03
1.008200000000000000e+04 2.644000000000000000e+03
1.022400000000000000e+04 2.683000000000000000e+03
1.036600000000000000e+04 2.661000000000000000e+03
1.050800000000000000e+04 2.711000000000000000e+03
1.065000000000000000e+04 2.689000000000000000e+03
1.079200000000000000e+04 2.775000000000000000e+03
1.093400000000000000e+04 2.880000000000000000e+03
1.107600000000000000e+04 3.051000000000000000e+03
1.121800000000000000e+04 3.110000000000000000e+03
1.136000000000000000e+04 3.279000000000000000e+03
1.150200000000000000e+04 3.560000000000000000e+03
1.164400000000000000e+04 3.570000000000000000e+03
1.178600000000000000e+04 3.956000000000000000e+03
1.192800000000000000e+04 3.909000000000000000e+03
1.207000000000000000e+04 4.154000000000000000e+03
1.221200000000000000e+04 4.379000000000000000e+03
1.235400000000000000e+04 4.777000000000000000e+03
1.249600000000000000e+04 4.893000000000000000e+03
1.263800000000000000e+04 5.113000000000000000e+03
1.278000000000000000e+04 5.385000000000000000e+03
1.292200000000000000e+04 5.540000000000000000e+03
1.306400000000000000e+04 5.857000000000000000e+03
1.320600000000000000e+04 5.882000000000000000e+03
1.334800000000000000e+04 6.066000000000000000e+03
1.349000000000000000e+04 6.160000000000000000e+03
1.363200000000000000e+04 6.486000000000000000e+03
1.377400000000000000e+04 6.642000000000000000e+03
1.391600000000000000e+04 6.835000000000000000e+03
1.405800000000000000e+04 6.740000000000000000e+03
1.420000000000000000e+04 7.035000000000000000e+03
1.434200000000000000e+04 7.062000000000000000e+03
1.448400000000000000e+04 7.152000000000000000e+03
1.462600000000000000e+04 7.583000000000000000e+03
1.476800000000000000e+04 7.486000000000000000e+03
1.491000000000000000e+04 7.593000000000000000e+03
1.505200000000000000e+04 7.797000000000000000e+03
1.519400000000000000e+04 7.793000000000000000e+03
1.533600000000000000e+04 7.992000000000000000e+03
1.547800000000000000e+04 8.018000000000000000e+03
1.562000000000000000e+04 8.001000000000000000e+03
1.576200000000000000e+04 8.231000000000000000e+03
1.590400000000000000e+04 7.945000000000000000e+03
1.604600000000000000e+04 8.077000000000000000e+03
1.618800000000000000e+04 8.385000000000000000e+03
1.633000000000000000e+04 8.142000000000000000e+03
1.647200000000000000e+04 8.122000000000000000e+03
1.661400000000000000e+04 8.228000000000000000e+03
1.675600000000000000e+04 8.205000000000000000e+03
1.689800000000000000e+04 8.204000000000000000e+03
1.704000000000000000e+04 8.080000000000000000e+03
1.718200000000000000e+04 8.152000000000000000e+03
1.732400000000000000e+04 8.195000000000000000e+03
1.746600000000000000e+04 8.251000000000000000e+03
1.760800000000000000e+04 8.134000000000000000e+03
1.775000000000000000e+04 8.275000000000000000e+03
1.789200000000000000e+04 8.187000000000000000e+03
1.803400000000000000e+04 8.085000000000000000e+03
1.817600000000000000e+04 7.947000000000000000e+03
1.831800000000000000e+04 8.215000000000000000e+03
1.846000000000000000e+04 8.014000000000000000e+03
1.860200000000000000e+04 7.894000000000000000e+03
1.874400000000000000e+04 7.866000000000000000e+03
1.888600000000000000e+04 7.671000000000000000e+03
1.902800000000000000e+04 7.707000000000000000e+03
1.917000000000000000e+04 7.711000000000000000e+03
1.931200000000000000e+04 7.604000000000000000e+03
1.945400000000000000e+04 7.482000000000000000e+03
1.959600000000000000e+04 7.361000000000000000e+03
1.973800000000000000e+04 7.177000000000000000e+03
1.988000000000000000e+04 7.151000000000000000e+03
2.002200000000000000e+04 6.985000000000000000e+03
2.016400000000000000e+04 6.890000000000000000e+03
2.030600000000000000e+04 6.733000000000000000e+03
2.044800000000000000e+04 6.604000000000000000e+03
2.059000000000000000e+04 6.369000000000000000e+03
2.073200000000000000e+04 6.278000000000000000e+03
2.087400000000000000e+04 6.270000000000000000e+03
2.101600000000000000e+04 5.759000000000000000e+03
2.115800000000000000e+04 5.724000000000000000e+03
2.130000000000000000e+04 5.643000000000000000e+03
2.144200000000000000e+04 5.353000000000000000e+03
2.158400000000000000e+04 5.253000000000000000e+03
2.172600000000000000e+04 4.985000000000000000e+03
2.186800000000000000e+04 4.888000000000000000e+03
2.201000000000000000e+04 4.700000000000000000e+03
2.215200000000000000e+04 4.377000000000000000e+03
2.229400000000000000e+04 4.264000000000000000e+03
2.243600000000000000e+04 4.073000000000000000e+03
2.257800000000000000e+04 3.928000000000000000e+03
2.272000000000000000e+04 3.693000000000000000e+03
2.286200000000000000e+04 3.646000000000000000e+03
2.300400000000000000e+04 3.496000000000000000e+03
2.314600000000000000e+04 3.453000000000000000e+03
2.328800000000000000e+04 3.194000000000000000e+03
2.343000000000000000e+04 3.151000000000000000e+03
2.357200000000000000e+04 3.012000000000000000e+03
2.371400000000000000e+04 3.096000000000000000e+03
2.385600000000000000e+04 2.739000000000000000e+03
2.399800000000000000e+04 2.667000000000000000e+03
2.414000000000000000e+04 2.605000000000000000e+03
2.428200000000000000e+04 2.773000000000000000e+03
2.442400000000000000e+04 2.715000000000000000e+03
2.456600000000000000e+04 2.750000000000000000e+03
2.470800000000000000e+04 2.702000000000000000e+03
2.485000000000000000e+04 2.697000000000000000e+03
2.499200000000000000e+04 2.758000000000000000e+03
2.513400000000000000e+04 2.792000000000000000e+03
2.527600000000000000e+04 3.030000000000000000e+03
2.541800000000000000e+04 3.184000000000000000e+03
2.556000000000000000e+04 3.133000000000000000e+03
2.570200000000000000e+04 3.260000000000000000e+03
2.584400000000000000e+04 3.544000000000000000e+03
2.598600000000000000e+04 3.701000000000000000e+03
2.612800000000000000e+04 3.984000000000000000e+03
2.627000000000000000e+04 4.081000000000000000e+03
2.641200000000000000e+04 4.364000000000000000e+03
2.655400000000000000e+04 4.527000000000000000e+03
2.669600000000000000e+04 4.666000000000000000e+03
2.683800000000000000e+04 4.943000000000000000e+03
2.698000000000000000e+04 5.224000000000000000e+03
2.712200000000000000e+04 5.341000000000000000e+03
2.726400000000000000e+04 5.464000000000000000e+03
2.740600000000000000e+04 5.683000000000000000e+03
2.754800000000000000e+04 6.075000000000000000e+03
2.769000000000000000e+04 6.277000000000000000e+03
2.783200000000000000e+04 6.330000000000000000e+03
2.797400000000000000e+04 6.529000000000000000e+03
2.811600000000000000e+04 6.604000000000000000e+03
2.825800000000000000e+04 6.845000000000000000e+03
2.840000000000000000e+04 6.994000000000000000e+03
