0.000000000000000000e+00 3.379300000000000000e+04
1.000000000000000000e+04 3.489300000000000000e+04
2.000000000000000000e+04 3.522700000000000000e+04
3.000000000000000000e+04 3.524500000000000000e+04
4.000000000000000000e+04 3.563200000000000000e+04
5.000000000000000000e+04 3.596100000000000000e+04
6.000000000000000000e+04 3.636100000000000000e+04
7.000000000000000000e+04 3.652100000000000000e+04
8.000000000000000000e+04 3.684700000000000000e+04
9.000000000000000000e+04 3.679200000000000000e+04
1.000000000000000000e+05 3.755700000000000000e+04
1.100000000000000000e+05 3.745400000000000000e+04
1.200000000000000000e+05 3.711800000000000000e+04
1.300000000000000000e+05 3.794900000000000000e+04
1.400000000000000000e+05 3.764800000000000000e+04
1.500000000000000000e+05 3.780200000000000000e+04
1.600000000000000000e+05 3.785900000000000000e+04
1.700000000000000000e+05 3.790500000000000000e+04
1.800000000000000000e+05 3.766800000000000000e+04
1.900000000000000000e+05 3.795900000000000000e+04
2.000000000000000000e+05 3.816900000000000000e+04
2.100000000000000000e+05 3.798900000000000000e+04
2.200000000000000000e+05 3.819200000000000000e+04
2.300000000000000000e+05 3.748600000000000000e+04
2.400000000000000000e+05 3.757000000000000000e+04
2.500000000000000000e+05 3.792100000000000000e+04
2.600000000000000000e+05 3.728200000000000000e+04
2.700000000000000000e+05 3.721600000000000000e+04
2.800000000000000000e+05 3.665600000000000000e+04
2.900000000000000000e+05 3.660400000000000000e+04
3.000000000000000000e+05 3.632900000000000000e+04
3.100000000000000000e+05 3.611500000000000000e+04
3.200000000000000000e+05 3.577500000000000000e+04
3.300000000000000000e+05 3.546800000000000000e+04
3.400000000000000000e+05 3.491300000000000000e+04
3.500000000000000000e+05 3.423600000000000000e+04
3.600000000000000000e+05 3.410400000000000000e+04
3.700000000000000000e+05 3.353900000000000000e+04
3.800000000000000000e+05 3.322000000000000000e+04
3.900000000000000000e+05 3.242600000000000000e+04
4.000000000000000000e+05 3.182200000000000000e+04
4.100000000000000000e+05 3.157700000000000000e+04
4.200000000000000000e+05 3.067900000000000000e+04
4.300000000000000000e+05 3.002600000000000000e+04
4.400000000000000000e+05 2.925200000000000000e+04
4.500000000000000000e+05 2.822000000000000000e+04
4.600000000000000000e+05 2.739700000000000000e+04
4.700000000000000000e+05 2.642500000000000000e+04
4.800000000000000000e+05 2.584400000000000000e+04
4.900000000000000000e+05 2.488700000000000000e+04
5.000000000000000000e+05 2.425400000000000000e+04
5.100000000000000000e+05 2.325900000000000000e+04
5.200000000000000000e+05 2.184700000000000000e+04
5.300000000000000000e+05 2.093100000000000000e+04
5.400000000000000000e+05 2.009000000000000000e+04
5.500000000000000000e+05 1.929100000000000000e+04
5.600000000000000000e+05 1.806500000000000000e+04
5.700000000000000000e+05 1.744600000000000000e+04
5.800000000000000000e+05 1.656800000000000000e+04
5.900000000000000000e+05 1.606400000000000000e+04
6.000000000000000000e+05 1.495000000000000000e+04
6.100000000000000000e+05 1.454300000000000000e+04
6.200000000000000000e+05 1.369300000000000000e+04
6.300000000000000000e+05 1.345500000000000000e+04
6.400000000000000000e+05 1.288700000000000000e+04
6.500000000000000000e+05 1.238700000000000000e+04
6.600000000000000000e+05 1.203800000000000000e+04
6.700000000000000000e+05 1.179000000000000000e+04
6.800000000000000000e+05 1.152300000000000000e+04
6.900000000000000000e+05 1.166000000000000000e+04
7.000000000000000000e+05 1.149500000000000000e+04
7.100000000000000000e+05 1.198900000000000000e+04
7.200000000000000000e+05 1.190300000000000000e+04
7.300000000000000000e+05 1.231600000000000000e+04
7.400000000000000000e+05 1.264400000000000000e+04
7.500000000000000000e+05 1.282500000000000000e+04
7.600000000000000000e+05 1.373400000000000000e+04
7.700000000000000000e+05 1.390700000000000000e+04
7.800000000000000000e+05 1.458100000000000000e+04
7.900000000000000000e+05 1.531000000000000000e+04
8.000000000000000000e+05 1.628900000000000000e+04
8.100000000000000000e+05 1.714500000000000000e+04
8.200000000000000000e+05 1.778300000000000000e+04
8.300000000000000000e+05 1.893100000000000000e+04
8.400000000000000000e+05 1.940000000000000000e+04
8.500000000000000000e+05 2.072900000000000000e+04
8.600000000000000000e+05 2.139900000000000000e+04
8.700000000000000000e+05 2.266700000000000000e+04
8.800000000000000000e+05 2.349200000000000000e+04
8.900000000000000000e+05 2.419600000000000000e+04
9.000000000000000000e+05 2.560200000000000000e+04
9.100000000000000000e+05 2.644600000000000000e+04
9.200000000000000000e+05 2.674900000000000000e+04
9.300000000000000000e+05 2.798400000000000000e+04
9.400000000000000000e+05 2.851400000000000000e+04
9.500000000000000000e+05 2.951600000000000000e+04
9.600000000000000000e+05 3.018900000000000000e+04
9.700000000000000000e+05 3.094000000000000000e+04
9.800000000000000000e+05 3.184800000000000000e+04
9.900000000000000000e+05 3.222100000000000000e+04
1.000000000000000000e+06 3.296000000000000000e+04
1.010000000000000000e+06 3.342700000000000000e+04
1.020000000000000000e+06 3.379500000000000000e+04
1.030000000000000000e+06 3.456500000000000000e+04
1.040000000000000000e+06 3.486000000000000000e+04
1.050000000000000000e+06 3.535200000000000000e+04
1.060000000000000000e+06 3.575000000000000000e+04
1.070000000000000000e+06 3.602800000000000000e+04
1.080000000000000000e+06 3.616800000000000000e+04
1.090000000000000000e+06 3.638300000000000000e+04
1.100000000000000000e+06 3.645500000000000000e+04
1.110000000000000000e+06 3.717200000000000000e+04
1.120000000000000000e+06 3.705100000000000000e+04
1.130000000000000000e+06 3.735700000000000000e+04
1.140000000000000000e+06 3.725200000000000000e+04
1.150000000000000000e+06 3.759800000000000000e+04
1.160000000000000000e+06 3.775100000000000000e+04
1.170000000000000000e+06 3.802500000000000000e+04
1.180000000000000000e+06 3.760600000000000000e+04
1.190000000000000000e+06 3.760400000000000000e+04
1.200000000000000000e+06 3.774000000000000000e+04
1.210000000000000000e+06 3.805200000000000000e+04
1.220000000000000000e+06 3.803300000000000000e+04
1.230000000000000000e+06 3.768300000000000000e+04
1.240000000000000000e+06 3.780300000000000000e+04
1.250000000000000000e+06 3.784000000000000000e+04
1.260000000000000000e+06 3.717700000000000000e+04
1.270000000000000000e+06 3.715700000000000000e+04
1.280000000000000000e+06 3.692200000000000000e+04
1.290000000000000000e+06 3.645900000000000000e+04
1.300000000000000000e+06 3.669300000000000000e+04
1.310000000000000000e+06 3.596000000000000000e+04
1.320000000000000000e+06 3.559000000000000000e+04
1.330000000000000000e+06 3.494000000000000000e+04
1.340000000000000000e+06 3.512300000000000000e+04
1.350000000000000000e+06 3.467200000000000000e+04
1.360000000000000000e+06 3.444900000000000000e+04
1.370000000000000000e+06 3.388400000000000000e+04
1.380000000000000000e+06 3.271900000000000000e+04
1.390000000000000000e+06 3.251800000000000000e+04
1.400000000000000000e+06 3.198500000000000000e+04
1.410000000000000000e+06 3.140900000000000000e+04
1.420000000000000000e+06 3.056200000000000000e+04
1.430000000000000000e+06 2.978700000000000000e+04
1.440000000000000000e+06 2.920300000000000000e+04
1.450000000000000000e+06 2.802900000000000000e+04
1.460000000000000000e+06 2.731900000000000000e+04
1.470000000000000000e+06 2.653800000000000000e+04
1.480000000000000000e+06 2.576300000000000000e+04
1.490000000000000000e+06 2.467200000000000000e+04
1.500000000000000000e+06 2.381300000000000000e+04
1.510000000000000000e+06 2.327200000000000000e+04
1.520000000000000000e+06 2.228800000000000000e+04
1.530000000000000000e+06 2.119000000000000000e+04
1.540000000000000000e+06 2.034800000000000000e+04
1.550000000000000000e+06 1.933100000000000000e+04
1.560000000000000000e+06 1.821500000000000000e+04
1.570000000000000000e+06 1.742200000000000000e+04
1.580000000000000000e+06 1.665400000000000000e+04
1.590000000000000000e+06 1.575500000000000000e+04
1.600000000000000000e+06 1.536000000000000000e+04
1.610000000000000000e+06 1.445900000000000000e+04
1.620000000000000000e+06 1.366200000000000000e+04
1.630000000000000000e+06 1.306900000000000000e+04
1.640000000000000000e+06 1.260500000000000000e+04
1.650000000000000000e+06 1.232400000000000000e+04
1.660000000000000000e+06 1.180100000000000000e+04
1.670000000000000000e+06 1.175000000000000000e+04
1.680000000000000000e+06 1.155200000000000000e+04
1.690000000000000000e+06 1.162100000000000000e+04
1.700000000000000000e+06 1.159700000000000000e+04
1.710000000000000000e+06 1.162000000000000000e+04
1.720000000000000000e+06 1.177700000000000000e+04
1.730000000000000000e+06 1.207700000000000000e+04
1.740000000000000000e+06 1.245100000000000000e+04
1.750000000000000000e+06 1.292200000000000000e+04
1.760000000000000000e+06 1.356300000000000000e+04
1.770000000000000000e+06 1.409400000000000000e+04
1.780000000000000000e+06 1.439900000000000000e+04
1.790000000000000000e+06 1.521300000000000000e+04
1.800000000000000000e+06 1.608600000000000000e+04
1.810000000000000000e+06 1.694900000000000000e+04
1.820000000000000000e+06 1.793800000000000000e+04
1.830000000000000000e+06 1.878100000000000000e+04
1.840000000000000000e+06 1.961200000000000000e+04
1.850000000000000000e+06 2.079700000000000000e+04
1.860000000000000000e+06 2.167300000000000000e+04
1.870000000000000000e+06 2.255100000000000000e+04
1.880000000000000000e+06 2.331200000000000000e+04
1.890000000000000000e+06 2.436800000000000000e+04
1.900000000000000000e+06 2.495900000000000000e+04
1.910000000000000000e+06 2.611200000000000000e+04
1.920000000000000000e+06 2.700800000000000000e+04
1.930000000000000000e+06 2.781800000000000000e+04
1.940000000000000000e+06 2.869100000000000000e+04
1.950000000000000000e+06 2.972400000000000000e+04
1.960000000000000000e+06 3.057900000000000000e+04
1.970000000000000000e+06 3.074800000000000000e+04
1.980000000000000000e+06 3.192900000000000000e+04
1.990000000000000000e+06 3.202300000000000000e+04
