0.000000000000000000e+00 7.670000000000000000e+03
3.300000000000000000e+01 7.903000000000000000e+03
6.600000000000000000e+01 8.196000000000000000e+03
9.900000000000000000e+01 8.315000000000000000e+03
1.320000000000000000e+02 8.244000000000000000e+03
1.650000000000000000e+02 8.367000000000000000e+03
1.980000000000000000e+02 8.583000000000000000e+03
2.310000000000000000e+02 8.606000000000000000e+03
2.640000000000000000e+02 8.708000000000000000e+03
2.970000000000000000e+02 8.831000000000000000e+03
3.300000000000000000e+02 8.964000000000000000e+03
3.630000000000000000e+02 8.939000000000000000e+03
3.960000000000000000e+02 9.044000000000000000e+03
4.290000000000000000e+02 9.046000000000000000e+03
4.620000000000000000e+02 9.012000000000000000e+03
4.950000000000000000e+02 9.307000000000000000e+03
5.280000000000000000e+02 9.143000000000000000e+03
5.610000000000000000e+02 9.270000000000000000e+03
5.940000000000000000e+02 9.197000000000000000e+03
6.270000000000000000e+02 9.271000000000000000e+03
6.600000000000000000e+02 9.269000000000000000e+03
6.930000000000000000e+02 9.264000000000000000e+03
7.260000000000000000e+02 9.315000000000000000e+03
7.590000000000000000e+02 9.212000000000000000e+03
7.920000000000000000e+02 9.189000000000000000e+03
8.250000000000000000e+02 9.217000000000000000e+03
8.580000000000000000e+02 9.133000000000000000e+03
8.910000000000000000e+02 9.195000000000000000e+03
9.240000000000000000e+02 9.174000000000000000e+03
9.570000000000000000e+02 9.216000000000000000e+03
9.900000000000000000e+02 9.287000000000000000e+03
1.023000000000000000e+03 9.087000000000000000e+03
1.056000000000000000e+03 9.184000000000000000e+03
1.089000000000000000e+03 8.899000000000000000e+03
1.122000000000000000e+03 8.851000000000000000e+03
1.155000000000000000e+03 8.928000000000000000e+03
1.188000000000000000e+03 8.967000000000000000e+03
1.221000000000000000e+03 8.927000000000000000e+03
1.254000000000000000e+03 8.556000000000000000e+03
1.287000000000000000e+03 8.764000000000000000e+03
1.320000000000000000e+03 8.457000000000000000e+03
1.353000000000000000e+03 8.162000000000000000e+03
1.386000000000000000e+03 8.288000000000000000e+03
1.419000000000000000e+03 8.110000000000000000e+03
1.452000000000000000e+03 8.007000000000000000e+03
1.485000000000000000e+03 7.833000000000000000e+03
1.518000000000000000e+03 7.621000000000000000e+03
1.551000000000000000e+03 7.350000000000000000e+03
1.584000000000000000e+03 7.301000000000000000e+03
1.617000000000000000e+03 7.187000000000000000e+03
1.650000000000000000e+03 6.839000000000000000e+03
1.683000000000000000e+03 6.749000000000000000e+03
1.716000000000000000e+03 6.701000000000000000e+03
1.749000000000000000e+03 6.420000000000000000e+03
1.782000000000000000e+03 6.352000000000000000e+03
1.815000000000000000e+03 6.110000000000000000e+03
1.848000000000000000e+03 5.907000000000000000e+03
1.881000000000000000e+03 5.702000000000000000e+03
1.914000000000000000e+03 5.607000000000000000e+03
1.947000000000000000e+03 5.411000000000000000e+03
1.980000000000000000e+03 5.180000000000000000e+03
2.013000000000000000e+03 4.964000000000000000e+03
2.046000000000000000e+03 4.739000000000000000e+03
2.079000000000000000e+03 4.669000000000000000e+03
2.112000000000000000e+03 4.459000000000000000e+03
2.145000000000000000e+03 4.402000000000000000e+03
2.178000000000000000e+03 4.224000000000000000e+03
2.211000000000000000e+03 4.158000000000000000e+03
2.244000000000000000e+03 4.052000000000000000e+03
2.277000000000000000e+03 3.936000000000000000e+03
2.310000000000000000e+03 3.816000000000000000e+03
2.343000000000000000e+03 3.942000000000000000e+03
2.376000000000000000e+03 3.805000000000000000e+03
2.409000000000000000e+03 3.689000000000000000e+03
2.442000000000000000e+03 3.641000000000000000e+03
2.475000000000000000e+03 3.628000000000000000e+03
2.508000000000000000e+03 3.686000000000000000e+03
2.541000000000000000e+03 3.785000000000000000e+03
2.574000000000000000e+03 3.741000000000000000e+03
2.607000000000000000e+03 3.861000000000000000e+03
2.640000000000000000e+03 3.866000000000000000e+03
2.673000000000000000e+03 3.874000000000000000e+03
2.706000000000000000e+03 4.107000000000000000e+03
2.739000000000000000e+03 4.204000000000000000e+03
2.772000000000000000e+03 4.399000000000000000e+03
2.805000000000000000e+03 4.518000000000000000e+03
2.838000000000000000e+03 4.770000000000000000e+03
2.871000000000000000e+03 4.846000000000000000e+03
2.904000000000000000e+03 5.027000000000000000e+03
2.937000000000000000e+03 5.283000000000000000e+03
2.970000000000000000e+03 5.530000000000000000e+03
3.003000000000000000e+03 5.822000000000000000e+03
3.036000000000000000e+03 5.962000000000000000e+03
3.069000000000000000e+03 6.177000000000000000e+03
3.102000000000000000e+03 6.384000000000000000e+03
3.135000000000000000e+03 6.583000000000000000e+03
3.168000000000000000e+03 6.723000000000000000e+03
3.201000000000000000e+03 7.056000000000000000e+03
3.234000000000000000e+03 7.157000000000000000e+03
3.267000000000000000e+03 7.433000000000000000e+03
3.300000000000000000e+03 7.576000000000000000e+03
3.333000000000000000e+03 7.843000000000000000e+03
3.366000000000000000e+03 7.795000000000000000e+03
3.399000000000000000e+03 8.095000000000000000e+03
3.432000000000000000e+03 8.297000000000000000e+03
3.465000000000000000e+03 8.583000000000000000e+03
3.498000000000000000e+03 8.396000000000000000e+03
3.531000000000000000e+03 8.704000000000000000e+03
3.564000000000000000e+03 8.616000000000000000e+03
3.597000000000000000e+03 8.760000000000000000e+03
3.630000000000000000e+03 8.785000000000000000e+03
3.663000000000000000e+03 8.972000000000000000e+03
3.696000000000000000e+03 9.098000000000000000e+03
3.729000000000000000e+03 9.166000000000000000e+03
3.762000000000000000e+03 9.067000000000000000e+03
3.795000000000000000e+03 9.123000000000000000e+03
3.828000000000000000e+03 9.187000000000000000e+03
3.861000000000000000e+03 9.304000000000000000e+03
3.894000000000000000e+03 9.340000000000000000e+03
3.927000000000000000e+03 9.461000000000000000e+03
3.960000000000000000e+03 9.400000000000000000e+03
3.993000000000000000e+03 9.381000000000000000e+03
4.026000000000000000e+03 9.391000000000000000e+03
4.059000000000000000e+03 9.383000000000000000e+03
4.092000000000000000e+03 9.408000000000000000e+03
4.125000000000000000e+03 9.386000000000000000e+03
4.158000000000000000e+03 9.238000000000000000e+03
4.191000000000000000e+03 9.220000000000000000e+03
4.224000000000000000e+03 9.270000000000000000e+03
4.257000000000000000e+03 9.451000000000000000e+03
4.290000000000000000e+03 9.408000000000000000e+03
4.323000000000000000e+03 9.351000000000000000e+03
4.356000000000000000e+03 9.222000000000000000e+03
4.389000000000000000e+03 9.120000000000000000e+03
4.422000000000000000e+03 9.163000000000000000e+03
4.455000000000000000e+03 8.968000000000000000e+03
4.488000000000000000e+03 8.825000000000000000e+03
4.521000000000000000e+03 8.944000000000000000e+03
4.554000000000000000e+03 8.672000000000000000e+03
4.587000000000000000e+03 8.668000000000000000e+03
4.620000000000000000e+03 8.622000000000000000e+03
4.653000000000000000e+03 8.446000000000000000e+03
4.686000000000000000e+03 8.290000000000000000e+03
4.719000000000000000e+03 8.209000000000000000e+03
4.752000000000000000e+03 8.160000000000000000e+03
4.785000000000000000e+03 8.016000000000000000e+03
4.818000000000000000e+03 7.906000000000000000e+03
4.851000000000000000e+03 7.751000000000000000e+03
4.884000000000000000e+03 7.672000000000000000e+03
4.917000000000000000e+03 7.380000000000000000e+03
4.950000000000000000e+03 7.103000000000000000e+03
4.983000000000000000e+03 6.993000000000000000e+03
5.016000000000000000e+03 6.822000000000000000e+03
5.049000000000000000e+03 6.570000000000000000e+03
5.082000000000000000e+03 6.590000000000000000e+03
5.115000000000000000e+03 6.344000000000000000e+03
5.148000000000000000e+03 5.943000000000000000e+03
5.181000000000000000e+03 5.833000000000000000e+03
5.214000000000000000e+03 5.586000000000000000e+03
5.247000000000000000e+03 5.503000000000000000e+03
5.280000000000000000e+03 5.377000000000000000e+03
5.313000000000000000e+03 5.250000000000000000e+03
5.346000000000000000e+03 5.153000000000000000e+03
5.379000000000000000e+03 4.622000000000000000e+03
5.412000000000000000e+03 4.620000000000000000e+03
5.445000000000000000e+03 4.516000000000000000e+03
5.478000000000000000e+03 4.314000000000000000e+03
5.511000000000000000e+03 4.251000000000000000e+03
5.544000000000000000e+03 4.181000000000000000e+03
5.577000000000000000e+03 4.040000000000000000e+03
5.610000000000000000e+03 3.865000000000000000e+03
5.643000000000000000e+03 3.698000000000000000e+03
5.676000000000000000e+03 3.898000000000000000e+03
5.709000000000000000e+03 3.754000000000000000e+03
5.742000000000000000e+03 3.678000000000000000e+03
5.775000000000000000e+03 3.701000000000000000e+03
5.808000000000000000e+03 3.685000000000000000e+03
5.841000000000000000e+03 3.642000000000000000e+03
5.874000000000000000e+03 3.705000000000000000e+03
5.907000000000000000e+03 3.600000000000000000e+03
5.940000000000000000e+03 3.769000000000000000e+03
5.973000000000000000e+03 3.788000000000000000e+03
6.006000000000000000e+03 3.876000000000000000e+03
6.039000000000000000e+03 4.098000000000000000e+03
6.072000000000000000e+03 4.024000000000000000e+03
6.105000000000000000e+03 4.360000000000000000e+03
6.138000000000000000e+03 4.351000000000000000e+03
6.171000000000000000e+03 4.560000000000000000e+03
6.204000000000000000e+03 4.835000000000000000e+03
6.237000000000000000e+03 4.985000000000000000e+03
6.270000000000000000e+03 5.122000000000000000e+03
6.303000000000000000e+03 5.628000000000000000e+03
6.336000000000000000e+03 5.658000000000000000e+03
6.369000000000000000e+03 5.981000000000000000e+03
6.402000000000000000e+03 6.244000000000000000e+03
6.435000000000000000e+03 6.515000000000000000e+03
6.468000000000000000e+03 6.591000000000000000e+03
6.501000000000000000e+03 6.865000000000000000e+03
6.534000000000000000e+03 7.115000000000000000e+03
6.567000000000000000e+03 7.093000000000000000e+03
6.600000000000000000e+03 7.451000000000000000e+03
6.633000000000000000e+03 7.519000000000000000e+03
