0.000000000000000000e+00 4.924000000000000000e+03
3.333000000000000000e+03 5.005000000000000000e+03
6.666000000000000000e+03 5.270000000000000000e+03
9.999000000000000000e+03 5.112000000000000000e+03
1.333200000000000000e+04 5.338000000000000000e+03
1.666500000000000000e+04 5.394000000000000000e+03
1.999800000000000000e+04 5.236000000000000000e+03
2.333100000000000000e+04 5.441000000000000000e+03
2.666400000000000000e+04 5.278000000000000000e+03
2.999700000000000000e+04 5.399000000000000000e+03
3.333000000000000000e+04 5.540000000000000000e+03
3.666300000000000000e+04 5.441000000000000000e+03
3.999600000000000000e+04 5.687000000000000000e+03
4.332900000000000000e+04 5.642000000000000000e+03
4.666200000000000000e+04 5.686000000000000000e+03
4.999500000000000000e+04 5.699000000000000000e+03
5.332800000000000000e+04 5.877000000000000000e+03
5.666100000000000000e+04 5.697000000000000000e+03
5.999400000000000000e+04 5.846000000000000000e+03
6.332700000000000000e+04 5.677000000000000000e+03
6.666000000000000000e+04 5.821000000000000000e+03
6.999300000000000000e+04 5.662000000000000000e+03
7.332600000000000000e+04 5.658000000000000000e+03
7.665900000000000000e+04 5.752000000000000000e+03
7.999200000000000000e+04 5.683000000000000000e+03
8.332500000000000000e+04 5.712000000000000000e+03
8.665800000000000000e+04 5.654000000000000000e+03
8.999100000000000000e+04 5.633000000000000000e+03
9.332400000000000000e+04 5.531000000000000000e+03
9.665700000000000000e+04 5.463000000000000000e+03
9.999000000000000000e+04 5.421000000000000000e+03
1.033230000000000000e+05 5.507000000000000000e+03
1.066560000000000000e+05 5.388000000000000000e+03
1.099890000000000000e+05 5.296000000000000000e+03
1.133220000000000000e+05 5.392000000000000000e+03
1.166550000000000000e+05 5.188000000000000000e+03
1.199880000000000000e+05 5.090000000000000000e+03
1.233210000000000000e+05 5.164000000000000000e+03
1.266540000000000000e+05 4.995000000000000000e+03
1.299870000000000000e+05 4.913000000000000000e+03
1.333200000000000000e+05 4.776000000000000000e+03
1.366530000000000000e+05 4.687000000000000000e+03
1.399860000000000000e+05 4.669000000000000000e+03
1.433190000000000000e+05 4.563000000000000000e+03
1.466520000000000000e+05 4.515000000000000000e+03
1.499850000000000000e+05 4.239000000000000000e+03
1.533180000000000000e+05 4.286000000000000000e+03
1.566510000000000000e+05 3.979000000000000000e+03
1.599840000000000000e+05 3.917000000000000000e+03
1.633170000000000000e+05 3.786000000000000000e+03
1.666500000000000000e+05 3.589000000000000000e+03
1.699830000000000000e+05 3.516000000000000000e+03
1.733160000000000000e+05 3.312000000000000000e+03
1.766490000000000000e+05 3.177000000000000000e+03
1.799820000000000000e+05 3.215000000000000000e+03
1.833150000000000000e+05 2.987000000000000000e+03
1.866480000000000000e+05 2.838000000000000000e+03
1.899810000000000000e+05 2.782000000000000000e+03
1.933140000000000000e+05 2.638000000000000000e+03
1.966470000000000000e+05 2.527000000000000000e+03
1.999800000000000000e+05 2.273000000000000000e+03
2.033130000000000000e+05 2.185000000000000000e+03
2.066460000000000000e+05 2.266000000000000000e+03
2.099790000000000000e+05 2.081000000000000000e+03
2.133120000000000000e+05 2.042000000000000000e+03
2.166450000000000000e+05 2.022000000000000000e+03
2.199780000000000000e+05 1.862000000000000000e+03
2.233110000000000000e+05 1.945000000000000000e+03
2.266440000000000000e+05 1.917000000000000000e+03
2.299770000000000000e+05 1.873000000000000000e+03
2.333100000000000000e+05 1.825000000000000000e+03
2.366430000000000000e+05 1.902000000000000000e+03
2.399760000000000000e+05 1.833000000000000000e+03
2.433090000000000000e+05 1.894000000000000000e+03
2.466420000000000000e+05 1.981000000000000000e+03
2.499750000000000000e+05 2.044000000000000000e+03
2.533080000000000000e+05 2.263000000000000000e+03
2.566410000000000000e+05 2.173000000000000000e+03
2.599740000000000000e+05 2.254000000000000000e+03
2.633070000000000000e+05 2.461000000000000000e+03
2.666400000000000000e+05 2.481000000000000000e+03
2.699730000000000000e+05 2.716000000000000000e+03
2.733060000000000000e+05 2.782000000000000000e+03
2.766390000000000000e+05 2.871000000000000000e+03
2.799720000000000000e+05 3.093000000000000000e+03
2.833050000000000000e+05 3.116000000000000000e+03
2.866380000000000000e+05 3.334000000000000000e+03
2.899710000000000000e+05 3.461000000000000000e+03
2.933040000000000000e+05 3.559000000000000000e+03
2.966370000000000000e+05 3.693000000000000000e+03
2.999700000000000000e+05 3.889000000000000000e+03
3.033030000000000000e+05 3.960000000000000000e+03
3.066360000000000000e+05 4.016000000000000000e+03
3.099690000000000000e+05 4.109000000000000000e+03
3.133020000000000000e+05 4.385000000000000000e+03
3.166350000000000000e+05 4.474000000000000000e+03
3.199680000000000000e+05 4.664000000000000000e+03
3.233010000000000000e+05 4.668000000000000000e+03
3.266340000000000000e+05 4.843000000000000000e+03
3.299670000000000000e+05 4.891000000000000000e+03
3.333000000000000000e+05 5.090000000000000000e+03
3.366330000000000000e+05 5.120000000000000000e+03
3.399660000000000000e+05 5.080000000000000000e+03
3.432990000000000000e+05 5.135000000000000000e+03
3.466320000000000000e+05 5.392000000000000000e+03
3.499650000000000000e+05 5.340000000000000000e+03
3.532980000000000000e+05 5.388000000000000000e+03
3.566310000000000000e+05 5.417000000000000000e+03
3.599640000000000000e+05 5.540000000000000000e+03
3.632970000000000000e+05 5.330000000000000000e+03
3.666300000000000000e+05 5.607000000000000000e+03
3.699630000000000000e+05 5.615000000000000000e+03
3.732960000000000000e+05 5.721000000000000000e+03
3.766290000000000000e+05 5.767000000000000000e+03
3.799620000000000000e+05 5.643000000000000000e+03
3.832950000000000000e+05 5.753000000000000000e+03
3.866280000000000000e+05 5.651000000000000000e+03
3.899610000000000000e+05 5.784000000000000000e+03
3.932940000000000000e+05 5.657000000000000000e+03
3.966270000000000000e+05 5.812000000000000000e+03
3.999600000000000000e+05 5.801000000000000000e+03
4.032930000000000000e+05 5.723000000000000000e+03
4.066260000000000000e+05 5.693000000000000000e+03
4.099590000000000000e+05 5.707000000000000000e+03
4.132920000000000000e+05 5.822000000000000000e+03
4.166250000000000000e+05 5.526000000000000000e+03
4.199580000000000000e+05 5.792000000000000000e+03
4.232910000000000000e+05 5.589000000000000000e+03
4.266240000000000000e+05 5.768000000000000000e+03
4.299570000000000000e+05 5.523000000000000000e+03
4.332900000000000000e+05 5.536000000000000000e+03
4.366230000000000000e+05 5.330000000000000000e+03
4.399560000000000000e+05 5.459000000000000000e+03
4.432890000000000000e+05 5.383000000000000000e+03
4.466220000000000000e+05 5.189000000000000000e+03
4.499550000000000000e+05 5.154000000000000000e+03
4.532880000000000000e+05 5.021000000000000000e+03
4.566210000000000000e+05 5.087000000000000000e+03
4.599540000000000000e+05 4.973000000000000000e+03
4.632870000000000000e+05 4.944000000000000000e+03
4.666200000000000000e+05 4.874000000000000000e+03
4.699530000000000000e+05 4.636000000000000000e+03
4.732860000000000000e+05 4.648000000000000000e+03
4.766190000000000000e+05 4.390000000000000000e+03
4.799520000000000000e+05 4.453000000000000000e+03
4.832850000000000000e+05 4.265000000000000000e+03
4.866180000000000000e+05 4.195000000000000000e+03
4.899510000000000000e+05 3.931000000000000000e+03
4.932840000000000000e+05 3.917000000000000000e+03
4.966170000000000000e+05 3.744000000000000000e+03
4.999500000000000000e+05 3.716000000000000000e+03
5.032830000000000000e+05 3.452000000000000000e+03
5.066160000000000000e+05 3.383000000000000000e+03
5.099490000000000000e+05 3.125000000000000000e+03
5.132820000000000000e+05 3.098000000000000000e+03
5.166150000000000000e+05 2.851000000000000000e+03
5.199480000000000000e+05 2.842000000000000000e+03
5.232810000000000000e+05 2.686000000000000000e+03
5.266140000000000000e+05 2.647000000000000000e+03
5.299470000000000000e+05 2.547000000000000000e+03
5.332800000000000000e+05 2.337000000000000000e+03
5.366130000000000000e+05 2.240000000000000000e+03
5.399460000000000000e+05 2.164000000000000000e+03
5.432790000000000000e+05 2.058000000000000000e+03
5.466120000000000000e+05 2.100000000000000000e+03
5.499450000000000000e+05 1.954000000000000000e+03
5.532780000000000000e+05 1.948000000000000000e+03
5.566110000000000000e+05 1.874000000000000000e+03
5.599440000000000000e+05 1.856000000000000000e+03
5.632770000000000000e+05 1.820000000000000000e+03
5.666100000000000000e+05 1.800000000000000000e+03
5.699430000000000000e+05 1.846000000000000000e+03
5.732760000000000000e+05 1.880000000000000000e+03
5.766090000000000000e+05 1.991000000000000000e+03
5.799420000000000000e+05 1.983000000000000000e+03
5.832750000000000000e+05 1.987000000000000000e+03
5.866080000000000000e+05 2.078000000000000000e+03
5.899410000000000000e+05 2.197000000000000000e+03
5.932740000000000000e+05 2.322000000000000000e+03
5.966070000000000000e+05 2.345000000000000000e+03
5.999400000000000000e+05 2.503000000000000000e+03
6.032730000000000000e+05 2.675000000000000000e+03
6.066060000000000000e+05 2.650000000000000000e+03
6.099390000000000000e+05 2.926000000000000000e+03
6.132720000000000000e+05 3.157000000000000000e+03
6.166050000000000000e+05 3.124000000000000000e+03
6.199380000000000000e+05 3.257000000000000000e+03
6.232710000000000000e+05 3.433000000000000000e+03
6.266040000000000000e+05 3.501000000000000000e+03
6.299370000000000000e+05 3.689000000000000000e+03
6.332700000000000000e+05 3.932000000000000000e+03
6.366030000000000000e+05 3.927000000000000000e+03
6.399360000000000000e+05 4.153000000000000000e+03
6.432690000000000000e+05 4.354000000000000000e+03
6.466020000000000000e+05 4.423000000000000000e+03
6.499350000000000000e+05 4.469000000000000000e+03
6.532680000000000000e+05 4.614000000000000000e+03
6.566010000000000000e+05 4.658000000000000000e+03
6.599340000000000000e+05 4.904000000000000000e+03
6.632670000000000000e+05 4.752000000000000000e+03
