0.000000000000000000e+00 3.552000000000000000e+03
1.428000000000000000e+03 3.712000000000000000e+03
2.856000000000000000e+03 3.621000000000000000e+03
4.284000000000000000e+03 3.820000000000000000e+03
5.712000000000000000e+03 3.793000000000000000e+03
7.140000000000000000e+03 3.909000000000000000e+03
8.568000000000000000e+03 4.035000000000000000e+03
9.996000000000000000e+03 3.803000000000000000e+03
1.142400000000000000e+04 3.844000000000000000e+03
1.285200000000000000e+04 4.024000000000000000e+03
1.428000000000000000e+04 3.987000000000000000e+03
1.570800000000000000e+04 4.015000000000000000e+03
1.713600000000000000e+04 4.120000000000000000e+03
1.856400000000000000e+04 4.099000000000000000e+03
1.999200000000000000e+04 4.196000000000000000e+03
2.142000000000000000e+04 4.092000000000000000e+03
2.284800000000000000e+04 4.090000000000000000e+03
2.427600000000000000e+04 4.085000000000000000e+03
2.570400000000000000e+04 4.070000000000000000e+03
2.713200000000000000e+04 4.217000000000000000e+03
2.856000000000000000e+04 4.156000000000000000e+03
2.998800000000000000e+04 4.106000000000000000e+03
3.141600000000000000e+04 4.223000000000000000e+03
3.284400000000000000e+04 4.142000000000000000e+03
3.427200000000000000e+04 4.191000000000000000e+03
3.570000000000000000e+04 4.131000000000000000e+03
3.712800000000000000e+04 4.110000000000000000e+03
3.855600000000000000e+04 4.092000000000000000e+03
3.998400000000000000e+04 4.019000000000000000e+03
4.141200000000000000e+04 3.996000000000000000e+03
4.284000000000000000e+04 4.127000000000000000e+03
4.426800000000000000e+04 3.948000000000000000e+03
4.569600000000000000e+04 3.947000000000000000e+03
4.712400000000000000e+04 3.900000000000000000e+03
4.855200000000000000e+04 3.767000000000000000e+03
4.998000000000000000e+04 3.798000000000000000e+03
5.140800000000000000e+04 3.651000000000000000e+03
5.283600000000000000e+04 3.671000000000000000e+03
5.426400000000000000e+04 3.646000000000000000e+03
5.569200000000000000e+04 3.496000000000000000e+03
5.712000000000000000e+04 3.465000000000000000e+03
5.854800000000000000e+04 3.529000000000000000e+03
5.997600000000000000e+04 3.479000000000000000e+03
6.140400000000000000e+04 3.219000000000000000e+03
6.283200000000000000e+04 3.216000000000000000e+03
6.426000000000000000e+04 3.099000000000000000e+03
6.568800000000000000e+04 2.885000000000000000e+03
6.711600000000000000e+04 2.874000000000000000e+03
6.854400000000000000e+04 2.892000000000000000e+03
6.997200000000000000e+04 2.672000000000000000e+03
7.140000000000000000e+04 2.676000000000000000e+03
7.282800000000000000e+04 2.473000000000000000e+03
7.425600000000000000e+04 2.391000000000000000e+03
7.568400000000000000e+04 2.307000000000000000e+03
7.711200000000000000e+04 2.337000000000000000e+03
7.854000000000000000e+04 2.127000000000000000e+03
7.996800000000000000e+04 1.979000000000000000e+03
8.139600000000000000e+04 1.924000000000000000e+03
8.282400000000000000e+04 1.793000000000000000e+03
8.425200000000000000e+04 1.720000000000000000e+03
8.568000000000000000e+04 1.755000000000000000e+03
8.710800000000000000e+04 1.619000000000000000e+03
8.853600000000000000e+04 1.512000000000000000e+03
8.996400000000000000e+04 1.458000000000000000e+03
9.139200000000000000e+04 1.579000000000000000e+03
9.282000000000000000e+04 1.401000000000000000e+03
9.424800000000000000e+04 1.429000000000000000e+03
9.567600000000000000e+04 1.311000000000000000e+03
9.710400000000000000e+04 1.279000000000000000e+03
9.853200000000000000e+04 1.335000000000000000e+03
9.996000000000000000e+04 1.333000000000000000e+03
1.013880000000000000e+05 1.282000000000000000e+03
1.028160000000000000e+05 1.407000000000000000e+03
1.042440000000000000e+05 1.395000000000000000e+03
1.056720000000000000e+05 1.465000000000000000e+03
1.071000000000000000e+05 1.461000000000000000e+03
1.085280000000000000e+05 1.457000000000000000e+03
1.099560000000000000e+05 1.628000000000000000e+03
1.113840000000000000e+05 1.779000000000000000e+03
1.128120000000000000e+05 1.767000000000000000e+03
1.142400000000000000e+05 1.846000000000000000e+03
1.156680000000000000e+05 1.866000000000000000e+03
1.170960000000000000e+05 1.954000000000000000e+03
1.185240000000000000e+05 2.107000000000000000e+03
1.199520000000000000e+05 2.149000000000000000e+03
1.213800000000000000e+05 2.374000000000000000e+03
1.228080000000000000e+05 2.443000000000000000e+03
1.242360000000000000e+05 2.447000000000000000e+03
1.256640000000000000e+05 2.555000000000000000e+03
1.270920000000000000e+05 2.667000000000000000e+03
1.285200000000000000e+05 2.790000000000000000e+03
1.299480000000000000e+05 2.843000000000000000e+03
1.313760000000000000e+05 2.853000000000000000e+03
1.328040000000000000e+05 3.131000000000000000e+03
1.342320000000000000e+05 3.116000000000000000e+03
1.356600000000000000e+05 3.189000000000000000e+03
1.370880000000000000e+05 3.374000000000000000e+03
1.385160000000000000e+05 3.522000000000000000e+03
1.399440000000000000e+05 3.539000000000000000e+03
1.413720000000000000e+05 3.473000000000000000e+03
1.428000000000000000e+05 3.566000000000000000e+03
1.442280000000000000e+05 3.602000000000000000e+03
1.456560000000000000e+05 3.737000000000000000e+03
1.470840000000000000e+05 3.755000000000000000e+03
1.485120000000000000e+05 3.871000000000000000e+03
1.499400000000000000e+05 3.865000000000000000e+03
1.513680000000000000e+05 3.900000000000000000e+03
1.527960000000000000e+05 4.002000000000000000e+03
1.542240000000000000e+05 3.989000000000000000e+03
1.556520000000000000e+05 3.931000000000000000e+03
1.570800000000000000e+05 3.998000000000000000e+03
1.585080000000000000e+05 4.059000000000000000e+03
1.599360000000000000e+05 4.142000000000000000e+03
1.613640000000000000e+05 4.093000000000000000e+03
1.627920000000000000e+05 4.248000000000000000e+03
1.642200000000000000e+05 4.048000000000000000e+03
1.656480000000000000e+05 4.168000000000000000e+03
1.670760000000000000e+05 4.089000000000000000e+03
1.685040000000000000e+05 4.199000000000000000e+03
1.699320000000000000e+05 4.127000000000000000e+03
1.713600000000000000e+05 4.189000000000000000e+03
1.727880000000000000e+05 4.138000000000000000e+03
1.742160000000000000e+05 4.205000000000000000e+03
1.756440000000000000e+05 4.148000000000000000e+03
1.770720000000000000e+05 4.108000000000000000e+03
1.785000000000000000e+05 4.069000000000000000e+03
1.799280000000000000e+05 4.038000000000000000e+03
1.813560000000000000e+05 4.039000000000000000e+03
1.827840000000000000e+05 3.974000000000000000e+03
1.842120000000000000e+05 4.093000000000000000e+03
1.856400000000000000e+05 4.002000000000000000e+03
1.870680000000000000e+05 4.000000000000000000e+03
1.884960000000000000e+05 3.920000000000000000e+03
1.899240000000000000e+05 3.861000000000000000e+03
1.913520000000000000e+05 3.725000000000000000e+03
1.927800000000000000e+05 3.752000000000000000e+03
1.942080000000000000e+05 3.787000000000000000e+03
1.956360000000000000e+05 3.688000000000000000e+03
1.970640000000000000e+05 3.602000000000000000e+03
1.984920000000000000e+05 3.531000000000000000e+03
1.999200000000000000e+05 3.523000000000000000e+03
2.013480000000000000e+05 3.456000000000000000e+03
2.027760000000000000e+05 3.410000000000000000e+03
2.042040000000000000e+05 3.292000000000000000e+03
2.056320000000000000e+05 3.154000000000000000e+03
2.070600000000000000e+05 3.154000000000000000e+03
2.084880000000000000e+05 3.005000000000000000e+03
2.099160000000000000e+05 2.888000000000000000e+03
2.113440000000000000e+05 2.791000000000000000e+03
2.127720000000000000e+05 2.637000000000000000e+03
2.142000000000000000e+05 2.621000000000000000e+03
2.156280000000000000e+05 2.650000000000000000e+03
2.170560000000000000e+05 2.486000000000000000e+03
2.184840000000000000e+05 2.366000000000000000e+03
2.199120000000000000e+05 2.215000000000000000e+03
2.213400000000000000e+05 2.054000000000000000e+03
2.227680000000000000e+05 2.068000000000000000e+03
2.241960000000000000e+05 1.861000000000000000e+03
2.256240000000000000e+05 1.880000000000000000e+03
2.270520000000000000e+05 1.742000000000000000e+03
2.284800000000000000e+05 1.681000000000000000e+03
2.299080000000000000e+05 1.611000000000000000e+03
2.313360000000000000e+05 1.602000000000000000e+03
2.327640000000000000e+05 1.487000000000000000e+03
2.341920000000000000e+05 1.466000000000000000e+03
2.356200000000000000e+05 1.456000000000000000e+03
2.370480000000000000e+05 1.379000000000000000e+03
2.384760000000000000e+05 1.335000000000000000e+03
2.399040000000000000e+05 1.314000000000000000e+03
2.413320000000000000e+05 1.348000000000000000e+03
2.427600000000000000e+05 1.336000000000000000e+03
2.441880000000000000e+05 1.354000000000000000e+03
2.456160000000000000e+05 1.396000000000000000e+03
2.470440000000000000e+05 1.432000000000000000e+03
2.484720000000000000e+05 1.427000000000000000e+03
2.499000000000000000e+05 1.549000000000000000e+03
2.513280000000000000e+05 1.509000000000000000e+03
2.527560000000000000e+05 1.566000000000000000e+03
2.541840000000000000e+05 1.640000000000000000e+03
2.556120000000000000e+05 1.721000000000000000e+03
2.570400000000000000e+05 1.818000000000000000e+03
2.584680000000000000e+05 1.940000000000000000e+03
2.598960000000000000e+05 1.922000000000000000e+03
2.613240000000000000e+05 1.996000000000000000e+03
2.627520000000000000e+05 2.094000000000000000e+03
2.641800000000000000e+05 2.249000000000000000e+03
2.656080000000000000e+05 2.368000000000000000e+03
2.670360000000000000e+05 2.422000000000000000e+03
2.684640000000000000e+05 2.655000000000000000e+03
2.698920000000000000e+05 2.658000000000000000e+03
2.713200000000000000e+05 2.727000000000000000e+03
2.727480000000000000e+05 2.874000000000000000e+03
2.741760000000000000e+05 2.928000000000000000e+03
2.756040000000000000e+05 3.076000000000000000e+03
2.770320000000000000e+05 3.185000000000000000e+03
2.784600000000000000e+05 3.200000000000000000e+03
2.798880000000000000e+05 3.226000000000000000e+03
2.813160000000000000e+05 3.418000000000000000e+03
2.827440000000000000e+05 3.486000000000000000e+03
2.841720000000000000e+05 3.577000000000000000e+03
