0.000000000000000000e+00 1.812000000000000000e+03
2.000000000000000000e+01 1.933000000000000000e+03
4.000000000000000000e+01 1.878000000000000000e+03
6.000000000000000000e+01 2.072000000000000000e+03
8.000000000000000000e+01 2.094000000000000000e+03
1.000000000000000000e+02 2.227000000000000000e+03
1.200000000000000000e+02 2.242000000000000000e+03
1.400000000000000000e+02 2.261000000000000000e+03
1.600000000000000000e+02 2.253000000000000000e+03
1.800000000000000000e+02 2.331000000000000000e+03
2.000000000000000000e+02 2.357000000000000000e+03
2.200000000000000000e+02 2.327000000000000000e+03
2.400000000000000000e+02 2.385000000000000000e+03
2.600000000000000000e+02 2.511000000000000000e+03
2.800000000000000000e+02 2.565000000000000000e+03
3.000000000000000000e+02 2.461000000000000000e+03
3.200000000000000000e+02 2.530000000000000000e+03
3.400000000000000000e+02 2.458000000000000000e+03
3.600000000000000000e+02 2.602000000000000000e+03
3.800000000000000000e+02 2.506000000000000000e+03
4.000000000000000000e+02 2.590000000000000000e+03
4.200000000000000000e+02 2.593000000000000000e+03
4.400000000000000000e+02 2.533000000000000000e+03
4.600000000000000000e+02 2.660000000000000000e+03
4.800000000000000000e+02 2.681000000000000000e+03
5.000000000000000000e+02 2.591000000000000000e+03
5.200000000000000000e+02 2.570000000000000000e+03
5.400000000000000000e+02 2.644000000000000000e+03
5.600000000000000000e+02 2.707000000000000000e+03
5.800000000000000000e+02 2.533000000000000000e+03
6.000000000000000000e+02 2.634000000000000000e+03
6.200000000000000000e+02 2.585000000000000000e+03
6.400000000000000000e+02 2.518000000000000000e+03
6.600000000000000000e+02 2.569000000000000000e+03
6.800000000000000000e+02 2.594000000000000000e+03
7.000000000000000000e+02 2.505000000000000000e+03
7.200000000000000000e+02 2.550000000000000000e+03
7.400000000000000000e+02 2.576000000000000000e+03
7.600000000000000000e+02 2.460000000000000000e+03
7.800000000000000000e+02 2.421000000000000000e+03
8.000000000000000000e+02 2.476000000000000000e+03
8.200000000000000000e+02 2.397000000000000000e+03
8.400000000000000000e+02 2.354000000000000000e+03
8.600000000000000000e+02 2.348000000000000000e+03
8.800000000000000000e+02 2.389000000000000000e+03
9.000000000000000000e+02 2.246000000000000000e+03
9.200000000000000000e+02 2.160000000000000000e+03
9.400000000000000000e+02 2.191000000000000000e+03
9.600000000000000000e+02 2.036000000000000000e+03
9.800000000000000000e+02 2.098000000000000000e+03
1.000000000000000000e+03 2.002000000000000000e+03
1.020000000000000000e+03 2.017000000000000000e+03
1.040000000000000000e+03 1.888000000000000000e+03
1.060000000000000000e+03 1.879000000000000000e+03
1.080000000000000000e+03 1.781000000000000000e+03
1.100000000000000000e+03 1.740000000000000000e+03
1.120000000000000000e+03 1.754000000000000000e+03
1.140000000000000000e+03 1.645000000000000000e+03
1.160000000000000000e+03 1.649000000000000000e+03
1.180000000000000000e+03 1.612000000000000000e+03
1.200000000000000000e+03 1.507000000000000000e+03
1.220000000000000000e+03 1.523000000000000000e+03
1.240000000000000000e+03 1.422000000000000000e+03
1.260000000000000000e+03 1.367000000000000000e+03
1.280000000000000000e+03 1.279000000000000000e+03
1.300000000000000000e+03 1.384000000000000000e+03
1.320000000000000000e+03 1.249000000000000000e+03
1.340000000000000000e+03 1.226000000000000000e+03
1.360000000000000000e+03 1.187000000000000000e+03
1.380000000000000000e+03 1.140000000000000000e+03
1.400000000000000000e+03 1.141000000000000000e+03
1.420000000000000000e+03 1.144000000000000000e+03
1.440000000000000000e+03 1.100000000000000000e+03
1.460000000000000000e+03 1.131000000000000000e+03
1.480000000000000000e+03 1.163000000000000000e+03
1.500000000000000000e+03 1.040000000000000000e+03
1.520000000000000000e+03 1.016000000000000000e+03
1.540000000000000000e+03 1.091000000000000000e+03
1.560000000000000000e+03 1.039000000000000000e+03
1.580000000000000000e+03 1.021000000000000000e+03
1.600000000000000000e+03 1.091000000000000000e+03
1.620000000000000000e+03 1.048000000000000000e+03
1.640000000000000000e+03 1.027000000000000000e+03
1.660000000000000000e+03 1.052000000000000000e+03
1.680000000000000000e+03 1.120000000000000000e+03
1.700000000000000000e+03 1.137000000000000000e+03
1.720000000000000000e+03 1.162000000000000000e+03
1.740000000000000000e+03 1.209000000000000000e+03
1.760000000000000000e+03 1.272000000000000000e+03
1.780000000000000000e+03 1.253000000000000000e+03
1.800000000000000000e+03 1.362000000000000000e+03
1.820000000000000000e+03 1.324000000000000000e+03
1.840000000000000000e+03 1.403000000000000000e+03
1.860000000000000000e+03 1.488000000000000000e+03
1.880000000000000000e+03 1.568000000000000000e+03
1.900000000000000000e+03 1.707000000000000000e+03
1.920000000000000000e+03 1.614000000000000000e+03
1.940000000000000000e+03 1.721000000000000000e+03
1.960000000000000000e+03 1.864000000000000000e+03
1.980000000000000000e+03 1.848000000000000000e+03
2.000000000000000000e+03 1.923000000000000000e+03
2.020000000000000000e+03 1.878000000000000000e+03
2.040000000000000000e+03 2.043000000000000000e+03
2.060000000000000000e+03 2.057000000000000000e+03
2.080000000000000000e+03 2.048000000000000000e+03
2.100000000000000000e+03 2.166000000000000000e+03
2.120000000000000000e+03 2.183000000000000000e+03
2.140000000000000000e+03 2.255000000000000000e+03
2.160000000000000000e+03 2.354000000000000000e+03
2.180000000000000000e+03 2.380000000000000000e+03
2.200000000000000000e+03 2.319000000000000000e+03
2.220000000000000000e+03 2.354000000000000000e+03
2.240000000000000000e+03 2.429000000000000000e+03
2.260000000000000000e+03 2.475000000000000000e+03
2.280000000000000000e+03 2.480000000000000000e+03
2.300000000000000000e+03 2.444000000000000000e+03
2.320000000000000000e+03 2.448000000000000000e+03
2.340000000000000000e+03 2.545000000000000000e+03
2.360000000000000000e+03 2.535000000000000000e+03
2.380000000000000000e+03 2.529000000000000000e+03
2.400000000000000000e+03 2.501000000000000000e+03
2.420000000000000000e+03 2.544000000000000000e+03
2.440000000000000000e+03 2.600000000000000000e+03
2.460000000000000000e+03 2.590000000000000000e+03
2.480000000000000000e+03 2.421000000000000000e+03
2.500000000000000000e+03 2.671000000000000000e+03
2.520000000000000000e+03 2.671000000000000000e+03
2.540000000000000000e+03 2.632000000000000000e+03
2.560000000000000000e+03 2.524000000000000000e+03
2.580000000000000000e+03 2.529000000000000000e+03
2.600000000000000000e+03 2.550000000000000000e+03
2.620000000000000000e+03 2.613000000000000000e+03
2.640000000000000000e+03 2.670000000000000000e+03
2.660000000000000000e+03 2.601000000000000000e+03
2.680000000000000000e+03 2.487000000000000000e+03
2.700000000000000000e+03 2.592000000000000000e+03
2.720000000000000000e+03 2.555000000000000000e+03
2.740000000000000000e+03 2.515000000000000000e+03
2.760000000000000000e+03 2.502000000000000000e+03
2.780000000000000000e+03 2.428000000000000000e+03
2.800000000000000000e+03 2.315000000000000000e+03
2.820000000000000000e+03 2.374000000000000000e+03
2.840000000000000000e+03 2.367000000000000000e+03
2.860000000000000000e+03 2.334000000000000000e+03
2.880000000000000000e+03 2.252000000000000000e+03
2.900000000000000000e+03 2.256000000000000000e+03
2.920000000000000000e+03 2.227000000000000000e+03
2.940000000000000000e+03 2.136000000000000000e+03
2.960000000000000000e+03 2.093000000000000000e+03
2.980000000000000000e+03 2.054000000000000000e+03
3.000000000000000000e+03 1.981000000000000000e+03
3.020000000000000000e+03 1.932000000000000000e+03
3.040000000000000000e+03 1.955000000000000000e+03
3.060000000000000000e+03 1.956000000000000000e+03
3.080000000000000000e+03 1.768000000000000000e+03
3.100000000000000000e+03 1.805000000000000000e+03
3.120000000000000000e+03 1.645000000000000000e+03
3.140000000000000000e+03 1.653000000000000000e+03
3.160000000000000000e+03 1.583000000000000000e+03
3.180000000000000000e+03 1.524000000000000000e+03
3.200000000000000000e+03 1.482000000000000000e+03
3.220000000000000000e+03 1.483000000000000000e+03
3.240000000000000000e+03 1.428000000000000000e+03
3.260000000000000000e+03 1.407000000000000000e+03
3.280000000000000000e+03 1.374000000000000000e+03
3.300000000000000000e+03 1.320000000000000000e+03
3.320000000000000000e+03 1.181000000000000000e+03
3.340000000000000000e+03 1.207000000000000000e+03
3.360000000000000000e+03 1.221000000000000000e+03
3.380000000000000000e+03 1.262000000000000000e+03
3.400000000000000000e+03 1.184000000000000000e+03
3.420000000000000000e+03 1.140000000000000000e+03
3.440000000000000000e+03 1.040000000000000000e+03
3.460000000000000000e+03 1.053000000000000000e+03
3.480000000000000000e+03 1.111000000000000000e+03
3.500000000000000000e+03 1.016000000000000000e+03
3.520000000000000000e+03 1.082000000000000000e+03
3.540000000000000000e+03 1.009000000000000000e+03
3.560000000000000000e+03 1.069000000000000000e+03
3.580000000000000000e+03 1.059000000000000000e+03
3.600000000000000000e+03 1.070000000000000000e+03
3.620000000000000000e+03 1.057000000000000000e+03
3.640000000000000000e+03 1.066000000000000000e+03
3.660000000000000000e+03 1.105000000000000000e+03
3.680000000000000000e+03 1.141000000000000000e+03
3.700000000000000000e+03 1.154000000000000000e+03
3.720000000000000000e+03 1.214000000000000000e+03
3.740000000000000000e+03 1.232000000000000000e+03
3.760000000000000000e+03 1.279000000000000000e+03
3.780000000000000000e+03 1.230000000000000000e+03
3.800000000000000000e+03 1.379000000000000000e+03
3.820000000000000000e+03 1.409000000000000000e+03
3.840000000000000000e+03 1.409000000000000000e+03
3.860000000000000000e+03 1.493000000000000000e+03
3.880000000000000000e+03 1.552000000000000000e+03
3.900000000000000000e+03 1.679000000000000000e+03
3.920000000000000000e+03 1.606000000000000000e+03
3.940000000000000000e+03 1.705000000000000000e+03
3.960000000000000000e+03 1.778000000000000000e+03
3.980000000000000000e+03 1.855000000000000000e+03
