0.000000000000000000e+00 3.101000000000000000e+03
1.000000000000000000e+03 3.322000000000000000e+03
2.000000000000000000e+03 3.375000000000000000e+03
3.000000000000000000e+03 3.375000000000000000e+03
4.000000000000000000e+03 3.416000000000000000e+03
5.000000000000000000e+03 3.455000000000000000e+03
6.000000000000000000e+03 3.576000000000000000e+03
7.000000000000000000e+03 3.636000000000000000e+03
8.000000000000000000e+03 3.597000000000000000e+03
9.000000000000000000e+03 3.493000000000000000e+03
1.000000000000000000e+04 3.621000000000000000e+03
1.100000000000000000e+04 3.639000000000000000e+03
1.200000000000000000e+04 3.665000000000000000e+03
1.300000000000000000e+04 3.758000000000000000e+03
1.400000000000000000e+04 3.621000000000000000e+03
1.500000000000000000e+04 3.643000000000000000e+03
1.600000000000000000e+04 3.795000000000000000e+03
1.700000000000000000e+04 3.708000000000000000e+03
1.800000000000000000e+04 3.735000000000000000e+03
1.900000000000000000e+04 3.652000000000000000e+03
2.000000000000000000e+04 3.642000000000000000e+03
2.100000000000000000e+04 3.811000000000000000e+03
2.200000000000000000e+04 3.723000000000000000e+03
2.300000000000000000e+04 3.750000000000000000e+03
2.400000000000000000e+04 3.746000000000000000e+03
2.500000000000000000e+04 3.690000000000000000e+03
2.600000000000000000e+04 3.621000000000000000e+03
2.700000000000000000e+04 3.596000000000000000e+03
2.800000000000000000e+04 3.658000000000000000e+03
2.900000000000000000e+04 3.620000000000000000e+03
3.000000000000000000e+04 3.487000000000000000e+03
3.100000000000000000e+04 3.462000000000000000e+03
3.200000000000000000e+04 3.532000000000000000e+03
3.300000000000000000e+04 3.482000000000000000e+03
3.400000000000000000e+04 3.351000000000000000e+03
3.500000000000000000e+04 3.434000000000000000e+03
3.600000000000000000e+04 3.309000000000000000e+03
3.700000000000000000e+04 3.360000000000000000e+03
3.800000000000000000e+04 3.103000000000000000e+03
3.900000000000000000e+04 3.131000000000000000e+03
4.000000000000000000e+04 3.186000000000000000e+03
4.100000000000000000e+04 3.046000000000000000e+03
4.200000000000000000e+04 3.046000000000000000e+03
4.300000000000000000e+04 2.952000000000000000e+03
4.400000000000000000e+04 2.783000000000000000e+03
4.500000000000000000e+04 2.760000000000000000e+03
4.600000000000000000e+04 2.596000000000000000e+03
4.700000000000000000e+04 2.665000000000000000e+03
4.800000000000000000e+04 2.526000000000000000e+03
4.900000000000000000e+04 2.478000000000000000e+03
5.000000000000000000e+04 2.287000000000000000e+03
5.100000000000000000e+04 2.243000000000000000e+03
5.200000000000000000e+04 2.215000000000000000e+03
5.300000000000000000e+04 2.049000000000000000e+03
5.400000000000000000e+04 1.938000000000000000e+03
5.500000000000000000e+04 1.861000000000000000e+03
5.600000000000000000e+04 1.840000000000000000e+03
5.700000000000000000e+04 1.644000000000000000e+03
5.800000000000000000e+04 1.668000000000000000e+03
5.900000000000000000e+04 1.545000000000000000e+03
6.000000000000000000e+04 1.507000000000000000e+03
6.100000000000000000e+04 1.486000000000000000e+03
6.200000000000000000e+04 1.343000000000000000e+03
6.300000000000000000e+04 1.365000000000000000e+03
6.400000000000000000e+04 1.304000000000000000e+03
6.500000000000000000e+04 1.271000000000000000e+03
6.600000000000000000e+04 1.226000000000000000e+03
6.700000000000000000e+04 1.191000000000000000e+03
6.800000000000000000e+04 1.163000000000000000e+03
6.900000000000000000e+04 1.145000000000000000e+03
7.000000000000000000e+04 1.152000000000000000e+03
7.100000000000000000e+04 1.164000000000000000e+03
7.200000000000000000e+04 1.163000000000000000e+03
7.300000000000000000e+04 1.310000000000000000e+03
7.400000000000000000e+04 1.206000000000000000e+03
7.500000000000000000e+04 1.297000000000000000e+03
7.600000000000000000e+04 1.430000000000000000e+03
7.700000000000000000e+04 1.451000000000000000e+03
7.800000000000000000e+04 1.484000000000000000e+03
7.900000000000000000e+04 1.498000000000000000e+03
8.000000000000000000e+04 1.604000000000000000e+03
8.100000000000000000e+04 1.744000000000000000e+03
8.200000000000000000e+04 1.736000000000000000e+03
8.300000000000000000e+04 1.805000000000000000e+03
8.400000000000000000e+04 1.983000000000000000e+03
8.500000000000000000e+04 2.013000000000000000e+03
8.600000000000000000e+04 2.167000000000000000e+03
8.700000000000000000e+04 2.186000000000000000e+03
8.800000000000000000e+04 2.297000000000000000e+03
8.900000000000000000e+04 2.405000000000000000e+03
9.000000000000000000e+04 2.503000000000000000e+03
9.100000000000000000e+04 2.597000000000000000e+03
9.200000000000000000e+04 2.634000000000000000e+03
9.300000000000000000e+04 2.684000000000000000e+03
9.400000000000000000e+04 2.836000000000000000e+03
9.500000000000000000e+04 2.887000000000000000e+03
9.600000000000000000e+04 2.922000000000000000e+03
9.700000000000000000e+04 3.070000000000000000e+03
9.800000000000000000e+04 3.068000000000000000e+03
9.900000000000000000e+04 3.244000000000000000e+03
1.000000000000000000e+05 3.235000000000000000e+03
1.010000000000000000e+05 3.293000000000000000e+03
1.020000000000000000e+05 3.174000000000000000e+03
1.030000000000000000e+05 3.519000000000000000e+03
1.040000000000000000e+05 3.487000000000000000e+03
1.050000000000000000e+05 3.426000000000000000e+03
1.060000000000000000e+05 3.505000000000000000e+03
1.070000000000000000e+05 3.506000000000000000e+03
1.080000000000000000e+05 3.463000000000000000e+03
1.090000000000000000e+05 3.601000000000000000e+03
1.100000000000000000e+05 3.497000000000000000e+03
1.110000000000000000e+05 3.685000000000000000e+03
1.120000000000000000e+05 3.683000000000000000e+03
1.130000000000000000e+05 3.645000000000000000e+03
1.140000000000000000e+05 3.542000000000000000e+03
1.150000000000000000e+05 3.764000000000000000e+03
1.160000000000000000e+05 3.694000000000000000e+03
1.170000000000000000e+05 3.707000000000000000e+03
1.180000000000000000e+05 3.711000000000000000e+03
1.190000000000000000e+05 3.756000000000000000e+03
1.200000000000000000e+05 3.748000000000000000e+03
1.210000000000000000e+05 3.662000000000000000e+03
1.220000000000000000e+05 3.706000000000000000e+03
1.230000000000000000e+05 3.762000000000000000e+03
1.240000000000000000e+05 3.610000000000000000e+03
1.250000000000000000e+05 3.676000000000000000e+03
1.260000000000000000e+05 3.597000000000000000e+03
1.270000000000000000e+05 3.630000000000000000e+03
1.280000000000000000e+05 3.614000000000000000e+03
1.290000000000000000e+05 3.512000000000000000e+03
1.300000000000000000e+05 3.579000000000000000e+03
1.310000000000000000e+05 3.536000000000000000e+03
1.320000000000000000e+05 3.522000000000000000e+03
1.330000000000000000e+05 3.490000000000000000e+03
1.340000000000000000e+05 3.491000000000000000e+03
1.350000000000000000e+05 3.382000000000000000e+03
1.360000000000000000e+05 3.314000000000000000e+03
1.370000000000000000e+05 3.319000000000000000e+03
1.380000000000000000e+05 3.196000000000000000e+03
1.390000000000000000e+05 3.193000000000000000e+03
1.400000000000000000e+05 3.151000000000000000e+03
1.410000000000000000e+05 3.122000000000000000e+03
1.420000000000000000e+05 3.077000000000000000e+03
1.430000000000000000e+05 2.859000000000000000e+03
1.440000000000000000e+05 2.680000000000000000e+03
1.450000000000000000e+05 2.727000000000000000e+03
1.460000000000000000e+05 2.750000000000000000e+03
1.470000000000000000e+05 2.654000000000000000e+03
1.480000000000000000e+05 2.534000000000000000e+03
1.490000000000000000e+05 2.505000000000000000e+03
1.500000000000000000e+05 2.320000000000000000e+03
1.510000000000000000e+05 2.160000000000000000e+03
1.520000000000000000e+05 2.239000000000000000e+03
1.530000000000000000e+05 2.109000000000000000e+03
1.540000000000000000e+05 1.995000000000000000e+03
1.550000000000000000e+05 1.901000000000000000e+03
1.560000000000000000e+05 1.736000000000000000e+03
1.570000000000000000e+05 1.741000000000000000e+03
1.580000000000000000e+05 1.654000000000000000e+03
1.590000000000000000e+05 1.595000000000000000e+03
1.600000000000000000e+05 1.484000000000000000e+03
1.610000000000000000e+05 1.480000000000000000e+03
1.620000000000000000e+05 1.369000000000000000e+03
1.630000000000000000e+05 1.368000000000000000e+03
1.640000000000000000e+05 1.313000000000000000e+03
1.650000000000000000e+05 1.238000000000000000e+03
1.660000000000000000e+05 1.240000000000000000e+03
1.670000000000000000e+05 1.172000000000000000e+03
1.680000000000000000e+05 1.195000000000000000e+03
1.690000000000000000e+05 1.130000000000000000e+03
1.700000000000000000e+05 1.216000000000000000e+03
1.710000000000000000e+05 1.195000000000000000e+03
1.720000000000000000e+05 1.225000000000000000e+03
1.730000000000000000e+05 1.258000000000000000e+03
1.740000000000000000e+05 1.219000000000000000e+03
1.750000000000000000e+05 1.332000000000000000e+03
1.760000000000000000e+05 1.357000000000000000e+03
1.770000000000000000e+05 1.386000000000000000e+03
1.780000000000000000e+05 1.378000000000000000e+03
1.790000000000000000e+05 1.535000000000000000e+03
1.800000000000000000e+05 1.519000000000000000e+03
1.810000000000000000e+05 1.648000000000000000e+03
1.820000000000000000e+05 1.802000000000000000e+03
1.830000000000000000e+05 1.903000000000000000e+03
1.840000000000000000e+05 1.958000000000000000e+03
1.850000000000000000e+05 1.919000000000000000e+03
1.860000000000000000e+05 2.143000000000000000e+03
1.870000000000000000e+05 2.227000000000000000e+03
1.880000000000000000e+05 2.295000000000000000e+03
1.890000000000000000e+05 2.350000000000000000e+03
1.900000000000000000e+05 2.483000000000000000e+03
1.910000000000000000e+05 2.600000000000000000e+03
1.920000000000000000e+05 2.676000000000000000e+03
1.930000000000000000e+05 2.699000000000000000e+03
1.940000000000000000e+05 2.770000000000000000e+03
1.950000000000000000e+05 2.770000000000000000e+03
1.960000000000000000e+05 2.929000000000000000e+03
1.970000000000000000e+05 3.025000000000000000e+03
1.980000000000000000e+05 3.051000000000000000e+03
1.990000000000000000e+05 3.194000000000000000e+03
