0.000000000000000000e+00 2.529000000000000000e+03
3.300000000000000000e+01 2.492000000000000000e+03
6.600000000000000000e+01 2.447000000000000000e+03
9.900000000000000000e+01 2.649000000000000000e+03
1.320000000000000000e+02 2.632000000000000000e+03
1.650000000000000000e+02 2.692000000000000000e+03
1.980000000000000000e+02 2.721000000000000000e+03
2.310000000000000000e+02 2.654000000000000000e+03
2.640000000000000000e+02 2.655000000000000000e+03
2.970000000000000000e+02 2.847000000000000000e+03
3.300000000000000000e+02 2.864000000000000000e+03
3.630000000000000000e+02 2.844000000000000000e+03
3.960000000000000000e+02 2.957000000000000000e+03
4.290000000000000000e+02 2.930000000000000000e+03
4.620000000000000000e+02 2.940000000000000000e+03
4.950000000000000000e+02 2.973000000000000000e+03
5.280000000000000000e+02 2.974000000000000000e+03
5.610000000000000000e+02 3.017000000000000000e+03
5.940000000000000000e+02 2.817000000000000000e+03
6.270000000000000000e+02 2.966000000000000000e+03
6.600000000000000000e+02 3.061000000000000000e+03
6.930000000000000000e+02 3.071000000000000000e+03
7.260000000000000000e+02 3.010000000000000000e+03
7.590000000000000000e+02 3.074000000000000000e+03
7.920000000000000000e+02 2.950000000000000000e+03
8.250000000000000000e+02 2.996000000000000000e+03
8.580000000000000000e+02 3.020000000000000000e+03
8.910000000000000000e+02 2.937000000000000000e+03
9.240000000000000000e+02 2.996000000000000000e+03
9.570000000000000000e+02 3.054000000000000000e+03
9.900000000000000000e+02 2.967000000000000000e+03
1.023000000000000000e+03 3.077000000000000000e+03
1.056000000000000000e+03 2.972000000000000000e+03
1.089000000000000000e+03 2.926000000000000000e+03
1.122000000000000000e+03 2.881000000000000000e+03
1.155000000000000000e+03 2.669000000000000000e+03
1.188000000000000000e+03 2.739000000000000000e+03
1.221000000000000000e+03 2.845000000000000000e+03
1.254000000000000000e+03 2.822000000000000000e+03
1.287000000000000000e+03 2.706000000000000000e+03
1.320000000000000000e+03 2.717000000000000000e+03
1.353000000000000000e+03 2.641000000000000000e+03
1.386000000000000000e+03 2.591000000000000000e+03
1.419000000000000000e+03 2.489000000000000000e+03
1.452000000000000000e+03 2.477000000000000000e+03
1.485000000000000000e+03 2.510000000000000000e+03
1.518000000000000000e+03 2.406000000000000000e+03
1.551000000000000000e+03 2.416000000000000000e+03
1.584000000000000000e+03 2.255000000000000000e+03
1.617000000000000000e+03 2.288000000000000000e+03
1.650000000000000000e+03 2.230000000000000000e+03
1.683000000000000000e+03 2.191000000000000000e+03
1.716000000000000000e+03 2.042000000000000000e+03
1.749000000000000000e+03 1.971000000000000000e+03
1.782000000000000000e+03 1.899000000000000000e+03
1.815000000000000000e+03 1.848000000000000000e+03
1.848000000000000000e+03 1.835000000000000000e+03
1.881000000000000000e+03 1.765000000000000000e+03
1.914000000000000000e+03 1.727000000000000000e+03
1.947000000000000000e+03 1.743000000000000000e+03
1.980000000000000000e+03 1.579000000000000000e+03
2.013000000000000000e+03 1.519000000000000000e+03
2.046000000000000000e+03 1.453000000000000000e+03
2.079000000000000000e+03 1.442000000000000000e+03
2.112000000000000000e+03 1.375000000000000000e+03
2.145000000000000000e+03 1.274000000000000000e+03
2.178000000000000000e+03 1.332000000000000000e+03
2.211000000000000000e+03 1.278000000000000000e+03
2.244000000000000000e+03 1.274000000000000000e+03
2.277000000000000000e+03 1.207000000000000000e+03
2.310000000000000000e+03 1.204000000000000000e+03
2.343000000000000000e+03 1.172000000000000000e+03
2.376000000000000000e+03 1.127000000000000000e+03
2.409000000000000000e+03 1.154000000000000000e+03
2.442000000000000000e+03 1.090000000000000000e+03
2.475000000000000000e+03 1.093000000000000000e+03
2.508000000000000000e+03 1.086000000000000000e+03
2.541000000000000000e+03 1.082000000000000000e+03
2.574000000000000000e+03 1.122000000000000000e+03
2.607000000000000000e+03 1.155000000000000000e+03
2.640000000000000000e+03 1.163000000000000000e+03
2.673000000000000000e+03 1.157000000000000000e+03
2.706000000000000000e+03 1.221000000000000000e+03
2.739000000000000000e+03 1.208000000000000000e+03
2.772000000000000000e+03 1.349000000000000000e+03
2.805000000000000000e+03 1.328000000000000000e+03
2.838000000000000000e+03 1.318000000000000000e+03
2.871000000000000000e+03 1.420000000000000000e+03
2.904000000000000000e+03 1.471000000000000000e+03
2.937000000000000000e+03 1.604000000000000000e+03
2.970000000000000000e+03 1.683000000000000000e+03
3.003000000000000000e+03 1.669000000000000000e+03
3.036000000000000000e+03 1.788000000000000000e+03
3.069000000000000000e+03 1.823000000000000000e+03
3.102000000000000000e+03 1.922000000000000000e+03
3.135000000000000000e+03 2.019000000000000000e+03
3.168000000000000000e+03 2.066000000000000000e+03
3.201000000000000000e+03 2.099000000000000000e+03
3.234000000000000000e+03 2.299000000000000000e+03
3.267000000000000000e+03 2.280000000000000000e+03
3.300000000000000000e+03 2.389000000000000000e+03
3.333000000000000000e+03 2.387000000000000000e+03
3.366000000000000000e+03 2.466000000000000000e+03
3.399000000000000000e+03 2.611000000000000000e+03
3.432000000000000000e+03 2.533000000000000000e+03
3.465000000000000000e+03 2.491000000000000000e+03
3.498000000000000000e+03 2.675000000000000000e+03
3.531000000000000000e+03 2.756000000000000000e+03
3.564000000000000000e+03 2.757000000000000000e+03
3.597000000000000000e+03 2.869000000000000000e+03
3.630000000000000000e+03 2.742000000000000000e+03
3.663000000000000000e+03 2.918000000000000000e+03
3.696000000000000000e+03 2.906000000000000000e+03
3.729000000000000000e+03 2.831000000000000000e+03
3.762000000000000000e+03 2.818000000000000000e+03
3.795000000000000000e+03 2.884000000000000000e+03
3.828000000000000000e+03 2.959000000000000000e+03
3.861000000000000000e+03 3.013000000000000000e+03
3.894000000000000000e+03 2.875000000000000000e+03
3.927000000000000000e+03 3.012000000000000000e+03
3.960000000000000000e+03 3.008000000000000000e+03
3.993000000000000000e+03 2.979000000000000000e+03
4.026000000000000000e+03 2.975000000000000000e+03
4.059000000000000000e+03 3.034000000000000000e+03
4.092000000000000000e+03 3.081000000000000000e+03
4.125000000000000000e+03 2.951000000000000000e+03
4.158000000000000000e+03 2.999000000000000000e+03
4.191000000000000000e+03 3.034000000000000000e+03
4.224000000000000000e+03 2.923000000000000000e+03
4.257000000000000000e+03 2.938000000000000000e+03
4.290000000000000000e+03 2.949000000000000000e+03
4.323000000000000000e+03 3.043000000000000000e+03
4.356000000000000000e+03 2.967000000000000000e+03
4.389000000000000000e+03 2.883000000000000000e+03
4.422000000000000000e+03 2.884000000000000000e+03
4.455000000000000000e+03 2.923000000000000000e+03
4.488000000000000000e+03 2.796000000000000000e+03
4.521000000000000000e+03 2.843000000000000000e+03
4.554000000000000000e+03 2.853000000000000000e+03
4.587000000000000000e+03 2.869000000000000000e+03
4.620000000000000000e+03 2.710000000000000000e+03
4.653000000000000000e+03 2.803000000000000000e+03
4.686000000000000000e+03 2.753000000000000000e+03
4.719000000000000000e+03 2.630000000000000000e+03
4.752000000000000000e+03 2.553000000000000000e+03
4.785000000000000000e+03 2.400000000000000000e+03
4.818000000000000000e+03 2.463000000000000000e+03
4.851000000000000000e+03 2.464000000000000000e+03
4.884000000000000000e+03 2.385000000000000000e+03
4.917000000000000000e+03 2.323000000000000000e+03
4.950000000000000000e+03 2.237000000000000000e+03
4.983000000000000000e+03 2.190000000000000000e+03
5.016000000000000000e+03 2.082000000000000000e+03
5.049000000000000000e+03 2.088000000000000000e+03
5.082000000000000000e+03 1.981000000000000000e+03
5.115000000000000000e+03 2.029000000000000000e+03
5.148000000000000000e+03 1.995000000000000000e+03
5.181000000000000000e+03 1.843000000000000000e+03
5.214000000000000000e+03 1.731000000000000000e+03
5.247000000000000000e+03 1.756000000000000000e+03
5.280000000000000000e+03 1.619000000000000000e+03
5.313000000000000000e+03 1.619000000000000000e+03
5.346000000000000000e+03 1.537000000000000000e+03
5.379000000000000000e+03 1.467000000000000000e+03
5.412000000000000000e+03 1.401000000000000000e+03
5.445000000000000000e+03 1.375000000000000000e+03
5.478000000000000000e+03 1.376000000000000000e+03
5.511000000000000000e+03 1.330000000000000000e+03
5.544000000000000000e+03 1.226000000000000000e+03
5.577000000000000000e+03 1.251000000000000000e+03
5.610000000000000000e+03 1.195000000000000000e+03
5.643000000000000000e+03 1.202000000000000000e+03
5.676000000000000000e+03 1.122000000000000000e+03
5.709000000000000000e+03 1.136000000000000000e+03
5.742000000000000000e+03 1.100000000000000000e+03
5.775000000000000000e+03 1.131000000000000000e+03
5.808000000000000000e+03 1.106000000000000000e+03
5.841000000000000000e+03 1.118000000000000000e+03
5.874000000000000000e+03 1.136000000000000000e+03
5.907000000000000000e+03 1.145000000000000000e+03
5.940000000000000000e+03 1.181000000000000000e+03
5.973000000000000000e+03 1.203000000000000000e+03
6.006000000000000000e+03 1.160000000000000000e+03
6.039000000000000000e+03 1.205000000000000000e+03
6.072000000000000000e+03 1.277000000000000000e+03
6.105000000000000000e+03 1.240000000000000000e+03
6.138000000000000000e+03 1.339000000000000000e+03
6.171000000000000000e+03 1.394000000000000000e+03
6.204000000000000000e+03 1.411000000000000000e+03
6.237000000000000000e+03 1.492000000000000000e+03
6.270000000000000000e+03 1.538000000000000000e+03
6.303000000000000000e+03 1.642000000000000000e+03
6.336000000000000000e+03 1.647000000000000000e+03
6.369000000000000000e+03 1.760000000000000000e+03
6.402000000000000000e+03 1.869000000000000000e+03
6.435000000000000000e+03 1.886000000000000000e+03
6.468000000000000000e+03 2.037000000000000000e+03
6.501000000000000000e+03 2.020000000000000000e+03
6.534000000000000000e+03 2.111000000000000000e+03
6.567000000000000000e+03 2.166000000000000000e+03
6.600000000000000000e+03 2.379000000000000000e+03
6.633000000000000000e+03 2.396000000000000000e+03
