0.000000000000000000e+00 3.452000000000000000e+03
2.000000000000000000e+03 3.449000000000000000e+03
4.000000000000000000e+03 3.575000000000000000e+03
6.000000000000000000e+03 3.534000000000000000e+03
8.000000000000000000e+03 3.547000000000000000e+03
1.000000000000000000e+04 3.702000000000000000e+03
1.200000000000000000e+04 3.746000000000000000e+03
1.400000000000000000e+04 3.643000000000000000e+03
1.600000000000000000e+04 3.778000000000000000e+03
1.800000000000000000e+04 3.801000000000000000e+03
2.000000000000000000e+04 3.809000000000000000e+03
2.200000000000000000e+04 3.877000000000000000e+03
2.400000000000000000e+04 3.839000000000000000e+03
2.600000000000000000e+04 3.935000000000000000e+03
2.800000000000000000e+04 3.930000000000000000e+03
3.000000000000000000e+04 3.956000000000000000e+03
3.200000000000000000e+04 3.944000000000000000e+03
3.400000000000000000e+04 3.985000000000000000e+03
3.600000000000000000e+04 3.985000000000000000e+03
3.800000000000000000e+04 3.786000000000000000e+03
4.000000000000000000e+04 3.886000000000000000e+03
4.200000000000000000e+04 3.934000000000000000e+03
4.400000000000000000e+04 3.788000000000000000e+03
4.600000000000000000e+04 3.982000000000000000e+03
4.800000000000000000e+04 3.918000000000000000e+03
5.000000000000000000e+04 3.844000000000000000e+03
5.200000000000000000e+04 3.834000000000000000e+03
5.400000000000000000e+04 3.813000000000000000e+03
5.600000000000000000e+04 3.793000000000000000e+03
5.800000000000000000e+04 3.822000000000000000e+03
6.000000000000000000e+04 3.740000000000000000e+03
6.200000000000000000e+04 3.809000000000000000e+03
6.400000000000000000e+04 3.828000000000000000e+03
6.600000000000000000e+04 3.630000000000000000e+03
6.800000000000000000e+04 3.563000000000000000e+03
7.000000000000000000e+04 3.629000000000000000e+03
7.200000000000000000e+04 3.499000000000000000e+03
7.400000000000000000e+04 3.480000000000000000e+03
7.600000000000000000e+04 3.469000000000000000e+03
7.800000000000000000e+04 3.342000000000000000e+03
8.000000000000000000e+04 3.354000000000000000e+03
8.200000000000000000e+04 3.238000000000000000e+03
8.400000000000000000e+04 3.229000000000000000e+03
8.600000000000000000e+04 3.162000000000000000e+03
8.800000000000000000e+04 3.099000000000000000e+03
9.000000000000000000e+04 2.918000000000000000e+03
9.200000000000000000e+04 2.730000000000000000e+03
9.400000000000000000e+04 2.792000000000000000e+03
9.600000000000000000e+04 2.593000000000000000e+03
9.800000000000000000e+04 2.481000000000000000e+03
1.000000000000000000e+05 2.499000000000000000e+03
1.020000000000000000e+05 2.414000000000000000e+03
1.040000000000000000e+05 2.340000000000000000e+03
1.060000000000000000e+05 2.208000000000000000e+03
1.080000000000000000e+05 2.031000000000000000e+03
1.100000000000000000e+05 1.973000000000000000e+03
1.120000000000000000e+05 1.913000000000000000e+03
1.140000000000000000e+05 1.854000000000000000e+03
1.160000000000000000e+05 1.758000000000000000e+03
1.180000000000000000e+05 1.667000000000000000e+03
1.200000000000000000e+05 1.674000000000000000e+03
1.220000000000000000e+05 1.578000000000000000e+03
1.240000000000000000e+05 1.555000000000000000e+03
1.260000000000000000e+05 1.365000000000000000e+03
1.280000000000000000e+05 1.407000000000000000e+03
1.300000000000000000e+05 1.312000000000000000e+03
1.320000000000000000e+05 1.355000000000000000e+03
1.340000000000000000e+05 1.370000000000000000e+03
1.360000000000000000e+05 1.229000000000000000e+03
1.380000000000000000e+05 1.216000000000000000e+03
1.400000000000000000e+05 1.295000000000000000e+03
1.420000000000000000e+05 1.284000000000000000e+03
1.440000000000000000e+05 1.246000000000000000e+03
1.460000000000000000e+05 1.293000000000000000e+03
1.480000000000000000e+05 1.375000000000000000e+03
1.500000000000000000e+05 1.471000000000000000e+03
1.520000000000000000e+05 1.536000000000000000e+03
1.540000000000000000e+05 1.515000000000000000e+03
1.560000000000000000e+05 1.618000000000000000e+03
1.580000000000000000e+05 1.590000000000000000e+03
1.600000000000000000e+05 1.751000000000000000e+03
1.620000000000000000e+05 1.818000000000000000e+03
1.640000000000000000e+05 1.919000000000000000e+03
1.660000000000000000e+05 2.027000000000000000e+03
1.680000000000000000e+05 2.057000000000000000e+03
1.700000000000000000e+05 2.149000000000000000e+03
1.720000000000000000e+05 2.330000000000000000e+03
1.740000000000000000e+05 2.392000000000000000e+03
1.760000000000000000e+05 2.533000000000000000e+03
1.780000000000000000e+05 2.572000000000000000e+03
1.800000000000000000e+05 2.605000000000000000e+03
1.820000000000000000e+05 2.735000000000000000e+03
1.840000000000000000e+05 2.855000000000000000e+03
1.860000000000000000e+05 2.955000000000000000e+03
1.880000000000000000e+05 2.999000000000000000e+03
1.900000000000000000e+05 3.048000000000000000e+03
1.920000000000000000e+05 3.130000000000000000e+03
1.940000000000000000e+05 3.161000000000000000e+03
1.960000000000000000e+05 3.171000000000000000e+03
1.980000000000000000e+05 3.297000000000000000e+03
2.000000000000000000e+05 3.405000000000000000e+03
2.020000000000000000e+05 3.506000000000000000e+03
2.040000000000000000e+05 3.493000000000000000e+03
2.060000000000000000e+05 3.689000000000000000e+03
2.080000000000000000e+05 3.622000000000000000e+03
2.100000000000000000e+05 3.648000000000000000e+03
2.120000000000000000e+05 3.666000000000000000e+03
2.140000000000000000e+05 3.780000000000000000e+03
2.160000000000000000e+05 3.835000000000000000e+03
2.180000000000000000e+05 3.895000000000000000e+03
2.200000000000000000e+05 3.956000000000000000e+03
2.220000000000000000e+05 3.807000000000000000e+03
2.240000000000000000e+05 3.906000000000000000e+03
2.260000000000000000e+05 4.003000000000000000e+03
2.280000000000000000e+05 3.960000000000000000e+03
2.300000000000000000e+05 3.953000000000000000e+03
2.320000000000000000e+05 3.843000000000000000e+03
2.340000000000000000e+05 3.890000000000000000e+03
2.360000000000000000e+05 3.926000000000000000e+03
2.380000000000000000e+05 3.904000000000000000e+03
2.400000000000000000e+05 4.009000000000000000e+03
2.420000000000000000e+05 3.833000000000000000e+03
2.440000000000000000e+05 3.939000000000000000e+03
2.460000000000000000e+05 3.812000000000000000e+03
2.480000000000000000e+05 3.796000000000000000e+03
2.500000000000000000e+05 3.856000000000000000e+03
2.520000000000000000e+05 4.004000000000000000e+03
2.540000000000000000e+05 3.838000000000000000e+03
2.560000000000000000e+05 3.812000000000000000e+03
2.580000000000000000e+05 3.641000000000000000e+03
2.600000000000000000e+05 3.887000000000000000e+03
2.620000000000000000e+05 3.851000000000000000e+03
2.640000000000000000e+05 3.773000000000000000e+03
2.660000000000000000e+05 3.632000000000000000e+03
2.680000000000000000e+05 3.674000000000000000e+03
2.700000000000000000e+05 3.637000000000000000e+03
2.720000000000000000e+05 3.539000000000000000e+03
2.740000000000000000e+05 3.501000000000000000e+03
2.760000000000000000e+05 3.407000000000000000e+03
2.780000000000000000e+05 3.448000000000000000e+03
2.800000000000000000e+05 3.161000000000000000e+03
2.820000000000000000e+05 3.251000000000000000e+03
2.840000000000000000e+05 3.223000000000000000e+03
2.860000000000000000e+05 3.170000000000000000e+03
2.880000000000000000e+05 3.050000000000000000e+03
2.900000000000000000e+05 2.754000000000000000e+03
2.920000000000000000e+05 2.794000000000000000e+03
2.940000000000000000e+05 2.726000000000000000e+03
2.960000000000000000e+05 2.627000000000000000e+03
2.980000000000000000e+05 2.612000000000000000e+03
3.000000000000000000e+05 2.599000000000000000e+03
3.020000000000000000e+05 2.391000000000000000e+03
3.040000000000000000e+05 2.259000000000000000e+03
3.060000000000000000e+05 2.192000000000000000e+03
3.080000000000000000e+05 2.138000000000000000e+03
3.100000000000000000e+05 2.001000000000000000e+03
3.120000000000000000e+05 1.900000000000000000e+03
3.140000000000000000e+05 1.806000000000000000e+03
3.160000000000000000e+05 1.738000000000000000e+03
3.180000000000000000e+05 1.659000000000000000e+03
3.200000000000000000e+05 1.581000000000000000e+03
3.220000000000000000e+05 1.460000000000000000e+03
3.240000000000000000e+05 1.451000000000000000e+03
3.260000000000000000e+05 1.436000000000000000e+03
3.280000000000000000e+05 1.340000000000000000e+03
3.300000000000000000e+05 1.375000000000000000e+03
3.320000000000000000e+05 1.299000000000000000e+03
3.340000000000000000e+05 1.367000000000000000e+03
3.360000000000000000e+05 1.326000000000000000e+03
3.380000000000000000e+05 1.210000000000000000e+03
3.400000000000000000e+05 1.268000000000000000e+03
3.420000000000000000e+05 1.273000000000000000e+03
3.440000000000000000e+05 1.303000000000000000e+03
3.460000000000000000e+05 1.353000000000000000e+03
3.480000000000000000e+05 1.411000000000000000e+03
3.500000000000000000e+05 1.377000000000000000e+03
3.520000000000000000e+05 1.441000000000000000e+03
3.540000000000000000e+05 1.416000000000000000e+03
3.560000000000000000e+05 1.582000000000000000e+03
3.580000000000000000e+05 1.690000000000000000e+03
3.600000000000000000e+05 1.742000000000000000e+03
3.620000000000000000e+05 1.787000000000000000e+03
3.640000000000000000e+05 1.997000000000000000e+03
3.660000000000000000e+05 2.062000000000000000e+03
3.680000000000000000e+05 2.047000000000000000e+03
3.700000000000000000e+05 2.232000000000000000e+03
3.720000000000000000e+05 2.256000000000000000e+03
3.740000000000000000e+05 2.410000000000000000e+03
3.760000000000000000e+05 2.454000000000000000e+03
3.780000000000000000e+05 2.596000000000000000e+03
3.800000000000000000e+05 2.652000000000000000e+03
3.820000000000000000e+05 2.708000000000000000e+03
3.840000000000000000e+05 2.872000000000000000e+03
3.860000000000000000e+05 2.928000000000000000e+03
3.880000000000000000e+05 2.810000000000000000e+03
3.900000000000000000e+05 3.102000000000000000e+03
3.920000000000000000e+05 3.192000000000000000e+03
3.940000000000000000e+05 3.204000000000000000e+03
3.960000000000000000e+05 3.264000000000000000e+03
3.980000000000000000e+05 3.381000000000000000e+03
