0.000000000000000000e+00 2.658000000000000000e+03
5.000000000000000000e+01 2.678000000000000000e+03
1.000000000000000000e+02 2.758000000000000000e+03
1.500000000000000000e+02 2.934000000000000000e+03
2.000000000000000000e+02 2.844000000000000000e+03
2.500000000000000000e+02 3.034000000000000000e+03
3.000000000000000000e+02 3.008000000000000000e+03
3.500000000000000000e+02 3.061000000000000000e+03
4.000000000000000000e+02 3.076000000000000000e+03
4.500000000000000000e+02 3.164000000000000000e+03
5.000000000000000000e+02 3.235000000000000000e+03
5.500000000000000000e+02 3.222000000000000000e+03
6.000000000000000000e+02 3.270000000000000000e+03
6.500000000000000000e+02 3.190000000000000000e+03
7.000000000000000000e+02 3.220000000000000000e+03
7.500000000000000000e+02 3.254000000000000000e+03
8.000000000000000000e+02 3.329000000000000000e+03
8.500000000000000000e+02 3.375000000000000000e+03
9.000000000000000000e+02 3.336000000000000000e+03
9.500000000000000000e+02 3.293000000000000000e+03
1.000000000000000000e+03 3.307000000000000000e+03
1.050000000000000000e+03 3.307000000000000000e+03
1.100000000000000000e+03 3.340000000000000000e+03
1.150000000000000000e+03 3.227000000000000000e+03
1.200000000000000000e+03 3.280000000000000000e+03
1.250000000000000000e+03 3.225000000000000000e+03
1.300000000000000000e+03 3.228000000000000000e+03
1.350000000000000000e+03 3.267000000000000000e+03
1.400000000000000000e+03 3.273000000000000000e+03
1.450000000000000000e+03 3.106000000000000000e+03
1.500000000000000000e+03 3.281000000000000000e+03
1.550000000000000000e+03 3.190000000000000000e+03
1.600000000000000000e+03 3.018000000000000000e+03
1.650000000000000000e+03 3.114000000000000000e+03
1.700000000000000000e+03 3.206000000000000000e+03
1.750000000000000000e+03 3.107000000000000000e+03
1.800000000000000000e+03 3.003000000000000000e+03
1.850000000000000000e+03 2.885000000000000000e+03
1.900000000000000000e+03 2.871000000000000000e+03
1.950000000000000000e+03 2.944000000000000000e+03
2.000000000000000000e+03 2.842000000000000000e+03
2.050000000000000000e+03 2.816000000000000000e+03
2.100000000000000000e+03 2.719000000000000000e+03
2.150000000000000000e+03 2.642000000000000000e+03
2.200000000000000000e+03 2.489000000000000000e+03
2.250000000000000000e+03 2.541000000000000000e+03
2.300000000000000000e+03 2.464000000000000000e+03
2.350000000000000000e+03 2.313000000000000000e+03
2.400000000000000000e+03 2.371000000000000000e+03
2.450000000000000000e+03 2.319000000000000000e+03
2.500000000000000000e+03 2.162000000000000000e+03
2.550000000000000000e+03 2.131000000000000000e+03
2.600000000000000000e+03 2.072000000000000000e+03
2.650000000000000000e+03 2.024000000000000000e+03
2.700000000000000000e+03 1.926000000000000000e+03
2.750000000000000000e+03 1.822000000000000000e+03
2.800000000000000000e+03 1.796000000000000000e+03
2.850000000000000000e+03 1.615000000000000000e+03
2.900000000000000000e+03 1.647000000000000000e+03
2.950000000000000000e+03 1.726000000000000000e+03
3.000000000000000000e+03 1.440000000000000000e+03
3.050000000000000000e+03 1.471000000000000000e+03
3.100000000000000000e+03 1.370000000000000000e+03
3.150000000000000000e+03 1.380000000000000000e+03
3.200000000000000000e+03 1.271000000000000000e+03
3.250000000000000000e+03 1.265000000000000000e+03
3.300000000000000000e+03 1.272000000000000000e+03
3.350000000000000000e+03 1.186000000000000000e+03
3.400000000000000000e+03 1.108000000000000000e+03
3.450000000000000000e+03 1.136000000000000000e+03
3.500000000000000000e+03 1.130000000000000000e+03
3.550000000000000000e+03 1.123000000000000000e+03
3.600000000000000000e+03 1.093000000000000000e+03
3.650000000000000000e+03 1.032000000000000000e+03
3.700000000000000000e+03 1.030000000000000000e+03
3.750000000000000000e+03 1.124000000000000000e+03
3.800000000000000000e+03 1.149000000000000000e+03
3.850000000000000000e+03 1.125000000000000000e+03
3.900000000000000000e+03 1.202000000000000000e+03
3.950000000000000000e+03 1.185000000000000000e+03
4.000000000000000000e+03 1.244000000000000000e+03
4.050000000000000000e+03 1.238000000000000000e+03
4.100000000000000000e+03 1.346000000000000000e+03
4.150000000000000000e+03 1.381000000000000000e+03
4.200000000000000000e+03 1.353000000000000000e+03
4.250000000000000000e+03 1.505000000000000000e+03
4.300000000000000000e+03 1.632000000000000000e+03
4.350000000000000000e+03 1.692000000000000000e+03
4.400000000000000000e+03 1.685000000000000000e+03
4.450000000000000000e+03 1.871000000000000000e+03
4.500000000000000000e+03 1.876000000000000000e+03
4.550000000000000000e+03 2.004000000000000000e+03
4.600000000000000000e+03 2.084000000000000000e+03
4.650000000000000000e+03 2.142000000000000000e+03
4.700000000000000000e+03 2.350000000000000000e+03
4.750000000000000000e+03 2.350000000000000000e+03
4.800000000000000000e+03 2.362000000000000000e+03
4.850000000000000000e+03 2.543000000000000000e+03
4.900000000000000000e+03 2.546000000000000000e+03
4.950000000000000000e+03 2.641000000000000000e+03
5.000000000000000000e+03 2.654000000000000000e+03
5.050000000000000000e+03 2.823000000000000000e+03
5.100000000000000000e+03 2.882000000000000000e+03
5.150000000000000000e+03 2.813000000000000000e+03
5.200000000000000000e+03 2.974000000000000000e+03
5.250000000000000000e+03 2.930000000000000000e+03
5.300000000000000000e+03 3.039000000000000000e+03
5.350000000000000000e+03 3.031000000000000000e+03
5.400000000000000000e+03 3.147000000000000000e+03
5.450000000000000000e+03 3.115000000000000000e+03
5.500000000000000000e+03 3.051000000000000000e+03
5.550000000000000000e+03 3.213000000000000000e+03
5.600000000000000000e+03 3.331000000000000000e+03
5.650000000000000000e+03 3.290000000000000000e+03
5.700000000000000000e+03 3.338000000000000000e+03
5.750000000000000000e+03 3.279000000000000000e+03
5.800000000000000000e+03 3.256000000000000000e+03
5.850000000000000000e+03 3.389000000000000000e+03
5.900000000000000000e+03 3.241000000000000000e+03
5.950000000000000000e+03 3.176000000000000000e+03
6.000000000000000000e+03 3.386000000000000000e+03
6.050000000000000000e+03 3.296000000000000000e+03
6.100000000000000000e+03 3.363000000000000000e+03
6.150000000000000000e+03 3.146000000000000000e+03
6.200000000000000000e+03 3.301000000000000000e+03
6.250000000000000000e+03 3.415000000000000000e+03
6.300000000000000000e+03 3.186000000000000000e+03
6.350000000000000000e+03 3.329000000000000000e+03
6.400000000000000000e+03 3.247000000000000000e+03
6.450000000000000000e+03 3.192000000000000000e+03
6.500000000000000000e+03 3.214000000000000000e+03
6.550000000000000000e+03 3.133000000000000000e+03
6.600000000000000000e+03 3.147000000000000000e+03
6.650000000000000000e+03 3.161000000000000000e+03
6.700000000000000000e+03 3.049000000000000000e+03
6.750000000000000000e+03 3.110000000000000000e+03
6.800000000000000000e+03 2.963000000000000000e+03
6.850000000000000000e+03 2.964000000000000000e+03
6.900000000000000000e+03 2.873000000000000000e+03
6.950000000000000000e+03 2.844000000000000000e+03
7.000000000000000000e+03 2.906000000000000000e+03
7.050000000000000000e+03 2.887000000000000000e+03
7.100000000000000000e+03 2.757000000000000000e+03
7.150000000000000000e+03 2.601000000000000000e+03
7.200000000000000000e+03 2.662000000000000000e+03
7.250000000000000000e+03 2.529000000000000000e+03
7.300000000000000000e+03 2.446000000000000000e+03
7.350000000000000000e+03 2.348000000000000000e+03
7.400000000000000000e+03 2.432000000000000000e+03
7.450000000000000000e+03 2.376000000000000000e+03
7.500000000000000000e+03 2.199000000000000000e+03
7.550000000000000000e+03 2.088000000000000000e+03
7.600000000000000000e+03 2.113000000000000000e+03
7.650000000000000000e+03 1.986000000000000000e+03
7.700000000000000000e+03 1.955000000000000000e+03
7.750000000000000000e+03 1.798000000000000000e+03
7.800000000000000000e+03 1.679000000000000000e+03
7.850000000000000000e+03 1.713000000000000000e+03
7.900000000000000000e+03 1.624000000000000000e+03
7.950000000000000000e+03 1.677000000000000000e+03
8.000000000000000000e+03 1.591000000000000000e+03
8.050000000000000000e+03 1.461000000000000000e+03
8.100000000000000000e+03 1.451000000000000000e+03
8.150000000000000000e+03 1.388000000000000000e+03
8.200000000000000000e+03 1.308000000000000000e+03
8.250000000000000000e+03 1.294000000000000000e+03
8.300000000000000000e+03 1.194000000000000000e+03
8.350000000000000000e+03 1.263000000000000000e+03
8.400000000000000000e+03 1.174000000000000000e+03
8.450000000000000000e+03 1.202000000000000000e+03
8.500000000000000000e+03 1.159000000000000000e+03
8.550000000000000000e+03 1.083000000000000000e+03
8.600000000000000000e+03 1.112000000000000000e+03
8.650000000000000000e+03 1.160000000000000000e+03
8.700000000000000000e+03 1.086000000000000000e+03
8.750000000000000000e+03 1.177000000000000000e+03
8.800000000000000000e+03 1.101000000000000000e+03
8.850000000000000000e+03 1.175000000000000000e+03
8.900000000000000000e+03 1.093000000000000000e+03
8.950000000000000000e+03 1.206000000000000000e+03
9.000000000000000000e+03 1.191000000000000000e+03
9.050000000000000000e+03 1.225000000000000000e+03
9.100000000000000000e+03 1.363000000000000000e+03
9.150000000000000000e+03 1.391000000000000000e+03
9.200000000000000000e+03 1.428000000000000000e+03
9.250000000000000000e+03 1.529000000000000000e+03
9.300000000000000000e+03 1.646000000000000000e+03
9.350000000000000000e+03 1.668000000000000000e+03
9.400000000000000000e+03 1.671000000000000000e+03
9.450000000000000000e+03 1.846000000000000000e+03
9.500000000000000000e+03 1.913000000000000000e+03
9.550000000000000000e+03 1.995000000000000000e+03
9.600000000000000000e+03 2.126000000000000000e+03
9.650000000000000000e+03 2.182000000000000000e+03
9.700000000000000000e+03 2.292000000000000000e+03
9.750000000000000000e+03 2.376000000000000000e+03
9.800000000000000000e+03 2.469000000000000000e+03
9.850000000000000000e+03 2.360000000000000000e+03
9.900000000000000000e+03 2.538000000000000000e+03
9.950000000000000000e+03 2.597000000000000000e+03
