0.000000000000000000e+00 5.294000000000000000e+03
1.000000000000000000e+04 5.260000000000000000e+03
2.000000000000000000e+04 5.365000000000000000e+03
3.000000000000000000e+04 5.330000000000000000e+03
4.000000000000000000e+04 5.540000000000000000e+03
5.000000000000000000e+04 5.581000000000000000e+03
6.000000000000000000e+04 5.572000000000000000e+03
7.000000000000000000e+04 5.552000000000000000e+03
8.000000000000000000e+04 5.740000000000000000e+03
9.000000000000000000e+04 5.760000000000000000e+03
1.000000000000000000e+05 5.608000000000000000e+03
1.100000000000000000e+05 5.640000000000000000e+03
1.200000000000000000e+05 5.801000000000000000e+03
1.300000000000000000e+05 5.769000000000000000e+03
1.400000000000000000e+05 5.749000000000000000e+03
1.500000000000000000e+05 5.733000000000000000e+03
1.600000000000000000e+05 5.867000000000000000e+03
1.700000000000000000e+05 5.996000000000000000e+03
1.800000000000000000e+05 5.781000000000000000e+03
1.900000000000000000e+05 5.825000000000000000e+03
2.000000000000000000e+05 5.946000000000000000e+03
2.100000000000000000e+05 5.890000000000000000e+03
2.200000000000000000e+05 5.763000000000000000e+03
2.300000000000000000e+05 5.853000000000000000e+03
2.400000000000000000e+05 5.794000000000000000e+03
2.500000000000000000e+05 5.796000000000000000e+03
2.600000000000000000e+05 5.734000000000000000e+03
2.700000000000000000e+05 5.797000000000000000e+03
2.800000000000000000e+05 5.652000000000000000e+03
2.900000000000000000e+05 5.651000000000000000e+03
3.000000000000000000e+05 5.646000000000000000e+03
3.100000000000000000e+05 5.644000000000000000e+03
3.200000000000000000e+05 5.499000000000000000e+03
3.300000000000000000e+05 5.582000000000000000e+03
3.400000000000000000e+05 5.409000000000000000e+03
3.500000000000000000e+05 5.351000000000000000e+03
3.600000000000000000e+05 5.244000000000000000e+03
3.700000000000000000e+05 5.173000000000000000e+03
3.800000000000000000e+05 5.108000000000000000e+03
3.900000000000000000e+05 4.982000000000000000e+03
4.000000000000000000e+05 4.997000000000000000e+03
4.100000000000000000e+05 4.966000000000000000e+03
4.200000000000000000e+05 4.593000000000000000e+03
4.300000000000000000e+05 4.663000000000000000e+03
4.400000000000000000e+05 4.447000000000000000e+03
4.500000000000000000e+05 4.261000000000000000e+03
4.600000000000000000e+05 4.066000000000000000e+03
4.700000000000000000e+05 4.057000000000000000e+03
4.800000000000000000e+05 3.851000000000000000e+03
4.900000000000000000e+05 3.640000000000000000e+03
5.000000000000000000e+05 3.656000000000000000e+03
5.100000000000000000e+05 3.353000000000000000e+03
5.200000000000000000e+05 3.305000000000000000e+03
5.300000000000000000e+05 3.142000000000000000e+03
5.400000000000000000e+05 2.943000000000000000e+03
5.500000000000000000e+05 3.010000000000000000e+03
5.600000000000000000e+05 2.641000000000000000e+03
5.700000000000000000e+05 2.530000000000000000e+03
5.800000000000000000e+05 2.430000000000000000e+03
5.900000000000000000e+05 2.355000000000000000e+03
6.000000000000000000e+05 2.104000000000000000e+03
6.100000000000000000e+05 2.115000000000000000e+03
6.200000000000000000e+05 2.048000000000000000e+03
6.300000000000000000e+05 1.973000000000000000e+03
6.400000000000000000e+05 1.771000000000000000e+03
6.500000000000000000e+05 1.732000000000000000e+03
6.600000000000000000e+05 1.690000000000000000e+03
6.700000000000000000e+05 1.755000000000000000e+03
6.800000000000000000e+05 1.698000000000000000e+03
6.900000000000000000e+05 1.579000000000000000e+03
7.000000000000000000e+05 1.657000000000000000e+03
7.100000000000000000e+05 1.730000000000000000e+03
7.200000000000000000e+05 1.746000000000000000e+03
7.300000000000000000e+05 1.725000000000000000e+03
7.400000000000000000e+05 1.809000000000000000e+03
7.500000000000000000e+05 1.902000000000000000e+03
7.600000000000000000e+05 1.911000000000000000e+03
7.700000000000000000e+05 2.050000000000000000e+03
7.800000000000000000e+05 2.234000000000000000e+03
7.900000000000000000e+05 2.298000000000000000e+03
8.000000000000000000e+05 2.356000000000000000e+03
8.100000000000000000e+05 2.555000000000000000e+03
8.200000000000000000e+05 2.663000000000000000e+03
8.300000000000000000e+05 2.765000000000000000e+03
8.400000000000000000e+05 2.905000000000000000e+03
8.500000000000000000e+05 3.087000000000000000e+03
8.600000000000000000e+05 3.199000000000000000e+03
8.700000000000000000e+05 3.346000000000000000e+03
8.800000000000000000e+05 3.658000000000000000e+03
8.900000000000000000e+05 3.805000000000000000e+03
9.000000000000000000e+05 3.930000000000000000e+03
9.100000000000000000e+05 3.849000000000000000e+03
9.200000000000000000e+05 4.171000000000000000e+03
9.300000000000000000e+05 4.276000000000000000e+03
9.400000000000000000e+05 4.320000000000000000e+03
9.500000000000000000e+05 4.604000000000000000e+03
9.600000000000000000e+05 4.645000000000000000e+03
9.700000000000000000e+05 4.904000000000000000e+03
9.800000000000000000e+05 4.857000000000000000e+03
9.900000000000000000e+05 4.968000000000000000e+03
1.000000000000000000e+06 5.111000000000000000e+03
1.010000000000000000e+06 5.025000000000000000e+03
1.020000000000000000e+06 5.225000000000000000e+03
1.030000000000000000e+06 5.281000000000000000e+03
1.040000000000000000e+06 5.229000000000000000e+03
1.050000000000000000e+06 5.339000000000000000e+03
1.060000000000000000e+06 5.510000000000000000e+03
1.070000000000000000e+06 5.549000000000000000e+03
1.080000000000000000e+06 5.769000000000000000e+03
1.090000000000000000e+06 5.558000000000000000e+03
1.100000000000000000e+06 5.800000000000000000e+03
1.110000000000000000e+06 5.763000000000000000e+03
1.120000000000000000e+06 5.859000000000000000e+03
1.130000000000000000e+06 5.726000000000000000e+03
1.140000000000000000e+06 5.801000000000000000e+03
1.150000000000000000e+06 5.861000000000000000e+03
1.160000000000000000e+06 5.846000000000000000e+03
1.170000000000000000e+06 5.911000000000000000e+03
1.180000000000000000e+06 5.925000000000000000e+03
1.190000000000000000e+06 5.757000000000000000e+03
1.200000000000000000e+06 5.923000000000000000e+03
1.210000000000000000e+06 5.899000000000000000e+03
1.220000000000000000e+06 5.896000000000000000e+03
1.230000000000000000e+06 5.812000000000000000e+03
1.240000000000000000e+06 5.677000000000000000e+03
1.250000000000000000e+06 5.790000000000000000e+03
1.260000000000000000e+06 5.878000000000000000e+03
1.270000000000000000e+06 5.844000000000000000e+03
1.280000000000000000e+06 5.913000000000000000e+03
1.290000000000000000e+06 5.763000000000000000e+03
1.300000000000000000e+06 5.734000000000000000e+03
1.310000000000000000e+06 5.736000000000000000e+03
1.320000000000000000e+06 5.518000000000000000e+03
1.330000000000000000e+06 5.434000000000000000e+03
1.340000000000000000e+06 5.417000000000000000e+03
1.350000000000000000e+06 5.343000000000000000e+03
1.360000000000000000e+06 5.186000000000000000e+03
1.370000000000000000e+06 5.165000000000000000e+03
1.380000000000000000e+06 5.111000000000000000e+03
1.390000000000000000e+06 4.956000000000000000e+03
1.400000000000000000e+06 4.821000000000000000e+03
1.410000000000000000e+06 4.883000000000000000e+03
1.420000000000000000e+06 4.696000000000000000e+03
1.430000000000000000e+06 4.501000000000000000e+03
1.440000000000000000e+06 4.477000000000000000e+03
1.450000000000000000e+06 4.249000000000000000e+03
1.460000000000000000e+06 4.031000000000000000e+03
1.470000000000000000e+06 3.997000000000000000e+03
1.480000000000000000e+06 3.922000000000000000e+03
1.490000000000000000e+06 3.741000000000000000e+03
1.500000000000000000e+06 3.615000000000000000e+03
1.510000000000000000e+06 3.382000000000000000e+03
1.520000000000000000e+06 3.245000000000000000e+03
1.530000000000000000e+06 3.145000000000000000e+03
1.540000000000000000e+06 3.077000000000000000e+03
1.550000000000000000e+06 2.874000000000000000e+03
1.560000000000000000e+06 2.721000000000000000e+03
1.570000000000000000e+06 2.520000000000000000e+03
1.580000000000000000e+06 2.337000000000000000e+03
1.590000000000000000e+06 2.209000000000000000e+03
1.600000000000000000e+06 2.111000000000000000e+03
1.610000000000000000e+06 2.094000000000000000e+03
1.620000000000000000e+06 1.968000000000000000e+03
1.630000000000000000e+06 1.835000000000000000e+03
1.640000000000000000e+06 1.846000000000000000e+03
1.650000000000000000e+06 1.719000000000000000e+03
1.660000000000000000e+06 1.725000000000000000e+03
1.670000000000000000e+06 1.619000000000000000e+03
1.680000000000000000e+06 1.714000000000000000e+03
1.690000000000000000e+06 1.619000000000000000e+03
1.700000000000000000e+06 1.707000000000000000e+03
1.710000000000000000e+06 1.607000000000000000e+03
1.720000000000000000e+06 1.742000000000000000e+03
1.730000000000000000e+06 1.730000000000000000e+03
1.740000000000000000e+06 1.720000000000000000e+03
1.750000000000000000e+06 1.857000000000000000e+03
1.760000000000000000e+06 1.999000000000000000e+03
1.770000000000000000e+06 2.075000000000000000e+03
1.780000000000000000e+06 2.104000000000000000e+03
1.790000000000000000e+06 2.255000000000000000e+03
1.800000000000000000e+06 2.396000000000000000e+03
1.810000000000000000e+06 2.542000000000000000e+03
1.820000000000000000e+06 2.628000000000000000e+03
1.830000000000000000e+06 2.701000000000000000e+03
1.840000000000000000e+06 2.832000000000000000e+03
1.850000000000000000e+06 3.050000000000000000e+03
1.860000000000000000e+06 3.005000000000000000e+03
1.870000000000000000e+06 3.340000000000000000e+03
1.880000000000000000e+06 3.447000000000000000e+03
1.890000000000000000e+06 3.590000000000000000e+03
1.900000000000000000e+06 3.673000000000000000e+03
1.910000000000000000e+06 3.961000000000000000e+03
1.920000000000000000e+06 4.074000000000000000e+03
1.930000000000000000e+06 4.168000000000000000e+03
1.940000000000000000e+06 4.230000000000000000e+03
1.950000000000000000e+06 4.549000000000000000e+03
1.960000000000000000e+06 4.523000000000000000e+03
1.970000000000000000e+06 4.578000000000000000e+03
1.980000000000000000e+06 4.662000000000000000e+03
1.990000000000000000e+06 4.796000000000000000e+03
