0.000000000000000000e+00 2.472000000000000000e+03
3.330000000000000000e+02 2.544000000000000000e+03
6.660000000000000000e+02 2.574000000000000000e+03
9.990000000000000000e+02 2.649000000000000000e+03
1.332000000000000000e+03 2.613000000000000000e+03
1.665000000000000000e+03 2.708000000000000000e+03
1.998000000000000000e+03 2.602000000000000000e+03
2.331000000000000000e+03 2.811000000000000000e+03
2.664000000000000000e+03 2.737000000000000000e+03
2.997000000000000000e+03 2.751000000000000000e+03
3.330000000000000000e+03 2.776000000000000000e+03
3.663000000000000000e+03 2.831000000000000000e+03
3.996000000000000000e+03 2.849000000000000000e+03
4.329000000000000000e+03 2.984000000000000000e+03
4.662000000000000000e+03 2.933000000000000000e+03
4.995000000000000000e+03 2.882000000000000000e+03
5.328000000000000000e+03 2.884000000000000000e+03
5.661000000000000000e+03 2.900000000000000000e+03
5.994000000000000000e+03 2.947000000000000000e+03
6.327000000000000000e+03 2.804000000000000000e+03
6.660000000000000000e+03 2.910000000000000000e+03
6.993000000000000000e+03 2.855000000000000000e+03
7.326000000000000000e+03 2.917000000000000000e+03
7.659000000000000000e+03 2.837000000000000000e+03
7.992000000000000000e+03 2.814000000000000000e+03
8.325000000000000000e+03 2.910000000000000000e+03
8.658000000000000000e+03 2.917000000000000000e+03
8.991000000000000000e+03 2.778000000000000000e+03
9.324000000000000000e+03 2.741000000000000000e+03
9.657000000000000000e+03 2.789000000000000000e+03
9.990000000000000000e+03 2.921000000000000000e+03
1.032300000000000000e+04 2.816000000000000000e+03
1.065600000000000000e+04 2.808000000000000000e+03
1.098900000000000000e+04 2.745000000000000000e+03
1.132200000000000000e+04 2.624000000000000000e+03
1.165500000000000000e+04 2.668000000000000000e+03
1.198800000000000000e+04 2.686000000000000000e+03
1.232100000000000000e+04 2.667000000000000000e+03
1.265400000000000000e+04 2.467000000000000000e+03
1.298700000000000000e+04 2.530000000000000000e+03
1.332000000000000000e+04 2.401000000000000000e+03
1.365300000000000000e+04 2.388000000000000000e+03
1.398600000000000000e+04 2.338000000000000000e+03
1.431900000000000000e+04 2.291000000000000000e+03
1.465200000000000000e+04 2.193000000000000000e+03
1.498500000000000000e+04 2.186000000000000000e+03
1.531800000000000000e+04 2.108000000000000000e+03
1.565100000000000000e+04 2.041000000000000000e+03
1.598400000000000000e+04 1.972000000000000000e+03
1.631700000000000000e+04 1.910000000000000000e+03
1.665000000000000000e+04 1.791000000000000000e+03
1.698300000000000000e+04 1.679000000000000000e+03
1.731600000000000000e+04 1.709000000000000000e+03
1.764900000000000000e+04 1.607000000000000000e+03
1.798200000000000000e+04 1.602000000000000000e+03
1.831500000000000000e+04 1.442000000000000000e+03
1.864800000000000000e+04 1.366000000000000000e+03
1.898100000000000000e+04 1.349000000000000000e+03
1.931400000000000000e+04 1.273000000000000000e+03
1.964700000000000000e+04 1.216000000000000000e+03
1.998000000000000000e+04 1.169000000000000000e+03
2.031300000000000000e+04 1.050000000000000000e+03
2.064600000000000000e+04 1.010000000000000000e+03
2.097900000000000000e+04 1.001000000000000000e+03
2.131200000000000000e+04 9.790000000000000000e+02
2.164500000000000000e+04 9.420000000000000000e+02
2.197800000000000000e+04 9.610000000000000000e+02
2.231100000000000000e+04 8.810000000000000000e+02
2.264400000000000000e+04 9.330000000000000000e+02
2.297700000000000000e+04 8.360000000000000000e+02
2.331000000000000000e+04 8.780000000000000000e+02
2.364300000000000000e+04 8.530000000000000000e+02
2.397600000000000000e+04 9.050000000000000000e+02
2.430900000000000000e+04 9.230000000000000000e+02
2.464200000000000000e+04 9.450000000000000000e+02
2.497500000000000000e+04 9.450000000000000000e+02
2.530800000000000000e+04 9.900000000000000000e+02
2.564100000000000000e+04 9.640000000000000000e+02
2.597400000000000000e+04 1.040000000000000000e+03
2.630700000000000000e+04 1.077000000000000000e+03
2.664000000000000000e+04 1.134000000000000000e+03
2.697300000000000000e+04 1.283000000000000000e+03
2.730600000000000000e+04 1.297000000000000000e+03
2.763900000000000000e+04 1.375000000000000000e+03
2.797200000000000000e+04 1.459000000000000000e+03
2.830500000000000000e+04 1.536000000000000000e+03
2.863800000000000000e+04 1.610000000000000000e+03
2.897100000000000000e+04 1.723000000000000000e+03
2.930400000000000000e+04 1.675000000000000000e+03
2.963700000000000000e+04 1.810000000000000000e+03
2.997000000000000000e+04 1.864000000000000000e+03
3.030300000000000000e+04 1.947000000000000000e+03
3.063600000000000000e+04 1.939000000000000000e+03
3.096900000000000000e+04 2.062000000000000000e+03
3.130200000000000000e+04 2.130000000000000000e+03
3.163500000000000000e+04 2.257000000000000000e+03
3.196800000000000000e+04 2.207000000000000000e+03
3.230100000000000000e+04 2.337000000000000000e+03
3.263400000000000000e+04 2.324000000000000000e+03
3.296700000000000000e+04 2.450000000000000000e+03
3.330000000000000000e+04 2.509000000000000000e+03
3.363300000000000000e+04 2.529000000000000000e+03
3.396600000000000000e+04 2.611000000000000000e+03
3.429900000000000000e+04 2.506000000000000000e+03
3.463200000000000000e+04 2.678000000000000000e+03
3.496500000000000000e+04 2.793000000000000000e+03
3.529800000000000000e+04 2.751000000000000000e+03
3.563100000000000000e+04 2.725000000000000000e+03
3.596400000000000000e+04 2.764000000000000000e+03
3.629700000000000000e+04 2.797000000000000000e+03
3.663000000000000000e+04 2.765000000000000000e+03
3.696300000000000000e+04 2.866000000000000000e+03
3.729600000000000000e+04 2.851000000000000000e+03
3.762900000000000000e+04 2.745000000000000000e+03
3.796200000000000000e+04 3.010000000000000000e+03
3.829500000000000000e+04 2.744000000000000000e+03
3.862800000000000000e+04 2.865000000000000000e+03
3.896100000000000000e+04 2.839000000000000000e+03
3.929400000000000000e+04 2.927000000000000000e+03
3.962700000000000000e+04 2.939000000000000000e+03
3.996000000000000000e+04 2.880000000000000000e+03
4.029300000000000000e+04 2.975000000000000000e+03
4.062600000000000000e+04 2.881000000000000000e+03
4.095900000000000000e+04 2.918000000000000000e+03
4.129200000000000000e+04 2.819000000000000000e+03
4.162500000000000000e+04 2.783000000000000000e+03
4.195800000000000000e+04 2.784000000000000000e+03
4.229100000000000000e+04 2.850000000000000000e+03
4.262400000000000000e+04 2.841000000000000000e+03
4.295700000000000000e+04 2.802000000000000000e+03
4.329000000000000000e+04 2.847000000000000000e+03
4.362300000000000000e+04 2.750000000000000000e+03
4.395600000000000000e+04 2.691000000000000000e+03
4.428900000000000000e+04 2.672000000000000000e+03
4.462200000000000000e+04 2.591000000000000000e+03
4.495500000000000000e+04 2.666000000000000000e+03
4.528800000000000000e+04 2.614000000000000000e+03
4.562100000000000000e+04 2.549000000000000000e+03
4.595400000000000000e+04 2.502000000000000000e+03
4.628700000000000000e+04 2.432000000000000000e+03
4.662000000000000000e+04 2.432000000000000000e+03
4.695300000000000000e+04 2.359000000000000000e+03
4.728600000000000000e+04 2.280000000000000000e+03
4.761900000000000000e+04 2.236000000000000000e+03
4.795200000000000000e+04 2.252000000000000000e+03
4.828500000000000000e+04 2.093000000000000000e+03
4.861800000000000000e+04 2.117000000000000000e+03
4.895100000000000000e+04 2.003000000000000000e+03
4.928400000000000000e+04 2.018000000000000000e+03
4.961700000000000000e+04 1.907000000000000000e+03
4.995000000000000000e+04 1.764000000000000000e+03
5.028300000000000000e+04 1.773000000000000000e+03
5.061600000000000000e+04 1.673000000000000000e+03
5.094900000000000000e+04 1.619000000000000000e+03
5.128200000000000000e+04 1.530000000000000000e+03
5.161500000000000000e+04 1.405000000000000000e+03
5.194800000000000000e+04 1.407000000000000000e+03
5.228100000000000000e+04 1.372000000000000000e+03
5.261400000000000000e+04 1.329000000000000000e+03
5.294700000000000000e+04 1.271000000000000000e+03
5.328000000000000000e+04 1.162000000000000000e+03
5.361300000000000000e+04 1.087000000000000000e+03
5.394600000000000000e+04 1.040000000000000000e+03
5.427900000000000000e+04 1.104000000000000000e+03
5.461200000000000000e+04 1.028000000000000000e+03
5.494500000000000000e+04 9.940000000000000000e+02
5.527800000000000000e+04 9.850000000000000000e+02
5.561100000000000000e+04 8.640000000000000000e+02
5.594400000000000000e+04 8.460000000000000000e+02
5.627700000000000000e+04 8.860000000000000000e+02
5.661000000000000000e+04 8.850000000000000000e+02
5.694300000000000000e+04 8.660000000000000000e+02
5.727600000000000000e+04 8.570000000000000000e+02
5.760900000000000000e+04 8.910000000000000000e+02
5.794200000000000000e+04 9.470000000000000000e+02
5.827500000000000000e+04 8.640000000000000000e+02
5.860800000000000000e+04 9.450000000000000000e+02
5.894100000000000000e+04 1.030000000000000000e+03
5.927400000000000000e+04 1.071000000000000000e+03
5.960700000000000000e+04 1.039000000000000000e+03
5.994000000000000000e+04 1.184000000000000000e+03
6.027300000000000000e+04 1.240000000000000000e+03
6.060600000000000000e+04 1.296000000000000000e+03
6.093900000000000000e+04 1.301000000000000000e+03
6.127200000000000000e+04 1.432000000000000000e+03
6.160500000000000000e+04 1.515000000000000000e+03
6.193800000000000000e+04 1.593000000000000000e+03
6.227100000000000000e+04 1.654000000000000000e+03
6.260400000000000000e+04 1.816000000000000000e+03
6.293700000000000000e+04 1.776000000000000000e+03
6.327000000000000000e+04 1.801000000000000000e+03
6.360300000000000000e+04 2.056000000000000000e+03
6.393600000000000000e+04 2.024000000000000000e+03
6.426900000000000000e+04 2.002000000000000000e+03
6.460200000000000000e+04 2.167000000000000000e+03
6.493500000000000000e+04 2.189000000000000000e+03
6.526800000000000000e+04 2.287000000000000000e+03
6.560100000000000000e+04 2.321000000000000000e+03
6.593400000000000000e+04 2.414000000000000000e+03
6.626700000000000000e+04 2.399000000000000000e+03
