0.000000000000000000e+00 2.246000000000000000e+03
1.420000000000000000e+02 2.265000000000000000e+03
2.840000000000000000e+02 2.402000000000000000e+03
4.260000000000000000e+02 2.321000000000000000e+03
5.680000000000000000e+02 2.485000000000000000e+03
7.100000000000000000e+02 2.528000000000000000e+03
8.520000000000000000e+02 2.537000000000000000e+03
9.940000000000000000e+02 2.437000000000000000e+03
1.136000000000000000e+03 2.577000000000000000e+03
1.278000000000000000e+03 2.460000000000000000e+03
1.420000000000000000e+03 2.538000000000000000e+03
1.562000000000000000e+03 2.624000000000000000e+03
1.704000000000000000e+03 2.689000000000000000e+03
1.846000000000000000e+03 2.694000000000000000e+03
1.988000000000000000e+03 2.734000000000000000e+03
2.130000000000000000e+03 2.667000000000000000e+03
2.272000000000000000e+03 2.642000000000000000e+03
2.414000000000000000e+03 2.740000000000000000e+03
2.556000000000000000e+03 2.621000000000000000e+03
2.698000000000000000e+03 2.601000000000000000e+03
2.840000000000000000e+03 2.678000000000000000e+03
2.982000000000000000e+03 2.636000000000000000e+03
3.124000000000000000e+03 2.738000000000000000e+03
3.266000000000000000e+03 2.584000000000000000e+03
3.408000000000000000e+03 2.811000000000000000e+03
3.550000000000000000e+03 2.681000000000000000e+03
3.692000000000000000e+03 2.543000000000000000e+03
3.834000000000000000e+03 2.678000000000000000e+03
3.976000000000000000e+03 2.598000000000000000e+03
4.118000000000000000e+03 2.665000000000000000e+03
4.260000000000000000e+03 2.603000000000000000e+03
4.402000000000000000e+03 2.606000000000000000e+03
4.544000000000000000e+03 2.546000000000000000e+03
4.686000000000000000e+03 2.480000000000000000e+03
4.828000000000000000e+03 2.460000000000000000e+03
4.970000000000000000e+03 2.428000000000000000e+03
5.112000000000000000e+03 2.419000000000000000e+03
5.254000000000000000e+03 2.304000000000000000e+03
5.396000000000000000e+03 2.410000000000000000e+03
5.538000000000000000e+03 2.280000000000000000e+03
5.680000000000000000e+03 2.240000000000000000e+03
5.822000000000000000e+03 2.212000000000000000e+03
5.964000000000000000e+03 2.186000000000000000e+03
6.106000000000000000e+03 2.120000000000000000e+03
6.248000000000000000e+03 2.142000000000000000e+03
6.390000000000000000e+03 2.124000000000000000e+03
6.532000000000000000e+03 2.018000000000000000e+03
6.674000000000000000e+03 1.870000000000000000e+03
6.816000000000000000e+03 1.766000000000000000e+03
6.958000000000000000e+03 1.780000000000000000e+03
7.100000000000000000e+03 1.700000000000000000e+03
7.242000000000000000e+03 1.666000000000000000e+03
7.384000000000000000e+03 1.619000000000000000e+03
7.526000000000000000e+03 1.495000000000000000e+03
7.668000000000000000e+03 1.445000000000000000e+03
7.810000000000000000e+03 1.399000000000000000e+03
7.952000000000000000e+03 1.328000000000000000e+03
8.094000000000000000e+03 1.325000000000000000e+03
8.236000000000000000e+03 1.243000000000000000e+03
8.378000000000000000e+03 1.175000000000000000e+03
8.520000000000000000e+03 1.160000000000000000e+03
8.662000000000000000e+03 1.099000000000000000e+03
8.804000000000000000e+03 1.067000000000000000e+03
8.946000000000000000e+03 1.048000000000000000e+03
9.088000000000000000e+03 9.930000000000000000e+02
9.230000000000000000e+03 9.230000000000000000e+02
9.372000000000000000e+03 8.710000000000000000e+02
9.514000000000000000e+03 8.960000000000000000e+02
9.656000000000000000e+03 8.150000000000000000e+02
9.798000000000000000e+03 8.820000000000000000e+02
9.940000000000000000e+03 8.850000000000000000e+02
1.008200000000000000e+04 8.080000000000000000e+02
1.022400000000000000e+04 8.530000000000000000e+02
1.036600000000000000e+04 8.330000000000000000e+02
1.050800000000000000e+04 8.580000000000000000e+02
1.065000000000000000e+04 8.630000000000000000e+02
1.079200000000000000e+04 8.970000000000000000e+02
1.093400000000000000e+04 9.760000000000000000e+02
1.107600000000000000e+04 9.090000000000000000e+02
1.121800000000000000e+04 1.004000000000000000e+03
1.136000000000000000e+04 9.900000000000000000e+02
1.150200000000000000e+04 1.123000000000000000e+03
1.164400000000000000e+04 1.053000000000000000e+03
1.178600000000000000e+04 1.204000000000000000e+03
1.192800000000000000e+04 1.277000000000000000e+03
1.207000000000000000e+04 1.328000000000000000e+03
1.221200000000000000e+04 1.315000000000000000e+03
1.235400000000000000e+04 1.429000000000000000e+03
1.249600000000000000e+04 1.501000000000000000e+03
1.263800000000000000e+04 1.609000000000000000e+03
1.278000000000000000e+04 1.675000000000000000e+03
1.292200000000000000e+04 1.745000000000000000e+03
1.306400000000000000e+04 1.786000000000000000e+03
1.320600000000000000e+04 1.890000000000000000e+03
1.334800000000000000e+04 1.913000000000000000e+03
1.349000000000000000e+04 2.038000000000000000e+03
1.363200000000000000e+04 1.954000000000000000e+03
1.377400000000000000e+04 2.134000000000000000e+03
1.391600000000000000e+04 2.120000000000000000e+03
1.405800000000000000e+04 2.206000000000000000e+03
1.420000000000000000e+04 2.191000000000000000e+03
1.434200000000000000e+04 2.254000000000000000e+03
1.448400000000000000e+04 2.385000000000000000e+03
1.462600000000000000e+04 2.368000000000000000e+03
1.476800000000000000e+04 2.481000000000000000e+03
1.491000000000000000e+04 2.452000000000000000e+03
1.505200000000000000e+04 2.505000000000000000e+03
1.519400000000000000e+04 2.413000000000000000e+03
1.533600000000000000e+04 2.445000000000000000e+03
1.547800000000000000e+04 2.630000000000000000e+03
1.562000000000000000e+04 2.577000000000000000e+03
1.576200000000000000e+04 2.641000000000000000e+03
1.590400000000000000e+04 2.638000000000000000e+03
1.604600000000000000e+04 2.710000000000000000e+03
1.618800000000000000e+04 2.546000000000000000e+03
1.633000000000000000e+04 2.674000000000000000e+03
1.647200000000000000e+04 2.706000000000000000e+03
1.661400000000000000e+04 2.677000000000000000e+03
1.675600000000000000e+04 2.596000000000000000e+03
1.689800000000000000e+04 2.685000000000000000e+03
1.704000000000000000e+04 2.617000000000000000e+03
1.718200000000000000e+04 2.690000000000000000e+03
1.732400000000000000e+04 2.636000000000000000e+03
1.746600000000000000e+04 2.648000000000000000e+03
1.760800000000000000e+04 2.751000000000000000e+03
1.775000000000000000e+04 2.642000000000000000e+03
1.789200000000000000e+04 2.706000000000000000e+03
1.803400000000000000e+04 2.698000000000000000e+03
1.817600000000000000e+04 2.608000000000000000e+03
1.831800000000000000e+04 2.605000000000000000e+03
1.846000000000000000e+04 2.512000000000000000e+03
1.860200000000000000e+04 2.539000000000000000e+03
1.874400000000000000e+04 2.566000000000000000e+03
1.888600000000000000e+04 2.536000000000000000e+03
1.902800000000000000e+04 2.486000000000000000e+03
1.917000000000000000e+04 2.424000000000000000e+03
1.931200000000000000e+04 2.398000000000000000e+03
1.945400000000000000e+04 2.391000000000000000e+03
1.959600000000000000e+04 2.369000000000000000e+03
1.973800000000000000e+04 2.392000000000000000e+03
1.988000000000000000e+04 2.234000000000000000e+03
2.002200000000000000e+04 2.272000000000000000e+03
2.016400000000000000e+04 2.202000000000000000e+03
2.030600000000000000e+04 2.054000000000000000e+03
2.044800000000000000e+04 2.168000000000000000e+03
2.059000000000000000e+04 2.065000000000000000e+03
2.073200000000000000e+04 1.914000000000000000e+03
2.087400000000000000e+04 1.951000000000000000e+03
2.101600000000000000e+04 1.929000000000000000e+03
2.115800000000000000e+04 1.748000000000000000e+03
2.130000000000000000e+04 1.691000000000000000e+03
2.144200000000000000e+04 1.741000000000000000e+03
2.158400000000000000e+04 1.645000000000000000e+03
2.172600000000000000e+04 1.647000000000000000e+03
2.186800000000000000e+04 1.552000000000000000e+03
2.201000000000000000e+04 1.446000000000000000e+03
2.215200000000000000e+04 1.501000000000000000e+03
2.229400000000000000e+04 1.296000000000000000e+03
2.243600000000000000e+04 1.205000000000000000e+03
2.257800000000000000e+04 1.226000000000000000e+03
2.272000000000000000e+04 1.137000000000000000e+03
2.286200000000000000e+04 1.106000000000000000e+03
2.300400000000000000e+04 1.047000000000000000e+03
2.314600000000000000e+04 1.060000000000000000e+03
2.328800000000000000e+04 1.031000000000000000e+03
2.343000000000000000e+04 1.029000000000000000e+03
2.357200000000000000e+04 9.290000000000000000e+02
2.371400000000000000e+04 8.960000000000000000e+02
2.385600000000000000e+04 8.500000000000000000e+02
2.399800000000000000e+04 8.020000000000000000e+02
2.414000000000000000e+04 8.480000000000000000e+02
2.428200000000000000e+04 8.100000000000000000e+02
2.442400000000000000e+04 8.360000000000000000e+02
2.456600000000000000e+04 7.960000000000000000e+02
2.470800000000000000e+04 8.320000000000000000e+02
2.485000000000000000e+04 8.650000000000000000e+02
2.499200000000000000e+04 8.280000000000000000e+02
2.513400000000000000e+04 9.170000000000000000e+02
2.527600000000000000e+04 9.560000000000000000e+02
2.541800000000000000e+04 9.620000000000000000e+02
2.556000000000000000e+04 9.950000000000000000e+02
2.570200000000000000e+04 1.094000000000000000e+03
2.584400000000000000e+04 1.072000000000000000e+03
2.598600000000000000e+04 1.180000000000000000e+03
2.612800000000000000e+04 1.140000000000000000e+03
2.627000000000000000e+04 1.261000000000000000e+03
2.641200000000000000e+04 1.347000000000000000e+03
2.655400000000000000e+04 1.454000000000000000e+03
2.669600000000000000e+04 1.456000000000000000e+03
2.683800000000000000e+04 1.571000000000000000e+03
2.698000000000000000e+04 1.681000000000000000e+03
2.712200000000000000e+04 1.767000000000000000e+03
2.726400000000000000e+04 1.760000000000000000e+03
2.740600000000000000e+04 1.814000000000000000e+03
2.754800000000000000e+04 1.958000000000000000e+03
2.769000000000000000e+04 1.972000000000000000e+03
2.783200000000000000e+04 2.020000000000000000e+03
2.797400000000000000e+04 2.052000000000000000e+03
2.811600000000000000e+04 2.143000000000000000e+03
2.825800000000000000e+04 2.207000000000000000e+03
2.840000000000000000e+04 2.239000000000000000e+03
