0.000000000000000000e+00 2.662000000000000000e+03
2.000000000000000000e+02 2.685000000000000000e+03
4.000000000000000000e+02 2.788000000000000000e+03
6.000000000000000000e+02 2.770000000000000000e+03
8.000000000000000000e+02 2.838000000000000000e+03
1.000000000000000000e+03 2.911000000000000000e+03
1.200000000000000000e+03 2.904000000000000000e+03
1.400000000000000000e+03 2.944000000000000000e+03
1.600000000000000000e+03 2.979000000000000000e+03
1.800000000000000000e+03 3.030000000000000000e+03
2.000000000000000000e+03 2.975000000000000000e+03
2.200000000000000000e+03 3.061000000000000000e+03
2.400000000000000000e+03 3.092000000000000000e+03
2.600000000000000000e+03 3.122000000000000000e+03
2.800000000000000000e+03 3.039000000000000000e+03
3.000000000000000000e+03 3.054000000000000000e+03
3.200000000000000000e+03 3.178000000000000000e+03
3.400000000000000000e+03 3.093000000000000000e+03
3.600000000000000000e+03 3.171000000000000000e+03
3.800000000000000000e+03 3.124000000000000000e+03
4.000000000000000000e+03 3.097000000000000000e+03
4.200000000000000000e+03 3.184000000000000000e+03
4.400000000000000000e+03 3.057000000000000000e+03
4.600000000000000000e+03 3.257000000000000000e+03
4.800000000000000000e+03 3.110000000000000000e+03
5.000000000000000000e+03 3.080000000000000000e+03
5.200000000000000000e+03 3.128000000000000000e+03
5.400000000000000000e+03 3.044000000000000000e+03
5.600000000000000000e+03 3.081000000000000000e+03
5.800000000000000000e+03 3.040000000000000000e+03
6.000000000000000000e+03 2.937000000000000000e+03
6.200000000000000000e+03 3.007000000000000000e+03
6.400000000000000000e+03 3.015000000000000000e+03
6.600000000000000000e+03 2.989000000000000000e+03
6.800000000000000000e+03 2.958000000000000000e+03
7.000000000000000000e+03 2.844000000000000000e+03
7.200000000000000000e+03 2.896000000000000000e+03
7.400000000000000000e+03 2.723000000000000000e+03
7.600000000000000000e+03 2.698000000000000000e+03
7.800000000000000000e+03 2.607000000000000000e+03
8.000000000000000000e+03 2.509000000000000000e+03
8.200000000000000000e+03 2.569000000000000000e+03
8.400000000000000000e+03 2.492000000000000000e+03
8.600000000000000000e+03 2.425000000000000000e+03
8.800000000000000000e+03 2.408000000000000000e+03
9.000000000000000000e+03 2.336000000000000000e+03
9.200000000000000000e+03 2.228000000000000000e+03
9.400000000000000000e+03 2.178000000000000000e+03
9.600000000000000000e+03 2.110000000000000000e+03
9.800000000000000000e+03 2.117000000000000000e+03
1.000000000000000000e+04 2.017000000000000000e+03
1.020000000000000000e+04 1.924000000000000000e+03
1.040000000000000000e+04 1.840000000000000000e+03
1.060000000000000000e+04 1.786000000000000000e+03
1.080000000000000000e+04 1.669000000000000000e+03
1.100000000000000000e+04 1.641000000000000000e+03
1.120000000000000000e+04 1.543000000000000000e+03
1.140000000000000000e+04 1.493000000000000000e+03
1.160000000000000000e+04 1.359000000000000000e+03
1.180000000000000000e+04 1.393000000000000000e+03
1.200000000000000000e+04 1.295000000000000000e+03
1.220000000000000000e+04 1.286000000000000000e+03
1.240000000000000000e+04 1.151000000000000000e+03
1.260000000000000000e+04 1.230000000000000000e+03
1.280000000000000000e+04 1.139000000000000000e+03
1.300000000000000000e+04 1.058000000000000000e+03
1.320000000000000000e+04 1.047000000000000000e+03
1.340000000000000000e+04 1.015000000000000000e+03
1.360000000000000000e+04 9.820000000000000000e+02
1.380000000000000000e+04 9.870000000000000000e+02
1.400000000000000000e+04 9.600000000000000000e+02
1.420000000000000000e+04 9.600000000000000000e+02
1.440000000000000000e+04 9.740000000000000000e+02
1.460000000000000000e+04 9.510000000000000000e+02
1.480000000000000000e+04 1.062000000000000000e+03
1.500000000000000000e+04 1.078000000000000000e+03
1.520000000000000000e+04 1.113000000000000000e+03
1.540000000000000000e+04 1.114000000000000000e+03
1.560000000000000000e+04 1.199000000000000000e+03
1.580000000000000000e+04 1.260000000000000000e+03
1.600000000000000000e+04 1.294000000000000000e+03
1.620000000000000000e+04 1.277000000000000000e+03
1.640000000000000000e+04 1.416000000000000000e+03
1.660000000000000000e+04 1.388000000000000000e+03
1.680000000000000000e+04 1.559000000000000000e+03
1.700000000000000000e+04 1.525000000000000000e+03
1.720000000000000000e+04 1.719000000000000000e+03
1.740000000000000000e+04 1.724000000000000000e+03
1.760000000000000000e+04 1.829000000000000000e+03
1.780000000000000000e+04 2.030000000000000000e+03
1.800000000000000000e+04 2.046000000000000000e+03
1.820000000000000000e+04 2.076000000000000000e+03
1.840000000000000000e+04 2.201000000000000000e+03
1.860000000000000000e+04 2.222000000000000000e+03
1.880000000000000000e+04 2.306000000000000000e+03
1.900000000000000000e+04 2.404000000000000000e+03
1.920000000000000000e+04 2.390000000000000000e+03
1.940000000000000000e+04 2.503000000000000000e+03
1.960000000000000000e+04 2.594000000000000000e+03
1.980000000000000000e+04 2.675000000000000000e+03
2.000000000000000000e+04 2.678000000000000000e+03
2.020000000000000000e+04 2.751000000000000000e+03
2.040000000000000000e+04 2.814000000000000000e+03
2.060000000000000000e+04 2.725000000000000000e+03
2.080000000000000000e+04 2.860000000000000000e+03
2.100000000000000000e+04 2.902000000000000000e+03
2.120000000000000000e+04 3.042000000000000000e+03
2.140000000000000000e+04 2.906000000000000000e+03
2.160000000000000000e+04 3.055000000000000000e+03
2.180000000000000000e+04 3.049000000000000000e+03
2.200000000000000000e+04 3.059000000000000000e+03
2.220000000000000000e+04 2.941000000000000000e+03
2.240000000000000000e+04 2.985000000000000000e+03
2.260000000000000000e+04 3.017000000000000000e+03
2.280000000000000000e+04 3.058000000000000000e+03
2.300000000000000000e+04 3.064000000000000000e+03
2.320000000000000000e+04 3.030000000000000000e+03
2.340000000000000000e+04 3.072000000000000000e+03
2.360000000000000000e+04 3.060000000000000000e+03
2.380000000000000000e+04 3.101000000000000000e+03
2.400000000000000000e+04 3.014000000000000000e+03
2.420000000000000000e+04 3.103000000000000000e+03
2.440000000000000000e+04 3.052000000000000000e+03
2.460000000000000000e+04 3.034000000000000000e+03
2.480000000000000000e+04 3.113000000000000000e+03
2.500000000000000000e+04 3.093000000000000000e+03
2.520000000000000000e+04 3.041000000000000000e+03
2.540000000000000000e+04 3.048000000000000000e+03
2.560000000000000000e+04 3.024000000000000000e+03
2.580000000000000000e+04 2.991000000000000000e+03
2.600000000000000000e+04 3.021000000000000000e+03
2.620000000000000000e+04 2.903000000000000000e+03
2.640000000000000000e+04 2.998000000000000000e+03
2.660000000000000000e+04 2.897000000000000000e+03
2.680000000000000000e+04 2.906000000000000000e+03
2.700000000000000000e+04 2.836000000000000000e+03
2.720000000000000000e+04 2.846000000000000000e+03
2.740000000000000000e+04 2.706000000000000000e+03
2.760000000000000000e+04 2.756000000000000000e+03
2.780000000000000000e+04 2.690000000000000000e+03
2.800000000000000000e+04 2.627000000000000000e+03
2.820000000000000000e+04 2.560000000000000000e+03
2.840000000000000000e+04 2.472000000000000000e+03
2.860000000000000000e+04 2.454000000000000000e+03
2.880000000000000000e+04 2.429000000000000000e+03
2.900000000000000000e+04 2.372000000000000000e+03
2.920000000000000000e+04 2.330000000000000000e+03
2.940000000000000000e+04 2.270000000000000000e+03
2.960000000000000000e+04 2.077000000000000000e+03
2.980000000000000000e+04 2.049000000000000000e+03
3.000000000000000000e+04 1.990000000000000000e+03
3.020000000000000000e+04 1.968000000000000000e+03
3.040000000000000000e+04 1.827000000000000000e+03
3.060000000000000000e+04 1.754000000000000000e+03
3.080000000000000000e+04 1.631000000000000000e+03
3.100000000000000000e+04 1.710000000000000000e+03
3.120000000000000000e+04 1.526000000000000000e+03
3.140000000000000000e+04 1.550000000000000000e+03
3.160000000000000000e+04 1.406000000000000000e+03
3.180000000000000000e+04 1.285000000000000000e+03
3.200000000000000000e+04 1.312000000000000000e+03
3.220000000000000000e+04 1.301000000000000000e+03
3.240000000000000000e+04 1.239000000000000000e+03
3.260000000000000000e+04 1.165000000000000000e+03
3.280000000000000000e+04 1.115000000000000000e+03
3.300000000000000000e+04 1.129000000000000000e+03
3.320000000000000000e+04 1.035000000000000000e+03
3.340000000000000000e+04 9.980000000000000000e+02
3.360000000000000000e+04 1.041000000000000000e+03
3.380000000000000000e+04 1.034000000000000000e+03
3.400000000000000000e+04 9.660000000000000000e+02
3.420000000000000000e+04 9.590000000000000000e+02
3.440000000000000000e+04 1.003000000000000000e+03
3.460000000000000000e+04 1.033000000000000000e+03
3.480000000000000000e+04 1.061000000000000000e+03
3.500000000000000000e+04 1.040000000000000000e+03
3.520000000000000000e+04 1.041000000000000000e+03
3.540000000000000000e+04 1.119000000000000000e+03
3.560000000000000000e+04 1.150000000000000000e+03
3.580000000000000000e+04 1.222000000000000000e+03
3.600000000000000000e+04 1.289000000000000000e+03
3.620000000000000000e+04 1.405000000000000000e+03
3.640000000000000000e+04 1.359000000000000000e+03
3.660000000000000000e+04 1.486000000000000000e+03
3.680000000000000000e+04 1.585000000000000000e+03
3.700000000000000000e+04 1.650000000000000000e+03
3.720000000000000000e+04 1.682000000000000000e+03
3.740000000000000000e+04 1.783000000000000000e+03
3.760000000000000000e+04 1.797000000000000000e+03
3.780000000000000000e+04 1.947000000000000000e+03
3.800000000000000000e+04 2.047000000000000000e+03
3.820000000000000000e+04 2.082000000000000000e+03
3.840000000000000000e+04 2.281000000000000000e+03
3.860000000000000000e+04 2.225000000000000000e+03
3.880000000000000000e+04 2.306000000000000000e+03
3.900000000000000000e+04 2.436000000000000000e+03
3.920000000000000000e+04 2.490000000000000000e+03
3.940000000000000000e+04 2.508000000000000000e+03
3.960000000000000000e+04 2.611000000000000000e+03
3.980000000000000000e+04 2.559000000000000000e+03
