0.000000000000000000e+00 3.472000000000000000e+03
5.000000000000000000e+03 3.839000000000000000e+03
1.000000000000000000e+04 3.741000000000000000e+03
1.500000000000000000e+04 3.838000000000000000e+03
2.000000000000000000e+04 3.808000000000000000e+03
2.500000000000000000e+04 3.988000000000000000e+03
3.000000000000000000e+04 3.949000000000000000e+03
3.500000000000000000e+04 3.920000000000000000e+03
4.000000000000000000e+04 4.079000000000000000e+03
4.500000000000000000e+04 3.963000000000000000e+03
5.000000000000000000e+04 4.112000000000000000e+03
5.500000000000000000e+04 4.065000000000000000e+03
6.000000000000000000e+04 4.189000000000000000e+03
6.500000000000000000e+04 4.248000000000000000e+03
7.000000000000000000e+04 4.151000000000000000e+03
7.500000000000000000e+04 4.185000000000000000e+03
8.000000000000000000e+04 4.145000000000000000e+03
8.500000000000000000e+04 4.045000000000000000e+03
9.000000000000000000e+04 4.163000000000000000e+03
9.500000000000000000e+04 4.239000000000000000e+03
1.000000000000000000e+05 4.167000000000000000e+03
1.050000000000000000e+05 4.191000000000000000e+03
1.100000000000000000e+05 4.213000000000000000e+03
1.150000000000000000e+05 4.158000000000000000e+03
1.200000000000000000e+05 4.177000000000000000e+03
1.250000000000000000e+05 4.252000000000000000e+03
1.300000000000000000e+05 4.265000000000000000e+03
1.350000000000000000e+05 4.106000000000000000e+03
1.400000000000000000e+05 4.075000000000000000e+03
1.450000000000000000e+05 4.106000000000000000e+03
1.500000000000000000e+05 4.001000000000000000e+03
1.550000000000000000e+05 4.015000000000000000e+03
1.600000000000000000e+05 3.948000000000000000e+03
1.650000000000000000e+05 3.969000000000000000e+03
1.700000000000000000e+05 3.782000000000000000e+03
1.750000000000000000e+05 3.897000000000000000e+03
1.800000000000000000e+05 3.879000000000000000e+03
1.850000000000000000e+05 3.711000000000000000e+03
1.900000000000000000e+05 3.675000000000000000e+03
1.950000000000000000e+05 3.626000000000000000e+03
2.000000000000000000e+05 3.608000000000000000e+03
2.050000000000000000e+05 3.524000000000000000e+03
2.100000000000000000e+05 3.464000000000000000e+03
2.150000000000000000e+05 3.279000000000000000e+03
2.200000000000000000e+05 3.108000000000000000e+03
2.250000000000000000e+05 3.115000000000000000e+03
2.300000000000000000e+05 2.954000000000000000e+03
2.350000000000000000e+05 2.970000000000000000e+03
2.400000000000000000e+05 2.808000000000000000e+03
2.450000000000000000e+05 2.703000000000000000e+03
2.500000000000000000e+05 2.547000000000000000e+03
2.550000000000000000e+05 2.528000000000000000e+03
2.600000000000000000e+05 2.429000000000000000e+03
2.650000000000000000e+05 2.252000000000000000e+03
2.700000000000000000e+05 2.240000000000000000e+03
2.750000000000000000e+05 2.107000000000000000e+03
2.800000000000000000e+05 2.109000000000000000e+03
2.850000000000000000e+05 1.917000000000000000e+03
2.900000000000000000e+05 1.761000000000000000e+03
2.950000000000000000e+05 1.841000000000000000e+03
3.000000000000000000e+05 1.712000000000000000e+03
3.050000000000000000e+05 1.662000000000000000e+03
3.100000000000000000e+05 1.591000000000000000e+03
3.150000000000000000e+05 1.498000000000000000e+03
3.200000000000000000e+05 1.499000000000000000e+03
3.250000000000000000e+05 1.386000000000000000e+03
3.300000000000000000e+05 1.356000000000000000e+03
3.350000000000000000e+05 1.303000000000000000e+03
3.400000000000000000e+05 1.361000000000000000e+03
3.450000000000000000e+05 1.334000000000000000e+03
3.500000000000000000e+05 1.344000000000000000e+03
3.550000000000000000e+05 1.377000000000000000e+03
3.600000000000000000e+05 1.332000000000000000e+03
3.650000000000000000e+05 1.379000000000000000e+03
3.700000000000000000e+05 1.350000000000000000e+03
3.750000000000000000e+05 1.465000000000000000e+03
3.800000000000000000e+05 1.522000000000000000e+03
3.850000000000000000e+05 1.552000000000000000e+03
3.900000000000000000e+05 1.637000000000000000e+03
3.950000000000000000e+05 1.719000000000000000e+03
4.000000000000000000e+05 1.736000000000000000e+03
4.050000000000000000e+05 1.893000000000000000e+03
4.100000000000000000e+05 2.050000000000000000e+03
4.150000000000000000e+05 2.173000000000000000e+03
4.200000000000000000e+05 2.221000000000000000e+03
4.250000000000000000e+05 2.300000000000000000e+03
4.300000000000000000e+05 2.393000000000000000e+03
4.350000000000000000e+05 2.494000000000000000e+03
4.400000000000000000e+05 2.600000000000000000e+03
4.450000000000000000e+05 2.617000000000000000e+03
4.500000000000000000e+05 2.809000000000000000e+03
4.550000000000000000e+05 2.929000000000000000e+03
4.600000000000000000e+05 3.040000000000000000e+03
4.650000000000000000e+05 3.096000000000000000e+03
4.700000000000000000e+05 3.172000000000000000e+03
4.750000000000000000e+05 3.134000000000000000e+03
4.800000000000000000e+05 3.285000000000000000e+03
4.850000000000000000e+05 3.442000000000000000e+03
4.900000000000000000e+05 3.503000000000000000e+03
4.950000000000000000e+05 3.559000000000000000e+03
5.000000000000000000e+05 3.626000000000000000e+03
5.050000000000000000e+05 3.724000000000000000e+03
5.100000000000000000e+05 3.795000000000000000e+03
5.150000000000000000e+05 3.883000000000000000e+03
5.200000000000000000e+05 3.723000000000000000e+03
5.250000000000000000e+05 3.893000000000000000e+03
5.300000000000000000e+05 4.045000000000000000e+03
5.350000000000000000e+05 3.865000000000000000e+03
5.400000000000000000e+05 3.847000000000000000e+03
5.450000000000000000e+05 3.987000000000000000e+03
5.500000000000000000e+05 4.178000000000000000e+03
5.550000000000000000e+05 4.132000000000000000e+03
5.600000000000000000e+05 4.126000000000000000e+03
5.650000000000000000e+05 4.223000000000000000e+03
5.700000000000000000e+05 4.108000000000000000e+03
5.750000000000000000e+05 4.191000000000000000e+03
5.800000000000000000e+05 4.131000000000000000e+03
5.850000000000000000e+05 4.363000000000000000e+03
5.900000000000000000e+05 4.142000000000000000e+03
5.950000000000000000e+05 4.132000000000000000e+03
6.000000000000000000e+05 4.156000000000000000e+03
6.050000000000000000e+05 4.140000000000000000e+03
6.100000000000000000e+05 4.112000000000000000e+03
6.150000000000000000e+05 4.068000000000000000e+03
6.200000000000000000e+05 4.101000000000000000e+03
6.250000000000000000e+05 4.253000000000000000e+03
6.300000000000000000e+05 4.028000000000000000e+03
6.350000000000000000e+05 4.089000000000000000e+03
6.400000000000000000e+05 4.041000000000000000e+03
6.450000000000000000e+05 4.132000000000000000e+03
6.500000000000000000e+05 3.976000000000000000e+03
6.550000000000000000e+05 4.062000000000000000e+03
6.600000000000000000e+05 3.911000000000000000e+03
6.650000000000000000e+05 3.995000000000000000e+03
6.700000000000000000e+05 3.845000000000000000e+03
6.750000000000000000e+05 3.731000000000000000e+03
6.800000000000000000e+05 3.771000000000000000e+03
6.850000000000000000e+05 3.651000000000000000e+03
6.900000000000000000e+05 3.693000000000000000e+03
6.950000000000000000e+05 3.655000000000000000e+03
7.000000000000000000e+05 3.458000000000000000e+03
7.050000000000000000e+05 3.453000000000000000e+03
7.100000000000000000e+05 3.346000000000000000e+03
7.150000000000000000e+05 3.283000000000000000e+03
7.200000000000000000e+05 3.109000000000000000e+03
7.250000000000000000e+05 3.062000000000000000e+03
7.300000000000000000e+05 3.087000000000000000e+03
7.350000000000000000e+05 2.943000000000000000e+03
7.400000000000000000e+05 2.879000000000000000e+03
7.450000000000000000e+05 2.717000000000000000e+03
7.500000000000000000e+05 2.577000000000000000e+03
7.550000000000000000e+05 2.491000000000000000e+03
7.600000000000000000e+05 2.409000000000000000e+03
7.650000000000000000e+05 2.364000000000000000e+03
7.700000000000000000e+05 2.200000000000000000e+03
7.750000000000000000e+05 2.134000000000000000e+03
7.800000000000000000e+05 2.051000000000000000e+03
7.850000000000000000e+05 1.894000000000000000e+03
7.900000000000000000e+05 1.771000000000000000e+03
7.950000000000000000e+05 1.869000000000000000e+03
8.000000000000000000e+05 1.799000000000000000e+03
8.050000000000000000e+05 1.673000000000000000e+03
8.100000000000000000e+05 1.612000000000000000e+03
8.150000000000000000e+05 1.542000000000000000e+03
8.200000000000000000e+05 1.435000000000000000e+03
8.250000000000000000e+05 1.451000000000000000e+03
8.300000000000000000e+05 1.397000000000000000e+03
8.350000000000000000e+05 1.312000000000000000e+03
8.400000000000000000e+05 1.317000000000000000e+03
8.450000000000000000e+05 1.347000000000000000e+03
8.500000000000000000e+05 1.379000000000000000e+03
8.550000000000000000e+05 1.322000000000000000e+03
8.600000000000000000e+05 1.307000000000000000e+03
8.650000000000000000e+05 1.369000000000000000e+03
8.700000000000000000e+05 1.410000000000000000e+03
8.750000000000000000e+05 1.477000000000000000e+03
8.800000000000000000e+05 1.600000000000000000e+03
8.850000000000000000e+05 1.601000000000000000e+03
8.900000000000000000e+05 1.656000000000000000e+03
8.950000000000000000e+05 1.745000000000000000e+03
9.000000000000000000e+05 1.868000000000000000e+03
9.050000000000000000e+05 1.892000000000000000e+03
9.100000000000000000e+05 1.944000000000000000e+03
9.150000000000000000e+05 2.073000000000000000e+03
9.200000000000000000e+05 2.173000000000000000e+03
9.250000000000000000e+05 2.370000000000000000e+03
9.300000000000000000e+05 2.446000000000000000e+03
9.350000000000000000e+05 2.465000000000000000e+03
9.400000000000000000e+05 2.578000000000000000e+03
9.450000000000000000e+05 2.739000000000000000e+03
9.500000000000000000e+05 2.816000000000000000e+03
9.550000000000000000e+05 2.919000000000000000e+03
9.600000000000000000e+05 3.013000000000000000e+03
9.650000000000000000e+05 3.132000000000000000e+03
9.700000000000000000e+05 3.299000000000000000e+03
9.750000000000000000e+05 3.293000000000000000e+03
9.800000000000000000e+05 3.450000000000000000e+03
9.850000000000000000e+05 3.451000000000000000e+03
9.900000000000000000e+05 3.505000000000000000e+03
9.950000000000000000e+05 3.505000000000000000e+03
