0.000000000000000000e+00 2.555000000000000000e+03
5.000000000000000000e+02 2.803000000000000000e+03
1.000000000000000000e+03 2.678000000000000000e+03
1.500000000000000000e+03 2.804000000000000000e+03
2.000000000000000000e+03 2.782000000000000000e+03
2.500000000000000000e+03 2.785000000000000000e+03
3.000000000000000000e+03 2.874000000000000000e+03
3.500000000000000000e+03 2.905000000000000000e+03
4.000000000000000000e+03 2.983000000000000000e+03
4.500000000000000000e+03 2.974000000000000000e+03
5.000000000000000000e+03 2.924000000000000000e+03
5.500000000000000000e+03 2.933000000000000000e+03
6.000000000000000000e+03 3.062000000000000000e+03
6.500000000000000000e+03 3.087000000000000000e+03
7.000000000000000000e+03 2.953000000000000000e+03
7.500000000000000000e+03 2.965000000000000000e+03
8.000000000000000000e+03 3.058000000000000000e+03
8.500000000000000000e+03 3.005000000000000000e+03
9.000000000000000000e+03 3.101000000000000000e+03
9.500000000000000000e+03 3.038000000000000000e+03
1.000000000000000000e+04 3.051000000000000000e+03
1.050000000000000000e+04 3.043000000000000000e+03
1.100000000000000000e+04 3.146000000000000000e+03
1.150000000000000000e+04 3.145000000000000000e+03
1.200000000000000000e+04 2.982000000000000000e+03
1.250000000000000000e+04 3.152000000000000000e+03
1.300000000000000000e+04 3.069000000000000000e+03
1.350000000000000000e+04 3.035000000000000000e+03
1.400000000000000000e+04 2.938000000000000000e+03
1.450000000000000000e+04 2.891000000000000000e+03
1.500000000000000000e+04 3.024000000000000000e+03
1.550000000000000000e+04 2.818000000000000000e+03
1.600000000000000000e+04 2.835000000000000000e+03
1.650000000000000000e+04 2.995000000000000000e+03
1.700000000000000000e+04 2.785000000000000000e+03
1.750000000000000000e+04 2.824000000000000000e+03
1.800000000000000000e+04 2.702000000000000000e+03
1.850000000000000000e+04 2.735000000000000000e+03
1.900000000000000000e+04 2.832000000000000000e+03
1.950000000000000000e+04 2.646000000000000000e+03
2.000000000000000000e+04 2.556000000000000000e+03
2.050000000000000000e+04 2.561000000000000000e+03
2.100000000000000000e+04 2.466000000000000000e+03
2.150000000000000000e+04 2.387000000000000000e+03
2.200000000000000000e+04 2.344000000000000000e+03
2.250000000000000000e+04 2.303000000000000000e+03
2.300000000000000000e+04 2.242000000000000000e+03
2.350000000000000000e+04 2.179000000000000000e+03
2.400000000000000000e+04 2.121000000000000000e+03
2.450000000000000000e+04 1.993000000000000000e+03
2.500000000000000000e+04 1.994000000000000000e+03
2.550000000000000000e+04 1.835000000000000000e+03
2.600000000000000000e+04 1.770000000000000000e+03
2.650000000000000000e+04 1.839000000000000000e+03
2.700000000000000000e+04 1.663000000000000000e+03
2.750000000000000000e+04 1.509000000000000000e+03
2.800000000000000000e+04 1.532000000000000000e+03
2.850000000000000000e+04 1.454000000000000000e+03
2.900000000000000000e+04 1.367000000000000000e+03
2.950000000000000000e+04 1.352000000000000000e+03
3.000000000000000000e+04 1.221000000000000000e+03
3.050000000000000000e+04 1.194000000000000000e+03
3.100000000000000000e+04 1.179000000000000000e+03
3.150000000000000000e+04 1.170000000000000000e+03
3.200000000000000000e+04 9.890000000000000000e+02
3.250000000000000000e+04 9.980000000000000000e+02
3.300000000000000000e+04 9.930000000000000000e+02
3.350000000000000000e+04 9.840000000000000000e+02
3.400000000000000000e+04 9.660000000000000000e+02
3.450000000000000000e+04 9.520000000000000000e+02
3.500000000000000000e+04 1.029000000000000000e+03
3.550000000000000000e+04 9.590000000000000000e+02
3.600000000000000000e+04 9.920000000000000000e+02
3.650000000000000000e+04 1.046000000000000000e+03
3.700000000000000000e+04 1.002000000000000000e+03
3.750000000000000000e+04 9.770000000000000000e+02
3.800000000000000000e+04 1.072000000000000000e+03
3.850000000000000000e+04 1.093000000000000000e+03
3.900000000000000000e+04 1.233000000000000000e+03
3.950000000000000000e+04 1.242000000000000000e+03
4.000000000000000000e+04 1.329000000000000000e+03
4.050000000000000000e+04 1.425000000000000000e+03
4.100000000000000000e+04 1.497000000000000000e+03
4.150000000000000000e+04 1.494000000000000000e+03
4.200000000000000000e+04 1.527000000000000000e+03
4.250000000000000000e+04 1.645000000000000000e+03
4.300000000000000000e+04 1.768000000000000000e+03
4.350000000000000000e+04 1.811000000000000000e+03
4.400000000000000000e+04 1.937000000000000000e+03
4.450000000000000000e+04 1.968000000000000000e+03
4.500000000000000000e+04 2.006000000000000000e+03
4.550000000000000000e+04 2.100000000000000000e+03
4.600000000000000000e+04 2.137000000000000000e+03
4.650000000000000000e+04 2.214000000000000000e+03
4.700000000000000000e+04 2.337000000000000000e+03
4.750000000000000000e+04 2.408000000000000000e+03
4.800000000000000000e+04 2.444000000000000000e+03
4.850000000000000000e+04 2.528000000000000000e+03
4.900000000000000000e+04 2.645000000000000000e+03
4.950000000000000000e+04 2.565000000000000000e+03
5.000000000000000000e+04 2.618000000000000000e+03
5.050000000000000000e+04 2.716000000000000000e+03
5.100000000000000000e+04 2.791000000000000000e+03
5.150000000000000000e+04 2.705000000000000000e+03
5.200000000000000000e+04 2.792000000000000000e+03
5.250000000000000000e+04 2.855000000000000000e+03
5.300000000000000000e+04 2.763000000000000000e+03
5.350000000000000000e+04 2.926000000000000000e+03
5.400000000000000000e+04 2.954000000000000000e+03
5.450000000000000000e+04 2.975000000000000000e+03
5.500000000000000000e+04 2.891000000000000000e+03
5.550000000000000000e+04 3.080000000000000000e+03
5.600000000000000000e+04 3.029000000000000000e+03
5.650000000000000000e+04 3.003000000000000000e+03
5.700000000000000000e+04 3.061000000000000000e+03
5.750000000000000000e+04 3.065000000000000000e+03
5.800000000000000000e+04 3.100000000000000000e+03
5.850000000000000000e+04 3.058000000000000000e+03
5.900000000000000000e+04 3.018000000000000000e+03
5.950000000000000000e+04 3.025000000000000000e+03
6.000000000000000000e+04 3.130000000000000000e+03
6.050000000000000000e+04 3.113000000000000000e+03
6.100000000000000000e+04 3.178000000000000000e+03
6.150000000000000000e+04 3.001000000000000000e+03
6.200000000000000000e+04 3.094000000000000000e+03
6.250000000000000000e+04 3.003000000000000000e+03
6.300000000000000000e+04 2.982000000000000000e+03
6.350000000000000000e+04 3.020000000000000000e+03
6.400000000000000000e+04 2.926000000000000000e+03
6.450000000000000000e+04 3.029000000000000000e+03
6.500000000000000000e+04 2.835000000000000000e+03
6.550000000000000000e+04 2.891000000000000000e+03
6.600000000000000000e+04 2.868000000000000000e+03
6.650000000000000000e+04 2.748000000000000000e+03
6.700000000000000000e+04 2.812000000000000000e+03
6.750000000000000000e+04 2.740000000000000000e+03
6.800000000000000000e+04 2.726000000000000000e+03
6.850000000000000000e+04 2.695000000000000000e+03
6.900000000000000000e+04 2.611000000000000000e+03
6.950000000000000000e+04 2.633000000000000000e+03
7.000000000000000000e+04 2.623000000000000000e+03
7.050000000000000000e+04 2.499000000000000000e+03
7.100000000000000000e+04 2.477000000000000000e+03
7.150000000000000000e+04 2.386000000000000000e+03
7.200000000000000000e+04 2.302000000000000000e+03
7.250000000000000000e+04 2.335000000000000000e+03
7.300000000000000000e+04 2.155000000000000000e+03
7.350000000000000000e+04 2.063000000000000000e+03
7.400000000000000000e+04 2.056000000000000000e+03
7.450000000000000000e+04 2.013000000000000000e+03
7.500000000000000000e+04 2.032000000000000000e+03
7.550000000000000000e+04 1.918000000000000000e+03
7.600000000000000000e+04 1.791000000000000000e+03
7.650000000000000000e+04 1.760000000000000000e+03
7.700000000000000000e+04 1.757000000000000000e+03
7.750000000000000000e+04 1.616000000000000000e+03
7.800000000000000000e+04 1.442000000000000000e+03
7.850000000000000000e+04 1.394000000000000000e+03
7.900000000000000000e+04 1.414000000000000000e+03
7.950000000000000000e+04 1.337000000000000000e+03
8.000000000000000000e+04 1.239000000000000000e+03
8.050000000000000000e+04 1.222000000000000000e+03
8.100000000000000000e+04 1.192000000000000000e+03
8.150000000000000000e+04 1.105000000000000000e+03
8.200000000000000000e+04 1.098000000000000000e+03
8.250000000000000000e+04 1.099000000000000000e+03
8.300000000000000000e+04 1.019000000000000000e+03
8.350000000000000000e+04 9.870000000000000000e+02
8.400000000000000000e+04 9.440000000000000000e+02
8.450000000000000000e+04 9.790000000000000000e+02
8.500000000000000000e+04 9.910000000000000000e+02
8.550000000000000000e+04 9.660000000000000000e+02
8.600000000000000000e+04 9.600000000000000000e+02
8.650000000000000000e+04 1.039000000000000000e+03
8.700000000000000000e+04 1.057000000000000000e+03
8.750000000000000000e+04 1.047000000000000000e+03
8.800000000000000000e+04 1.137000000000000000e+03
8.850000000000000000e+04 1.157000000000000000e+03
8.900000000000000000e+04 1.182000000000000000e+03
8.950000000000000000e+04 1.261000000000000000e+03
9.000000000000000000e+04 1.272000000000000000e+03
9.050000000000000000e+04 1.310000000000000000e+03
9.100000000000000000e+04 1.371000000000000000e+03
9.150000000000000000e+04 1.447000000000000000e+03
9.200000000000000000e+04 1.540000000000000000e+03
9.250000000000000000e+04 1.652000000000000000e+03
9.300000000000000000e+04 1.778000000000000000e+03
9.350000000000000000e+04 1.790000000000000000e+03
9.400000000000000000e+04 1.918000000000000000e+03
9.450000000000000000e+04 1.928000000000000000e+03
9.500000000000000000e+04 2.070000000000000000e+03
9.550000000000000000e+04 2.068000000000000000e+03
9.600000000000000000e+04 2.210000000000000000e+03
9.650000000000000000e+04 2.201000000000000000e+03
9.700000000000000000e+04 2.217000000000000000e+03
9.750000000000000000e+04 2.309000000000000000e+03
9.800000000000000000e+04 2.426000000000000000e+03
9.850000000000000000e+04 2.518000000000000000e+03
9.900000000000000000e+04 2.708000000000000000e+03
9.950000000000000000e+04 2.626000000000000000e+03
