0.000000000000000000e+00 2.722000000000000000e+03
1.000000000000000000e+02 2.721000000000000000e+03
2.000000000000000000e+02 2.739000000000000000e+03
3.000000000000000000e+02 2.922000000000000000e+03
4.000000000000000000e+02 2.916000000000000000e+03
5.000000000000000000e+02 2.980000000000000000e+03
6.000000000000000000e+02 3.036000000000000000e+03
7.000000000000000000e+02 3.025000000000000000e+03
8.000000000000000000e+02 2.908000000000000000e+03
9.000000000000000000e+02 3.056000000000000000e+03
1.000000000000000000e+03 3.012000000000000000e+03
1.100000000000000000e+03 3.133000000000000000e+03
1.200000000000000000e+03 3.130000000000000000e+03
1.300000000000000000e+03 3.152000000000000000e+03
1.400000000000000000e+03 3.161000000000000000e+03
1.500000000000000000e+03 3.180000000000000000e+03
1.600000000000000000e+03 3.124000000000000000e+03
1.700000000000000000e+03 3.213000000000000000e+03
1.800000000000000000e+03 3.137000000000000000e+03
1.900000000000000000e+03 3.142000000000000000e+03
2.000000000000000000e+03 3.127000000000000000e+03
2.100000000000000000e+03 3.210000000000000000e+03
2.200000000000000000e+03 3.192000000000000000e+03
2.300000000000000000e+03 3.140000000000000000e+03
2.400000000000000000e+03 3.207000000000000000e+03
2.500000000000000000e+03 3.118000000000000000e+03
2.600000000000000000e+03 3.091000000000000000e+03
2.700000000000000000e+03 3.052000000000000000e+03
2.800000000000000000e+03 3.130000000000000000e+03
2.900000000000000000e+03 2.981000000000000000e+03
3.000000000000000000e+03 3.156000000000000000e+03
3.100000000000000000e+03 3.035000000000000000e+03
3.200000000000000000e+03 3.082000000000000000e+03
3.300000000000000000e+03 2.979000000000000000e+03
3.400000000000000000e+03 2.967000000000000000e+03
3.500000000000000000e+03 2.875000000000000000e+03
3.600000000000000000e+03 2.850000000000000000e+03
3.700000000000000000e+03 2.917000000000000000e+03
3.800000000000000000e+03 2.801000000000000000e+03
3.900000000000000000e+03 2.756000000000000000e+03
4.000000000000000000e+03 2.703000000000000000e+03
4.100000000000000000e+03 2.776000000000000000e+03
4.200000000000000000e+03 2.554000000000000000e+03
4.300000000000000000e+03 2.480000000000000000e+03
4.400000000000000000e+03 2.441000000000000000e+03
4.500000000000000000e+03 2.398000000000000000e+03
4.600000000000000000e+03 2.405000000000000000e+03
4.700000000000000000e+03 2.203000000000000000e+03
4.800000000000000000e+03 2.210000000000000000e+03
4.900000000000000000e+03 2.172000000000000000e+03
5.000000000000000000e+03 2.017000000000000000e+03
5.100000000000000000e+03 2.041000000000000000e+03
5.200000000000000000e+03 1.888000000000000000e+03
5.300000000000000000e+03 1.862000000000000000e+03
5.400000000000000000e+03 1.773000000000000000e+03
5.500000000000000000e+03 1.699000000000000000e+03
5.600000000000000000e+03 1.704000000000000000e+03
5.700000000000000000e+03 1.651000000000000000e+03
5.800000000000000000e+03 1.486000000000000000e+03
5.900000000000000000e+03 1.511000000000000000e+03
6.000000000000000000e+03 1.386000000000000000e+03
6.100000000000000000e+03 1.336000000000000000e+03
6.200000000000000000e+03 1.252000000000000000e+03
6.300000000000000000e+03 1.248000000000000000e+03
6.400000000000000000e+03 1.214000000000000000e+03
6.500000000000000000e+03 1.144000000000000000e+03
6.600000000000000000e+03 1.044000000000000000e+03
6.700000000000000000e+03 1.040000000000000000e+03
6.800000000000000000e+03 1.050000000000000000e+03
6.900000000000000000e+03 1.029000000000000000e+03
7.000000000000000000e+03 1.026000000000000000e+03
7.100000000000000000e+03 9.880000000000000000e+02
7.200000000000000000e+03 1.035000000000000000e+03
7.300000000000000000e+03 1.056000000000000000e+03
7.400000000000000000e+03 1.034000000000000000e+03
7.500000000000000000e+03 1.056000000000000000e+03
7.600000000000000000e+03 1.077000000000000000e+03
7.700000000000000000e+03 1.121000000000000000e+03
7.800000000000000000e+03 1.189000000000000000e+03
7.900000000000000000e+03 1.146000000000000000e+03
8.000000000000000000e+03 1.334000000000000000e+03
8.100000000000000000e+03 1.277000000000000000e+03
8.200000000000000000e+03 1.379000000000000000e+03
8.300000000000000000e+03 1.397000000000000000e+03
8.400000000000000000e+03 1.563000000000000000e+03
8.500000000000000000e+03 1.587000000000000000e+03
8.600000000000000000e+03 1.707000000000000000e+03
8.700000000000000000e+03 1.678000000000000000e+03
8.800000000000000000e+03 1.913000000000000000e+03
8.900000000000000000e+03 1.806000000000000000e+03
9.000000000000000000e+03 2.013000000000000000e+03
9.100000000000000000e+03 2.035000000000000000e+03
9.200000000000000000e+03 2.054000000000000000e+03
9.300000000000000000e+03 2.182000000000000000e+03
9.400000000000000000e+03 2.342000000000000000e+03
9.500000000000000000e+03 2.417000000000000000e+03
9.600000000000000000e+03 2.458000000000000000e+03
9.700000000000000000e+03 2.494000000000000000e+03
9.800000000000000000e+03 2.583000000000000000e+03
9.900000000000000000e+03 2.662000000000000000e+03
1.000000000000000000e+04 2.623000000000000000e+03
1.010000000000000000e+04 2.696000000000000000e+03
1.020000000000000000e+04 2.846000000000000000e+03
1.030000000000000000e+04 2.828000000000000000e+03
1.040000000000000000e+04 2.889000000000000000e+03
1.050000000000000000e+04 2.955000000000000000e+03
1.060000000000000000e+04 2.816000000000000000e+03
1.070000000000000000e+04 2.987000000000000000e+03
1.080000000000000000e+04 2.966000000000000000e+03
1.090000000000000000e+04 3.031000000000000000e+03
1.100000000000000000e+04 3.137000000000000000e+03
1.110000000000000000e+04 3.166000000000000000e+03
1.120000000000000000e+04 3.005000000000000000e+03
1.130000000000000000e+04 3.080000000000000000e+03
1.140000000000000000e+04 3.109000000000000000e+03
1.150000000000000000e+04 3.042000000000000000e+03
1.160000000000000000e+04 3.091000000000000000e+03
1.170000000000000000e+04 3.200000000000000000e+03
1.180000000000000000e+04 3.253000000000000000e+03
1.190000000000000000e+04 3.286000000000000000e+03
1.200000000000000000e+04 3.199000000000000000e+03
1.210000000000000000e+04 3.237000000000000000e+03
1.220000000000000000e+04 3.196000000000000000e+03
1.230000000000000000e+04 3.127000000000000000e+03
1.240000000000000000e+04 3.158000000000000000e+03
1.250000000000000000e+04 3.084000000000000000e+03
1.260000000000000000e+04 3.176000000000000000e+03
1.270000000000000000e+04 3.019000000000000000e+03
1.280000000000000000e+04 3.126000000000000000e+03
1.290000000000000000e+04 3.055000000000000000e+03
1.300000000000000000e+04 3.101000000000000000e+03
1.310000000000000000e+04 3.029000000000000000e+03
1.320000000000000000e+04 2.919000000000000000e+03
1.330000000000000000e+04 2.953000000000000000e+03
1.340000000000000000e+04 2.899000000000000000e+03
1.350000000000000000e+04 2.999000000000000000e+03
1.360000000000000000e+04 2.859000000000000000e+03
1.370000000000000000e+04 2.804000000000000000e+03
1.380000000000000000e+04 2.917000000000000000e+03
1.390000000000000000e+04 2.664000000000000000e+03
1.400000000000000000e+04 2.625000000000000000e+03
1.410000000000000000e+04 2.694000000000000000e+03
1.420000000000000000e+04 2.610000000000000000e+03
1.430000000000000000e+04 2.464000000000000000e+03
1.440000000000000000e+04 2.546000000000000000e+03
1.450000000000000000e+04 2.500000000000000000e+03
1.460000000000000000e+04 2.421000000000000000e+03
1.470000000000000000e+04 2.243000000000000000e+03
1.480000000000000000e+04 2.234000000000000000e+03
1.490000000000000000e+04 2.177000000000000000e+03
1.500000000000000000e+04 2.083000000000000000e+03
1.510000000000000000e+04 1.918000000000000000e+03
1.520000000000000000e+04 1.965000000000000000e+03
1.530000000000000000e+04 1.806000000000000000e+03
1.540000000000000000e+04 1.765000000000000000e+03
1.550000000000000000e+04 1.610000000000000000e+03
1.560000000000000000e+04 1.604000000000000000e+03
1.570000000000000000e+04 1.506000000000000000e+03
1.580000000000000000e+04 1.425000000000000000e+03
1.590000000000000000e+04 1.444000000000000000e+03
1.600000000000000000e+04 1.380000000000000000e+03
1.610000000000000000e+04 1.386000000000000000e+03
1.620000000000000000e+04 1.236000000000000000e+03
1.630000000000000000e+04 1.196000000000000000e+03
1.640000000000000000e+04 1.172000000000000000e+03
1.650000000000000000e+04 1.065000000000000000e+03
1.660000000000000000e+04 1.055000000000000000e+03
1.670000000000000000e+04 1.074000000000000000e+03
1.680000000000000000e+04 1.006000000000000000e+03
1.690000000000000000e+04 1.019000000000000000e+03
1.700000000000000000e+04 1.019000000000000000e+03
1.710000000000000000e+04 9.910000000000000000e+02
1.720000000000000000e+04 1.014000000000000000e+03
1.730000000000000000e+04 1.084000000000000000e+03
1.740000000000000000e+04 1.014000000000000000e+03
1.750000000000000000e+04 1.059000000000000000e+03
1.760000000000000000e+04 1.028000000000000000e+03
1.770000000000000000e+04 1.136000000000000000e+03
1.780000000000000000e+04 1.192000000000000000e+03
1.790000000000000000e+04 1.156000000000000000e+03
1.800000000000000000e+04 1.225000000000000000e+03
1.810000000000000000e+04 1.277000000000000000e+03
1.820000000000000000e+04 1.373000000000000000e+03
1.830000000000000000e+04 1.371000000000000000e+03
1.840000000000000000e+04 1.493000000000000000e+03
1.850000000000000000e+04 1.531000000000000000e+03
1.860000000000000000e+04 1.693000000000000000e+03
1.870000000000000000e+04 1.757000000000000000e+03
1.880000000000000000e+04 1.803000000000000000e+03
1.890000000000000000e+04 1.903000000000000000e+03
1.900000000000000000e+04 2.014000000000000000e+03
1.910000000000000000e+04 2.025000000000000000e+03
1.920000000000000000e+04 2.179000000000000000e+03
1.930000000000000000e+04 2.229000000000000000e+03
1.940000000000000000e+04 2.298000000000000000e+03
1.950000000000000000e+04 2.388000000000000000e+03
1.960000000000000000e+04 2.485000000000000000e+03
1.970000000000000000e+04 2.452000000000000000e+03
1.980000000000000000e+04 2.490000000000000000e+03
1.990000000000000000e+04 2.701000000000000000e+03
