0.000000000000000000e+00 1.038900000000000000e+04
1.000000000000000000e+04 1.055600000000000000e+04
2.000000000000000000e+04 1.067100000000000000e+04
3.000000000000000000e+04 1.082700000000000000e+04
4.000000000000000000e+04 1.079700000000000000e+04
5.000000000000000000e+04 1.085800000000000000e+04
6.000000000000000000e+04 1.100700000000000000e+04
7.000000000000000000e+04 1.092000000000000000e+04
8.000000000000000000e+04 1.112800000000000000e+04
9.000000000000000000e+04 1.113600000000000000e+04
1.000000000000000000e+05 1.128400000000000000e+04
1.100000000000000000e+05 1.137000000000000000e+04
1.200000000000000000e+05 1.138700000000000000e+04
1.300000000000000000e+05 1.158200000000000000e+04
1.400000000000000000e+05 1.147900000000000000e+04
1.500000000000000000e+05 1.153500000000000000e+04
1.600000000000000000e+05 1.133200000000000000e+04
1.700000000000000000e+05 1.158600000000000000e+04
1.800000000000000000e+05 1.153400000000000000e+04
1.900000000000000000e+05 1.146300000000000000e+04
2.000000000000000000e+05 1.137100000000000000e+04
2.100000000000000000e+05 1.138900000000000000e+04
2.200000000000000000e+05 1.133700000000000000e+04
2.300000000000000000e+05 1.154000000000000000e+04
2.400000000000000000e+05 1.143100000000000000e+04
2.500000000000000000e+05 1.128700000000000000e+04
2.600000000000000000e+05 1.144600000000000000e+04
2.700000000000000000e+05 1.134200000000000000e+04
2.800000000000000000e+05 1.128700000000000000e+04
2.900000000000000000e+05 1.108700000000000000e+04
3.000000000000000000e+05 1.106700000000000000e+04
3.100000000000000000e+05 1.091500000000000000e+04
3.200000000000000000e+05 1.082400000000000000e+04
3.300000000000000000e+05 1.081500000000000000e+04
3.400000000000000000e+05 1.067600000000000000e+04
3.500000000000000000e+05 1.035500000000000000e+04
3.600000000000000000e+05 1.050000000000000000e+04
3.700000000000000000e+05 1.012200000000000000e+04
3.800000000000000000e+05 9.959000000000000000e+03
3.900000000000000000e+05 9.803000000000000000e+03
4.000000000000000000e+05 9.685000000000000000e+03
4.100000000000000000e+05 9.310000000000000000e+03
4.200000000000000000e+05 9.110000000000000000e+03
4.300000000000000000e+05 9.035000000000000000e+03
4.400000000000000000e+05 8.795000000000000000e+03
4.500000000000000000e+05 8.734000000000000000e+03
4.600000000000000000e+05 8.162000000000000000e+03
4.700000000000000000e+05 7.926000000000000000e+03
4.800000000000000000e+05 7.781000000000000000e+03
4.900000000000000000e+05 7.486000000000000000e+03
5.000000000000000000e+05 7.301000000000000000e+03
5.100000000000000000e+05 6.951000000000000000e+03
5.200000000000000000e+05 6.496000000000000000e+03
5.300000000000000000e+05 6.155000000000000000e+03
5.400000000000000000e+05 5.961000000000000000e+03
5.500000000000000000e+05 5.797000000000000000e+03
5.600000000000000000e+05 5.551000000000000000e+03
5.700000000000000000e+05 5.246000000000000000e+03
5.800000000000000000e+05 4.875000000000000000e+03
5.900000000000000000e+05 4.685000000000000000e+03
6.000000000000000000e+05 4.479000000000000000e+03
6.100000000000000000e+05 4.287000000000000000e+03
6.200000000000000000e+05 3.983000000000000000e+03
6.300000000000000000e+05 3.767000000000000000e+03
6.400000000000000000e+05 3.766000000000000000e+03
6.500000000000000000e+05 3.646000000000000000e+03
6.600000000000000000e+05 3.616000000000000000e+03
6.700000000000000000e+05 3.395000000000000000e+03
6.800000000000000000e+05 3.369000000000000000e+03
6.900000000000000000e+05 3.340000000000000000e+03
7.000000000000000000e+05 3.404000000000000000e+03
7.100000000000000000e+05 3.398000000000000000e+03
7.200000000000000000e+05 3.503000000000000000e+03
7.300000000000000000e+05 3.589000000000000000e+03
7.400000000000000000e+05 3.708000000000000000e+03
7.500000000000000000e+05 3.806000000000000000e+03
7.600000000000000000e+05 4.065000000000000000e+03
7.700000000000000000e+05 4.048000000000000000e+03
7.800000000000000000e+05 4.355000000000000000e+03
7.900000000000000000e+05 4.528000000000000000e+03
8.000000000000000000e+05 4.778000000000000000e+03
8.100000000000000000e+05 5.057000000000000000e+03
8.200000000000000000e+05 5.371000000000000000e+03
8.300000000000000000e+05 5.580000000000000000e+03
8.400000000000000000e+05 5.848000000000000000e+03
8.500000000000000000e+05 6.030000000000000000e+03
8.600000000000000000e+05 6.357000000000000000e+03
8.700000000000000000e+05 6.626000000000000000e+03
8.800000000000000000e+05 6.908000000000000000e+03
8.900000000000000000e+05 7.245000000000000000e+03
9.000000000000000000e+05 7.607000000000000000e+03
9.100000000000000000e+05 7.934000000000000000e+03
9.200000000000000000e+05 8.091000000000000000e+03
9.300000000000000000e+05 8.381000000000000000e+03
9.400000000000000000e+05 8.691000000000000000e+03
9.500000000000000000e+05 9.055000000000000000e+03
9.600000000000000000e+05 9.389000000000000000e+03
9.700000000000000000e+05 9.308000000000000000e+03
9.800000000000000000e+05 9.536000000000000000e+03
9.900000000000000000e+05 9.517000000000000000e+03
1.000000000000000000e+06 9.806000000000000000e+03
1.010000000000000000e+06 1.005100000000000000e+04
1.020000000000000000e+06 1.028800000000000000e+04
1.030000000000000000e+06 1.051700000000000000e+04
1.040000000000000000e+06 1.053700000000000000e+04
1.050000000000000000e+06 1.067000000000000000e+04
1.060000000000000000e+06 1.060700000000000000e+04
1.070000000000000000e+06 1.074900000000000000e+04
1.080000000000000000e+06 1.116400000000000000e+04
1.090000000000000000e+06 1.112900000000000000e+04
1.100000000000000000e+06 1.125000000000000000e+04
1.110000000000000000e+06 1.133900000000000000e+04
1.120000000000000000e+06 1.133800000000000000e+04
1.130000000000000000e+06 1.144100000000000000e+04
1.140000000000000000e+06 1.137700000000000000e+04
1.150000000000000000e+06 1.157500000000000000e+04
1.160000000000000000e+06 1.141700000000000000e+04
1.170000000000000000e+06 1.139400000000000000e+04
1.180000000000000000e+06 1.140800000000000000e+04
1.190000000000000000e+06 1.153800000000000000e+04
1.200000000000000000e+06 1.140800000000000000e+04
1.210000000000000000e+06 1.155500000000000000e+04
1.220000000000000000e+06 1.153900000000000000e+04
1.230000000000000000e+06 1.138600000000000000e+04
1.240000000000000000e+06 1.137000000000000000e+04
1.250000000000000000e+06 1.130800000000000000e+04
1.260000000000000000e+06 1.147900000000000000e+04
1.270000000000000000e+06 1.093700000000000000e+04
1.280000000000000000e+06 1.125400000000000000e+04
1.290000000000000000e+06 1.104000000000000000e+04
1.300000000000000000e+06 1.101800000000000000e+04
1.310000000000000000e+06 1.066000000000000000e+04
1.320000000000000000e+06 1.094400000000000000e+04
1.330000000000000000e+06 1.075000000000000000e+04
1.340000000000000000e+06 1.062900000000000000e+04
1.350000000000000000e+06 1.051200000000000000e+04
1.360000000000000000e+06 1.046400000000000000e+04
1.370000000000000000e+06 1.026300000000000000e+04
1.380000000000000000e+06 9.984000000000000000e+03
1.390000000000000000e+06 9.985000000000000000e+03
1.400000000000000000e+06 9.495000000000000000e+03
1.410000000000000000e+06 9.423000000000000000e+03
1.420000000000000000e+06 9.435000000000000000e+03
1.430000000000000000e+06 9.041000000000000000e+03
1.440000000000000000e+06 8.773000000000000000e+03
1.450000000000000000e+06 8.503000000000000000e+03
1.460000000000000000e+06 8.139000000000000000e+03
1.470000000000000000e+06 7.943000000000000000e+03
1.480000000000000000e+06 7.571000000000000000e+03
1.490000000000000000e+06 7.411000000000000000e+03
1.500000000000000000e+06 7.197000000000000000e+03
1.510000000000000000e+06 6.825000000000000000e+03
1.520000000000000000e+06 6.557000000000000000e+03
1.530000000000000000e+06 6.267000000000000000e+03
1.540000000000000000e+06 5.956000000000000000e+03
1.550000000000000000e+06 5.665000000000000000e+03
1.560000000000000000e+06 5.461000000000000000e+03
1.570000000000000000e+06 5.210000000000000000e+03
1.580000000000000000e+06 4.845000000000000000e+03
1.590000000000000000e+06 4.574000000000000000e+03
1.600000000000000000e+06 4.417000000000000000e+03
1.610000000000000000e+06 4.090000000000000000e+03
1.620000000000000000e+06 4.074000000000000000e+03
1.630000000000000000e+06 3.911000000000000000e+03
1.640000000000000000e+06 3.752000000000000000e+03
1.650000000000000000e+06 3.584000000000000000e+03
1.660000000000000000e+06 3.501000000000000000e+03
1.670000000000000000e+06 3.358000000000000000e+03
1.680000000000000000e+06 3.325000000000000000e+03
1.690000000000000000e+06 3.267000000000000000e+03
1.700000000000000000e+06 3.429000000000000000e+03
1.710000000000000000e+06 3.487000000000000000e+03
1.720000000000000000e+06 3.434000000000000000e+03
1.730000000000000000e+06 3.631000000000000000e+03
1.740000000000000000e+06 3.637000000000000000e+03
1.750000000000000000e+06 3.753000000000000000e+03
1.760000000000000000e+06 4.086000000000000000e+03
1.770000000000000000e+06 4.178000000000000000e+03
1.780000000000000000e+06 4.312000000000000000e+03
1.790000000000000000e+06 4.613000000000000000e+03
1.800000000000000000e+06 4.764000000000000000e+03
1.810000000000000000e+06 5.116000000000000000e+03
1.820000000000000000e+06 5.251000000000000000e+03
1.830000000000000000e+06 5.447000000000000000e+03
1.840000000000000000e+06 5.804000000000000000e+03
1.850000000000000000e+06 6.121000000000000000e+03
1.860000000000000000e+06 6.563000000000000000e+03
1.870000000000000000e+06 6.720000000000000000e+03
1.880000000000000000e+06 7.072000000000000000e+03
1.890000000000000000e+06 7.300000000000000000e+03
1.900000000000000000e+06 7.500000000000000000e+03
1.910000000000000000e+06 7.959000000000000000e+03
1.920000000000000000e+06 8.204000000000000000e+03
1.930000000000000000e+06 8.342000000000000000e+03
1.940000000000000000e+06 8.758000000000000000e+03
1.950000000000000000e+06 8.982000000000000000e+03
1.960000000000000000e+06 9.187000000000000000e+03
1.970000000000000000e+06 9.116000000000000000e+03
1.980000000000000000e+06 9.567000000000000000e+03
1.990000000000000000e+06 9.858000000000000000e+03
