0.000000000000000000e+00 5.005000000000000000e+03
5.000000000000000000e+03 5.096000000000000000e+03
1.000000000000000000e+04 5.189000000000000000e+03
1.500000000000000000e+04 5.214000000000000000e+03
2.000000000000000000e+04 5.272000000000000000e+03
2.500000000000000000e+04 5.453000000000000000e+03
3.000000000000000000e+04 5.272000000000000000e+03
3.500000000000000000e+04 5.518000000000000000e+03
4.000000000000000000e+04 5.673000000000000000e+03
4.500000000000000000e+04 5.537000000000000000e+03
5.000000000000000000e+04 5.524000000000000000e+03
5.500000000000000000e+04 5.787000000000000000e+03
6.000000000000000000e+04 5.774000000000000000e+03
6.500000000000000000e+04 5.690000000000000000e+03
7.000000000000000000e+04 5.838000000000000000e+03
7.500000000000000000e+04 5.831000000000000000e+03
8.000000000000000000e+04 5.821000000000000000e+03
8.500000000000000000e+04 5.823000000000000000e+03
9.000000000000000000e+04 5.812000000000000000e+03
9.500000000000000000e+04 5.731000000000000000e+03
1.000000000000000000e+05 5.827000000000000000e+03
1.050000000000000000e+05 5.663000000000000000e+03
1.100000000000000000e+05 5.671000000000000000e+03
1.150000000000000000e+05 5.717000000000000000e+03
1.200000000000000000e+05 5.577000000000000000e+03
1.250000000000000000e+05 5.772000000000000000e+03
1.300000000000000000e+05 5.711000000000000000e+03
1.350000000000000000e+05 5.578000000000000000e+03
1.400000000000000000e+05 5.397000000000000000e+03
1.450000000000000000e+05 5.553000000000000000e+03
1.500000000000000000e+05 5.600000000000000000e+03
1.550000000000000000e+05 5.302000000000000000e+03
1.600000000000000000e+05 5.489000000000000000e+03
1.650000000000000000e+05 5.220000000000000000e+03
1.700000000000000000e+05 5.276000000000000000e+03
1.750000000000000000e+05 5.285000000000000000e+03
1.800000000000000000e+05 5.213000000000000000e+03
1.850000000000000000e+05 5.084000000000000000e+03
1.900000000000000000e+05 5.054000000000000000e+03
1.950000000000000000e+05 4.924000000000000000e+03
2.000000000000000000e+05 4.724000000000000000e+03
2.050000000000000000e+05 4.675000000000000000e+03
2.100000000000000000e+05 4.609000000000000000e+03
2.150000000000000000e+05 4.532000000000000000e+03
2.200000000000000000e+05 4.523000000000000000e+03
2.250000000000000000e+05 4.394000000000000000e+03
2.300000000000000000e+05 4.180000000000000000e+03
2.350000000000000000e+05 3.964000000000000000e+03
2.400000000000000000e+05 3.847000000000000000e+03
2.450000000000000000e+05 3.722000000000000000e+03
2.500000000000000000e+05 3.612000000000000000e+03
2.550000000000000000e+05 3.454000000000000000e+03
2.600000000000000000e+05 3.313000000000000000e+03
2.650000000000000000e+05 3.265000000000000000e+03
2.700000000000000000e+05 3.122000000000000000e+03
2.750000000000000000e+05 2.894000000000000000e+03
2.800000000000000000e+05 2.873000000000000000e+03
2.850000000000000000e+05 2.631000000000000000e+03
2.900000000000000000e+05 2.517000000000000000e+03
2.950000000000000000e+05 2.416000000000000000e+03
3.000000000000000000e+05 2.367000000000000000e+03
3.050000000000000000e+05 2.178000000000000000e+03
3.100000000000000000e+05 2.200000000000000000e+03
3.150000000000000000e+05 2.055000000000000000e+03
3.200000000000000000e+05 1.993000000000000000e+03
3.250000000000000000e+05 1.925000000000000000e+03
3.300000000000000000e+05 1.892000000000000000e+03
3.350000000000000000e+05 1.810000000000000000e+03
3.400000000000000000e+05 1.807000000000000000e+03
3.450000000000000000e+05 1.825000000000000000e+03
3.500000000000000000e+05 1.855000000000000000e+03
3.550000000000000000e+05 1.831000000000000000e+03
3.600000000000000000e+05 1.903000000000000000e+03
3.650000000000000000e+05 1.892000000000000000e+03
3.700000000000000000e+05 2.082000000000000000e+03
3.750000000000000000e+05 2.040000000000000000e+03
3.800000000000000000e+05 2.126000000000000000e+03
3.850000000000000000e+05 2.229000000000000000e+03
3.900000000000000000e+05 2.344000000000000000e+03
3.950000000000000000e+05 2.345000000000000000e+03
4.000000000000000000e+05 2.444000000000000000e+03
4.050000000000000000e+05 2.689000000000000000e+03
4.100000000000000000e+05 2.798000000000000000e+03
4.150000000000000000e+05 2.869000000000000000e+03
4.200000000000000000e+05 3.006000000000000000e+03
4.250000000000000000e+05 3.119000000000000000e+03
4.300000000000000000e+05 3.265000000000000000e+03
4.350000000000000000e+05 3.443000000000000000e+03
4.400000000000000000e+05 3.617000000000000000e+03
4.450000000000000000e+05 3.753000000000000000e+03
4.500000000000000000e+05 3.775000000000000000e+03
4.550000000000000000e+05 4.104000000000000000e+03
4.600000000000000000e+05 4.266000000000000000e+03
4.650000000000000000e+05 4.415000000000000000e+03
4.700000000000000000e+05 4.456000000000000000e+03
4.750000000000000000e+05 4.320000000000000000e+03
4.800000000000000000e+05 4.573000000000000000e+03
4.850000000000000000e+05 4.720000000000000000e+03
4.900000000000000000e+05 4.792000000000000000e+03
4.950000000000000000e+05 4.854000000000000000e+03
5.000000000000000000e+05 5.085000000000000000e+03
5.050000000000000000e+05 5.224000000000000000e+03
5.100000000000000000e+05 5.253000000000000000e+03
5.150000000000000000e+05 5.117000000000000000e+03
5.200000000000000000e+05 5.369000000000000000e+03
5.250000000000000000e+05 5.382000000000000000e+03
5.300000000000000000e+05 5.414000000000000000e+03
5.350000000000000000e+05 5.443000000000000000e+03
5.400000000000000000e+05 5.528000000000000000e+03
5.450000000000000000e+05 5.504000000000000000e+03
5.500000000000000000e+05 5.632000000000000000e+03
5.550000000000000000e+05 5.693000000000000000e+03
5.600000000000000000e+05 5.680000000000000000e+03
5.650000000000000000e+05 5.710000000000000000e+03
5.700000000000000000e+05 5.635000000000000000e+03
5.750000000000000000e+05 5.798000000000000000e+03
5.800000000000000000e+05 5.732000000000000000e+03
5.850000000000000000e+05 5.730000000000000000e+03
5.900000000000000000e+05 5.709000000000000000e+03
5.950000000000000000e+05 5.846000000000000000e+03
6.000000000000000000e+05 5.777000000000000000e+03
6.050000000000000000e+05 5.829000000000000000e+03
6.100000000000000000e+05 5.650000000000000000e+03
6.150000000000000000e+05 5.817000000000000000e+03
6.200000000000000000e+05 5.614000000000000000e+03
6.250000000000000000e+05 5.690000000000000000e+03
6.300000000000000000e+05 5.728000000000000000e+03
6.350000000000000000e+05 5.742000000000000000e+03
6.400000000000000000e+05 5.631000000000000000e+03
6.450000000000000000e+05 5.489000000000000000e+03
6.500000000000000000e+05 5.417000000000000000e+03
6.550000000000000000e+05 5.478000000000000000e+03
6.600000000000000000e+05 5.442000000000000000e+03
6.650000000000000000e+05 5.376000000000000000e+03
6.700000000000000000e+05 5.314000000000000000e+03
6.750000000000000000e+05 5.185000000000000000e+03
6.800000000000000000e+05 5.221000000000000000e+03
6.850000000000000000e+05 5.159000000000000000e+03
6.900000000000000000e+05 4.932000000000000000e+03
6.950000000000000000e+05 4.860000000000000000e+03
7.000000000000000000e+05 4.851000000000000000e+03
7.050000000000000000e+05 4.782000000000000000e+03
7.100000000000000000e+05 4.550000000000000000e+03
7.150000000000000000e+05 4.559000000000000000e+03
7.200000000000000000e+05 4.345000000000000000e+03
7.250000000000000000e+05 4.273000000000000000e+03
7.300000000000000000e+05 4.113000000000000000e+03
7.350000000000000000e+05 3.911000000000000000e+03
7.400000000000000000e+05 3.929000000000000000e+03
7.450000000000000000e+05 3.783000000000000000e+03
7.500000000000000000e+05 3.590000000000000000e+03
7.550000000000000000e+05 3.488000000000000000e+03
7.600000000000000000e+05 3.349000000000000000e+03
7.650000000000000000e+05 3.241000000000000000e+03
7.700000000000000000e+05 3.085000000000000000e+03
7.750000000000000000e+05 2.973000000000000000e+03
7.800000000000000000e+05 2.827000000000000000e+03
7.850000000000000000e+05 2.664000000000000000e+03
7.900000000000000000e+05 2.431000000000000000e+03
7.950000000000000000e+05 2.413000000000000000e+03
8.000000000000000000e+05 2.276000000000000000e+03
8.050000000000000000e+05 2.228000000000000000e+03
8.100000000000000000e+05 2.063000000000000000e+03
8.150000000000000000e+05 1.983000000000000000e+03
8.200000000000000000e+05 2.033000000000000000e+03
8.250000000000000000e+05 1.871000000000000000e+03
8.300000000000000000e+05 1.780000000000000000e+03
8.350000000000000000e+05 1.843000000000000000e+03
8.400000000000000000e+05 1.844000000000000000e+03
8.450000000000000000e+05 1.787000000000000000e+03
8.500000000000000000e+05 1.826000000000000000e+03
8.550000000000000000e+05 1.817000000000000000e+03
8.600000000000000000e+05 1.936000000000000000e+03
8.650000000000000000e+05 1.823000000000000000e+03
8.700000000000000000e+05 1.981000000000000000e+03
8.750000000000000000e+05 2.048000000000000000e+03
8.800000000000000000e+05 2.061000000000000000e+03
8.850000000000000000e+05 2.224000000000000000e+03
8.900000000000000000e+05 2.276000000000000000e+03
8.950000000000000000e+05 2.456000000000000000e+03
9.000000000000000000e+05 2.399000000000000000e+03
9.050000000000000000e+05 2.743000000000000000e+03
9.100000000000000000e+05 2.769000000000000000e+03
9.150000000000000000e+05 2.809000000000000000e+03
9.200000000000000000e+05 2.987000000000000000e+03
9.250000000000000000e+05 3.011000000000000000e+03
9.300000000000000000e+05 3.293000000000000000e+03
9.350000000000000000e+05 3.411000000000000000e+03
9.400000000000000000e+05 3.703000000000000000e+03
9.450000000000000000e+05 3.760000000000000000e+03
9.500000000000000000e+05 3.749000000000000000e+03
9.550000000000000000e+05 4.082000000000000000e+03
9.600000000000000000e+05 4.081000000000000000e+03
9.650000000000000000e+05 4.304000000000000000e+03
9.700000000000000000e+05 4.386000000000000000e+03
9.750000000000000000e+05 4.448000000000000000e+03
9.800000000000000000e+05 4.519000000000000000e+03
9.850000000000000000e+05 4.711000000000000000e+03
9.900000000000000000e+05 4.907000000000000000e+03
9.950000000000000000e+05 4.866000000000000000e+03
