0.000000000000000000e+00 4.264000000000000000e+03
3.330000000000000000e+02 4.272000000000000000e+03
6.660000000000000000e+02 4.352000000000000000e+03
9.990000000000000000e+02 4.495000000000000000e+03
1.332000000000000000e+03 4.443000000000000000e+03
1.665000000000000000e+03 4.541000000000000000e+03
1.998000000000000000e+03 4.566000000000000000e+03
2.331000000000000000e+03 4.620000000000000000e+03
2.664000000000000000e+03 4.708000000000000000e+03
2.997000000000000000e+03 4.676000000000000000e+03
3.330000000000000000e+03 4.700000000000000000e+03
3.663000000000000000e+03 4.766000000000000000e+03
3.996000000000000000e+03 4.792000000000000000e+03
4.329000000000000000e+03 4.686000000000000000e+03
4.662000000000000000e+03 4.897000000000000000e+03
4.995000000000000000e+03 4.787000000000000000e+03
5.328000000000000000e+03 4.838000000000000000e+03
5.661000000000000000e+03 4.887000000000000000e+03
5.994000000000000000e+03 4.912000000000000000e+03
6.327000000000000000e+03 4.761000000000000000e+03
6.660000000000000000e+03 4.802000000000000000e+03
6.993000000000000000e+03 4.839000000000000000e+03
7.326000000000000000e+03 4.789000000000000000e+03
7.659000000000000000e+03 4.881000000000000000e+03
7.992000000000000000e+03 4.850000000000000000e+03
8.325000000000000000e+03 4.705000000000000000e+03
8.658000000000000000e+03 4.765000000000000000e+03
8.991000000000000000e+03 4.886000000000000000e+03
9.324000000000000000e+03 4.849000000000000000e+03
9.657000000000000000e+03 4.682000000000000000e+03
9.990000000000000000e+03 4.741000000000000000e+03
1.032300000000000000e+04 4.618000000000000000e+03
1.065600000000000000e+04 4.494000000000000000e+03
1.098900000000000000e+04 4.557000000000000000e+03
1.132200000000000000e+04 4.463000000000000000e+03
1.165500000000000000e+04 4.434000000000000000e+03
1.198800000000000000e+04 4.470000000000000000e+03
1.232100000000000000e+04 4.318000000000000000e+03
1.265400000000000000e+04 4.286000000000000000e+03
1.298700000000000000e+04 4.237000000000000000e+03
1.332000000000000000e+04 4.110000000000000000e+03
1.365300000000000000e+04 4.096000000000000000e+03
1.398600000000000000e+04 3.938000000000000000e+03
1.431900000000000000e+04 3.863000000000000000e+03
1.465200000000000000e+04 3.902000000000000000e+03
1.498500000000000000e+04 3.643000000000000000e+03
1.531800000000000000e+04 3.505000000000000000e+03
1.565100000000000000e+04 3.461000000000000000e+03
1.598400000000000000e+04 3.382000000000000000e+03
1.631700000000000000e+04 3.272000000000000000e+03
1.665000000000000000e+04 3.145000000000000000e+03
1.698300000000000000e+04 2.969000000000000000e+03
1.731600000000000000e+04 2.961000000000000000e+03
1.764900000000000000e+04 2.844000000000000000e+03
1.798200000000000000e+04 2.720000000000000000e+03
1.831500000000000000e+04 2.594000000000000000e+03
1.864800000000000000e+04 2.553000000000000000e+03
1.898100000000000000e+04 2.409000000000000000e+03
1.931400000000000000e+04 2.211000000000000000e+03
1.964700000000000000e+04 2.185000000000000000e+03
1.998000000000000000e+04 2.053000000000000000e+03
2.031300000000000000e+04 1.958000000000000000e+03
2.064600000000000000e+04 1.955000000000000000e+03
2.097900000000000000e+04 1.803000000000000000e+03
2.131200000000000000e+04 1.763000000000000000e+03
2.164500000000000000e+04 1.747000000000000000e+03
2.197800000000000000e+04 1.615000000000000000e+03
2.231100000000000000e+04 1.559000000000000000e+03
2.264400000000000000e+04 1.604000000000000000e+03
2.297700000000000000e+04 1.528000000000000000e+03
2.331000000000000000e+04 1.496000000000000000e+03
2.364300000000000000e+04 1.573000000000000000e+03
2.397600000000000000e+04 1.563000000000000000e+03
2.430900000000000000e+04 1.565000000000000000e+03
2.464200000000000000e+04 1.652000000000000000e+03
2.497500000000000000e+04 1.645000000000000000e+03
2.530800000000000000e+04 1.722000000000000000e+03
2.564100000000000000e+04 1.877000000000000000e+03
2.597400000000000000e+04 1.871000000000000000e+03
2.630700000000000000e+04 2.066000000000000000e+03
2.664000000000000000e+04 2.060000000000000000e+03
2.697300000000000000e+04 2.221000000000000000e+03
2.730600000000000000e+04 2.213000000000000000e+03
2.763900000000000000e+04 2.424000000000000000e+03
2.797200000000000000e+04 2.510000000000000000e+03
2.830500000000000000e+04 2.603000000000000000e+03
2.863800000000000000e+04 2.746000000000000000e+03
2.897100000000000000e+04 2.919000000000000000e+03
2.930400000000000000e+04 3.040000000000000000e+03
2.963700000000000000e+04 3.155000000000000000e+03
2.997000000000000000e+04 3.341000000000000000e+03
3.030300000000000000e+04 3.430000000000000000e+03
3.063600000000000000e+04 3.536000000000000000e+03
3.096900000000000000e+04 3.591000000000000000e+03
3.130200000000000000e+04 3.681000000000000000e+03
3.163500000000000000e+04 3.801000000000000000e+03
3.196800000000000000e+04 3.920000000000000000e+03
3.230100000000000000e+04 4.039000000000000000e+03
3.263400000000000000e+04 3.938000000000000000e+03
3.296700000000000000e+04 3.998000000000000000e+03
3.330000000000000000e+04 4.242000000000000000e+03
3.363300000000000000e+04 4.243000000000000000e+03
3.396600000000000000e+04 4.392000000000000000e+03
3.429900000000000000e+04 4.545000000000000000e+03
3.463200000000000000e+04 4.550000000000000000e+03
3.496500000000000000e+04 4.611000000000000000e+03
3.529800000000000000e+04 4.542000000000000000e+03
3.563100000000000000e+04 4.758000000000000000e+03
3.596400000000000000e+04 4.662000000000000000e+03
3.629700000000000000e+04 4.622000000000000000e+03
3.663000000000000000e+04 4.781000000000000000e+03
3.696300000000000000e+04 4.729000000000000000e+03
3.729600000000000000e+04 4.828000000000000000e+03
3.762900000000000000e+04 4.765000000000000000e+03
3.796200000000000000e+04 4.722000000000000000e+03
3.829500000000000000e+04 4.877000000000000000e+03
3.862800000000000000e+04 4.774000000000000000e+03
3.896100000000000000e+04 4.645000000000000000e+03
3.929400000000000000e+04 4.682000000000000000e+03
3.962700000000000000e+04 4.767000000000000000e+03
3.996000000000000000e+04 4.905000000000000000e+03
4.029300000000000000e+04 4.739000000000000000e+03
4.062600000000000000e+04 4.761000000000000000e+03
4.095900000000000000e+04 4.824000000000000000e+03
4.129200000000000000e+04 4.719000000000000000e+03
4.162500000000000000e+04 5.010000000000000000e+03
4.195800000000000000e+04 4.734000000000000000e+03
4.229100000000000000e+04 4.738000000000000000e+03
4.262400000000000000e+04 4.835000000000000000e+03
4.295700000000000000e+04 4.713000000000000000e+03
4.329000000000000000e+04 4.612000000000000000e+03
4.362300000000000000e+04 4.671000000000000000e+03
4.395600000000000000e+04 4.596000000000000000e+03
4.428900000000000000e+04 4.568000000000000000e+03
4.462200000000000000e+04 4.565000000000000000e+03
4.495500000000000000e+04 4.387000000000000000e+03
4.528800000000000000e+04 4.368000000000000000e+03
4.562100000000000000e+04 4.299000000000000000e+03
4.595400000000000000e+04 4.135000000000000000e+03
4.628700000000000000e+04 4.194000000000000000e+03
4.662000000000000000e+04 4.230000000000000000e+03
4.695300000000000000e+04 4.148000000000000000e+03
4.728600000000000000e+04 3.948000000000000000e+03
4.761900000000000000e+04 3.868000000000000000e+03
4.795200000000000000e+04 3.836000000000000000e+03
4.828500000000000000e+04 3.716000000000000000e+03
4.861800000000000000e+04 3.566000000000000000e+03
4.895100000000000000e+04 3.457000000000000000e+03
4.928400000000000000e+04 3.508000000000000000e+03
4.961700000000000000e+04 3.270000000000000000e+03
4.995000000000000000e+04 3.163000000000000000e+03
5.028300000000000000e+04 2.957000000000000000e+03
5.061600000000000000e+04 3.009000000000000000e+03
5.094900000000000000e+04 2.864000000000000000e+03
5.128200000000000000e+04 2.635000000000000000e+03
5.161500000000000000e+04 2.576000000000000000e+03
5.194800000000000000e+04 2.561000000000000000e+03
5.228100000000000000e+04 2.440000000000000000e+03
5.261400000000000000e+04 2.238000000000000000e+03
5.294700000000000000e+04 2.193000000000000000e+03
5.328000000000000000e+04 2.153000000000000000e+03
5.361300000000000000e+04 1.933000000000000000e+03
5.394600000000000000e+04 1.927000000000000000e+03
5.427900000000000000e+04 1.916000000000000000e+03
5.461200000000000000e+04 1.689000000000000000e+03
5.494500000000000000e+04 1.715000000000000000e+03
5.527800000000000000e+04 1.574000000000000000e+03
5.561100000000000000e+04 1.629000000000000000e+03
5.594400000000000000e+04 1.572000000000000000e+03
5.627700000000000000e+04 1.526000000000000000e+03
5.661000000000000000e+04 1.568000000000000000e+03
5.694300000000000000e+04 1.536000000000000000e+03
5.727600000000000000e+04 1.657000000000000000e+03
5.760900000000000000e+04 1.612000000000000000e+03
5.794200000000000000e+04 1.726000000000000000e+03
5.827500000000000000e+04 1.673000000000000000e+03
5.860800000000000000e+04 1.849000000000000000e+03
5.894100000000000000e+04 1.834000000000000000e+03
5.927400000000000000e+04 1.889000000000000000e+03
5.960700000000000000e+04 2.000000000000000000e+03
5.994000000000000000e+04 2.050000000000000000e+03
6.027300000000000000e+04 2.181000000000000000e+03
6.060600000000000000e+04 2.280000000000000000e+03
6.093900000000000000e+04 2.426000000000000000e+03
6.127200000000000000e+04 2.517000000000000000e+03
6.160500000000000000e+04 2.725000000000000000e+03
6.193800000000000000e+04 2.780000000000000000e+03
6.227100000000000000e+04 2.805000000000000000e+03
6.260400000000000000e+04 3.038000000000000000e+03
6.293700000000000000e+04 3.254000000000000000e+03
6.327000000000000000e+04 3.225000000000000000e+03
6.360300000000000000e+04 3.322000000000000000e+03
6.393600000000000000e+04 3.506000000000000000e+03
6.426900000000000000e+04 3.594000000000000000e+03
6.460200000000000000e+04 3.698000000000000000e+03
6.493500000000000000e+04 3.818000000000000000e+03
6.526800000000000000e+04 3.913000000000000000e+03
6.560100000000000000e+04 4.080000000000000000e+03
6.593400000000000000e+04 4.129000000000000000e+03
6.626700000000000000e+04 4.099000000000000000e+03
