0.000000000000000000e+00 2.956000000000000000e+03
1.000000000000000000e+02 2.921000000000000000e+03
2.000000000000000000e+02 2.958000000000000000e+03
3.000000000000000000e+02 3.022000000000000000e+03
4.000000000000000000e+02 3.153000000000000000e+03
5.000000000000000000e+02 3.166000000000000000e+03
6.000000000000000000e+02 3.160000000000000000e+03
7.000000000000000000e+02 3.243000000000000000e+03
8.000000000000000000e+02 3.293000000000000000e+03
9.000000000000000000e+02 3.249000000000000000e+03
1.000000000000000000e+03 3.334000000000000000e+03
1.100000000000000000e+03 3.326000000000000000e+03
1.200000000000000000e+03 3.245000000000000000e+03
1.300000000000000000e+03 3.328000000000000000e+03
1.400000000000000000e+03 3.438000000000000000e+03
1.500000000000000000e+03 3.366000000000000000e+03
1.600000000000000000e+03 3.404000000000000000e+03
1.700000000000000000e+03 3.444000000000000000e+03
1.800000000000000000e+03 3.388000000000000000e+03
1.900000000000000000e+03 3.593000000000000000e+03
2.000000000000000000e+03 3.350000000000000000e+03
2.100000000000000000e+03 3.411000000000000000e+03
2.200000000000000000e+03 3.451000000000000000e+03
2.300000000000000000e+03 3.366000000000000000e+03
2.400000000000000000e+03 3.459000000000000000e+03
2.500000000000000000e+03 3.463000000000000000e+03
2.600000000000000000e+03 3.476000000000000000e+03
2.700000000000000000e+03 3.504000000000000000e+03
2.800000000000000000e+03 3.275000000000000000e+03
2.900000000000000000e+03 3.265000000000000000e+03
3.000000000000000000e+03 3.264000000000000000e+03
3.100000000000000000e+03 3.280000000000000000e+03
3.200000000000000000e+03 3.203000000000000000e+03
3.300000000000000000e+03 3.181000000000000000e+03
3.400000000000000000e+03 3.234000000000000000e+03
3.500000000000000000e+03 3.145000000000000000e+03
3.600000000000000000e+03 3.213000000000000000e+03
3.700000000000000000e+03 3.040000000000000000e+03
3.800000000000000000e+03 3.018000000000000000e+03
3.900000000000000000e+03 2.952000000000000000e+03
4.000000000000000000e+03 2.958000000000000000e+03
4.100000000000000000e+03 2.857000000000000000e+03
4.200000000000000000e+03 2.656000000000000000e+03
4.300000000000000000e+03 2.720000000000000000e+03
4.400000000000000000e+03 2.627000000000000000e+03
4.500000000000000000e+03 2.598000000000000000e+03
4.600000000000000000e+03 2.488000000000000000e+03
4.700000000000000000e+03 2.493000000000000000e+03
4.800000000000000000e+03 2.326000000000000000e+03
4.900000000000000000e+03 2.341000000000000000e+03
5.000000000000000000e+03 2.287000000000000000e+03
5.100000000000000000e+03 2.178000000000000000e+03
5.200000000000000000e+03 2.010000000000000000e+03
5.300000000000000000e+03 1.981000000000000000e+03
5.400000000000000000e+03 1.906000000000000000e+03
5.500000000000000000e+03 1.734000000000000000e+03
5.600000000000000000e+03 1.736000000000000000e+03
5.700000000000000000e+03 1.729000000000000000e+03
5.800000000000000000e+03 1.595000000000000000e+03
5.900000000000000000e+03 1.524000000000000000e+03
6.000000000000000000e+03 1.455000000000000000e+03
6.100000000000000000e+03 1.404000000000000000e+03
6.200000000000000000e+03 1.317000000000000000e+03
6.300000000000000000e+03 1.265000000000000000e+03
6.400000000000000000e+03 1.290000000000000000e+03
6.500000000000000000e+03 1.245000000000000000e+03
6.600000000000000000e+03 1.128000000000000000e+03
6.700000000000000000e+03 1.133000000000000000e+03
6.800000000000000000e+03 1.105000000000000000e+03
6.900000000000000000e+03 1.110000000000000000e+03
7.000000000000000000e+03 1.090000000000000000e+03
7.100000000000000000e+03 1.056000000000000000e+03
7.200000000000000000e+03 1.022000000000000000e+03
7.300000000000000000e+03 1.050000000000000000e+03
7.400000000000000000e+03 1.021000000000000000e+03
7.500000000000000000e+03 1.037000000000000000e+03
7.600000000000000000e+03 1.025000000000000000e+03
7.700000000000000000e+03 1.118000000000000000e+03
7.800000000000000000e+03 1.161000000000000000e+03
7.900000000000000000e+03 1.177000000000000000e+03
8.000000000000000000e+03 1.238000000000000000e+03
8.100000000000000000e+03 1.279000000000000000e+03
8.200000000000000000e+03 1.384000000000000000e+03
8.300000000000000000e+03 1.435000000000000000e+03
8.400000000000000000e+03 1.543000000000000000e+03
8.500000000000000000e+03 1.647000000000000000e+03
8.600000000000000000e+03 1.726000000000000000e+03
8.700000000000000000e+03 1.819000000000000000e+03
8.800000000000000000e+03 1.859000000000000000e+03
8.900000000000000000e+03 1.929000000000000000e+03
9.000000000000000000e+03 2.038000000000000000e+03
9.100000000000000000e+03 2.075000000000000000e+03
9.200000000000000000e+03 2.220000000000000000e+03
9.300000000000000000e+03 2.331000000000000000e+03
9.400000000000000000e+03 2.451000000000000000e+03
9.500000000000000000e+03 2.617000000000000000e+03
9.600000000000000000e+03 2.634000000000000000e+03
9.700000000000000000e+03 2.726000000000000000e+03
9.800000000000000000e+03 2.789000000000000000e+03
9.900000000000000000e+03 2.855000000000000000e+03
1.000000000000000000e+04 2.906000000000000000e+03
1.010000000000000000e+04 2.931000000000000000e+03
1.020000000000000000e+04 2.951000000000000000e+03
1.030000000000000000e+04 2.967000000000000000e+03
1.040000000000000000e+04 3.079000000000000000e+03
1.050000000000000000e+04 3.232000000000000000e+03
1.060000000000000000e+04 3.133000000000000000e+03
1.070000000000000000e+04 3.179000000000000000e+03
1.080000000000000000e+04 3.190000000000000000e+03
1.090000000000000000e+04 3.213000000000000000e+03
1.100000000000000000e+04 3.355000000000000000e+03
1.110000000000000000e+04 3.212000000000000000e+03
1.120000000000000000e+04 3.421000000000000000e+03
1.130000000000000000e+04 3.378000000000000000e+03
1.140000000000000000e+04 3.357000000000000000e+03
1.150000000000000000e+04 3.443000000000000000e+03
1.160000000000000000e+04 3.346000000000000000e+03
1.170000000000000000e+04 3.323000000000000000e+03
1.180000000000000000e+04 3.532000000000000000e+03
1.190000000000000000e+04 3.330000000000000000e+03
1.200000000000000000e+04 3.442000000000000000e+03
1.210000000000000000e+04 3.296000000000000000e+03
1.220000000000000000e+04 3.423000000000000000e+03
1.230000000000000000e+04 3.403000000000000000e+03
1.240000000000000000e+04 3.425000000000000000e+03
1.250000000000000000e+04 3.431000000000000000e+03
1.260000000000000000e+04 3.585000000000000000e+03
1.270000000000000000e+04 3.488000000000000000e+03
1.280000000000000000e+04 3.356000000000000000e+03
1.290000000000000000e+04 3.414000000000000000e+03
1.300000000000000000e+04 3.303000000000000000e+03
1.310000000000000000e+04 3.236000000000000000e+03
1.320000000000000000e+04 3.282000000000000000e+03
1.330000000000000000e+04 3.197000000000000000e+03
1.340000000000000000e+04 3.079000000000000000e+03
1.350000000000000000e+04 3.119000000000000000e+03
1.360000000000000000e+04 3.117000000000000000e+03
1.370000000000000000e+04 3.071000000000000000e+03
1.380000000000000000e+04 2.981000000000000000e+03
1.390000000000000000e+04 3.025000000000000000e+03
1.400000000000000000e+04 3.002000000000000000e+03
1.410000000000000000e+04 2.824000000000000000e+03
1.420000000000000000e+04 2.791000000000000000e+03
1.430000000000000000e+04 2.758000000000000000e+03
1.440000000000000000e+04 2.687000000000000000e+03
1.450000000000000000e+04 2.579000000000000000e+03
1.460000000000000000e+04 2.648000000000000000e+03
1.470000000000000000e+04 2.524000000000000000e+03
1.480000000000000000e+04 2.410000000000000000e+03
1.490000000000000000e+04 2.340000000000000000e+03
1.500000000000000000e+04 2.291000000000000000e+03
1.510000000000000000e+04 2.235000000000000000e+03
1.520000000000000000e+04 2.049000000000000000e+03
1.530000000000000000e+04 1.940000000000000000e+03
1.540000000000000000e+04 1.971000000000000000e+03
1.550000000000000000e+04 1.894000000000000000e+03
1.560000000000000000e+04 1.753000000000000000e+03
1.570000000000000000e+04 1.661000000000000000e+03
1.580000000000000000e+04 1.588000000000000000e+03
1.590000000000000000e+04 1.533000000000000000e+03
1.600000000000000000e+04 1.460000000000000000e+03
1.610000000000000000e+04 1.371000000000000000e+03
1.620000000000000000e+04 1.313000000000000000e+03
1.630000000000000000e+04 1.313000000000000000e+03
1.640000000000000000e+04 1.285000000000000000e+03
1.650000000000000000e+04 1.146000000000000000e+03
1.660000000000000000e+04 1.165000000000000000e+03
1.670000000000000000e+04 1.146000000000000000e+03
1.680000000000000000e+04 1.140000000000000000e+03
1.690000000000000000e+04 1.065000000000000000e+03
1.700000000000000000e+04 1.037000000000000000e+03
1.710000000000000000e+04 1.033000000000000000e+03
1.720000000000000000e+04 1.015000000000000000e+03
1.730000000000000000e+04 1.109000000000000000e+03
1.740000000000000000e+04 1.032000000000000000e+03
1.750000000000000000e+04 1.081000000000000000e+03
1.760000000000000000e+04 1.084000000000000000e+03
1.770000000000000000e+04 1.166000000000000000e+03
1.780000000000000000e+04 1.199000000000000000e+03
1.790000000000000000e+04 1.205000000000000000e+03
1.800000000000000000e+04 1.268000000000000000e+03
1.810000000000000000e+04 1.245000000000000000e+03
1.820000000000000000e+04 1.348000000000000000e+03
1.830000000000000000e+04 1.445000000000000000e+03
1.840000000000000000e+04 1.604000000000000000e+03
1.850000000000000000e+04 1.608000000000000000e+03
1.860000000000000000e+04 1.761000000000000000e+03
1.870000000000000000e+04 1.797000000000000000e+03
1.880000000000000000e+04 1.902000000000000000e+03
1.890000000000000000e+04 2.005000000000000000e+03
1.900000000000000000e+04 2.051000000000000000e+03
1.910000000000000000e+04 2.161000000000000000e+03
1.920000000000000000e+04 2.296000000000000000e+03
1.930000000000000000e+04 2.307000000000000000e+03
1.940000000000000000e+04 2.537000000000000000e+03
1.950000000000000000e+04 2.518000000000000000e+03
1.960000000000000000e+04 2.629000000000000000e+03
1.970000000000000000e+04 2.753000000000000000e+03
1.980000000000000000e+04 2.754000000000000000e+03
1.990000000000000000e+04 2.857000000000000000e+03
