0.000000000000000000e+00 2.667000000000000000e+03
1.400000000000000000e+01 2.708000000000000000e+03
2.800000000000000000e+01 2.732000000000000000e+03
4.200000000000000000e+01 2.936000000000000000e+03
5.600000000000000000e+01 2.950000000000000000e+03
7.000000000000000000e+01 3.032000000000000000e+03
8.400000000000000000e+01 3.146000000000000000e+03
9.800000000000000000e+01 3.150000000000000000e+03
1.120000000000000000e+02 3.249000000000000000e+03
1.260000000000000000e+02 3.243000000000000000e+03
1.400000000000000000e+02 3.315000000000000000e+03
1.540000000000000000e+02 3.305000000000000000e+03
1.680000000000000000e+02 3.328000000000000000e+03
1.820000000000000000e+02 3.327000000000000000e+03
1.960000000000000000e+02 3.500000000000000000e+03
2.100000000000000000e+02 3.520000000000000000e+03
2.240000000000000000e+02 3.444000000000000000e+03
2.380000000000000000e+02 3.552000000000000000e+03
2.520000000000000000e+02 3.522000000000000000e+03
2.660000000000000000e+02 3.464000000000000000e+03
2.800000000000000000e+02 3.562000000000000000e+03
2.940000000000000000e+02 3.540000000000000000e+03
3.080000000000000000e+02 3.470000000000000000e+03
3.220000000000000000e+02 3.615000000000000000e+03
3.360000000000000000e+02 3.732000000000000000e+03
3.500000000000000000e+02 3.529000000000000000e+03
3.640000000000000000e+02 3.578000000000000000e+03
3.780000000000000000e+02 3.536000000000000000e+03
3.920000000000000000e+02 3.578000000000000000e+03
4.060000000000000000e+02 3.610000000000000000e+03
4.200000000000000000e+02 3.700000000000000000e+03
4.340000000000000000e+02 3.553000000000000000e+03
4.480000000000000000e+02 3.520000000000000000e+03
4.620000000000000000e+02 3.625000000000000000e+03
4.760000000000000000e+02 3.435000000000000000e+03
4.900000000000000000e+02 3.563000000000000000e+03
5.040000000000000000e+02 3.494000000000000000e+03
5.180000000000000000e+02 3.496000000000000000e+03
5.320000000000000000e+02 3.393000000000000000e+03
5.460000000000000000e+02 3.454000000000000000e+03
5.600000000000000000e+02 3.437000000000000000e+03
5.740000000000000000e+02 3.391000000000000000e+03
5.880000000000000000e+02 3.288000000000000000e+03
6.020000000000000000e+02 3.300000000000000000e+03
6.160000000000000000e+02 3.157000000000000000e+03
6.300000000000000000e+02 3.210000000000000000e+03
6.440000000000000000e+02 3.111000000000000000e+03
6.580000000000000000e+02 3.124000000000000000e+03
6.720000000000000000e+02 2.973000000000000000e+03
6.860000000000000000e+02 2.927000000000000000e+03
7.000000000000000000e+02 2.924000000000000000e+03
7.140000000000000000e+02 2.933000000000000000e+03
7.280000000000000000e+02 2.818000000000000000e+03
7.420000000000000000e+02 2.823000000000000000e+03
7.560000000000000000e+02 2.613000000000000000e+03
7.700000000000000000e+02 2.569000000000000000e+03
7.840000000000000000e+02 2.504000000000000000e+03
7.980000000000000000e+02 2.353000000000000000e+03
8.120000000000000000e+02 2.443000000000000000e+03
8.260000000000000000e+02 2.408000000000000000e+03
8.400000000000000000e+02 2.325000000000000000e+03
8.540000000000000000e+02 2.182000000000000000e+03
8.680000000000000000e+02 2.183000000000000000e+03
8.820000000000000000e+02 2.155000000000000000e+03
8.960000000000000000e+02 2.107000000000000000e+03
9.100000000000000000e+02 2.065000000000000000e+03
9.240000000000000000e+02 1.918000000000000000e+03
9.380000000000000000e+02 1.878000000000000000e+03
9.520000000000000000e+02 1.889000000000000000e+03
9.660000000000000000e+02 2.028000000000000000e+03
9.800000000000000000e+02 1.849000000000000000e+03
9.940000000000000000e+02 1.788000000000000000e+03
1.008000000000000000e+03 1.774000000000000000e+03
1.022000000000000000e+03 1.721000000000000000e+03
1.036000000000000000e+03 1.653000000000000000e+03
1.050000000000000000e+03 1.710000000000000000e+03
1.064000000000000000e+03 1.639000000000000000e+03
1.078000000000000000e+03 1.651000000000000000e+03
1.092000000000000000e+03 1.724000000000000000e+03
1.106000000000000000e+03 1.662000000000000000e+03
1.120000000000000000e+03 1.646000000000000000e+03
1.134000000000000000e+03 1.583000000000000000e+03
1.148000000000000000e+03 1.647000000000000000e+03
1.162000000000000000e+03 1.614000000000000000e+03
1.176000000000000000e+03 1.615000000000000000e+03
1.190000000000000000e+03 1.680000000000000000e+03
1.204000000000000000e+03 1.672000000000000000e+03
1.218000000000000000e+03 1.708000000000000000e+03
1.232000000000000000e+03 1.767000000000000000e+03
1.246000000000000000e+03 1.844000000000000000e+03
1.260000000000000000e+03 1.935000000000000000e+03
1.274000000000000000e+03 2.006000000000000000e+03
1.288000000000000000e+03 2.054000000000000000e+03
1.302000000000000000e+03 2.075000000000000000e+03
1.316000000000000000e+03 2.130000000000000000e+03
1.330000000000000000e+03 2.167000000000000000e+03
1.344000000000000000e+03 2.265000000000000000e+03
1.358000000000000000e+03 2.330000000000000000e+03
1.372000000000000000e+03 2.415000000000000000e+03
1.386000000000000000e+03 2.416000000000000000e+03
1.400000000000000000e+03 2.627000000000000000e+03
1.414000000000000000e+03 2.669000000000000000e+03
1.428000000000000000e+03 2.649000000000000000e+03
1.442000000000000000e+03 2.720000000000000000e+03
1.456000000000000000e+03 2.731000000000000000e+03
1.470000000000000000e+03 2.913000000000000000e+03
1.484000000000000000e+03 2.929000000000000000e+03
1.498000000000000000e+03 3.010000000000000000e+03
1.512000000000000000e+03 3.080000000000000000e+03
1.526000000000000000e+03 3.162000000000000000e+03
1.540000000000000000e+03 3.255000000000000000e+03
1.554000000000000000e+03 3.298000000000000000e+03
1.568000000000000000e+03 3.292000000000000000e+03
1.582000000000000000e+03 3.325000000000000000e+03
1.596000000000000000e+03 3.476000000000000000e+03
1.610000000000000000e+03 3.497000000000000000e+03
1.624000000000000000e+03 3.463000000000000000e+03
1.638000000000000000e+03 3.584000000000000000e+03
1.652000000000000000e+03 3.425000000000000000e+03
1.666000000000000000e+03 3.488000000000000000e+03
1.680000000000000000e+03 3.469000000000000000e+03
1.694000000000000000e+03 3.449000000000000000e+03
1.708000000000000000e+03 3.536000000000000000e+03
1.722000000000000000e+03 3.617000000000000000e+03
1.736000000000000000e+03 3.554000000000000000e+03
1.750000000000000000e+03 3.614000000000000000e+03
1.764000000000000000e+03 3.570000000000000000e+03
1.778000000000000000e+03 3.646000000000000000e+03
1.792000000000000000e+03 3.519000000000000000e+03
1.806000000000000000e+03 3.698000000000000000e+03
1.820000000000000000e+03 3.666000000000000000e+03
1.834000000000000000e+03 3.585000000000000000e+03
1.848000000000000000e+03 3.565000000000000000e+03
1.862000000000000000e+03 3.558000000000000000e+03
1.876000000000000000e+03 3.636000000000000000e+03
1.890000000000000000e+03 3.615000000000000000e+03
1.904000000000000000e+03 3.475000000000000000e+03
1.918000000000000000e+03 3.511000000000000000e+03
1.932000000000000000e+03 3.485000000000000000e+03
1.946000000000000000e+03 3.441000000000000000e+03
1.960000000000000000e+03 3.422000000000000000e+03
1.974000000000000000e+03 3.473000000000000000e+03
1.988000000000000000e+03 3.352000000000000000e+03
2.002000000000000000e+03 3.307000000000000000e+03
2.016000000000000000e+03 3.307000000000000000e+03
2.030000000000000000e+03 3.336000000000000000e+03
2.044000000000000000e+03 3.169000000000000000e+03
2.058000000000000000e+03 3.186000000000000000e+03
2.072000000000000000e+03 3.058000000000000000e+03
2.086000000000000000e+03 3.053000000000000000e+03
2.100000000000000000e+03 3.017000000000000000e+03
2.114000000000000000e+03 2.972000000000000000e+03
2.128000000000000000e+03 2.854000000000000000e+03
2.142000000000000000e+03 2.863000000000000000e+03
2.156000000000000000e+03 2.718000000000000000e+03
2.170000000000000000e+03 2.784000000000000000e+03
2.184000000000000000e+03 2.668000000000000000e+03
2.198000000000000000e+03 2.700000000000000000e+03
2.212000000000000000e+03 2.587000000000000000e+03
2.226000000000000000e+03 2.434000000000000000e+03
2.240000000000000000e+03 2.477000000000000000e+03
2.254000000000000000e+03 2.344000000000000000e+03
2.268000000000000000e+03 2.288000000000000000e+03
2.282000000000000000e+03 2.378000000000000000e+03
2.296000000000000000e+03 2.304000000000000000e+03
2.310000000000000000e+03 2.135000000000000000e+03
2.324000000000000000e+03 2.130000000000000000e+03
2.338000000000000000e+03 1.959000000000000000e+03
2.352000000000000000e+03 2.070000000000000000e+03
2.366000000000000000e+03 1.935000000000000000e+03
2.380000000000000000e+03 1.859000000000000000e+03
2.394000000000000000e+03 1.861000000000000000e+03
2.408000000000000000e+03 1.744000000000000000e+03
2.422000000000000000e+03 1.796000000000000000e+03
2.436000000000000000e+03 1.836000000000000000e+03
2.450000000000000000e+03 1.691000000000000000e+03
2.464000000000000000e+03 1.684000000000000000e+03
2.478000000000000000e+03 1.666000000000000000e+03
2.492000000000000000e+03 1.598000000000000000e+03
2.506000000000000000e+03 1.676000000000000000e+03
2.520000000000000000e+03 1.625000000000000000e+03
2.534000000000000000e+03 1.645000000000000000e+03
2.548000000000000000e+03 1.570000000000000000e+03
2.562000000000000000e+03 1.634000000000000000e+03
2.576000000000000000e+03 1.592000000000000000e+03
2.590000000000000000e+03 1.577000000000000000e+03
2.604000000000000000e+03 1.624000000000000000e+03
2.618000000000000000e+03 1.650000000000000000e+03
2.632000000000000000e+03 1.670000000000000000e+03
2.646000000000000000e+03 1.701000000000000000e+03
2.660000000000000000e+03 1.657000000000000000e+03
2.674000000000000000e+03 1.760000000000000000e+03
2.688000000000000000e+03 1.804000000000000000e+03
2.702000000000000000e+03 1.860000000000000000e+03
2.716000000000000000e+03 1.900000000000000000e+03
2.730000000000000000e+03 1.964000000000000000e+03
2.744000000000000000e+03 2.127000000000000000e+03
2.758000000000000000e+03 2.151000000000000000e+03
2.772000000000000000e+03 2.181000000000000000e+03
2.786000000000000000e+03 2.186000000000000000e+03
2.800000000000000000e+03 2.359000000000000000e+03
2.814000000000000000e+03 2.387000000000000000e+03
2.828000000000000000e+03 2.451000000000000000e+03
2.842000000000000000e+03 2.562000000000000000e+03
