0.000000000000000000e+00 4.926000000000000000e+03
1.428000000000000000e+03 5.110000000000000000e+03
2.856000000000000000e+03 5.219000000000000000e+03
4.284000000000000000e+03 5.399000000000000000e+03
5.712000000000000000e+03 5.368000000000000000e+03
7.140000000000000000e+03 5.480000000000000000e+03
8.568000000000000000e+03 5.367000000000000000e+03
9.996000000000000000e+03 5.548000000000000000e+03
1.142400000000000000e+04 5.468000000000000000e+03
1.285200000000000000e+04 5.519000000000000000e+03
1.428000000000000000e+04 5.744000000000000000e+03
1.570800000000000000e+04 5.667000000000000000e+03
1.713600000000000000e+04 5.723000000000000000e+03
1.856400000000000000e+04 5.593000000000000000e+03
1.999200000000000000e+04 5.604000000000000000e+03
2.142000000000000000e+04 5.774000000000000000e+03
2.284800000000000000e+04 5.544000000000000000e+03
2.427600000000000000e+04 5.760000000000000000e+03
2.570400000000000000e+04 5.766000000000000000e+03
2.713200000000000000e+04 5.803000000000000000e+03
2.856000000000000000e+04 5.703000000000000000e+03
2.998800000000000000e+04 5.763000000000000000e+03
3.141600000000000000e+04 5.786000000000000000e+03
3.284400000000000000e+04 5.705000000000000000e+03
3.427200000000000000e+04 5.873000000000000000e+03
3.570000000000000000e+04 5.790000000000000000e+03
3.712800000000000000e+04 5.669000000000000000e+03
3.855600000000000000e+04 5.644000000000000000e+03
3.998400000000000000e+04 5.531000000000000000e+03
4.141200000000000000e+04 5.517000000000000000e+03
4.284000000000000000e+04 5.633000000000000000e+03
4.426800000000000000e+04 5.467000000000000000e+03
4.569600000000000000e+04 5.458000000000000000e+03
4.712400000000000000e+04 5.397000000000000000e+03
4.855200000000000000e+04 5.388000000000000000e+03
4.998000000000000000e+04 5.181000000000000000e+03
5.140800000000000000e+04 5.146000000000000000e+03
5.283600000000000000e+04 5.104000000000000000e+03
5.426400000000000000e+04 5.153000000000000000e+03
5.569200000000000000e+04 4.953000000000000000e+03
5.712000000000000000e+04 4.790000000000000000e+03
5.854800000000000000e+04 4.874000000000000000e+03
5.997600000000000000e+04 4.806000000000000000e+03
6.140400000000000000e+04 4.564000000000000000e+03
6.283200000000000000e+04 4.480000000000000000e+03
6.426000000000000000e+04 4.381000000000000000e+03
6.568800000000000000e+04 4.215000000000000000e+03
6.711600000000000000e+04 4.099000000000000000e+03
6.854400000000000000e+04 3.977000000000000000e+03
6.997200000000000000e+04 3.734000000000000000e+03
7.140000000000000000e+04 3.691000000000000000e+03
7.282800000000000000e+04 3.480000000000000000e+03
7.425600000000000000e+04 3.378000000000000000e+03
7.568400000000000000e+04 3.264000000000000000e+03
7.711200000000000000e+04 3.271000000000000000e+03
7.854000000000000000e+04 3.049000000000000000e+03
7.996800000000000000e+04 2.946000000000000000e+03
8.139600000000000000e+04 2.850000000000000000e+03
8.282400000000000000e+04 2.671000000000000000e+03
8.425200000000000000e+04 2.512000000000000000e+03
8.568000000000000000e+04 2.325000000000000000e+03
8.710800000000000000e+04 2.401000000000000000e+03
8.853600000000000000e+04 2.217000000000000000e+03
8.996400000000000000e+04 2.132000000000000000e+03
9.139200000000000000e+04 2.103000000000000000e+03
9.282000000000000000e+04 2.099000000000000000e+03
9.424800000000000000e+04 2.032000000000000000e+03
9.567600000000000000e+04 1.920000000000000000e+03
9.710400000000000000e+04 1.899000000000000000e+03
9.853200000000000000e+04 1.892000000000000000e+03
9.996000000000000000e+04 1.931000000000000000e+03
1.013880000000000000e+05 1.960000000000000000e+03
1.028160000000000000e+05 1.942000000000000000e+03
1.042440000000000000e+05 1.987000000000000000e+03
1.056720000000000000e+05 2.068000000000000000e+03
1.071000000000000000e+05 2.111000000000000000e+03
1.085280000000000000e+05 2.301000000000000000e+03
1.099560000000000000e+05 2.251000000000000000e+03
1.113840000000000000e+05 2.442000000000000000e+03
1.128120000000000000e+05 2.477000000000000000e+03
1.142400000000000000e+05 2.606000000000000000e+03
1.156680000000000000e+05 2.715000000000000000e+03
1.170960000000000000e+05 2.790000000000000000e+03
1.185240000000000000e+05 2.935000000000000000e+03
1.199520000000000000e+05 3.214000000000000000e+03
1.213800000000000000e+05 3.219000000000000000e+03
1.228080000000000000e+05 3.179000000000000000e+03
1.242360000000000000e+05 3.508000000000000000e+03
1.256640000000000000e+05 3.604000000000000000e+03
1.270920000000000000e+05 3.858000000000000000e+03
1.285200000000000000e+05 3.876000000000000000e+03
1.299480000000000000e+05 4.010000000000000000e+03
1.313760000000000000e+05 4.195000000000000000e+03
1.328040000000000000e+05 4.273000000000000000e+03
1.342320000000000000e+05 4.423000000000000000e+03
1.356600000000000000e+05 4.646000000000000000e+03
1.370880000000000000e+05 4.616000000000000000e+03
1.385160000000000000e+05 4.808000000000000000e+03
1.399440000000000000e+05 4.759000000000000000e+03
1.413720000000000000e+05 4.929000000000000000e+03
1.428000000000000000e+05 4.932000000000000000e+03
1.442280000000000000e+05 5.110000000000000000e+03
1.456560000000000000e+05 5.284000000000000000e+03
1.470840000000000000e+05 5.224000000000000000e+03
1.485120000000000000e+05 5.340000000000000000e+03
1.499400000000000000e+05 5.365000000000000000e+03
1.513680000000000000e+05 5.571000000000000000e+03
1.527960000000000000e+05 5.458000000000000000e+03
1.542240000000000000e+05 5.490000000000000000e+03
1.556520000000000000e+05 5.554000000000000000e+03
1.570800000000000000e+05 5.556000000000000000e+03
1.585080000000000000e+05 5.621000000000000000e+03
1.599360000000000000e+05 5.780000000000000000e+03
1.613640000000000000e+05 5.734000000000000000e+03
1.627920000000000000e+05 5.615000000000000000e+03
1.642200000000000000e+05 5.748000000000000000e+03
1.656480000000000000e+05 5.610000000000000000e+03
1.670760000000000000e+05 5.654000000000000000e+03
1.685040000000000000e+05 5.755000000000000000e+03
1.699320000000000000e+05 5.806000000000000000e+03
1.713600000000000000e+05 5.821000000000000000e+03
1.727880000000000000e+05 5.730000000000000000e+03
1.742160000000000000e+05 5.635000000000000000e+03
1.756440000000000000e+05 5.818000000000000000e+03
1.770720000000000000e+05 5.781000000000000000e+03
1.785000000000000000e+05 5.687000000000000000e+03
1.799280000000000000e+05 5.753000000000000000e+03
1.813560000000000000e+05 5.555000000000000000e+03
1.827840000000000000e+05 5.563000000000000000e+03
1.842120000000000000e+05 5.545000000000000000e+03
1.856400000000000000e+05 5.537000000000000000e+03
1.870680000000000000e+05 5.443000000000000000e+03
1.884960000000000000e+05 5.501000000000000000e+03
1.899240000000000000e+05 5.478000000000000000e+03
1.913520000000000000e+05 5.296000000000000000e+03
1.927800000000000000e+05 5.215000000000000000e+03
1.942080000000000000e+05 5.323000000000000000e+03
1.956360000000000000e+05 5.212000000000000000e+03
1.970640000000000000e+05 4.821000000000000000e+03
1.984920000000000000e+05 4.874000000000000000e+03
1.999200000000000000e+05 4.908000000000000000e+03
2.013480000000000000e+05 4.851000000000000000e+03
2.027760000000000000e+05 4.666000000000000000e+03
2.042040000000000000e+05 4.506000000000000000e+03
2.056320000000000000e+05 4.528000000000000000e+03
2.070600000000000000e+05 4.406000000000000000e+03
2.084880000000000000e+05 4.309000000000000000e+03
2.099160000000000000e+05 4.091000000000000000e+03
2.113440000000000000e+05 3.906000000000000000e+03
2.127720000000000000e+05 3.827000000000000000e+03
2.142000000000000000e+05 3.743000000000000000e+03
2.156280000000000000e+05 3.513000000000000000e+03
2.170560000000000000e+05 3.509000000000000000e+03
2.184840000000000000e+05 3.274000000000000000e+03
2.199120000000000000e+05 3.147000000000000000e+03
2.213400000000000000e+05 3.155000000000000000e+03
2.227680000000000000e+05 2.962000000000000000e+03
2.241960000000000000e+05 2.770000000000000000e+03
2.256240000000000000e+05 2.626000000000000000e+03
2.270520000000000000e+05 2.536000000000000000e+03
2.284800000000000000e+05 2.517000000000000000e+03
2.299080000000000000e+05 2.434000000000000000e+03
2.313360000000000000e+05 2.125000000000000000e+03
2.327640000000000000e+05 2.100000000000000000e+03
2.341920000000000000e+05 2.107000000000000000e+03
2.356200000000000000e+05 1.978000000000000000e+03
2.370480000000000000e+05 1.969000000000000000e+03
2.384760000000000000e+05 1.918000000000000000e+03
2.399040000000000000e+05 1.933000000000000000e+03
2.413320000000000000e+05 1.932000000000000000e+03
2.427600000000000000e+05 1.887000000000000000e+03
2.441880000000000000e+05 2.057000000000000000e+03
2.456160000000000000e+05 1.910000000000000000e+03
2.470440000000000000e+05 1.966000000000000000e+03
2.484720000000000000e+05 2.050000000000000000e+03
2.499000000000000000e+05 2.102000000000000000e+03
2.513280000000000000e+05 2.228000000000000000e+03
2.527560000000000000e+05 2.186000000000000000e+03
2.541840000000000000e+05 2.491000000000000000e+03
2.556120000000000000e+05 2.336000000000000000e+03
2.570400000000000000e+05 2.546000000000000000e+03
2.584680000000000000e+05 2.663000000000000000e+03
2.598960000000000000e+05 2.755000000000000000e+03
2.613240000000000000e+05 2.933000000000000000e+03
2.627520000000000000e+05 3.098000000000000000e+03
2.641800000000000000e+05 3.194000000000000000e+03
2.656080000000000000e+05 3.348000000000000000e+03
2.670360000000000000e+05 3.564000000000000000e+03
2.684640000000000000e+05 3.718000000000000000e+03
2.698920000000000000e+05 3.866000000000000000e+03
2.713200000000000000e+05 3.772000000000000000e+03
2.727480000000000000e+05 3.994000000000000000e+03
2.741760000000000000e+05 4.158000000000000000e+03
2.756040000000000000e+05 4.361000000000000000e+03
2.770320000000000000e+05 4.371000000000000000e+03
2.784600000000000000e+05 4.473000000000000000e+03
2.798880000000000000e+05 4.557000000000000000e+03
2.813160000000000000e+05 4.739000000000000000e+03
2.827440000000000000e+05 4.901000000000000000e+03
2.841720000000000000e+05 4.932000000000000000e+03
