0.000000000000000000e+00 3.464000000000000000e+03
3.300000000000000000e+01 3.488000000000000000e+03
6.600000000000000000e+01 3.584000000000000000e+03
9.900000000000000000e+01 3.667000000000000000e+03
1.320000000000000000e+02 3.853000000000000000e+03
1.650000000000000000e+02 3.868000000000000000e+03
1.980000000000000000e+02 3.900000000000000000e+03
2.310000000000000000e+02 3.955000000000000000e+03
2.640000000000000000e+02 3.949000000000000000e+03
2.970000000000000000e+02 4.057000000000000000e+03
3.300000000000000000e+02 4.054000000000000000e+03
3.630000000000000000e+02 4.199000000000000000e+03
3.960000000000000000e+02 4.183000000000000000e+03
4.290000000000000000e+02 4.084000000000000000e+03
4.620000000000000000e+02 4.195000000000000000e+03
4.950000000000000000e+02 4.145000000000000000e+03
5.280000000000000000e+02 4.311000000000000000e+03
5.610000000000000000e+02 4.240000000000000000e+03
5.940000000000000000e+02 4.330000000000000000e+03
6.270000000000000000e+02 4.230000000000000000e+03
6.600000000000000000e+02 4.338000000000000000e+03
6.930000000000000000e+02 4.206000000000000000e+03
7.260000000000000000e+02 4.146000000000000000e+03
7.590000000000000000e+02 4.352000000000000000e+03
7.920000000000000000e+02 4.184000000000000000e+03
8.250000000000000000e+02 4.212000000000000000e+03
8.580000000000000000e+02 4.253000000000000000e+03
8.910000000000000000e+02 4.150000000000000000e+03
9.240000000000000000e+02 4.273000000000000000e+03
9.570000000000000000e+02 4.170000000000000000e+03
9.900000000000000000e+02 4.057000000000000000e+03
1.023000000000000000e+03 4.313000000000000000e+03
1.056000000000000000e+03 4.158000000000000000e+03
1.089000000000000000e+03 4.164000000000000000e+03
1.122000000000000000e+03 4.064000000000000000e+03
1.155000000000000000e+03 3.921000000000000000e+03
1.188000000000000000e+03 4.014000000000000000e+03
1.221000000000000000e+03 4.046000000000000000e+03
1.254000000000000000e+03 4.079000000000000000e+03
1.287000000000000000e+03 4.043000000000000000e+03
1.320000000000000000e+03 3.896000000000000000e+03
1.353000000000000000e+03 3.760000000000000000e+03
1.386000000000000000e+03 3.791000000000000000e+03
1.419000000000000000e+03 3.698000000000000000e+03
1.452000000000000000e+03 3.587000000000000000e+03
1.485000000000000000e+03 3.475000000000000000e+03
1.518000000000000000e+03 3.515000000000000000e+03
1.551000000000000000e+03 3.476000000000000000e+03
1.584000000000000000e+03 3.178000000000000000e+03
1.617000000000000000e+03 3.243000000000000000e+03
1.650000000000000000e+03 3.119000000000000000e+03
1.683000000000000000e+03 3.127000000000000000e+03
1.716000000000000000e+03 2.989000000000000000e+03
1.749000000000000000e+03 2.992000000000000000e+03
1.782000000000000000e+03 2.870000000000000000e+03
1.815000000000000000e+03 2.827000000000000000e+03
1.848000000000000000e+03 2.620000000000000000e+03
1.881000000000000000e+03 2.530000000000000000e+03
1.914000000000000000e+03 2.531000000000000000e+03
1.947000000000000000e+03 2.388000000000000000e+03
1.980000000000000000e+03 2.261000000000000000e+03
2.013000000000000000e+03 2.238000000000000000e+03
2.046000000000000000e+03 2.017000000000000000e+03
2.079000000000000000e+03 2.104000000000000000e+03
2.112000000000000000e+03 1.938000000000000000e+03
2.145000000000000000e+03 1.997000000000000000e+03
2.178000000000000000e+03 1.831000000000000000e+03
2.211000000000000000e+03 1.803000000000000000e+03
2.244000000000000000e+03 1.794000000000000000e+03
2.277000000000000000e+03 1.685000000000000000e+03
2.310000000000000000e+03 1.754000000000000000e+03
2.343000000000000000e+03 1.695000000000000000e+03
2.376000000000000000e+03 1.641000000000000000e+03
2.409000000000000000e+03 1.565000000000000000e+03
2.442000000000000000e+03 1.564000000000000000e+03
2.475000000000000000e+03 1.584000000000000000e+03
2.508000000000000000e+03 1.525000000000000000e+03
2.541000000000000000e+03 1.564000000000000000e+03
2.574000000000000000e+03 1.638000000000000000e+03
2.607000000000000000e+03 1.607000000000000000e+03
2.640000000000000000e+03 1.659000000000000000e+03
2.673000000000000000e+03 1.702000000000000000e+03
2.706000000000000000e+03 1.702000000000000000e+03
2.739000000000000000e+03 1.753000000000000000e+03
2.772000000000000000e+03 1.896000000000000000e+03
2.805000000000000000e+03 1.848000000000000000e+03
2.838000000000000000e+03 2.006000000000000000e+03
2.871000000000000000e+03 2.075000000000000000e+03
2.904000000000000000e+03 2.126000000000000000e+03
2.937000000000000000e+03 2.268000000000000000e+03
2.970000000000000000e+03 2.340000000000000000e+03
3.003000000000000000e+03 2.435000000000000000e+03
3.036000000000000000e+03 2.600000000000000000e+03
3.069000000000000000e+03 2.661000000000000000e+03
3.102000000000000000e+03 2.758000000000000000e+03
3.135000000000000000e+03 2.937000000000000000e+03
3.168000000000000000e+03 3.010000000000000000e+03
3.201000000000000000e+03 3.151000000000000000e+03
3.234000000000000000e+03 3.092000000000000000e+03
3.267000000000000000e+03 3.203000000000000000e+03
3.300000000000000000e+03 3.280000000000000000e+03
3.333000000000000000e+03 3.440000000000000000e+03
3.366000000000000000e+03 3.493000000000000000e+03
3.399000000000000000e+03 3.575000000000000000e+03
3.432000000000000000e+03 3.680000000000000000e+03
3.465000000000000000e+03 3.713000000000000000e+03
3.498000000000000000e+03 3.772000000000000000e+03
3.531000000000000000e+03 3.812000000000000000e+03
3.564000000000000000e+03 3.944000000000000000e+03
3.597000000000000000e+03 3.977000000000000000e+03
3.630000000000000000e+03 3.998000000000000000e+03
3.663000000000000000e+03 3.981000000000000000e+03
3.696000000000000000e+03 4.122000000000000000e+03
3.729000000000000000e+03 4.053000000000000000e+03
3.762000000000000000e+03 4.201000000000000000e+03
3.795000000000000000e+03 4.198000000000000000e+03
3.828000000000000000e+03 4.080000000000000000e+03
3.861000000000000000e+03 4.201000000000000000e+03
3.894000000000000000e+03 4.225000000000000000e+03
3.927000000000000000e+03 4.200000000000000000e+03
3.960000000000000000e+03 4.134000000000000000e+03
3.993000000000000000e+03 4.222000000000000000e+03
4.026000000000000000e+03 4.266000000000000000e+03
4.059000000000000000e+03 4.297000000000000000e+03
4.092000000000000000e+03 4.303000000000000000e+03
4.125000000000000000e+03 4.234000000000000000e+03
4.158000000000000000e+03 4.358000000000000000e+03
4.191000000000000000e+03 4.242000000000000000e+03
4.224000000000000000e+03 4.390000000000000000e+03
4.257000000000000000e+03 4.130000000000000000e+03
4.290000000000000000e+03 4.329000000000000000e+03
4.323000000000000000e+03 4.183000000000000000e+03
4.356000000000000000e+03 4.293000000000000000e+03
4.389000000000000000e+03 4.140000000000000000e+03
4.422000000000000000e+03 4.282000000000000000e+03
4.455000000000000000e+03 3.991000000000000000e+03
4.488000000000000000e+03 4.114000000000000000e+03
4.521000000000000000e+03 3.902000000000000000e+03
4.554000000000000000e+03 3.954000000000000000e+03
4.587000000000000000e+03 3.982000000000000000e+03
4.620000000000000000e+03 4.005000000000000000e+03
4.653000000000000000e+03 3.841000000000000000e+03
4.686000000000000000e+03 3.702000000000000000e+03
4.719000000000000000e+03 3.758000000000000000e+03
4.752000000000000000e+03 3.624000000000000000e+03
4.785000000000000000e+03 3.672000000000000000e+03
4.818000000000000000e+03 3.580000000000000000e+03
4.851000000000000000e+03 3.383000000000000000e+03
4.884000000000000000e+03 3.539000000000000000e+03
4.917000000000000000e+03 3.339000000000000000e+03
4.950000000000000000e+03 3.269000000000000000e+03
4.983000000000000000e+03 3.170000000000000000e+03
5.016000000000000000e+03 3.081000000000000000e+03
5.049000000000000000e+03 2.977000000000000000e+03
5.082000000000000000e+03 2.836000000000000000e+03
5.115000000000000000e+03 2.849000000000000000e+03
5.148000000000000000e+03 2.780000000000000000e+03
5.181000000000000000e+03 2.748000000000000000e+03
5.214000000000000000e+03 2.563000000000000000e+03
5.247000000000000000e+03 2.486000000000000000e+03
5.280000000000000000e+03 2.433000000000000000e+03
5.313000000000000000e+03 2.301000000000000000e+03
5.346000000000000000e+03 2.209000000000000000e+03
5.379000000000000000e+03 2.073000000000000000e+03
5.412000000000000000e+03 2.072000000000000000e+03
5.445000000000000000e+03 2.001000000000000000e+03
5.478000000000000000e+03 1.925000000000000000e+03
5.511000000000000000e+03 1.888000000000000000e+03
5.544000000000000000e+03 1.803000000000000000e+03
5.577000000000000000e+03 1.837000000000000000e+03
5.610000000000000000e+03 1.686000000000000000e+03
5.643000000000000000e+03 1.695000000000000000e+03
5.676000000000000000e+03 1.633000000000000000e+03
5.709000000000000000e+03 1.621000000000000000e+03
5.742000000000000000e+03 1.619000000000000000e+03
5.775000000000000000e+03 1.607000000000000000e+03
5.808000000000000000e+03 1.640000000000000000e+03
5.841000000000000000e+03 1.602000000000000000e+03
5.874000000000000000e+03 1.604000000000000000e+03
5.907000000000000000e+03 1.521000000000000000e+03
5.940000000000000000e+03 1.544000000000000000e+03
5.973000000000000000e+03 1.608000000000000000e+03
6.006000000000000000e+03 1.811000000000000000e+03
6.039000000000000000e+03 1.744000000000000000e+03
6.072000000000000000e+03 1.778000000000000000e+03
6.105000000000000000e+03 1.913000000000000000e+03
6.138000000000000000e+03 1.926000000000000000e+03
6.171000000000000000e+03 1.930000000000000000e+03
6.204000000000000000e+03 2.049000000000000000e+03
6.237000000000000000e+03 2.205000000000000000e+03
6.270000000000000000e+03 2.280000000000000000e+03
6.303000000000000000e+03 2.431000000000000000e+03
6.336000000000000000e+03 2.417000000000000000e+03
6.369000000000000000e+03 2.532000000000000000e+03
6.402000000000000000e+03 2.695000000000000000e+03
6.435000000000000000e+03 2.751000000000000000e+03
6.468000000000000000e+03 2.882000000000000000e+03
6.501000000000000000e+03 3.068000000000000000e+03
6.534000000000000000e+03 3.099000000000000000e+03
6.567000000000000000e+03 3.093000000000000000e+03
6.600000000000000000e+03 3.226000000000000000e+03
6.633000000000000000e+03 3.344000000000000000e+03
