0.000000000000000000e+00 3.779000000000000000e+03
2.000000000000000000e+02 3.814000000000000000e+03
4.000000000000000000e+02 3.881000000000000000e+03
6.000000000000000000e+02 3.809000000000000000e+03
8.000000000000000000e+02 3.977000000000000000e+03
1.000000000000000000e+03 3.916000000000000000e+03
1.200000000000000000e+03 4.056000000000000000e+03
1.400000000000000000e+03 4.138000000000000000e+03
1.600000000000000000e+03 3.967000000000000000e+03
1.800000000000000000e+03 4.126000000000000000e+03
2.000000000000000000e+03 4.155000000000000000e+03
2.200000000000000000e+03 4.138000000000000000e+03
2.400000000000000000e+03 4.216000000000000000e+03
2.600000000000000000e+03 4.142000000000000000e+03
2.800000000000000000e+03 4.212000000000000000e+03
3.000000000000000000e+03 4.250000000000000000e+03
3.200000000000000000e+03 4.422000000000000000e+03
3.400000000000000000e+03 4.250000000000000000e+03
3.600000000000000000e+03 4.318000000000000000e+03
3.800000000000000000e+03 4.226000000000000000e+03
4.000000000000000000e+03 4.090000000000000000e+03
4.200000000000000000e+03 4.281000000000000000e+03
4.400000000000000000e+03 4.216000000000000000e+03
4.600000000000000000e+03 4.254000000000000000e+03
4.800000000000000000e+03 4.141000000000000000e+03
5.000000000000000000e+03 4.197000000000000000e+03
5.200000000000000000e+03 4.221000000000000000e+03
5.400000000000000000e+03 4.196000000000000000e+03
5.600000000000000000e+03 4.132000000000000000e+03
5.800000000000000000e+03 4.126000000000000000e+03
6.000000000000000000e+03 4.227000000000000000e+03
6.200000000000000000e+03 4.105000000000000000e+03
6.400000000000000000e+03 4.087000000000000000e+03
6.600000000000000000e+03 4.079000000000000000e+03
6.800000000000000000e+03 4.013000000000000000e+03
7.000000000000000000e+03 3.906000000000000000e+03
7.200000000000000000e+03 3.887000000000000000e+03
7.400000000000000000e+03 3.704000000000000000e+03
7.600000000000000000e+03 3.726000000000000000e+03
7.800000000000000000e+03 3.628000000000000000e+03
8.000000000000000000e+03 3.552000000000000000e+03
8.200000000000000000e+03 3.561000000000000000e+03
8.400000000000000000e+03 3.474000000000000000e+03
8.600000000000000000e+03 3.296000000000000000e+03
8.800000000000000000e+03 3.371000000000000000e+03
9.000000000000000000e+03 3.227000000000000000e+03
9.200000000000000000e+03 3.106000000000000000e+03
9.400000000000000000e+03 3.146000000000000000e+03
9.600000000000000000e+03 2.919000000000000000e+03
9.800000000000000000e+03 2.825000000000000000e+03
1.000000000000000000e+04 2.811000000000000000e+03
1.020000000000000000e+04 2.702000000000000000e+03
1.040000000000000000e+04 2.539000000000000000e+03
1.060000000000000000e+04 2.519000000000000000e+03
1.080000000000000000e+04 2.339000000000000000e+03
1.100000000000000000e+04 2.220000000000000000e+03
1.120000000000000000e+04 2.188000000000000000e+03
1.140000000000000000e+04 2.018000000000000000e+03
1.160000000000000000e+04 1.970000000000000000e+03
1.180000000000000000e+04 1.841000000000000000e+03
1.200000000000000000e+04 1.810000000000000000e+03
1.220000000000000000e+04 1.750000000000000000e+03
1.240000000000000000e+04 1.649000000000000000e+03
1.260000000000000000e+04 1.548000000000000000e+03
1.280000000000000000e+04 1.592000000000000000e+03
1.300000000000000000e+04 1.446000000000000000e+03
1.320000000000000000e+04 1.470000000000000000e+03
1.340000000000000000e+04 1.435000000000000000e+03
1.360000000000000000e+04 1.468000000000000000e+03
1.380000000000000000e+04 1.417000000000000000e+03
1.400000000000000000e+04 1.354000000000000000e+03
1.420000000000000000e+04 1.415000000000000000e+03
1.440000000000000000e+04 1.423000000000000000e+03
1.460000000000000000e+04 1.498000000000000000e+03
1.480000000000000000e+04 1.478000000000000000e+03
1.500000000000000000e+04 1.536000000000000000e+03
1.520000000000000000e+04 1.523000000000000000e+03
1.540000000000000000e+04 1.468000000000000000e+03
1.560000000000000000e+04 1.602000000000000000e+03
1.580000000000000000e+04 1.735000000000000000e+03
1.600000000000000000e+04 1.730000000000000000e+03
1.620000000000000000e+04 1.923000000000000000e+03
1.640000000000000000e+04 2.023000000000000000e+03
1.660000000000000000e+04 2.031000000000000000e+03
1.680000000000000000e+04 2.222000000000000000e+03
1.700000000000000000e+04 2.324000000000000000e+03
1.720000000000000000e+04 2.469000000000000000e+03
1.740000000000000000e+04 2.514000000000000000e+03
1.760000000000000000e+04 2.551000000000000000e+03
1.780000000000000000e+04 2.746000000000000000e+03
1.800000000000000000e+04 2.771000000000000000e+03
1.820000000000000000e+04 2.941000000000000000e+03
1.840000000000000000e+04 2.927000000000000000e+03
1.860000000000000000e+04 3.239000000000000000e+03
1.880000000000000000e+04 3.197000000000000000e+03
1.900000000000000000e+04 3.273000000000000000e+03
1.920000000000000000e+04 3.359000000000000000e+03
1.940000000000000000e+04 3.464000000000000000e+03
1.960000000000000000e+04 3.502000000000000000e+03
1.980000000000000000e+04 3.717000000000000000e+03
2.000000000000000000e+04 3.587000000000000000e+03
2.020000000000000000e+04 3.719000000000000000e+03
2.040000000000000000e+04 3.875000000000000000e+03
2.060000000000000000e+04 3.931000000000000000e+03
2.080000000000000000e+04 3.954000000000000000e+03
2.100000000000000000e+04 3.877000000000000000e+03
2.120000000000000000e+04 3.954000000000000000e+03
2.140000000000000000e+04 4.003000000000000000e+03
2.160000000000000000e+04 4.050000000000000000e+03
2.180000000000000000e+04 4.052000000000000000e+03
2.200000000000000000e+04 4.132000000000000000e+03
2.220000000000000000e+04 4.232000000000000000e+03
2.240000000000000000e+04 4.112000000000000000e+03
2.260000000000000000e+04 4.248000000000000000e+03
2.280000000000000000e+04 4.276000000000000000e+03
2.300000000000000000e+04 4.319000000000000000e+03
2.320000000000000000e+04 4.248000000000000000e+03
2.340000000000000000e+04 4.320000000000000000e+03
2.360000000000000000e+04 4.401000000000000000e+03
2.380000000000000000e+04 4.294000000000000000e+03
2.400000000000000000e+04 4.157000000000000000e+03
2.420000000000000000e+04 4.249000000000000000e+03
2.440000000000000000e+04 4.219000000000000000e+03
2.460000000000000000e+04 4.266000000000000000e+03
2.480000000000000000e+04 4.148000000000000000e+03
2.500000000000000000e+04 4.154000000000000000e+03
2.520000000000000000e+04 4.173000000000000000e+03
2.540000000000000000e+04 4.148000000000000000e+03
2.560000000000000000e+04 4.048000000000000000e+03
2.580000000000000000e+04 4.078000000000000000e+03
2.600000000000000000e+04 4.053000000000000000e+03
2.620000000000000000e+04 3.966000000000000000e+03
2.640000000000000000e+04 4.090000000000000000e+03
2.660000000000000000e+04 3.915000000000000000e+03
2.680000000000000000e+04 3.905000000000000000e+03
2.700000000000000000e+04 3.969000000000000000e+03
2.720000000000000000e+04 3.829000000000000000e+03
2.740000000000000000e+04 3.729000000000000000e+03
2.760000000000000000e+04 3.773000000000000000e+03
2.780000000000000000e+04 3.589000000000000000e+03
2.800000000000000000e+04 3.618000000000000000e+03
2.820000000000000000e+04 3.496000000000000000e+03
2.840000000000000000e+04 3.473000000000000000e+03
2.860000000000000000e+04 3.379000000000000000e+03
2.880000000000000000e+04 3.352000000000000000e+03
2.900000000000000000e+04 3.302000000000000000e+03
2.920000000000000000e+04 3.118000000000000000e+03
2.940000000000000000e+04 3.030000000000000000e+03
2.960000000000000000e+04 2.872000000000000000e+03
2.980000000000000000e+04 2.854000000000000000e+03
3.000000000000000000e+04 2.804000000000000000e+03
3.020000000000000000e+04 2.754000000000000000e+03
3.040000000000000000e+04 2.471000000000000000e+03
3.060000000000000000e+04 2.445000000000000000e+03
3.080000000000000000e+04 2.398000000000000000e+03
3.100000000000000000e+04 2.189000000000000000e+03
3.120000000000000000e+04 2.236000000000000000e+03
3.140000000000000000e+04 2.075000000000000000e+03
3.160000000000000000e+04 1.950000000000000000e+03
3.180000000000000000e+04 1.847000000000000000e+03
3.200000000000000000e+04 1.738000000000000000e+03
3.220000000000000000e+04 1.704000000000000000e+03
3.240000000000000000e+04 1.683000000000000000e+03
3.260000000000000000e+04 1.627000000000000000e+03
3.280000000000000000e+04 1.588000000000000000e+03
3.300000000000000000e+04 1.530000000000000000e+03
3.320000000000000000e+04 1.486000000000000000e+03
3.340000000000000000e+04 1.546000000000000000e+03
3.360000000000000000e+04 1.397000000000000000e+03
3.380000000000000000e+04 1.356000000000000000e+03
3.400000000000000000e+04 1.282000000000000000e+03
3.420000000000000000e+04 1.365000000000000000e+03
3.440000000000000000e+04 1.396000000000000000e+03
3.460000000000000000e+04 1.345000000000000000e+03
3.480000000000000000e+04 1.415000000000000000e+03
3.500000000000000000e+04 1.543000000000000000e+03
3.520000000000000000e+04 1.546000000000000000e+03
3.540000000000000000e+04 1.647000000000000000e+03
3.560000000000000000e+04 1.637000000000000000e+03
3.580000000000000000e+04 1.683000000000000000e+03
3.600000000000000000e+04 1.749000000000000000e+03
3.620000000000000000e+04 1.842000000000000000e+03
3.640000000000000000e+04 2.037000000000000000e+03
3.660000000000000000e+04 2.040000000000000000e+03
3.680000000000000000e+04 2.252000000000000000e+03
3.700000000000000000e+04 2.266000000000000000e+03
3.720000000000000000e+04 2.239000000000000000e+03
3.740000000000000000e+04 2.589000000000000000e+03
3.760000000000000000e+04 2.584000000000000000e+03
3.780000000000000000e+04 2.705000000000000000e+03
3.800000000000000000e+04 2.855000000000000000e+03
3.820000000000000000e+04 2.852000000000000000e+03
3.840000000000000000e+04 3.177000000000000000e+03
3.860000000000000000e+04 3.194000000000000000e+03
3.880000000000000000e+04 3.234000000000000000e+03
3.900000000000000000e+04 3.227000000000000000e+03
3.920000000000000000e+04 3.423000000000000000e+03
3.940000000000000000e+04 3.328000000000000000e+03
3.960000000000000000e+04 3.584000000000000000e+03
3.980000000000000000e+04 3.572000000000000000e+03
