0.000000000000000000e+00 7.617000000000000000e+03
3.333000000000000000e+03 7.658000000000000000e+03
6.666000000000000000e+03 7.840000000000000000e+03
9.999000000000000000e+03 8.044000000000000000e+03
1.333200000000000000e+04 7.957000000000000000e+03
1.666500000000000000e+04 8.314000000000000000e+03
1.999800000000000000e+04 8.198000000000000000e+03
2.333100000000000000e+04 8.503000000000000000e+03
2.666400000000000000e+04 8.362000000000000000e+03
2.999700000000000000e+04 8.413000000000000000e+03
3.333000000000000000e+04 8.471000000000000000e+03
3.666300000000000000e+04 8.651000000000000000e+03
3.999600000000000000e+04 8.585000000000000000e+03
4.332900000000000000e+04 8.742000000000000000e+03
4.666200000000000000e+04 8.408000000000000000e+03
4.999500000000000000e+04 8.812000000000000000e+03
5.332800000000000000e+04 8.658000000000000000e+03
5.666100000000000000e+04 8.694000000000000000e+03
5.999400000000000000e+04 8.722000000000000000e+03
6.332700000000000000e+04 8.809000000000000000e+03
6.666000000000000000e+04 8.687000000000000000e+03
6.999300000000000000e+04 8.697000000000000000e+03
7.332600000000000000e+04 8.775000000000000000e+03
7.665900000000000000e+04 8.737000000000000000e+03
7.999200000000000000e+04 8.548000000000000000e+03
8.332500000000000000e+04 8.513000000000000000e+03
8.665800000000000000e+04 8.707000000000000000e+03
8.999100000000000000e+04 8.524000000000000000e+03
9.332400000000000000e+04 8.405000000000000000e+03
9.665700000000000000e+04 8.429000000000000000e+03
9.999000000000000000e+04 8.460000000000000000e+03
1.033230000000000000e+05 8.331000000000000000e+03
1.066560000000000000e+05 8.330000000000000000e+03
1.099890000000000000e+05 8.074000000000000000e+03
1.133220000000000000e+05 8.306000000000000000e+03
1.166550000000000000e+05 8.006000000000000000e+03
1.199880000000000000e+05 7.825000000000000000e+03
1.233210000000000000e+05 7.843000000000000000e+03
1.266540000000000000e+05 7.658000000000000000e+03
1.299870000000000000e+05 7.402000000000000000e+03
1.333200000000000000e+05 7.399000000000000000e+03
1.366530000000000000e+05 7.138000000000000000e+03
1.399860000000000000e+05 7.240000000000000000e+03
1.433190000000000000e+05 6.983000000000000000e+03
1.466520000000000000e+05 6.738000000000000000e+03
1.499850000000000000e+05 6.544000000000000000e+03
1.533180000000000000e+05 6.457000000000000000e+03
1.566510000000000000e+05 6.134000000000000000e+03
1.599840000000000000e+05 5.966000000000000000e+03
1.633170000000000000e+05 5.836000000000000000e+03
1.666500000000000000e+05 5.443000000000000000e+03
1.699830000000000000e+05 5.527000000000000000e+03
1.733160000000000000e+05 5.143000000000000000e+03
1.766490000000000000e+05 4.962000000000000000e+03
1.799820000000000000e+05 4.765000000000000000e+03
1.833150000000000000e+05 4.562000000000000000e+03
1.866480000000000000e+05 4.231000000000000000e+03
1.899810000000000000e+05 4.141000000000000000e+03
1.933140000000000000e+05 3.956000000000000000e+03
1.966470000000000000e+05 3.755000000000000000e+03
1.999800000000000000e+05 3.732000000000000000e+03
2.033130000000000000e+05 3.455000000000000000e+03
2.066460000000000000e+05 3.335000000000000000e+03
2.099790000000000000e+05 3.191000000000000000e+03
2.133120000000000000e+05 3.142000000000000000e+03
2.166450000000000000e+05 2.924000000000000000e+03
2.199780000000000000e+05 2.993000000000000000e+03
2.233110000000000000e+05 2.912000000000000000e+03
2.266440000000000000e+05 2.865000000000000000e+03
2.299770000000000000e+05 2.876000000000000000e+03
2.333100000000000000e+05 2.864000000000000000e+03
2.366430000000000000e+05 2.882000000000000000e+03
2.399760000000000000e+05 3.021000000000000000e+03
2.433090000000000000e+05 3.017000000000000000e+03
2.466420000000000000e+05 3.021000000000000000e+03
2.499750000000000000e+05 3.229000000000000000e+03
2.533080000000000000e+05 3.282000000000000000e+03
2.566410000000000000e+05 3.389000000000000000e+03
2.599740000000000000e+05 3.560000000000000000e+03
2.633070000000000000e+05 3.717000000000000000e+03
2.666400000000000000e+05 3.883000000000000000e+03
2.699730000000000000e+05 4.111000000000000000e+03
2.733060000000000000e+05 4.222000000000000000e+03
2.766390000000000000e+05 4.551000000000000000e+03
2.799720000000000000e+05 4.726000000000000000e+03
2.833050000000000000e+05 4.861000000000000000e+03
2.866380000000000000e+05 4.941000000000000000e+03
2.899710000000000000e+05 5.252000000000000000e+03
2.933040000000000000e+05 5.589000000000000000e+03
2.966370000000000000e+05 5.620000000000000000e+03
2.999700000000000000e+05 5.959000000000000000e+03
3.033030000000000000e+05 5.945000000000000000e+03
3.066360000000000000e+05 6.183000000000000000e+03
3.099690000000000000e+05 6.480000000000000000e+03
3.133020000000000000e+05 6.757000000000000000e+03
3.166350000000000000e+05 6.818000000000000000e+03
3.199680000000000000e+05 7.133000000000000000e+03
3.233010000000000000e+05 7.118000000000000000e+03
3.266340000000000000e+05 7.268000000000000000e+03
3.299670000000000000e+05 7.517000000000000000e+03
3.333000000000000000e+05 7.754000000000000000e+03
3.366330000000000000e+05 7.727000000000000000e+03
3.399660000000000000e+05 7.749000000000000000e+03
3.432990000000000000e+05 8.005000000000000000e+03
3.466320000000000000e+05 7.914000000000000000e+03
3.499650000000000000e+05 7.963000000000000000e+03
3.532980000000000000e+05 8.146000000000000000e+03
3.566310000000000000e+05 8.179000000000000000e+03
3.599640000000000000e+05 8.307000000000000000e+03
3.632970000000000000e+05 8.262000000000000000e+03
3.666300000000000000e+05 8.515000000000000000e+03
3.699630000000000000e+05 8.528000000000000000e+03
3.732960000000000000e+05 8.674000000000000000e+03
3.766290000000000000e+05 8.650000000000000000e+03
3.799620000000000000e+05 8.548000000000000000e+03
3.832950000000000000e+05 8.540000000000000000e+03
3.866280000000000000e+05 8.450000000000000000e+03
3.899610000000000000e+05 8.684000000000000000e+03
3.932940000000000000e+05 8.575000000000000000e+03
3.966270000000000000e+05 8.789000000000000000e+03
3.999600000000000000e+05 8.652000000000000000e+03
4.032930000000000000e+05 8.813000000000000000e+03
4.066260000000000000e+05 8.837000000000000000e+03
4.099590000000000000e+05 8.623000000000000000e+03
4.132920000000000000e+05 8.569000000000000000e+03
4.166250000000000000e+05 8.408000000000000000e+03
4.199580000000000000e+05 8.744000000000000000e+03
4.232910000000000000e+05 8.652000000000000000e+03
4.266240000000000000e+05 8.514000000000000000e+03
4.299570000000000000e+05 8.415000000000000000e+03
4.332900000000000000e+05 8.346000000000000000e+03
4.366230000000000000e+05 8.420000000000000000e+03
4.399560000000000000e+05 8.192000000000000000e+03
4.432890000000000000e+05 8.113000000000000000e+03
4.466220000000000000e+05 8.129000000000000000e+03
4.499550000000000000e+05 8.020000000000000000e+03
4.532880000000000000e+05 7.956000000000000000e+03
4.566210000000000000e+05 7.771000000000000000e+03
4.599540000000000000e+05 7.602000000000000000e+03
4.632870000000000000e+05 7.321000000000000000e+03
4.666200000000000000e+05 7.310000000000000000e+03
4.699530000000000000e+05 7.230000000000000000e+03
4.732860000000000000e+05 7.053000000000000000e+03
4.766190000000000000e+05 6.847000000000000000e+03
4.799520000000000000e+05 6.718000000000000000e+03
4.832850000000000000e+05 6.591000000000000000e+03
4.866180000000000000e+05 6.388000000000000000e+03
4.899510000000000000e+05 6.160000000000000000e+03
4.932840000000000000e+05 5.877000000000000000e+03
4.966170000000000000e+05 5.712000000000000000e+03
4.999500000000000000e+05 5.438000000000000000e+03
5.032830000000000000e+05 5.403000000000000000e+03
5.066160000000000000e+05 5.115000000000000000e+03
5.099490000000000000e+05 4.990000000000000000e+03
5.132820000000000000e+05 4.826000000000000000e+03
5.166150000000000000e+05 4.495000000000000000e+03
5.199480000000000000e+05 4.398000000000000000e+03
5.232810000000000000e+05 4.113000000000000000e+03
5.266140000000000000e+05 4.008000000000000000e+03
5.299470000000000000e+05 3.905000000000000000e+03
5.332800000000000000e+05 3.643000000000000000e+03
5.366130000000000000e+05 3.513000000000000000e+03
5.399460000000000000e+05 3.262000000000000000e+03
5.432790000000000000e+05 3.167000000000000000e+03
5.466120000000000000e+05 3.191000000000000000e+03
5.499450000000000000e+05 3.010000000000000000e+03
5.532780000000000000e+05 2.899000000000000000e+03
5.566110000000000000e+05 2.954000000000000000e+03
5.599440000000000000e+05 2.961000000000000000e+03
5.632770000000000000e+05 2.852000000000000000e+03
5.666100000000000000e+05 2.860000000000000000e+03
5.699430000000000000e+05 2.915000000000000000e+03
5.732760000000000000e+05 2.920000000000000000e+03
5.766090000000000000e+05 2.990000000000000000e+03
5.799420000000000000e+05 3.144000000000000000e+03
5.832750000000000000e+05 3.169000000000000000e+03
5.866080000000000000e+05 3.290000000000000000e+03
5.899410000000000000e+05 3.318000000000000000e+03
5.932740000000000000e+05 3.679000000000000000e+03
5.966070000000000000e+05 3.663000000000000000e+03
5.999400000000000000e+05 3.957000000000000000e+03
6.032730000000000000e+05 4.090000000000000000e+03
6.066060000000000000e+05 4.227000000000000000e+03
6.099390000000000000e+05 4.438000000000000000e+03
6.132720000000000000e+05 4.705000000000000000e+03
6.166050000000000000e+05 4.877000000000000000e+03
6.199380000000000000e+05 5.194000000000000000e+03
6.232710000000000000e+05 5.379000000000000000e+03
6.266040000000000000e+05 5.392000000000000000e+03
6.299370000000000000e+05 5.799000000000000000e+03
6.332700000000000000e+05 6.040000000000000000e+03
6.366030000000000000e+05 6.085000000000000000e+03
6.399360000000000000e+05 6.223000000000000000e+03
6.432690000000000000e+05 6.566000000000000000e+03
6.466020000000000000e+05 6.689000000000000000e+03
6.499350000000000000e+05 6.749000000000000000e+03
6.532680000000000000e+05 6.994000000000000000e+03
6.566010000000000000e+05 7.296000000000000000e+03
6.599340000000000000e+05 7.449000000000000000e+03
6.632670000000000000e+05 7.492000000000000000e+03
