0.000000000000000000e+00 3.380000000000000000e+03
1.420000000000000000e+02 3.374000000000000000e+03
2.840000000000000000e+02 3.384000000000000000e+03
4.260000000000000000e+02 3.566000000000000000e+03
5.680000000000000000e+02 3.425000000000000000e+03
7.100000000000000000e+02 3.653000000000000000e+03
8.520000000000000000e+02 3.611000000000000000e+03
9.940000000000000000e+02 3.661000000000000000e+03
1.136000000000000000e+03 3.601000000000000000e+03
1.278000000000000000e+03 3.806000000000000000e+03
1.420000000000000000e+03 3.827000000000000000e+03
1.562000000000000000e+03 3.832000000000000000e+03
1.704000000000000000e+03 3.850000000000000000e+03
1.846000000000000000e+03 3.819000000000000000e+03
1.988000000000000000e+03 3.852000000000000000e+03
2.130000000000000000e+03 3.916000000000000000e+03
2.272000000000000000e+03 3.941000000000000000e+03
2.414000000000000000e+03 3.942000000000000000e+03
2.556000000000000000e+03 3.774000000000000000e+03
2.698000000000000000e+03 3.990000000000000000e+03
2.840000000000000000e+03 3.875000000000000000e+03
2.982000000000000000e+03 3.785000000000000000e+03
3.124000000000000000e+03 3.989000000000000000e+03
3.266000000000000000e+03 3.932000000000000000e+03
3.408000000000000000e+03 3.729000000000000000e+03
3.550000000000000000e+03 3.810000000000000000e+03
3.692000000000000000e+03 3.877000000000000000e+03
3.834000000000000000e+03 3.958000000000000000e+03
3.976000000000000000e+03 3.919000000000000000e+03
4.118000000000000000e+03 3.799000000000000000e+03
4.260000000000000000e+03 3.842000000000000000e+03
4.402000000000000000e+03 3.744000000000000000e+03
4.544000000000000000e+03 3.643000000000000000e+03
4.686000000000000000e+03 3.872000000000000000e+03
4.828000000000000000e+03 3.661000000000000000e+03
4.970000000000000000e+03 3.514000000000000000e+03
5.112000000000000000e+03 3.535000000000000000e+03
5.254000000000000000e+03 3.479000000000000000e+03
5.396000000000000000e+03 3.454000000000000000e+03
5.538000000000000000e+03 3.367000000000000000e+03
5.680000000000000000e+03 3.268000000000000000e+03
5.822000000000000000e+03 3.229000000000000000e+03
5.964000000000000000e+03 3.145000000000000000e+03
6.106000000000000000e+03 3.171000000000000000e+03
6.248000000000000000e+03 2.930000000000000000e+03
6.390000000000000000e+03 2.990000000000000000e+03
6.532000000000000000e+03 2.943000000000000000e+03
6.674000000000000000e+03 2.823000000000000000e+03
6.816000000000000000e+03 2.743000000000000000e+03
6.958000000000000000e+03 2.623000000000000000e+03
7.100000000000000000e+03 2.579000000000000000e+03
7.242000000000000000e+03 2.394000000000000000e+03
7.384000000000000000e+03 2.361000000000000000e+03
7.526000000000000000e+03 2.247000000000000000e+03
7.668000000000000000e+03 2.200000000000000000e+03
7.810000000000000000e+03 2.191000000000000000e+03
7.952000000000000000e+03 1.961000000000000000e+03
8.094000000000000000e+03 1.894000000000000000e+03
8.236000000000000000e+03 1.833000000000000000e+03
8.378000000000000000e+03 1.651000000000000000e+03
8.520000000000000000e+03 1.670000000000000000e+03
8.662000000000000000e+03 1.625000000000000000e+03
8.804000000000000000e+03 1.579000000000000000e+03
8.946000000000000000e+03 1.490000000000000000e+03
9.088000000000000000e+03 1.461000000000000000e+03
9.230000000000000000e+03 1.446000000000000000e+03
9.372000000000000000e+03 1.296000000000000000e+03
9.514000000000000000e+03 1.290000000000000000e+03
9.656000000000000000e+03 1.162000000000000000e+03
9.798000000000000000e+03 1.209000000000000000e+03
9.940000000000000000e+03 1.182000000000000000e+03
1.008200000000000000e+04 1.162000000000000000e+03
1.022400000000000000e+04 1.151000000000000000e+03
1.036600000000000000e+04 1.187000000000000000e+03
1.050800000000000000e+04 1.183000000000000000e+03
1.065000000000000000e+04 1.269000000000000000e+03
1.079200000000000000e+04 1.248000000000000000e+03
1.093400000000000000e+04 1.221000000000000000e+03
1.107600000000000000e+04 1.332000000000000000e+03
1.121800000000000000e+04 1.358000000000000000e+03
1.136000000000000000e+04 1.453000000000000000e+03
1.150200000000000000e+04 1.557000000000000000e+03
1.164400000000000000e+04 1.679000000000000000e+03
1.178600000000000000e+04 1.685000000000000000e+03
1.192800000000000000e+04 1.790000000000000000e+03
1.207000000000000000e+04 1.894000000000000000e+03
1.221200000000000000e+04 1.954000000000000000e+03
1.235400000000000000e+04 2.079000000000000000e+03
1.249600000000000000e+04 2.169000000000000000e+03
1.263800000000000000e+04 2.309000000000000000e+03
1.278000000000000000e+04 2.515000000000000000e+03
1.292200000000000000e+04 2.492000000000000000e+03
1.306400000000000000e+04 2.720000000000000000e+03
1.320600000000000000e+04 2.717000000000000000e+03
1.334800000000000000e+04 2.903000000000000000e+03
1.349000000000000000e+04 3.012000000000000000e+03
1.363200000000000000e+04 3.051000000000000000e+03
1.377400000000000000e+04 3.093000000000000000e+03
1.391600000000000000e+04 3.129000000000000000e+03
1.405800000000000000e+04 3.342000000000000000e+03
1.420000000000000000e+04 3.215000000000000000e+03
1.434200000000000000e+04 3.283000000000000000e+03
1.448400000000000000e+04 3.432000000000000000e+03
1.462600000000000000e+04 3.543000000000000000e+03
1.476800000000000000e+04 3.517000000000000000e+03
1.491000000000000000e+04 3.550000000000000000e+03
1.505200000000000000e+04 3.674000000000000000e+03
1.519400000000000000e+04 3.698000000000000000e+03
1.533600000000000000e+04 3.637000000000000000e+03
1.547800000000000000e+04 3.662000000000000000e+03
1.562000000000000000e+04 3.848000000000000000e+03
1.576200000000000000e+04 3.703000000000000000e+03
1.590400000000000000e+04 3.628000000000000000e+03
1.604600000000000000e+04 3.829000000000000000e+03
1.618800000000000000e+04 3.922000000000000000e+03
1.633000000000000000e+04 3.929000000000000000e+03
1.647200000000000000e+04 3.913000000000000000e+03
1.661400000000000000e+04 3.913000000000000000e+03
1.675600000000000000e+04 3.907000000000000000e+03
1.689800000000000000e+04 3.876000000000000000e+03
1.704000000000000000e+04 3.919000000000000000e+03
1.718200000000000000e+04 3.914000000000000000e+03
1.732400000000000000e+04 3.860000000000000000e+03
1.746600000000000000e+04 3.780000000000000000e+03
1.760800000000000000e+04 3.835000000000000000e+03
1.775000000000000000e+04 3.941000000000000000e+03
1.789200000000000000e+04 3.838000000000000000e+03
1.803400000000000000e+04 3.751000000000000000e+03
1.817600000000000000e+04 3.733000000000000000e+03
1.831800000000000000e+04 3.822000000000000000e+03
1.846000000000000000e+04 3.902000000000000000e+03
1.860200000000000000e+04 3.846000000000000000e+03
1.874400000000000000e+04 3.747000000000000000e+03
1.888600000000000000e+04 3.554000000000000000e+03
1.902800000000000000e+04 3.554000000000000000e+03
1.917000000000000000e+04 3.645000000000000000e+03
1.931200000000000000e+04 3.489000000000000000e+03
1.945400000000000000e+04 3.606000000000000000e+03
1.959600000000000000e+04 3.465000000000000000e+03
1.973800000000000000e+04 3.437000000000000000e+03
1.988000000000000000e+04 3.300000000000000000e+03
2.002200000000000000e+04 3.363000000000000000e+03
2.016400000000000000e+04 3.277000000000000000e+03
2.030600000000000000e+04 3.150000000000000000e+03
2.044800000000000000e+04 3.166000000000000000e+03
2.059000000000000000e+04 2.997000000000000000e+03
2.073200000000000000e+04 2.896000000000000000e+03
2.087400000000000000e+04 2.864000000000000000e+03
2.101600000000000000e+04 2.720000000000000000e+03
2.115800000000000000e+04 2.744000000000000000e+03
2.130000000000000000e+04 2.541000000000000000e+03
2.144200000000000000e+04 2.600000000000000000e+03
2.158400000000000000e+04 2.457000000000000000e+03
2.172600000000000000e+04 2.272000000000000000e+03
2.186800000000000000e+04 2.306000000000000000e+03
2.201000000000000000e+04 2.115000000000000000e+03
2.215200000000000000e+04 1.983000000000000000e+03
2.229400000000000000e+04 1.937000000000000000e+03
2.243600000000000000e+04 1.828000000000000000e+03
2.257800000000000000e+04 1.820000000000000000e+03
2.272000000000000000e+04 1.785000000000000000e+03
2.286200000000000000e+04 1.595000000000000000e+03
2.300400000000000000e+04 1.541000000000000000e+03
2.314600000000000000e+04 1.512000000000000000e+03
2.328800000000000000e+04 1.494000000000000000e+03
2.343000000000000000e+04 1.380000000000000000e+03
2.357200000000000000e+04 1.292000000000000000e+03
2.371400000000000000e+04 1.281000000000000000e+03
2.385600000000000000e+04 1.249000000000000000e+03
2.399800000000000000e+04 1.185000000000000000e+03
2.414000000000000000e+04 1.172000000000000000e+03
2.428200000000000000e+04 1.278000000000000000e+03
2.442400000000000000e+04 1.197000000000000000e+03
2.456600000000000000e+04 1.195000000000000000e+03
2.470800000000000000e+04 1.179000000000000000e+03
2.485000000000000000e+04 1.145000000000000000e+03
2.499200000000000000e+04 1.261000000000000000e+03
2.513400000000000000e+04 1.249000000000000000e+03
2.527600000000000000e+04 1.396000000000000000e+03
2.541800000000000000e+04 1.335000000000000000e+03
2.556000000000000000e+04 1.423000000000000000e+03
2.570200000000000000e+04 1.483000000000000000e+03
2.584400000000000000e+04 1.590000000000000000e+03
2.598600000000000000e+04 1.678000000000000000e+03
2.612800000000000000e+04 1.768000000000000000e+03
2.627000000000000000e+04 1.849000000000000000e+03
2.641200000000000000e+04 1.937000000000000000e+03
2.655400000000000000e+04 2.015000000000000000e+03
2.669600000000000000e+04 2.093000000000000000e+03
2.683800000000000000e+04 2.292000000000000000e+03
2.698000000000000000e+04 2.422000000000000000e+03
2.712200000000000000e+04 2.470000000000000000e+03
2.726400000000000000e+04 2.604000000000000000e+03
2.740600000000000000e+04 2.821000000000000000e+03
2.754800000000000000e+04 2.877000000000000000e+03
2.769000000000000000e+04 2.827000000000000000e+03
2.783200000000000000e+04 3.040000000000000000e+03
2.797400000000000000e+04 2.921000000000000000e+03
2.811600000000000000e+04 3.310000000000000000e+03
2.825800000000000000e+04 3.225000000000000000e+03
2.840000000000000000e+04 3.162000000000000000e+03
