0.000000000000000000e+00 3.034000000000000000e+03
2.000000000000000000e+01 3.109000000000000000e+03
4.000000000000000000e+01 3.146000000000000000e+03
6.000000000000000000e+01 3.229000000000000000e+03
8.000000000000000000e+01 3.329000000000000000e+03
1.000000000000000000e+02 3.510000000000000000e+03
1.200000000000000000e+02 3.496000000000000000e+03
1.400000000000000000e+02 3.529000000000000000e+03
1.600000000000000000e+02 3.658000000000000000e+03
1.800000000000000000e+02 3.553000000000000000e+03
2.000000000000000000e+02 3.733000000000000000e+03
2.200000000000000000e+02 3.783000000000000000e+03
2.400000000000000000e+02 3.858000000000000000e+03
2.600000000000000000e+02 3.822000000000000000e+03
2.800000000000000000e+02 3.882000000000000000e+03
3.000000000000000000e+02 3.896000000000000000e+03
3.200000000000000000e+02 3.919000000000000000e+03
3.400000000000000000e+02 3.812000000000000000e+03
3.600000000000000000e+02 3.993000000000000000e+03
3.800000000000000000e+02 3.938000000000000000e+03
4.000000000000000000e+02 4.059000000000000000e+03
4.200000000000000000e+02 3.893000000000000000e+03
4.400000000000000000e+02 4.012000000000000000e+03
4.600000000000000000e+02 3.917000000000000000e+03
4.800000000000000000e+02 4.054000000000000000e+03
5.000000000000000000e+02 4.058000000000000000e+03
5.200000000000000000e+02 4.006000000000000000e+03
5.400000000000000000e+02 4.055000000000000000e+03
5.600000000000000000e+02 4.028000000000000000e+03
5.800000000000000000e+02 4.140000000000000000e+03
6.000000000000000000e+02 4.062000000000000000e+03
6.200000000000000000e+02 4.131000000000000000e+03
6.400000000000000000e+02 4.030000000000000000e+03
6.600000000000000000e+02 4.031000000000000000e+03
6.800000000000000000e+02 4.062000000000000000e+03
7.000000000000000000e+02 3.979000000000000000e+03
7.200000000000000000e+02 3.929000000000000000e+03
7.400000000000000000e+02 3.806000000000000000e+03
7.600000000000000000e+02 3.968000000000000000e+03
7.800000000000000000e+02 3.739000000000000000e+03
8.000000000000000000e+02 3.796000000000000000e+03
8.200000000000000000e+02 3.800000000000000000e+03
8.400000000000000000e+02 3.723000000000000000e+03
8.600000000000000000e+02 3.669000000000000000e+03
8.800000000000000000e+02 3.630000000000000000e+03
9.000000000000000000e+02 3.485000000000000000e+03
9.200000000000000000e+02 3.466000000000000000e+03
9.400000000000000000e+02 3.363000000000000000e+03
9.600000000000000000e+02 3.292000000000000000e+03
9.800000000000000000e+02 3.300000000000000000e+03
1.000000000000000000e+03 3.215000000000000000e+03
1.020000000000000000e+03 3.090000000000000000e+03
1.040000000000000000e+03 3.054000000000000000e+03
1.060000000000000000e+03 2.926000000000000000e+03
1.080000000000000000e+03 2.781000000000000000e+03
1.100000000000000000e+03 2.681000000000000000e+03
1.120000000000000000e+03 2.702000000000000000e+03
1.140000000000000000e+03 2.558000000000000000e+03
1.160000000000000000e+03 2.495000000000000000e+03
1.180000000000000000e+03 2.508000000000000000e+03
1.200000000000000000e+03 2.340000000000000000e+03
1.220000000000000000e+03 2.282000000000000000e+03
1.240000000000000000e+03 2.203000000000000000e+03
1.260000000000000000e+03 2.109000000000000000e+03
1.280000000000000000e+03 2.152000000000000000e+03
1.300000000000000000e+03 2.019000000000000000e+03
1.320000000000000000e+03 1.942000000000000000e+03
1.340000000000000000e+03 1.911000000000000000e+03
1.360000000000000000e+03 1.880000000000000000e+03
1.380000000000000000e+03 1.743000000000000000e+03
1.400000000000000000e+03 1.788000000000000000e+03
1.420000000000000000e+03 1.788000000000000000e+03
1.440000000000000000e+03 1.748000000000000000e+03
1.460000000000000000e+03 1.726000000000000000e+03
1.480000000000000000e+03 1.660000000000000000e+03
1.500000000000000000e+03 1.656000000000000000e+03
1.520000000000000000e+03 1.684000000000000000e+03
1.540000000000000000e+03 1.665000000000000000e+03
1.560000000000000000e+03 1.592000000000000000e+03
1.580000000000000000e+03 1.668000000000000000e+03
1.600000000000000000e+03 1.768000000000000000e+03
1.620000000000000000e+03 1.654000000000000000e+03
1.640000000000000000e+03 1.722000000000000000e+03
1.660000000000000000e+03 1.788000000000000000e+03
1.680000000000000000e+03 1.780000000000000000e+03
1.700000000000000000e+03 1.805000000000000000e+03
1.720000000000000000e+03 1.846000000000000000e+03
1.740000000000000000e+03 1.922000000000000000e+03
1.760000000000000000e+03 1.873000000000000000e+03
1.780000000000000000e+03 2.053000000000000000e+03
1.800000000000000000e+03 2.106000000000000000e+03
1.820000000000000000e+03 2.235000000000000000e+03
1.840000000000000000e+03 2.311000000000000000e+03
1.860000000000000000e+03 2.439000000000000000e+03
1.880000000000000000e+03 2.380000000000000000e+03
1.900000000000000000e+03 2.573000000000000000e+03
1.920000000000000000e+03 2.720000000000000000e+03
1.940000000000000000e+03 2.703000000000000000e+03
1.960000000000000000e+03 2.745000000000000000e+03
1.980000000000000000e+03 2.852000000000000000e+03
2.000000000000000000e+03 2.945000000000000000e+03
2.020000000000000000e+03 2.966000000000000000e+03
2.040000000000000000e+03 3.225000000000000000e+03
2.060000000000000000e+03 3.314000000000000000e+03
2.080000000000000000e+03 3.312000000000000000e+03
2.100000000000000000e+03 3.354000000000000000e+03
2.120000000000000000e+03 3.503000000000000000e+03
2.140000000000000000e+03 3.529000000000000000e+03
2.160000000000000000e+03 3.569000000000000000e+03
2.180000000000000000e+03 3.608000000000000000e+03
2.200000000000000000e+03 3.641000000000000000e+03
2.220000000000000000e+03 3.706000000000000000e+03
2.240000000000000000e+03 3.752000000000000000e+03
2.260000000000000000e+03 3.670000000000000000e+03
2.280000000000000000e+03 3.830000000000000000e+03
2.300000000000000000e+03 3.989000000000000000e+03
2.320000000000000000e+03 3.968000000000000000e+03
2.340000000000000000e+03 3.914000000000000000e+03
2.360000000000000000e+03 4.009000000000000000e+03
2.380000000000000000e+03 3.929000000000000000e+03
2.400000000000000000e+03 4.006000000000000000e+03
2.420000000000000000e+03 3.912000000000000000e+03
2.440000000000000000e+03 3.816000000000000000e+03
2.460000000000000000e+03 4.041000000000000000e+03
2.480000000000000000e+03 4.079000000000000000e+03
2.500000000000000000e+03 4.097000000000000000e+03
2.520000000000000000e+03 4.027000000000000000e+03
2.540000000000000000e+03 4.040000000000000000e+03
2.560000000000000000e+03 4.062000000000000000e+03
2.580000000000000000e+03 4.155000000000000000e+03
2.600000000000000000e+03 3.964000000000000000e+03
2.620000000000000000e+03 4.070000000000000000e+03
2.640000000000000000e+03 4.018000000000000000e+03
2.660000000000000000e+03 3.885000000000000000e+03
2.680000000000000000e+03 3.931000000000000000e+03
2.700000000000000000e+03 3.921000000000000000e+03
2.720000000000000000e+03 3.867000000000000000e+03
2.740000000000000000e+03 3.909000000000000000e+03
2.760000000000000000e+03 3.835000000000000000e+03
2.780000000000000000e+03 3.757000000000000000e+03
2.800000000000000000e+03 3.880000000000000000e+03
2.820000000000000000e+03 3.729000000000000000e+03
2.840000000000000000e+03 3.703000000000000000e+03
2.860000000000000000e+03 3.673000000000000000e+03
2.880000000000000000e+03 3.492000000000000000e+03
2.900000000000000000e+03 3.407000000000000000e+03
2.920000000000000000e+03 3.458000000000000000e+03
2.940000000000000000e+03 3.216000000000000000e+03
2.960000000000000000e+03 3.265000000000000000e+03
2.980000000000000000e+03 3.095000000000000000e+03
3.000000000000000000e+03 3.096000000000000000e+03
3.020000000000000000e+03 3.205000000000000000e+03
3.040000000000000000e+03 3.003000000000000000e+03
3.060000000000000000e+03 2.873000000000000000e+03
3.080000000000000000e+03 2.829000000000000000e+03
3.100000000000000000e+03 2.739000000000000000e+03
3.120000000000000000e+03 2.685000000000000000e+03
3.140000000000000000e+03 2.454000000000000000e+03
3.160000000000000000e+03 2.567000000000000000e+03
3.180000000000000000e+03 2.471000000000000000e+03
3.200000000000000000e+03 2.370000000000000000e+03
3.220000000000000000e+03 2.292000000000000000e+03
3.240000000000000000e+03 2.265000000000000000e+03
3.260000000000000000e+03 2.208000000000000000e+03
3.280000000000000000e+03 2.102000000000000000e+03
3.300000000000000000e+03 1.979000000000000000e+03
3.320000000000000000e+03 1.927000000000000000e+03
3.340000000000000000e+03 1.867000000000000000e+03
3.360000000000000000e+03 1.940000000000000000e+03
3.380000000000000000e+03 1.800000000000000000e+03
3.400000000000000000e+03 1.813000000000000000e+03
3.420000000000000000e+03 1.720000000000000000e+03
3.440000000000000000e+03 1.696000000000000000e+03
3.460000000000000000e+03 1.674000000000000000e+03
3.480000000000000000e+03 1.648000000000000000e+03
3.500000000000000000e+03 1.645000000000000000e+03
3.520000000000000000e+03 1.661000000000000000e+03
3.540000000000000000e+03 1.690000000000000000e+03
3.560000000000000000e+03 1.700000000000000000e+03
3.580000000000000000e+03 1.666000000000000000e+03
3.600000000000000000e+03 1.681000000000000000e+03
3.620000000000000000e+03 1.644000000000000000e+03
3.640000000000000000e+03 1.730000000000000000e+03
3.660000000000000000e+03 1.679000000000000000e+03
3.680000000000000000e+03 1.833000000000000000e+03
3.700000000000000000e+03 1.855000000000000000e+03
3.720000000000000000e+03 1.838000000000000000e+03
3.740000000000000000e+03 1.905000000000000000e+03
3.760000000000000000e+03 2.115000000000000000e+03
3.780000000000000000e+03 2.070000000000000000e+03
3.800000000000000000e+03 2.085000000000000000e+03
3.820000000000000000e+03 2.246000000000000000e+03
3.840000000000000000e+03 2.328000000000000000e+03
3.860000000000000000e+03 2.362000000000000000e+03
3.880000000000000000e+03 2.567000000000000000e+03
3.900000000000000000e+03 2.577000000000000000e+03
3.920000000000000000e+03 2.708000000000000000e+03
3.940000000000000000e+03 2.738000000000000000e+03
3.960000000000000000e+03 2.808000000000000000e+03
3.980000000000000000e+03 2.968000000000000000e+03
