0.000000000000000000e+00 4.068000000000000000e+03
2.000000000000000000e+03 4.140000000000000000e+03
4.000000000000000000e+03 4.327000000000000000e+03
6.000000000000000000e+03 4.297000000000000000e+03
8.000000000000000000e+03 4.362000000000000000e+03
1.000000000000000000e+04 4.460000000000000000e+03
1.200000000000000000e+04 4.459000000000000000e+03
1.400000000000000000e+04 4.491000000000000000e+03
1.600000000000000000e+04 4.550000000000000000e+03
1.800000000000000000e+04 4.537000000000000000e+03
2.000000000000000000e+04 4.690000000000000000e+03
2.200000000000000000e+04 4.545000000000000000e+03
2.400000000000000000e+04 4.608000000000000000e+03
2.600000000000000000e+04 4.683000000000000000e+03
2.800000000000000000e+04 4.787000000000000000e+03
3.000000000000000000e+04 4.849000000000000000e+03
3.200000000000000000e+04 4.786000000000000000e+03
3.400000000000000000e+04 4.749000000000000000e+03
3.600000000000000000e+04 4.821000000000000000e+03
3.800000000000000000e+04 4.739000000000000000e+03
4.000000000000000000e+04 4.650000000000000000e+03
4.200000000000000000e+04 4.785000000000000000e+03
4.400000000000000000e+04 4.768000000000000000e+03
4.600000000000000000e+04 4.465000000000000000e+03
4.800000000000000000e+04 4.632000000000000000e+03
5.000000000000000000e+04 4.625000000000000000e+03
5.200000000000000000e+04 4.700000000000000000e+03
5.400000000000000000e+04 4.809000000000000000e+03
5.600000000000000000e+04 4.578000000000000000e+03
5.800000000000000000e+04 4.564000000000000000e+03
6.000000000000000000e+04 4.468000000000000000e+03
6.200000000000000000e+04 4.514000000000000000e+03
6.400000000000000000e+04 4.523000000000000000e+03
6.600000000000000000e+04 4.400000000000000000e+03
6.800000000000000000e+04 4.410000000000000000e+03
7.000000000000000000e+04 4.373000000000000000e+03
7.200000000000000000e+04 4.131000000000000000e+03
7.400000000000000000e+04 4.127000000000000000e+03
7.600000000000000000e+04 4.184000000000000000e+03
7.800000000000000000e+04 4.033000000000000000e+03
8.000000000000000000e+04 3.945000000000000000e+03
8.200000000000000000e+04 3.934000000000000000e+03
8.400000000000000000e+04 3.836000000000000000e+03
8.600000000000000000e+04 3.680000000000000000e+03
8.800000000000000000e+04 3.519000000000000000e+03
9.000000000000000000e+04 3.471000000000000000e+03
9.200000000000000000e+04 3.420000000000000000e+03
9.400000000000000000e+04 3.291000000000000000e+03
9.600000000000000000e+04 3.131000000000000000e+03
9.800000000000000000e+04 3.080000000000000000e+03
1.000000000000000000e+05 3.008000000000000000e+03
1.020000000000000000e+05 2.816000000000000000e+03
1.040000000000000000e+05 2.760000000000000000e+03
1.060000000000000000e+05 2.774000000000000000e+03
1.080000000000000000e+05 2.405000000000000000e+03
1.100000000000000000e+05 2.441000000000000000e+03
1.120000000000000000e+05 2.278000000000000000e+03
1.140000000000000000e+05 2.159000000000000000e+03
1.160000000000000000e+05 2.091000000000000000e+03
1.180000000000000000e+05 2.049000000000000000e+03
1.200000000000000000e+05 1.911000000000000000e+03
1.220000000000000000e+05 1.860000000000000000e+03
1.240000000000000000e+05 1.679000000000000000e+03
1.260000000000000000e+05 1.697000000000000000e+03
1.280000000000000000e+05 1.686000000000000000e+03
1.300000000000000000e+05 1.601000000000000000e+03
1.320000000000000000e+05 1.524000000000000000e+03
1.340000000000000000e+05 1.476000000000000000e+03
1.360000000000000000e+05 1.553000000000000000e+03
1.380000000000000000e+05 1.411000000000000000e+03
1.400000000000000000e+05 1.497000000000000000e+03
1.420000000000000000e+05 1.492000000000000000e+03
1.440000000000000000e+05 1.519000000000000000e+03
1.460000000000000000e+05 1.538000000000000000e+03
1.480000000000000000e+05 1.632000000000000000e+03
1.500000000000000000e+05 1.629000000000000000e+03
1.520000000000000000e+05 1.653000000000000000e+03
1.540000000000000000e+05 1.728000000000000000e+03
1.560000000000000000e+05 1.910000000000000000e+03
1.580000000000000000e+05 1.966000000000000000e+03
1.600000000000000000e+05 1.997000000000000000e+03
1.620000000000000000e+05 2.082000000000000000e+03
1.640000000000000000e+05 2.173000000000000000e+03
1.660000000000000000e+05 2.359000000000000000e+03
1.680000000000000000e+05 2.550000000000000000e+03
1.700000000000000000e+05 2.600000000000000000e+03
1.720000000000000000e+05 2.751000000000000000e+03
1.740000000000000000e+05 2.757000000000000000e+03
1.760000000000000000e+05 2.998000000000000000e+03
1.780000000000000000e+05 3.049000000000000000e+03
1.800000000000000000e+05 2.988000000000000000e+03
1.820000000000000000e+05 3.225000000000000000e+03
1.840000000000000000e+05 3.403000000000000000e+03
1.860000000000000000e+05 3.531000000000000000e+03
1.880000000000000000e+05 3.535000000000000000e+03
1.900000000000000000e+05 3.639000000000000000e+03
1.920000000000000000e+05 3.825000000000000000e+03
1.940000000000000000e+05 3.940000000000000000e+03
1.960000000000000000e+05 3.931000000000000000e+03
1.980000000000000000e+05 4.015000000000000000e+03
2.000000000000000000e+05 3.998000000000000000e+03
2.020000000000000000e+05 4.200000000000000000e+03
2.040000000000000000e+05 4.300000000000000000e+03
2.060000000000000000e+05 4.342000000000000000e+03
2.080000000000000000e+05 4.378000000000000000e+03
2.100000000000000000e+05 4.406000000000000000e+03
2.120000000000000000e+05 4.340000000000000000e+03
2.140000000000000000e+05 4.422000000000000000e+03
2.160000000000000000e+05 4.573000000000000000e+03
2.180000000000000000e+05 4.590000000000000000e+03
2.200000000000000000e+05 4.655000000000000000e+03
2.220000000000000000e+05 4.510000000000000000e+03
2.240000000000000000e+05 4.664000000000000000e+03
2.260000000000000000e+05 4.682000000000000000e+03
2.280000000000000000e+05 4.652000000000000000e+03
2.300000000000000000e+05 4.692000000000000000e+03
2.320000000000000000e+05 4.811000000000000000e+03
2.340000000000000000e+05 4.701000000000000000e+03
2.360000000000000000e+05 4.774000000000000000e+03
2.380000000000000000e+05 4.687000000000000000e+03
2.400000000000000000e+05 4.658000000000000000e+03
2.420000000000000000e+05 4.719000000000000000e+03
2.440000000000000000e+05 4.663000000000000000e+03
2.460000000000000000e+05 4.547000000000000000e+03
2.480000000000000000e+05 4.693000000000000000e+03
2.500000000000000000e+05 4.727000000000000000e+03
2.520000000000000000e+05 4.613000000000000000e+03
2.540000000000000000e+05 4.733000000000000000e+03
2.560000000000000000e+05 4.634000000000000000e+03
2.580000000000000000e+05 4.627000000000000000e+03
2.600000000000000000e+05 4.537000000000000000e+03
2.620000000000000000e+05 4.469000000000000000e+03
2.640000000000000000e+05 4.493000000000000000e+03
2.660000000000000000e+05 4.407000000000000000e+03
2.680000000000000000e+05 4.413000000000000000e+03
2.700000000000000000e+05 4.477000000000000000e+03
2.720000000000000000e+05 4.170000000000000000e+03
2.740000000000000000e+05 4.236000000000000000e+03
2.760000000000000000e+05 4.158000000000000000e+03
2.780000000000000000e+05 3.994000000000000000e+03
2.800000000000000000e+05 3.897000000000000000e+03
2.820000000000000000e+05 3.961000000000000000e+03
2.840000000000000000e+05 3.736000000000000000e+03
2.860000000000000000e+05 3.621000000000000000e+03
2.880000000000000000e+05 3.651000000000000000e+03
2.900000000000000000e+05 3.552000000000000000e+03
2.920000000000000000e+05 3.533000000000000000e+03
2.940000000000000000e+05 3.361000000000000000e+03
2.960000000000000000e+05 3.105000000000000000e+03
2.980000000000000000e+05 3.074000000000000000e+03
3.000000000000000000e+05 2.959000000000000000e+03
3.020000000000000000e+05 2.842000000000000000e+03
3.040000000000000000e+05 2.730000000000000000e+03
3.060000000000000000e+05 2.577000000000000000e+03
3.080000000000000000e+05 2.513000000000000000e+03
3.100000000000000000e+05 2.421000000000000000e+03
3.120000000000000000e+05 2.231000000000000000e+03
3.140000000000000000e+05 2.169000000000000000e+03
3.160000000000000000e+05 2.043000000000000000e+03
3.180000000000000000e+05 1.962000000000000000e+03
3.200000000000000000e+05 1.937000000000000000e+03
3.220000000000000000e+05 1.854000000000000000e+03
3.240000000000000000e+05 1.722000000000000000e+03
3.260000000000000000e+05 1.690000000000000000e+03
3.280000000000000000e+05 1.686000000000000000e+03
3.300000000000000000e+05 1.581000000000000000e+03
3.320000000000000000e+05 1.543000000000000000e+03
3.340000000000000000e+05 1.511000000000000000e+03
3.360000000000000000e+05 1.497000000000000000e+03
3.380000000000000000e+05 1.456000000000000000e+03
3.400000000000000000e+05 1.486000000000000000e+03
3.420000000000000000e+05 1.477000000000000000e+03
3.440000000000000000e+05 1.444000000000000000e+03
3.460000000000000000e+05 1.465000000000000000e+03
3.480000000000000000e+05 1.559000000000000000e+03
3.500000000000000000e+05 1.646000000000000000e+03
3.520000000000000000e+05 1.646000000000000000e+03
3.540000000000000000e+05 1.914000000000000000e+03
3.560000000000000000e+05 1.829000000000000000e+03
3.580000000000000000e+05 1.895000000000000000e+03
3.600000000000000000e+05 2.013000000000000000e+03
3.620000000000000000e+05 2.072000000000000000e+03
3.640000000000000000e+05 2.259000000000000000e+03
3.660000000000000000e+05 2.292000000000000000e+03
3.680000000000000000e+05 2.580000000000000000e+03
3.700000000000000000e+05 2.698000000000000000e+03
3.720000000000000000e+05 2.813000000000000000e+03
3.740000000000000000e+05 2.711000000000000000e+03
3.760000000000000000e+05 2.952000000000000000e+03
3.780000000000000000e+05 3.016000000000000000e+03
3.800000000000000000e+05 3.103000000000000000e+03
3.820000000000000000e+05 3.330000000000000000e+03
3.840000000000000000e+05 3.375000000000000000e+03
3.860000000000000000e+05 3.520000000000000000e+03
3.880000000000000000e+05 3.526000000000000000e+03
3.900000000000000000e+05 3.647000000000000000e+03
3.920000000000000000e+05 3.857000000000000000e+03
3.940000000000000000e+05 3.809000000000000000e+03
3.960000000000000000e+05 3.957000000000000000e+03
3.980000000000000000e+05 3.987000000000000000e+03
