0.000000000000000000e+00 3.825000000000000000e+03
5.000000000000000000e+02 3.945000000000000000e+03
1.000000000000000000e+03 3.931000000000000000e+03
1.500000000000000000e+03 4.047000000000000000e+03
2.000000000000000000e+03 3.963000000000000000e+03
2.500000000000000000e+03 4.222000000000000000e+03
3.000000000000000000e+03 4.161000000000000000e+03
3.500000000000000000e+03 4.118000000000000000e+03
4.000000000000000000e+03 4.181000000000000000e+03
4.500000000000000000e+03 4.152000000000000000e+03
5.000000000000000000e+03 4.233000000000000000e+03
5.500000000000000000e+03 4.301000000000000000e+03
6.000000000000000000e+03 4.311000000000000000e+03
6.500000000000000000e+03 4.320000000000000000e+03
7.000000000000000000e+03 4.449000000000000000e+03
7.500000000000000000e+03 4.320000000000000000e+03
8.000000000000000000e+03 4.335000000000000000e+03
8.500000000000000000e+03 4.245000000000000000e+03
9.000000000000000000e+03 4.390000000000000000e+03
9.500000000000000000e+03 4.457000000000000000e+03
1.000000000000000000e+04 4.422000000000000000e+03
1.050000000000000000e+04 4.515000000000000000e+03
1.100000000000000000e+04 4.445000000000000000e+03
1.150000000000000000e+04 4.250000000000000000e+03
1.200000000000000000e+04 4.487000000000000000e+03
1.250000000000000000e+04 4.286000000000000000e+03
1.300000000000000000e+04 4.372000000000000000e+03
1.350000000000000000e+04 4.298000000000000000e+03
1.400000000000000000e+04 4.346000000000000000e+03
1.450000000000000000e+04 4.385000000000000000e+03
1.500000000000000000e+04 4.206000000000000000e+03
1.550000000000000000e+04 4.183000000000000000e+03
1.600000000000000000e+04 4.110000000000000000e+03
1.650000000000000000e+04 4.128000000000000000e+03
1.700000000000000000e+04 4.000000000000000000e+03
1.750000000000000000e+04 3.996000000000000000e+03
1.800000000000000000e+04 3.967000000000000000e+03
1.850000000000000000e+04 3.859000000000000000e+03
1.900000000000000000e+04 3.800000000000000000e+03
1.950000000000000000e+04 3.708000000000000000e+03
2.000000000000000000e+04 3.591000000000000000e+03
2.050000000000000000e+04 3.498000000000000000e+03
2.100000000000000000e+04 3.499000000000000000e+03
2.150000000000000000e+04 3.532000000000000000e+03
2.200000000000000000e+04 3.377000000000000000e+03
2.250000000000000000e+04 3.232000000000000000e+03
2.300000000000000000e+04 3.227000000000000000e+03
2.350000000000000000e+04 3.155000000000000000e+03
2.400000000000000000e+04 2.980000000000000000e+03
2.450000000000000000e+04 2.900000000000000000e+03
2.500000000000000000e+04 2.782000000000000000e+03
2.550000000000000000e+04 2.643000000000000000e+03
2.600000000000000000e+04 2.557000000000000000e+03
2.650000000000000000e+04 2.459000000000000000e+03
2.700000000000000000e+04 2.457000000000000000e+03
2.750000000000000000e+04 2.324000000000000000e+03
2.800000000000000000e+04 2.071000000000000000e+03
2.850000000000000000e+04 2.058000000000000000e+03
2.900000000000000000e+04 1.944000000000000000e+03
2.950000000000000000e+04 1.849000000000000000e+03
3.000000000000000000e+04 1.708000000000000000e+03
3.050000000000000000e+04 1.773000000000000000e+03
3.100000000000000000e+04 1.638000000000000000e+03
3.150000000000000000e+04 1.577000000000000000e+03
3.200000000000000000e+04 1.539000000000000000e+03
3.250000000000000000e+04 1.571000000000000000e+03
3.300000000000000000e+04 1.405000000000000000e+03
3.350000000000000000e+04 1.461000000000000000e+03
3.400000000000000000e+04 1.367000000000000000e+03
3.450000000000000000e+04 1.386000000000000000e+03
3.500000000000000000e+04 1.368000000000000000e+03
3.550000000000000000e+04 1.369000000000000000e+03
3.600000000000000000e+04 1.349000000000000000e+03
3.650000000000000000e+04 1.474000000000000000e+03
3.700000000000000000e+04 1.403000000000000000e+03
3.750000000000000000e+04 1.525000000000000000e+03
3.800000000000000000e+04 1.580000000000000000e+03
3.850000000000000000e+04 1.659000000000000000e+03
3.900000000000000000e+04 1.738000000000000000e+03
3.950000000000000000e+04 1.764000000000000000e+03
4.000000000000000000e+04 2.003000000000000000e+03
4.050000000000000000e+04 1.923000000000000000e+03
4.100000000000000000e+04 2.052000000000000000e+03
4.150000000000000000e+04 2.255000000000000000e+03
4.200000000000000000e+04 2.242000000000000000e+03
4.250000000000000000e+04 2.423000000000000000e+03
4.300000000000000000e+04 2.508000000000000000e+03
4.350000000000000000e+04 2.608000000000000000e+03
4.400000000000000000e+04 2.713000000000000000e+03
4.450000000000000000e+04 2.960000000000000000e+03
4.500000000000000000e+04 2.872000000000000000e+03
4.550000000000000000e+04 3.173000000000000000e+03
4.600000000000000000e+04 3.144000000000000000e+03
4.650000000000000000e+04 3.260000000000000000e+03
4.700000000000000000e+04 3.264000000000000000e+03
4.750000000000000000e+04 3.386000000000000000e+03
4.800000000000000000e+04 3.472000000000000000e+03
4.850000000000000000e+04 3.552000000000000000e+03
4.900000000000000000e+04 3.669000000000000000e+03
4.950000000000000000e+04 3.756000000000000000e+03
5.000000000000000000e+04 3.805000000000000000e+03
5.050000000000000000e+04 4.042000000000000000e+03
5.100000000000000000e+04 3.771000000000000000e+03
5.150000000000000000e+04 3.967000000000000000e+03
5.200000000000000000e+04 4.050000000000000000e+03
5.250000000000000000e+04 3.891000000000000000e+03
5.300000000000000000e+04 4.076000000000000000e+03
5.350000000000000000e+04 4.290000000000000000e+03
5.400000000000000000e+04 4.209000000000000000e+03
5.450000000000000000e+04 4.122000000000000000e+03
5.500000000000000000e+04 4.190000000000000000e+03
5.550000000000000000e+04 4.215000000000000000e+03
5.600000000000000000e+04 4.371000000000000000e+03
5.650000000000000000e+04 4.408000000000000000e+03
5.700000000000000000e+04 4.398000000000000000e+03
5.750000000000000000e+04 4.351000000000000000e+03
5.800000000000000000e+04 4.367000000000000000e+03
5.850000000000000000e+04 4.393000000000000000e+03
5.900000000000000000e+04 4.367000000000000000e+03
5.950000000000000000e+04 4.426000000000000000e+03
6.000000000000000000e+04 4.307000000000000000e+03
6.050000000000000000e+04 4.385000000000000000e+03
6.100000000000000000e+04 4.399000000000000000e+03
6.150000000000000000e+04 4.436000000000000000e+03
6.200000000000000000e+04 4.371000000000000000e+03
6.250000000000000000e+04 4.446000000000000000e+03
6.300000000000000000e+04 4.312000000000000000e+03
6.350000000000000000e+04 4.274000000000000000e+03
6.400000000000000000e+04 4.239000000000000000e+03
6.450000000000000000e+04 4.204000000000000000e+03
6.500000000000000000e+04 4.199000000000000000e+03
6.550000000000000000e+04 4.035000000000000000e+03
6.600000000000000000e+04 4.065000000000000000e+03
6.650000000000000000e+04 4.162000000000000000e+03
6.700000000000000000e+04 4.212000000000000000e+03
6.750000000000000000e+04 4.052000000000000000e+03
6.800000000000000000e+04 4.045000000000000000e+03
6.850000000000000000e+04 3.953000000000000000e+03
6.900000000000000000e+04 3.944000000000000000e+03
6.950000000000000000e+04 3.766000000000000000e+03
7.000000000000000000e+04 3.715000000000000000e+03
7.050000000000000000e+04 3.547000000000000000e+03
7.100000000000000000e+04 3.602000000000000000e+03
7.150000000000000000e+04 3.401000000000000000e+03
7.200000000000000000e+04 3.388000000000000000e+03
7.250000000000000000e+04 3.300000000000000000e+03
7.300000000000000000e+04 3.323000000000000000e+03
7.350000000000000000e+04 3.162000000000000000e+03
7.400000000000000000e+04 3.033000000000000000e+03
7.450000000000000000e+04 2.932000000000000000e+03
7.500000000000000000e+04 2.807000000000000000e+03
7.550000000000000000e+04 2.661000000000000000e+03
7.600000000000000000e+04 2.474000000000000000e+03
7.650000000000000000e+04 2.477000000000000000e+03
7.700000000000000000e+04 2.342000000000000000e+03
7.750000000000000000e+04 2.292000000000000000e+03
7.800000000000000000e+04 2.103000000000000000e+03
7.850000000000000000e+04 2.136000000000000000e+03
7.900000000000000000e+04 1.925000000000000000e+03
7.950000000000000000e+04 1.890000000000000000e+03
8.000000000000000000e+04 1.823000000000000000e+03
8.050000000000000000e+04 1.678000000000000000e+03
8.100000000000000000e+04 1.620000000000000000e+03
8.150000000000000000e+04 1.653000000000000000e+03
8.200000000000000000e+04 1.467000000000000000e+03
8.250000000000000000e+04 1.540000000000000000e+03
8.300000000000000000e+04 1.454000000000000000e+03
8.350000000000000000e+04 1.442000000000000000e+03
8.400000000000000000e+04 1.422000000000000000e+03
8.450000000000000000e+04 1.380000000000000000e+03
8.500000000000000000e+04 1.352000000000000000e+03
8.550000000000000000e+04 1.339000000000000000e+03
8.600000000000000000e+04 1.313000000000000000e+03
8.650000000000000000e+04 1.416000000000000000e+03
8.700000000000000000e+04 1.460000000000000000e+03
8.750000000000000000e+04 1.486000000000000000e+03
8.800000000000000000e+04 1.601000000000000000e+03
8.850000000000000000e+04 1.591000000000000000e+03
8.900000000000000000e+04 1.747000000000000000e+03
8.950000000000000000e+04 1.834000000000000000e+03
9.000000000000000000e+04 1.876000000000000000e+03
9.050000000000000000e+04 1.930000000000000000e+03
9.100000000000000000e+04 2.090000000000000000e+03
9.150000000000000000e+04 2.177000000000000000e+03
9.200000000000000000e+04 2.194000000000000000e+03
9.250000000000000000e+04 2.409000000000000000e+03
9.300000000000000000e+04 2.628000000000000000e+03
9.350000000000000000e+04 2.661000000000000000e+03
9.400000000000000000e+04 2.753000000000000000e+03
9.450000000000000000e+04 2.901000000000000000e+03
9.500000000000000000e+04 2.932000000000000000e+03
9.550000000000000000e+04 3.033000000000000000e+03
9.600000000000000000e+04 3.169000000000000000e+03
9.650000000000000000e+04 3.266000000000000000e+03
9.700000000000000000e+04 3.362000000000000000e+03
9.750000000000000000e+04 3.385000000000000000e+03
9.800000000000000000e+04 3.460000000000000000e+03
9.850000000000000000e+04 3.635000000000000000e+03
9.900000000000000000e+04 3.728000000000000000e+03
9.950000000000000000e+04 3.640000000000000000e+03
