0.000000000000000000e+00 2.508000000000000000e+03
1.000000000000000000e+02 2.534000000000000000e+03
2.000000000000000000e+02 2.609000000000000000e+03
3.000000000000000000e+02 2.637000000000000000e+03
4.000000000000000000e+02 2.776000000000000000e+03
5.000000000000000000e+02 2.697000000000000000e+03
6.000000000000000000e+02 2.847000000000000000e+03
7.000000000000000000e+02 2.698000000000000000e+03
8.000000000000000000e+02 2.805000000000000000e+03
9.000000000000000000e+02 2.902000000000000000e+03
1.000000000000000000e+03 2.780000000000000000e+03
1.100000000000000000e+03 2.950000000000000000e+03
1.200000000000000000e+03 2.830000000000000000e+03
1.300000000000000000e+03 2.858000000000000000e+03
1.400000000000000000e+03 2.877000000000000000e+03
1.500000000000000000e+03 2.893000000000000000e+03
1.600000000000000000e+03 2.927000000000000000e+03
1.700000000000000000e+03 2.948000000000000000e+03
1.800000000000000000e+03 2.968000000000000000e+03
1.900000000000000000e+03 2.931000000000000000e+03
2.000000000000000000e+03 2.800000000000000000e+03
2.100000000000000000e+03 2.939000000000000000e+03
2.200000000000000000e+03 2.893000000000000000e+03
2.300000000000000000e+03 2.907000000000000000e+03
2.400000000000000000e+03 2.916000000000000000e+03
2.500000000000000000e+03 2.847000000000000000e+03
2.600000000000000000e+03 2.837000000000000000e+03
2.700000000000000000e+03 2.820000000000000000e+03
2.800000000000000000e+03 2.789000000000000000e+03
2.900000000000000000e+03 2.871000000000000000e+03
3.000000000000000000e+03 2.799000000000000000e+03
3.100000000000000000e+03 2.710000000000000000e+03
3.200000000000000000e+03 2.804000000000000000e+03
3.300000000000000000e+03 2.754000000000000000e+03
3.400000000000000000e+03 2.592000000000000000e+03
3.500000000000000000e+03 2.709000000000000000e+03
3.600000000000000000e+03 2.721000000000000000e+03
3.700000000000000000e+03 2.559000000000000000e+03
3.800000000000000000e+03 2.600000000000000000e+03
3.900000000000000000e+03 2.556000000000000000e+03
4.000000000000000000e+03 2.473000000000000000e+03
4.100000000000000000e+03 2.449000000000000000e+03
4.200000000000000000e+03 2.379000000000000000e+03
4.300000000000000000e+03 2.284000000000000000e+03
4.400000000000000000e+03 2.276000000000000000e+03
4.500000000000000000e+03 2.223000000000000000e+03
4.600000000000000000e+03 2.133000000000000000e+03
4.700000000000000000e+03 2.170000000000000000e+03
4.800000000000000000e+03 2.110000000000000000e+03
4.900000000000000000e+03 2.052000000000000000e+03
5.000000000000000000e+03 1.890000000000000000e+03
5.100000000000000000e+03 1.829000000000000000e+03
5.200000000000000000e+03 1.814000000000000000e+03
5.300000000000000000e+03 1.681000000000000000e+03
5.400000000000000000e+03 1.751000000000000000e+03
5.500000000000000000e+03 1.588000000000000000e+03
5.600000000000000000e+03 1.478000000000000000e+03
5.700000000000000000e+03 1.492000000000000000e+03
5.800000000000000000e+03 1.409000000000000000e+03
5.900000000000000000e+03 1.375000000000000000e+03
6.000000000000000000e+03 1.301000000000000000e+03
6.100000000000000000e+03 1.266000000000000000e+03
6.200000000000000000e+03 1.264000000000000000e+03
6.300000000000000000e+03 1.229000000000000000e+03
6.400000000000000000e+03 1.130000000000000000e+03
6.500000000000000000e+03 1.119000000000000000e+03
6.600000000000000000e+03 1.024000000000000000e+03
6.700000000000000000e+03 1.070000000000000000e+03
6.800000000000000000e+03 1.024000000000000000e+03
6.900000000000000000e+03 1.038000000000000000e+03
7.000000000000000000e+03 1.040000000000000000e+03
7.100000000000000000e+03 1.024000000000000000e+03
7.200000000000000000e+03 9.370000000000000000e+02
7.300000000000000000e+03 1.020000000000000000e+03
7.400000000000000000e+03 9.900000000000000000e+02
7.500000000000000000e+03 1.024000000000000000e+03
7.600000000000000000e+03 1.078000000000000000e+03
7.700000000000000000e+03 1.008000000000000000e+03
7.800000000000000000e+03 1.081000000000000000e+03
7.900000000000000000e+03 1.137000000000000000e+03
8.000000000000000000e+03 1.181000000000000000e+03
8.100000000000000000e+03 1.202000000000000000e+03
8.200000000000000000e+03 1.311000000000000000e+03
8.300000000000000000e+03 1.355000000000000000e+03
8.400000000000000000e+03 1.473000000000000000e+03
8.500000000000000000e+03 1.559000000000000000e+03
8.600000000000000000e+03 1.616000000000000000e+03
8.700000000000000000e+03 1.680000000000000000e+03
8.800000000000000000e+03 1.788000000000000000e+03
8.900000000000000000e+03 1.870000000000000000e+03
9.000000000000000000e+03 1.893000000000000000e+03
9.100000000000000000e+03 1.943000000000000000e+03
9.200000000000000000e+03 2.032000000000000000e+03
9.300000000000000000e+03 2.088000000000000000e+03
9.400000000000000000e+03 2.193000000000000000e+03
9.500000000000000000e+03 2.090000000000000000e+03
9.600000000000000000e+03 2.253000000000000000e+03
9.700000000000000000e+03 2.334000000000000000e+03
9.800000000000000000e+03 2.287000000000000000e+03
9.900000000000000000e+03 2.459000000000000000e+03
1.000000000000000000e+04 2.518000000000000000e+03
1.010000000000000000e+04 2.603000000000000000e+03
1.020000000000000000e+04 2.682000000000000000e+03
1.030000000000000000e+04 2.716000000000000000e+03
1.040000000000000000e+04 2.706000000000000000e+03
1.050000000000000000e+04 2.681000000000000000e+03
1.060000000000000000e+04 2.651000000000000000e+03
1.070000000000000000e+04 2.766000000000000000e+03
1.080000000000000000e+04 2.833000000000000000e+03
1.090000000000000000e+04 2.874000000000000000e+03
1.100000000000000000e+04 2.894000000000000000e+03
1.110000000000000000e+04 2.961000000000000000e+03
1.120000000000000000e+04 2.838000000000000000e+03
1.130000000000000000e+04 2.889000000000000000e+03
1.140000000000000000e+04 2.870000000000000000e+03
1.150000000000000000e+04 2.916000000000000000e+03
1.160000000000000000e+04 2.813000000000000000e+03
1.170000000000000000e+04 2.921000000000000000e+03
1.180000000000000000e+04 2.915000000000000000e+03
1.190000000000000000e+04 2.897000000000000000e+03
1.200000000000000000e+04 2.912000000000000000e+03
1.210000000000000000e+04 2.941000000000000000e+03
1.220000000000000000e+04 3.007000000000000000e+03
1.230000000000000000e+04 2.868000000000000000e+03
1.240000000000000000e+04 2.897000000000000000e+03
1.250000000000000000e+04 2.881000000000000000e+03
1.260000000000000000e+04 2.844000000000000000e+03
1.270000000000000000e+04 2.816000000000000000e+03
1.280000000000000000e+04 2.911000000000000000e+03
1.290000000000000000e+04 2.849000000000000000e+03
1.300000000000000000e+04 2.820000000000000000e+03
1.310000000000000000e+04 2.804000000000000000e+03
1.320000000000000000e+04 2.721000000000000000e+03
1.330000000000000000e+04 2.823000000000000000e+03
1.340000000000000000e+04 2.691000000000000000e+03
1.350000000000000000e+04 2.761000000000000000e+03
1.360000000000000000e+04 2.649000000000000000e+03
1.370000000000000000e+04 2.591000000000000000e+03
1.380000000000000000e+04 2.642000000000000000e+03
1.390000000000000000e+04 2.591000000000000000e+03
1.400000000000000000e+04 2.511000000000000000e+03
1.410000000000000000e+04 2.446000000000000000e+03
1.420000000000000000e+04 2.437000000000000000e+03
1.430000000000000000e+04 2.382000000000000000e+03
1.440000000000000000e+04 2.350000000000000000e+03
1.450000000000000000e+04 2.238000000000000000e+03
1.460000000000000000e+04 2.225000000000000000e+03
1.470000000000000000e+04 2.093000000000000000e+03
1.480000000000000000e+04 2.069000000000000000e+03
1.490000000000000000e+04 1.929000000000000000e+03
1.500000000000000000e+04 1.985000000000000000e+03
1.510000000000000000e+04 1.852000000000000000e+03
1.520000000000000000e+04 1.878000000000000000e+03
1.530000000000000000e+04 1.834000000000000000e+03
1.540000000000000000e+04 1.724000000000000000e+03
1.550000000000000000e+04 1.591000000000000000e+03
1.560000000000000000e+04 1.492000000000000000e+03
1.570000000000000000e+04 1.465000000000000000e+03
1.580000000000000000e+04 1.469000000000000000e+03
1.590000000000000000e+04 1.367000000000000000e+03
1.600000000000000000e+04 1.240000000000000000e+03
1.610000000000000000e+04 1.236000000000000000e+03
1.620000000000000000e+04 1.241000000000000000e+03
1.630000000000000000e+04 1.162000000000000000e+03
1.640000000000000000e+04 1.086000000000000000e+03
1.650000000000000000e+04 1.091000000000000000e+03
1.660000000000000000e+04 1.050000000000000000e+03
1.670000000000000000e+04 1.060000000000000000e+03
1.680000000000000000e+04 1.061000000000000000e+03
1.690000000000000000e+04 9.830000000000000000e+02
1.700000000000000000e+04 1.007000000000000000e+03
1.710000000000000000e+04 9.690000000000000000e+02
1.720000000000000000e+04 9.650000000000000000e+02
1.730000000000000000e+04 9.650000000000000000e+02
1.740000000000000000e+04 1.003000000000000000e+03
1.750000000000000000e+04 1.076000000000000000e+03
1.760000000000000000e+04 1.047000000000000000e+03
1.770000000000000000e+04 1.091000000000000000e+03
1.780000000000000000e+04 1.087000000000000000e+03
1.790000000000000000e+04 1.146000000000000000e+03
1.800000000000000000e+04 1.194000000000000000e+03
1.810000000000000000e+04 1.255000000000000000e+03
1.820000000000000000e+04 1.278000000000000000e+03
1.830000000000000000e+04 1.357000000000000000e+03
1.840000000000000000e+04 1.496000000000000000e+03
1.850000000000000000e+04 1.519000000000000000e+03
1.860000000000000000e+04 1.528000000000000000e+03
1.870000000000000000e+04 1.712000000000000000e+03
1.880000000000000000e+04 1.757000000000000000e+03
1.890000000000000000e+04 1.779000000000000000e+03
1.900000000000000000e+04 1.942000000000000000e+03
1.910000000000000000e+04 1.992000000000000000e+03
1.920000000000000000e+04 2.047000000000000000e+03
1.930000000000000000e+04 2.063000000000000000e+03
1.940000000000000000e+04 2.088000000000000000e+03
1.950000000000000000e+04 2.191000000000000000e+03
1.960000000000000000e+04 2.308000000000000000e+03
1.970000000000000000e+04 2.403000000000000000e+03
1.980000000000000000e+04 2.354000000000000000e+03
1.990000000000000000e+04 2.476000000000000000e+03
