0.000000000000000000e+00 2.736000000000000000e+03
3.330000000000000000e+02 2.947000000000000000e+03
6.660000000000000000e+02 2.903000000000000000e+03
9.990000000000000000e+02 3.063000000000000000e+03
1.332000000000000000e+03 3.032000000000000000e+03
1.665000000000000000e+03 3.153000000000000000e+03
1.998000000000000000e+03 3.121000000000000000e+03
2.331000000000000000e+03 3.292000000000000000e+03
2.664000000000000000e+03 3.209000000000000000e+03
2.997000000000000000e+03 3.267000000000000000e+03
3.330000000000000000e+03 3.272000000000000000e+03
3.663000000000000000e+03 3.300000000000000000e+03
3.996000000000000000e+03 3.291000000000000000e+03
4.329000000000000000e+03 3.232000000000000000e+03
4.662000000000000000e+03 3.435000000000000000e+03
4.995000000000000000e+03 3.376000000000000000e+03
5.328000000000000000e+03 3.261000000000000000e+03
5.661000000000000000e+03 3.242000000000000000e+03
5.994000000000000000e+03 3.397000000000000000e+03
6.327000000000000000e+03 3.295000000000000000e+03
6.660000000000000000e+03 3.307000000000000000e+03
6.993000000000000000e+03 3.286000000000000000e+03
7.326000000000000000e+03 3.327000000000000000e+03
7.659000000000000000e+03 3.226000000000000000e+03
7.992000000000000000e+03 3.374000000000000000e+03
8.325000000000000000e+03 3.242000000000000000e+03
8.658000000000000000e+03 3.349000000000000000e+03
8.991000000000000000e+03 3.286000000000000000e+03
9.324000000000000000e+03 3.276000000000000000e+03
9.657000000000000000e+03 3.204000000000000000e+03
9.990000000000000000e+03 3.172000000000000000e+03
1.032300000000000000e+04 3.124000000000000000e+03
1.065600000000000000e+04 3.161000000000000000e+03
1.098900000000000000e+04 3.063000000000000000e+03
1.132200000000000000e+04 3.120000000000000000e+03
1.165500000000000000e+04 3.120000000000000000e+03
1.198800000000000000e+04 2.902000000000000000e+03
1.232100000000000000e+04 3.036000000000000000e+03
1.265400000000000000e+04 2.919000000000000000e+03
1.298700000000000000e+04 2.984000000000000000e+03
1.332000000000000000e+04 2.920000000000000000e+03
1.365300000000000000e+04 2.741000000000000000e+03
1.398600000000000000e+04 2.844000000000000000e+03
1.431900000000000000e+04 2.647000000000000000e+03
1.465200000000000000e+04 2.547000000000000000e+03
1.498500000000000000e+04 2.384000000000000000e+03
1.531800000000000000e+04 2.415000000000000000e+03
1.565100000000000000e+04 2.261000000000000000e+03
1.598400000000000000e+04 2.292000000000000000e+03
1.631700000000000000e+04 2.179000000000000000e+03
1.665000000000000000e+04 2.141000000000000000e+03
1.698300000000000000e+04 2.059000000000000000e+03
1.731600000000000000e+04 1.917000000000000000e+03
1.764900000000000000e+04 1.849000000000000000e+03
1.798200000000000000e+04 1.853000000000000000e+03
1.831500000000000000e+04 1.718000000000000000e+03
1.864800000000000000e+04 1.588000000000000000e+03
1.898100000000000000e+04 1.659000000000000000e+03
1.931400000000000000e+04 1.588000000000000000e+03
1.964700000000000000e+04 1.397000000000000000e+03
1.998000000000000000e+04 1.354000000000000000e+03
2.031300000000000000e+04 1.296000000000000000e+03
2.064600000000000000e+04 1.230000000000000000e+03
2.097900000000000000e+04 1.254000000000000000e+03
2.131200000000000000e+04 1.122000000000000000e+03
2.164500000000000000e+04 1.098000000000000000e+03
2.197800000000000000e+04 1.111000000000000000e+03
2.231100000000000000e+04 9.840000000000000000e+02
2.264400000000000000e+04 1.045000000000000000e+03
2.297700000000000000e+04 9.770000000000000000e+02
2.331000000000000000e+04 1.097000000000000000e+03
2.364300000000000000e+04 1.062000000000000000e+03
2.397600000000000000e+04 1.017000000000000000e+03
2.430900000000000000e+04 1.035000000000000000e+03
2.464200000000000000e+04 1.093000000000000000e+03
2.497500000000000000e+04 1.126000000000000000e+03
2.530800000000000000e+04 1.191000000000000000e+03
2.564100000000000000e+04 1.180000000000000000e+03
2.597400000000000000e+04 1.270000000000000000e+03
2.630700000000000000e+04 1.291000000000000000e+03
2.664000000000000000e+04 1.406000000000000000e+03
2.697300000000000000e+04 1.423000000000000000e+03
2.730600000000000000e+04 1.564000000000000000e+03
2.763900000000000000e+04 1.534000000000000000e+03
2.797200000000000000e+04 1.639000000000000000e+03
2.830500000000000000e+04 1.744000000000000000e+03
2.863800000000000000e+04 1.891000000000000000e+03
2.897100000000000000e+04 2.028000000000000000e+03
2.930400000000000000e+04 2.037000000000000000e+03
2.963700000000000000e+04 2.046000000000000000e+03
2.997000000000000000e+04 2.174000000000000000e+03
3.030300000000000000e+04 2.277000000000000000e+03
3.063600000000000000e+04 2.389000000000000000e+03
3.096900000000000000e+04 2.459000000000000000e+03
3.130200000000000000e+04 2.475000000000000000e+03
3.163500000000000000e+04 2.497000000000000000e+03
3.196800000000000000e+04 2.568000000000000000e+03
3.230100000000000000e+04 2.623000000000000000e+03
3.263400000000000000e+04 2.668000000000000000e+03
3.296700000000000000e+04 2.852000000000000000e+03
3.330000000000000000e+04 2.951000000000000000e+03
3.363300000000000000e+04 2.941000000000000000e+03
3.396600000000000000e+04 3.006000000000000000e+03
3.429900000000000000e+04 2.977000000000000000e+03
3.463200000000000000e+04 3.021000000000000000e+03
3.496500000000000000e+04 3.062000000000000000e+03
3.529800000000000000e+04 3.231000000000000000e+03
3.563100000000000000e+04 3.160000000000000000e+03
3.596400000000000000e+04 3.162000000000000000e+03
3.629700000000000000e+04 3.274000000000000000e+03
3.663000000000000000e+04 3.176000000000000000e+03
3.696300000000000000e+04 3.125000000000000000e+03
3.729600000000000000e+04 3.334000000000000000e+03
3.762900000000000000e+04 3.229000000000000000e+03
3.796200000000000000e+04 3.334000000000000000e+03
3.829500000000000000e+04 3.357000000000000000e+03
3.862800000000000000e+04 3.235000000000000000e+03
3.896100000000000000e+04 3.214000000000000000e+03
3.929400000000000000e+04 3.301000000000000000e+03
3.962700000000000000e+04 3.311000000000000000e+03
3.996000000000000000e+04 3.429000000000000000e+03
4.029300000000000000e+04 3.384000000000000000e+03
4.062600000000000000e+04 3.405000000000000000e+03
4.095900000000000000e+04 3.359000000000000000e+03
4.129200000000000000e+04 3.340000000000000000e+03
4.162500000000000000e+04 3.377000000000000000e+03
4.195800000000000000e+04 3.232000000000000000e+03
4.229100000000000000e+04 3.249000000000000000e+03
4.262400000000000000e+04 3.208000000000000000e+03
4.295700000000000000e+04 3.134000000000000000e+03
4.329000000000000000e+04 3.112000000000000000e+03
4.362300000000000000e+04 3.151000000000000000e+03
4.395600000000000000e+04 3.151000000000000000e+03
4.428900000000000000e+04 3.138000000000000000e+03
4.462200000000000000e+04 3.033000000000000000e+03
4.495500000000000000e+04 3.047000000000000000e+03
4.528800000000000000e+04 2.968000000000000000e+03
4.562100000000000000e+04 2.974000000000000000e+03
4.595400000000000000e+04 2.931000000000000000e+03
4.628700000000000000e+04 2.809000000000000000e+03
4.662000000000000000e+04 2.909000000000000000e+03
4.695300000000000000e+04 2.781000000000000000e+03
4.728600000000000000e+04 2.749000000000000000e+03
4.761900000000000000e+04 2.641000000000000000e+03
4.795200000000000000e+04 2.545000000000000000e+03
4.828500000000000000e+04 2.583000000000000000e+03
4.861800000000000000e+04 2.427000000000000000e+03
4.895100000000000000e+04 2.374000000000000000e+03
4.928400000000000000e+04 2.276000000000000000e+03
4.961700000000000000e+04 2.252000000000000000e+03
4.995000000000000000e+04 2.155000000000000000e+03
5.028300000000000000e+04 2.120000000000000000e+03
5.061600000000000000e+04 2.001000000000000000e+03
5.094900000000000000e+04 1.950000000000000000e+03
5.128200000000000000e+04 1.848000000000000000e+03
5.161500000000000000e+04 1.748000000000000000e+03
5.194800000000000000e+04 1.674000000000000000e+03
5.228100000000000000e+04 1.557000000000000000e+03
5.261400000000000000e+04 1.502000000000000000e+03
5.294700000000000000e+04 1.528000000000000000e+03
5.328000000000000000e+04 1.360000000000000000e+03
5.361300000000000000e+04 1.301000000000000000e+03
5.394600000000000000e+04 1.237000000000000000e+03
5.427900000000000000e+04 1.144000000000000000e+03
5.461200000000000000e+04 1.206000000000000000e+03
5.494500000000000000e+04 1.103000000000000000e+03
5.527800000000000000e+04 1.031000000000000000e+03
5.561100000000000000e+04 1.012000000000000000e+03
5.594400000000000000e+04 1.008000000000000000e+03
5.627700000000000000e+04 1.047000000000000000e+03
5.661000000000000000e+04 1.058000000000000000e+03
5.694300000000000000e+04 1.081000000000000000e+03
5.727600000000000000e+04 1.095000000000000000e+03
5.760900000000000000e+04 1.069000000000000000e+03
5.794200000000000000e+04 1.144000000000000000e+03
5.827500000000000000e+04 1.070000000000000000e+03
5.860800000000000000e+04 1.100000000000000000e+03
5.894100000000000000e+04 1.154000000000000000e+03
5.927400000000000000e+04 1.288000000000000000e+03
5.960700000000000000e+04 1.326000000000000000e+03
5.994000000000000000e+04 1.350000000000000000e+03
6.027300000000000000e+04 1.394000000000000000e+03
6.060600000000000000e+04 1.449000000000000000e+03
6.093900000000000000e+04 1.520000000000000000e+03
6.127200000000000000e+04 1.695000000000000000e+03
6.160500000000000000e+04 1.665000000000000000e+03
6.193800000000000000e+04 1.783000000000000000e+03
6.227100000000000000e+04 1.917000000000000000e+03
6.260400000000000000e+04 2.044000000000000000e+03
6.293700000000000000e+04 2.165000000000000000e+03
6.327000000000000000e+04 2.151000000000000000e+03
6.360300000000000000e+04 2.358000000000000000e+03
6.393600000000000000e+04 2.315000000000000000e+03
6.426900000000000000e+04 2.427000000000000000e+03
6.460200000000000000e+04 2.463000000000000000e+03
6.493500000000000000e+04 2.614000000000000000e+03
6.526800000000000000e+04 2.632000000000000000e+03
6.560100000000000000e+04 2.720000000000000000e+03
6.593400000000000000e+04 2.808000000000000000e+03
6.626700000000000000e+04 2.893000000000000000e+03
