0.000000000000000000e+00 4.607000000000000000e+03
1.428000000000000000e+03 4.642000000000000000e+03
2.856000000000000000e+03 4.768000000000000000e+03
4.284000000000000000e+03 4.925000000000000000e+03
5.712000000000000000e+03 4.921000000000000000e+03
7.140000000000000000e+03 4.954000000000000000e+03
8.568000000000000000e+03 5.202000000000000000e+03
9.996000000000000000e+03 5.079000000000000000e+03
1.142400000000000000e+04 5.146000000000000000e+03
1.285200000000000000e+04 5.187000000000000000e+03
1.428000000000000000e+04 5.293000000000000000e+03
1.570800000000000000e+04 5.331000000000000000e+03
1.713600000000000000e+04 5.364000000000000000e+03
1.856400000000000000e+04 5.186000000000000000e+03
1.999200000000000000e+04 5.432000000000000000e+03
2.142000000000000000e+04 5.440000000000000000e+03
2.284800000000000000e+04 5.504000000000000000e+03
2.427600000000000000e+04 5.311000000000000000e+03
2.570400000000000000e+04 5.389000000000000000e+03
2.713200000000000000e+04 5.429000000000000000e+03
2.856000000000000000e+04 5.353000000000000000e+03
2.998800000000000000e+04 5.351000000000000000e+03
3.141600000000000000e+04 5.419000000000000000e+03
3.284400000000000000e+04 5.270000000000000000e+03
3.427200000000000000e+04 5.218000000000000000e+03
3.570000000000000000e+04 5.459000000000000000e+03
3.712800000000000000e+04 5.409000000000000000e+03
3.855600000000000000e+04 5.181000000000000000e+03
3.998400000000000000e+04 5.351000000000000000e+03
4.141200000000000000e+04 5.304000000000000000e+03
4.284000000000000000e+04 5.014000000000000000e+03
4.426800000000000000e+04 5.154000000000000000e+03
4.569600000000000000e+04 5.138000000000000000e+03
4.712400000000000000e+04 4.944000000000000000e+03
4.855200000000000000e+04 4.913000000000000000e+03
4.998000000000000000e+04 4.828000000000000000e+03
5.140800000000000000e+04 4.879000000000000000e+03
5.283600000000000000e+04 4.910000000000000000e+03
5.426400000000000000e+04 4.841000000000000000e+03
5.569200000000000000e+04 4.679000000000000000e+03
5.712000000000000000e+04 4.490000000000000000e+03
5.854800000000000000e+04 4.390000000000000000e+03
5.997600000000000000e+04 4.371000000000000000e+03
6.140400000000000000e+04 4.220000000000000000e+03
6.283200000000000000e+04 4.174000000000000000e+03
6.426000000000000000e+04 3.998000000000000000e+03
6.568800000000000000e+04 3.903000000000000000e+03
6.711600000000000000e+04 3.884000000000000000e+03
6.854400000000000000e+04 3.673000000000000000e+03
6.997200000000000000e+04 3.553000000000000000e+03
7.140000000000000000e+04 3.452000000000000000e+03
7.282800000000000000e+04 3.286000000000000000e+03
7.425600000000000000e+04 3.127000000000000000e+03
7.568400000000000000e+04 3.011000000000000000e+03
7.711200000000000000e+04 2.866000000000000000e+03
7.854000000000000000e+04 2.667000000000000000e+03
7.996800000000000000e+04 2.657000000000000000e+03
8.139600000000000000e+04 2.425000000000000000e+03
8.282400000000000000e+04 2.360000000000000000e+03
8.425200000000000000e+04 2.257000000000000000e+03
8.568000000000000000e+04 2.168000000000000000e+03
8.710800000000000000e+04 2.144000000000000000e+03
8.853600000000000000e+04 1.958000000000000000e+03
8.996400000000000000e+04 1.895000000000000000e+03
9.139200000000000000e+04 1.779000000000000000e+03
9.282000000000000000e+04 1.820000000000000000e+03
9.424800000000000000e+04 1.679000000000000000e+03
9.567600000000000000e+04 1.707000000000000000e+03
9.710400000000000000e+04 1.699000000000000000e+03
9.853200000000000000e+04 1.628000000000000000e+03
9.996000000000000000e+04 1.566000000000000000e+03
1.013880000000000000e+05 1.736000000000000000e+03
1.028160000000000000e+05 1.669000000000000000e+03
1.042440000000000000e+05 1.715000000000000000e+03
1.056720000000000000e+05 1.775000000000000000e+03
1.071000000000000000e+05 1.902000000000000000e+03
1.085280000000000000e+05 1.909000000000000000e+03
1.099560000000000000e+05 1.997000000000000000e+03
1.113840000000000000e+05 2.069000000000000000e+03
1.128120000000000000e+05 2.201000000000000000e+03
1.142400000000000000e+05 2.232000000000000000e+03
1.156680000000000000e+05 2.456000000000000000e+03
1.170960000000000000e+05 2.500000000000000000e+03
1.185240000000000000e+05 2.758000000000000000e+03
1.199520000000000000e+05 2.733000000000000000e+03
1.213800000000000000e+05 2.858000000000000000e+03
1.228080000000000000e+05 2.996000000000000000e+03
1.242360000000000000e+05 3.148000000000000000e+03
1.256640000000000000e+05 3.182000000000000000e+03
1.270920000000000000e+05 3.500000000000000000e+03
1.285200000000000000e+05 3.540000000000000000e+03
1.299480000000000000e+05 3.761000000000000000e+03
1.313760000000000000e+05 3.910000000000000000e+03
1.328040000000000000e+05 3.923000000000000000e+03
1.342320000000000000e+05 4.114000000000000000e+03
1.356600000000000000e+05 4.204000000000000000e+03
1.370880000000000000e+05 4.312000000000000000e+03
1.385160000000000000e+05 4.571000000000000000e+03
1.399440000000000000e+05 4.537000000000000000e+03
1.413720000000000000e+05 4.643000000000000000e+03
1.428000000000000000e+05 4.654000000000000000e+03
1.442280000000000000e+05 4.783000000000000000e+03
1.456560000000000000e+05 4.934000000000000000e+03
1.470840000000000000e+05 4.865000000000000000e+03
1.485120000000000000e+05 4.891000000000000000e+03
1.499400000000000000e+05 5.075000000000000000e+03
1.513680000000000000e+05 5.118000000000000000e+03
1.527960000000000000e+05 5.160000000000000000e+03
1.542240000000000000e+05 5.194000000000000000e+03
1.556520000000000000e+05 5.232000000000000000e+03
1.570800000000000000e+05 5.248000000000000000e+03
1.585080000000000000e+05 5.262000000000000000e+03
1.599360000000000000e+05 5.263000000000000000e+03
1.613640000000000000e+05 5.354000000000000000e+03
1.627920000000000000e+05 5.515000000000000000e+03
1.642200000000000000e+05 5.380000000000000000e+03
1.656480000000000000e+05 5.399000000000000000e+03
1.670760000000000000e+05 5.340000000000000000e+03
1.685040000000000000e+05 5.294000000000000000e+03
1.699320000000000000e+05 5.421000000000000000e+03
1.713600000000000000e+05 5.430000000000000000e+03
1.727880000000000000e+05 5.416000000000000000e+03
1.742160000000000000e+05 5.387000000000000000e+03
1.756440000000000000e+05 5.317000000000000000e+03
1.770720000000000000e+05 5.361000000000000000e+03
1.785000000000000000e+05 5.363000000000000000e+03
1.799280000000000000e+05 5.353000000000000000e+03
1.813560000000000000e+05 5.150000000000000000e+03
1.827840000000000000e+05 5.338000000000000000e+03
1.842120000000000000e+05 5.166000000000000000e+03
1.856400000000000000e+05 5.118000000000000000e+03
1.870680000000000000e+05 5.196000000000000000e+03
1.884960000000000000e+05 5.148000000000000000e+03
1.899240000000000000e+05 4.927000000000000000e+03
1.913520000000000000e+05 4.982000000000000000e+03
1.927800000000000000e+05 4.892000000000000000e+03
1.942080000000000000e+05 4.779000000000000000e+03
1.956360000000000000e+05 4.725000000000000000e+03
1.970640000000000000e+05 4.672000000000000000e+03
1.984920000000000000e+05 4.572000000000000000e+03
1.999200000000000000e+05 4.532000000000000000e+03
2.013480000000000000e+05 4.370000000000000000e+03
2.027760000000000000e+05 4.315000000000000000e+03
2.042040000000000000e+05 4.250000000000000000e+03
2.056320000000000000e+05 4.067000000000000000e+03
2.070600000000000000e+05 4.086000000000000000e+03
2.084880000000000000e+05 3.884000000000000000e+03
2.099160000000000000e+05 3.717000000000000000e+03
2.113440000000000000e+05 3.726000000000000000e+03
2.127720000000000000e+05 3.366000000000000000e+03
2.142000000000000000e+05 3.367000000000000000e+03
2.156280000000000000e+05 3.477000000000000000e+03
2.170560000000000000e+05 3.185000000000000000e+03
2.184840000000000000e+05 2.972000000000000000e+03
2.199120000000000000e+05 2.905000000000000000e+03
2.213400000000000000e+05 2.673000000000000000e+03
2.227680000000000000e+05 2.531000000000000000e+03
2.241960000000000000e+05 2.472000000000000000e+03
2.256240000000000000e+05 2.366000000000000000e+03
2.270520000000000000e+05 2.259000000000000000e+03
2.284800000000000000e+05 2.217000000000000000e+03
2.299080000000000000e+05 2.096000000000000000e+03
2.313360000000000000e+05 2.008000000000000000e+03
2.327640000000000000e+05 1.905000000000000000e+03
2.341920000000000000e+05 1.819000000000000000e+03
2.356200000000000000e+05 1.793000000000000000e+03
2.370480000000000000e+05 1.723000000000000000e+03
2.384760000000000000e+05 1.673000000000000000e+03
2.399040000000000000e+05 1.572000000000000000e+03
2.413320000000000000e+05 1.624000000000000000e+03
2.427600000000000000e+05 1.674000000000000000e+03
2.441880000000000000e+05 1.675000000000000000e+03
2.456160000000000000e+05 1.631000000000000000e+03
2.470440000000000000e+05 1.666000000000000000e+03
2.484720000000000000e+05 1.789000000000000000e+03
2.499000000000000000e+05 1.902000000000000000e+03
2.513280000000000000e+05 1.934000000000000000e+03
2.527560000000000000e+05 2.013000000000000000e+03
2.541840000000000000e+05 2.050000000000000000e+03
2.556120000000000000e+05 2.209000000000000000e+03
2.570400000000000000e+05 2.306000000000000000e+03
2.584680000000000000e+05 2.346000000000000000e+03
2.598960000000000000e+05 2.488000000000000000e+03
2.613240000000000000e+05 2.634000000000000000e+03
2.627520000000000000e+05 2.873000000000000000e+03
2.641800000000000000e+05 2.848000000000000000e+03
2.656080000000000000e+05 3.106000000000000000e+03
2.670360000000000000e+05 3.153000000000000000e+03
2.684640000000000000e+05 3.284000000000000000e+03
2.698920000000000000e+05 3.539000000000000000e+03
2.713200000000000000e+05 3.634000000000000000e+03
2.727480000000000000e+05 3.689000000000000000e+03
2.741760000000000000e+05 3.794000000000000000e+03
2.756040000000000000e+05 3.897000000000000000e+03
2.770320000000000000e+05 4.108000000000000000e+03
2.784600000000000000e+05 4.206000000000000000e+03
2.798880000000000000e+05 4.356000000000000000e+03
2.813160000000000000e+05 4.336000000000000000e+03
2.827440000000000000e+05 4.432000000000000000e+03
2.841720000000000000e+05 4.595000000000000000e+03
