0.000000000000000000e+00 4.262000000000000000e+03
2.000000000000000000e+03 4.561000000000000000e+03
4.000000000000000000e+03 4.605000000000000000e+03
6.000000000000000000e+03 4.671000000000000000e+03
8.000000000000000000e+03 4.760000000000000000e+03
1.000000000000000000e+04 4.617000000000000000e+03
1.200000000000000000e+04 4.809000000000000000e+03
1.400000000000000000e+04 4.887000000000000000e+03
1.600000000000000000e+04 4.948000000000000000e+03
1.800000000000000000e+04 4.874000000000000000e+03
2.000000000000000000e+04 5.039000000000000000e+03
2.200000000000000000e+04 4.953000000000000000e+03
2.400000000000000000e+04 5.069000000000000000e+03
2.600000000000000000e+04 5.092000000000000000e+03
2.800000000000000000e+04 5.013000000000000000e+03
3.000000000000000000e+04 5.004000000000000000e+03
3.200000000000000000e+04 4.989000000000000000e+03
3.400000000000000000e+04 5.051000000000000000e+03
3.600000000000000000e+04 5.165000000000000000e+03
3.800000000000000000e+04 5.061000000000000000e+03
4.000000000000000000e+04 5.106000000000000000e+03
4.200000000000000000e+04 5.139000000000000000e+03
4.400000000000000000e+04 5.198000000000000000e+03
4.600000000000000000e+04 5.087000000000000000e+03
4.800000000000000000e+04 4.982000000000000000e+03
5.000000000000000000e+04 5.109000000000000000e+03
5.200000000000000000e+04 5.028000000000000000e+03
5.400000000000000000e+04 4.935000000000000000e+03
5.600000000000000000e+04 4.947000000000000000e+03
5.800000000000000000e+04 4.994000000000000000e+03
6.000000000000000000e+04 5.021000000000000000e+03
6.200000000000000000e+04 4.845000000000000000e+03
6.400000000000000000e+04 4.897000000000000000e+03
6.600000000000000000e+04 4.826000000000000000e+03
6.800000000000000000e+04 4.773000000000000000e+03
7.000000000000000000e+04 4.637000000000000000e+03
7.200000000000000000e+04 4.627000000000000000e+03
7.400000000000000000e+04 4.583000000000000000e+03
7.600000000000000000e+04 4.404000000000000000e+03
7.800000000000000000e+04 4.328000000000000000e+03
8.000000000000000000e+04 4.360000000000000000e+03
8.200000000000000000e+04 4.186000000000000000e+03
8.400000000000000000e+04 4.111000000000000000e+03
8.600000000000000000e+04 3.970000000000000000e+03
8.800000000000000000e+04 3.922000000000000000e+03
9.000000000000000000e+04 3.861000000000000000e+03
9.200000000000000000e+04 3.658000000000000000e+03
9.400000000000000000e+04 3.584000000000000000e+03
9.600000000000000000e+04 3.424000000000000000e+03
9.800000000000000000e+04 3.268000000000000000e+03
1.000000000000000000e+05 3.183000000000000000e+03
1.020000000000000000e+05 3.042000000000000000e+03
1.040000000000000000e+05 2.877000000000000000e+03
1.060000000000000000e+05 2.807000000000000000e+03
1.080000000000000000e+05 2.783000000000000000e+03
1.100000000000000000e+05 2.584000000000000000e+03
1.120000000000000000e+05 2.407000000000000000e+03
1.140000000000000000e+05 2.328000000000000000e+03
1.160000000000000000e+05 2.200000000000000000e+03
1.180000000000000000e+05 2.128000000000000000e+03
1.200000000000000000e+05 2.009000000000000000e+03
1.220000000000000000e+05 1.878000000000000000e+03
1.240000000000000000e+05 1.823000000000000000e+03
1.260000000000000000e+05 1.713000000000000000e+03
1.280000000000000000e+05 1.609000000000000000e+03
1.300000000000000000e+05 1.661000000000000000e+03
1.320000000000000000e+05 1.569000000000000000e+03
1.340000000000000000e+05 1.514000000000000000e+03
1.360000000000000000e+05 1.588000000000000000e+03
1.380000000000000000e+05 1.532000000000000000e+03
1.400000000000000000e+05 1.462000000000000000e+03
1.420000000000000000e+05 1.555000000000000000e+03
1.440000000000000000e+05 1.589000000000000000e+03
1.460000000000000000e+05 1.559000000000000000e+03
1.480000000000000000e+05 1.659000000000000000e+03
1.500000000000000000e+05 1.764000000000000000e+03
1.520000000000000000e+05 1.778000000000000000e+03
1.540000000000000000e+05 1.815000000000000000e+03
1.560000000000000000e+05 1.928000000000000000e+03
1.580000000000000000e+05 2.045000000000000000e+03
1.600000000000000000e+05 2.222000000000000000e+03
1.620000000000000000e+05 2.185000000000000000e+03
1.640000000000000000e+05 2.404000000000000000e+03
1.660000000000000000e+05 2.396000000000000000e+03
1.680000000000000000e+05 2.575000000000000000e+03
1.700000000000000000e+05 2.813000000000000000e+03
1.720000000000000000e+05 2.878000000000000000e+03
1.740000000000000000e+05 3.027000000000000000e+03
1.760000000000000000e+05 3.232000000000000000e+03
1.780000000000000000e+05 3.279000000000000000e+03
1.800000000000000000e+05 3.394000000000000000e+03
1.820000000000000000e+05 3.662000000000000000e+03
1.840000000000000000e+05 3.614000000000000000e+03
1.860000000000000000e+05 3.777000000000000000e+03
1.880000000000000000e+05 3.845000000000000000e+03
1.900000000000000000e+05 3.928000000000000000e+03
1.920000000000000000e+05 4.012000000000000000e+03
1.940000000000000000e+05 4.215000000000000000e+03
1.960000000000000000e+05 4.288000000000000000e+03
1.980000000000000000e+05 4.187000000000000000e+03
2.000000000000000000e+05 4.274000000000000000e+03
2.020000000000000000e+05 4.439000000000000000e+03
2.040000000000000000e+05 4.592000000000000000e+03
2.060000000000000000e+05 4.793000000000000000e+03
2.080000000000000000e+05 4.695000000000000000e+03
2.100000000000000000e+05 4.892000000000000000e+03
2.120000000000000000e+05 4.679000000000000000e+03
2.140000000000000000e+05 4.913000000000000000e+03
2.160000000000000000e+05 4.908000000000000000e+03
2.180000000000000000e+05 4.849000000000000000e+03
2.200000000000000000e+05 4.912000000000000000e+03
2.220000000000000000e+05 4.977000000000000000e+03
2.240000000000000000e+05 4.931000000000000000e+03
2.260000000000000000e+05 5.068000000000000000e+03
2.280000000000000000e+05 5.030000000000000000e+03
2.300000000000000000e+05 4.964000000000000000e+03
2.320000000000000000e+05 5.183000000000000000e+03
2.340000000000000000e+05 5.108000000000000000e+03
2.360000000000000000e+05 4.994000000000000000e+03
2.380000000000000000e+05 5.064000000000000000e+03
2.400000000000000000e+05 5.062000000000000000e+03
2.420000000000000000e+05 5.143000000000000000e+03
2.440000000000000000e+05 5.192000000000000000e+03
2.460000000000000000e+05 5.110000000000000000e+03
2.480000000000000000e+05 5.143000000000000000e+03
2.500000000000000000e+05 5.050000000000000000e+03
2.520000000000000000e+05 5.084000000000000000e+03
2.540000000000000000e+05 4.841000000000000000e+03
2.560000000000000000e+05 5.084000000000000000e+03
2.580000000000000000e+05 4.941000000000000000e+03
2.600000000000000000e+05 4.899000000000000000e+03
2.620000000000000000e+05 4.850000000000000000e+03
2.640000000000000000e+05 4.868000000000000000e+03
2.660000000000000000e+05 4.793000000000000000e+03
2.680000000000000000e+05 4.681000000000000000e+03
2.700000000000000000e+05 4.566000000000000000e+03
2.720000000000000000e+05 4.521000000000000000e+03
2.740000000000000000e+05 4.607000000000000000e+03
2.760000000000000000e+05 4.392000000000000000e+03
2.780000000000000000e+05 4.345000000000000000e+03
2.800000000000000000e+05 4.308000000000000000e+03
2.820000000000000000e+05 4.154000000000000000e+03
2.840000000000000000e+05 4.161000000000000000e+03
2.860000000000000000e+05 3.964000000000000000e+03
2.880000000000000000e+05 3.968000000000000000e+03
2.900000000000000000e+05 3.821000000000000000e+03
2.920000000000000000e+05 3.800000000000000000e+03
2.940000000000000000e+05 3.543000000000000000e+03
2.960000000000000000e+05 3.359000000000000000e+03
2.980000000000000000e+05 3.331000000000000000e+03
3.000000000000000000e+05 3.283000000000000000e+03
3.020000000000000000e+05 3.117000000000000000e+03
3.040000000000000000e+05 3.001000000000000000e+03
3.060000000000000000e+05 2.806000000000000000e+03
3.080000000000000000e+05 2.787000000000000000e+03
3.100000000000000000e+05 2.571000000000000000e+03
3.120000000000000000e+05 2.471000000000000000e+03
3.140000000000000000e+05 2.316000000000000000e+03
3.160000000000000000e+05 2.124000000000000000e+03
3.180000000000000000e+05 2.154000000000000000e+03
3.200000000000000000e+05 2.035000000000000000e+03
3.220000000000000000e+05 1.924000000000000000e+03
3.240000000000000000e+05 1.866000000000000000e+03
3.260000000000000000e+05 1.782000000000000000e+03
3.280000000000000000e+05 1.697000000000000000e+03
3.300000000000000000e+05 1.639000000000000000e+03
3.320000000000000000e+05 1.655000000000000000e+03
3.340000000000000000e+05 1.557000000000000000e+03
3.360000000000000000e+05 1.603000000000000000e+03
3.380000000000000000e+05 1.584000000000000000e+03
3.400000000000000000e+05 1.554000000000000000e+03
3.420000000000000000e+05 1.512000000000000000e+03
3.440000000000000000e+05 1.600000000000000000e+03
3.460000000000000000e+05 1.632000000000000000e+03
3.480000000000000000e+05 1.703000000000000000e+03
3.500000000000000000e+05 1.693000000000000000e+03
3.520000000000000000e+05 1.738000000000000000e+03
3.540000000000000000e+05 1.864000000000000000e+03
3.560000000000000000e+05 1.943000000000000000e+03
3.580000000000000000e+05 2.029000000000000000e+03
3.600000000000000000e+05 2.154000000000000000e+03
3.620000000000000000e+05 2.183000000000000000e+03
3.640000000000000000e+05 2.353000000000000000e+03
3.660000000000000000e+05 2.462000000000000000e+03
3.680000000000000000e+05 2.633000000000000000e+03
3.700000000000000000e+05 2.780000000000000000e+03
3.720000000000000000e+05 2.882000000000000000e+03
3.740000000000000000e+05 3.050000000000000000e+03
3.760000000000000000e+05 3.142000000000000000e+03
3.780000000000000000e+05 3.158000000000000000e+03
3.800000000000000000e+05 3.320000000000000000e+03
3.820000000000000000e+05 3.535000000000000000e+03
3.840000000000000000e+05 3.576000000000000000e+03
3.860000000000000000e+05 3.704000000000000000e+03
3.880000000000000000e+05 3.839000000000000000e+03
3.900000000000000000e+05 3.923000000000000000e+03
3.920000000000000000e+05 4.061000000000000000e+03
3.940000000000000000e+05 4.182000000000000000e+03
3.960000000000000000e+05 4.346000000000000000e+03
3.980000000000000000e+05 4.325000000000000000e+03
