0.000000000000000000e+00 6.251000000000000000e+03
3.333000000000000000e+03 6.310000000000000000e+03
6.666000000000000000e+03 6.393000000000000000e+03
9.999000000000000000e+03 6.576000000000000000e+03
1.333200000000000000e+04 6.550000000000000000e+03
1.666500000000000000e+04 6.652000000000000000e+03
1.999800000000000000e+04 6.796000000000000000e+03
2.333100000000000000e+04 6.649000000000000000e+03
2.666400000000000000e+04 6.929000000000000000e+03
2.999700000000000000e+04 6.928000000000000000e+03
3.333000000000000000e+04 6.880000000000000000e+03
3.666300000000000000e+04 6.991000000000000000e+03
3.999600000000000000e+04 7.134000000000000000e+03
4.332900000000000000e+04 6.991000000000000000e+03
4.666200000000000000e+04 7.172000000000000000e+03
4.999500000000000000e+04 7.163000000000000000e+03
5.332800000000000000e+04 7.230000000000000000e+03
5.666100000000000000e+04 6.999000000000000000e+03
5.999400000000000000e+04 7.295000000000000000e+03
6.332700000000000000e+04 7.266000000000000000e+03
6.666000000000000000e+04 7.055000000000000000e+03
6.999300000000000000e+04 7.226000000000000000e+03
7.332600000000000000e+04 6.966000000000000000e+03
7.665900000000000000e+04 7.140000000000000000e+03
7.999200000000000000e+04 7.241000000000000000e+03
8.332500000000000000e+04 7.092000000000000000e+03
8.665800000000000000e+04 6.995000000000000000e+03
8.999100000000000000e+04 7.003000000000000000e+03
9.332400000000000000e+04 7.019000000000000000e+03
9.665700000000000000e+04 6.976000000000000000e+03
9.999000000000000000e+04 7.086000000000000000e+03
1.033230000000000000e+05 6.920000000000000000e+03
1.066560000000000000e+05 6.804000000000000000e+03
1.099890000000000000e+05 6.796000000000000000e+03
1.133220000000000000e+05 6.735000000000000000e+03
1.166550000000000000e+05 6.577000000000000000e+03
1.199880000000000000e+05 6.550000000000000000e+03
1.233210000000000000e+05 6.428000000000000000e+03
1.266540000000000000e+05 6.244000000000000000e+03
1.299870000000000000e+05 6.207000000000000000e+03
1.333200000000000000e+05 6.033000000000000000e+03
1.366530000000000000e+05 6.041000000000000000e+03
1.399860000000000000e+05 5.730000000000000000e+03
1.433190000000000000e+05 5.681000000000000000e+03
1.466520000000000000e+05 5.450000000000000000e+03
1.499850000000000000e+05 5.354000000000000000e+03
1.533180000000000000e+05 5.153000000000000000e+03
1.566510000000000000e+05 4.900000000000000000e+03
1.599840000000000000e+05 4.786000000000000000e+03
1.633170000000000000e+05 4.686000000000000000e+03
1.666500000000000000e+05 4.498000000000000000e+03
1.699830000000000000e+05 4.318000000000000000e+03
1.733160000000000000e+05 4.215000000000000000e+03
1.766490000000000000e+05 3.996000000000000000e+03
1.799820000000000000e+05 3.869000000000000000e+03
1.833150000000000000e+05 3.742000000000000000e+03
1.866480000000000000e+05 3.490000000000000000e+03
1.899810000000000000e+05 3.333000000000000000e+03
1.933140000000000000e+05 3.198000000000000000e+03
1.966470000000000000e+05 2.955000000000000000e+03
1.999800000000000000e+05 2.899000000000000000e+03
2.033130000000000000e+05 2.680000000000000000e+03
2.066460000000000000e+05 2.594000000000000000e+03
2.099790000000000000e+05 2.541000000000000000e+03
2.133120000000000000e+05 2.392000000000000000e+03
2.166450000000000000e+05 2.370000000000000000e+03
2.199780000000000000e+05 2.283000000000000000e+03
2.233110000000000000e+05 2.295000000000000000e+03
2.266440000000000000e+05 2.202000000000000000e+03
2.299770000000000000e+05 2.224000000000000000e+03
2.333100000000000000e+05 2.198000000000000000e+03
2.366430000000000000e+05 2.270000000000000000e+03
2.399760000000000000e+05 2.205000000000000000e+03
2.433090000000000000e+05 2.447000000000000000e+03
2.466420000000000000e+05 2.405000000000000000e+03
2.499750000000000000e+05 2.407000000000000000e+03
2.533080000000000000e+05 2.650000000000000000e+03
2.566410000000000000e+05 2.673000000000000000e+03
2.599740000000000000e+05 2.742000000000000000e+03
2.633070000000000000e+05 2.978000000000000000e+03
2.666400000000000000e+05 3.116000000000000000e+03
2.699730000000000000e+05 3.209000000000000000e+03
2.733060000000000000e+05 3.461000000000000000e+03
2.766390000000000000e+05 3.564000000000000000e+03
2.799720000000000000e+05 3.672000000000000000e+03
2.833050000000000000e+05 3.895000000000000000e+03
2.866380000000000000e+05 4.150000000000000000e+03
2.899710000000000000e+05 4.321000000000000000e+03
2.933040000000000000e+05 4.572000000000000000e+03
2.966370000000000000e+05 4.620000000000000000e+03
2.999700000000000000e+05 4.742000000000000000e+03
3.033030000000000000e+05 4.872000000000000000e+03
3.066360000000000000e+05 5.033000000000000000e+03
3.099690000000000000e+05 5.335000000000000000e+03
3.133020000000000000e+05 5.539000000000000000e+03
3.166350000000000000e+05 5.557000000000000000e+03
3.199680000000000000e+05 5.836000000000000000e+03
3.233010000000000000e+05 5.776000000000000000e+03
3.266340000000000000e+05 6.037000000000000000e+03
3.299670000000000000e+05 6.032000000000000000e+03
3.333000000000000000e+05 6.303000000000000000e+03
3.366330000000000000e+05 6.340000000000000000e+03
3.399660000000000000e+05 6.455000000000000000e+03
3.432990000000000000e+05 6.541000000000000000e+03
3.466320000000000000e+05 6.592000000000000000e+03
3.499650000000000000e+05 6.650000000000000000e+03
3.532980000000000000e+05 6.811000000000000000e+03
3.566310000000000000e+05 6.827000000000000000e+03
3.599640000000000000e+05 6.982000000000000000e+03
3.632970000000000000e+05 7.056000000000000000e+03
3.666300000000000000e+05 6.955000000000000000e+03
3.699630000000000000e+05 6.997000000000000000e+03
3.732960000000000000e+05 6.851000000000000000e+03
3.766290000000000000e+05 7.142000000000000000e+03
3.799620000000000000e+05 7.166000000000000000e+03
3.832950000000000000e+05 7.145000000000000000e+03
3.866280000000000000e+05 7.243000000000000000e+03
3.899610000000000000e+05 7.037000000000000000e+03
3.932940000000000000e+05 7.351000000000000000e+03
3.966270000000000000e+05 7.168000000000000000e+03
3.999600000000000000e+05 7.230000000000000000e+03
4.032930000000000000e+05 6.856000000000000000e+03
4.066260000000000000e+05 7.082000000000000000e+03
4.099590000000000000e+05 7.160000000000000000e+03
4.132920000000000000e+05 7.226000000000000000e+03
4.166250000000000000e+05 7.099000000000000000e+03
4.199580000000000000e+05 7.017000000000000000e+03
4.232910000000000000e+05 7.112000000000000000e+03
4.266240000000000000e+05 6.930000000000000000e+03
4.299570000000000000e+05 7.111000000000000000e+03
4.332900000000000000e+05 7.103000000000000000e+03
4.366230000000000000e+05 6.975000000000000000e+03
4.399560000000000000e+05 6.619000000000000000e+03
4.432890000000000000e+05 6.676000000000000000e+03
4.466220000000000000e+05 6.752000000000000000e+03
4.499550000000000000e+05 6.679000000000000000e+03
4.532880000000000000e+05 6.558000000000000000e+03
4.566210000000000000e+05 6.294000000000000000e+03
4.599540000000000000e+05 6.341000000000000000e+03
4.632870000000000000e+05 6.132000000000000000e+03
4.666200000000000000e+05 5.855000000000000000e+03
4.699530000000000000e+05 5.852000000000000000e+03
4.732860000000000000e+05 5.768000000000000000e+03
4.766190000000000000e+05 5.513000000000000000e+03
4.799520000000000000e+05 5.411000000000000000e+03
4.832850000000000000e+05 5.349000000000000000e+03
4.866180000000000000e+05 5.087000000000000000e+03
4.899510000000000000e+05 5.015000000000000000e+03
4.932840000000000000e+05 4.843000000000000000e+03
4.966170000000000000e+05 4.791000000000000000e+03
4.999500000000000000e+05 4.447000000000000000e+03
5.032830000000000000e+05 4.214000000000000000e+03
5.066160000000000000e+05 4.184000000000000000e+03
5.099490000000000000e+05 4.138000000000000000e+03
5.132820000000000000e+05 3.803000000000000000e+03
5.166150000000000000e+05 3.722000000000000000e+03
5.199480000000000000e+05 3.547000000000000000e+03
5.232810000000000000e+05 3.299000000000000000e+03
5.266140000000000000e+05 3.058000000000000000e+03
5.299470000000000000e+05 3.055000000000000000e+03
5.332800000000000000e+05 2.829000000000000000e+03
5.366130000000000000e+05 2.776000000000000000e+03
5.399460000000000000e+05 2.604000000000000000e+03
5.432790000000000000e+05 2.497000000000000000e+03
5.466120000000000000e+05 2.421000000000000000e+03
5.499450000000000000e+05 2.334000000000000000e+03
5.532780000000000000e+05 2.222000000000000000e+03
5.566110000000000000e+05 2.245000000000000000e+03
5.599440000000000000e+05 2.362000000000000000e+03
5.632770000000000000e+05 2.153000000000000000e+03
5.666100000000000000e+05 2.096000000000000000e+03
5.699430000000000000e+05 2.203000000000000000e+03
5.732760000000000000e+05 2.194000000000000000e+03
5.766090000000000000e+05 2.322000000000000000e+03
5.799420000000000000e+05 2.450000000000000000e+03
5.832750000000000000e+05 2.436000000000000000e+03
5.866080000000000000e+05 2.535000000000000000e+03
5.899410000000000000e+05 2.645000000000000000e+03
5.932740000000000000e+05 2.834000000000000000e+03
5.966070000000000000e+05 2.826000000000000000e+03
5.999400000000000000e+05 3.024000000000000000e+03
6.032730000000000000e+05 3.189000000000000000e+03
6.066060000000000000e+05 3.336000000000000000e+03
6.099390000000000000e+05 3.572000000000000000e+03
6.132720000000000000e+05 3.798000000000000000e+03
6.166050000000000000e+05 3.918000000000000000e+03
6.199380000000000000e+05 4.026000000000000000e+03
6.232710000000000000e+05 4.253000000000000000e+03
6.266040000000000000e+05 4.535000000000000000e+03
6.299370000000000000e+05 4.594000000000000000e+03
6.332700000000000000e+05 4.817000000000000000e+03
6.366030000000000000e+05 4.994000000000000000e+03
6.399360000000000000e+05 5.123000000000000000e+03
6.432690000000000000e+05 5.478000000000000000e+03
6.466020000000000000e+05 5.475000000000000000e+03
6.499350000000000000e+05 5.532000000000000000e+03
6.532680000000000000e+05 5.754000000000000000e+03
6.566010000000000000e+05 5.807000000000000000e+03
6.599340000000000000e+05 6.275000000000000000e+03
6.632670000000000000e+05 6.040000000000000000e+03
