0.000000000000000000e+00 2.696000000000000000e+03
2.000000000000000000e+01 2.939000000000000000e+03
4.000000000000000000e+01 2.907000000000000000e+03
6.000000000000000000e+01 2.982000000000000000e+03
8.000000000000000000e+01 3.073000000000000000e+03
1.000000000000000000e+02 3.192000000000000000e+03
1.200000000000000000e+02 3.082000000000000000e+03
1.400000000000000000e+02 3.369000000000000000e+03
1.600000000000000000e+02 3.270000000000000000e+03
1.800000000000000000e+02 3.447000000000000000e+03
2.000000000000000000e+02 3.481000000000000000e+03
2.200000000000000000e+02 3.567000000000000000e+03
2.400000000000000000e+02 3.455000000000000000e+03
2.600000000000000000e+02 3.517000000000000000e+03
2.800000000000000000e+02 3.571000000000000000e+03
3.000000000000000000e+02 3.520000000000000000e+03
3.200000000000000000e+02 3.754000000000000000e+03
3.400000000000000000e+02 3.627000000000000000e+03
3.600000000000000000e+02 3.720000000000000000e+03
3.800000000000000000e+02 3.758000000000000000e+03
4.000000000000000000e+02 3.656000000000000000e+03
4.200000000000000000e+02 3.758000000000000000e+03
4.400000000000000000e+02 3.818000000000000000e+03
4.600000000000000000e+02 3.846000000000000000e+03
4.800000000000000000e+02 3.799000000000000000e+03
5.000000000000000000e+02 3.836000000000000000e+03
5.200000000000000000e+02 3.663000000000000000e+03
5.400000000000000000e+02 3.875000000000000000e+03
5.600000000000000000e+02 3.851000000000000000e+03
5.800000000000000000e+02 3.784000000000000000e+03
6.000000000000000000e+02 3.831000000000000000e+03
6.200000000000000000e+02 3.754000000000000000e+03
6.400000000000000000e+02 3.714000000000000000e+03
6.600000000000000000e+02 3.803000000000000000e+03
6.800000000000000000e+02 3.747000000000000000e+03
7.000000000000000000e+02 3.743000000000000000e+03
7.200000000000000000e+02 3.708000000000000000e+03
7.400000000000000000e+02 3.759000000000000000e+03
7.600000000000000000e+02 3.614000000000000000e+03
7.800000000000000000e+02 3.649000000000000000e+03
8.000000000000000000e+02 3.608000000000000000e+03
8.200000000000000000e+02 3.558000000000000000e+03
8.400000000000000000e+02 3.523000000000000000e+03
8.600000000000000000e+02 3.451000000000000000e+03
8.800000000000000000e+02 3.374000000000000000e+03
9.000000000000000000e+02 3.232000000000000000e+03
9.200000000000000000e+02 3.302000000000000000e+03
9.400000000000000000e+02 3.140000000000000000e+03
9.600000000000000000e+02 3.137000000000000000e+03
9.800000000000000000e+02 3.098000000000000000e+03
1.000000000000000000e+03 2.993000000000000000e+03
1.020000000000000000e+03 2.912000000000000000e+03
1.040000000000000000e+03 2.873000000000000000e+03
1.060000000000000000e+03 2.735000000000000000e+03
1.080000000000000000e+03 2.748000000000000000e+03
1.100000000000000000e+03 2.656000000000000000e+03
1.120000000000000000e+03 2.529000000000000000e+03
1.140000000000000000e+03 2.523000000000000000e+03
1.160000000000000000e+03 2.418000000000000000e+03
1.180000000000000000e+03 2.349000000000000000e+03
1.200000000000000000e+03 2.308000000000000000e+03
1.220000000000000000e+03 2.093000000000000000e+03
1.240000000000000000e+03 2.146000000000000000e+03
1.260000000000000000e+03 2.135000000000000000e+03
1.280000000000000000e+03 2.006000000000000000e+03
1.300000000000000000e+03 1.947000000000000000e+03
1.320000000000000000e+03 1.889000000000000000e+03
1.340000000000000000e+03 1.878000000000000000e+03
1.360000000000000000e+03 1.778000000000000000e+03
1.380000000000000000e+03 1.710000000000000000e+03
1.400000000000000000e+03 1.759000000000000000e+03
1.420000000000000000e+03 1.648000000000000000e+03
1.440000000000000000e+03 1.624000000000000000e+03
1.460000000000000000e+03 1.664000000000000000e+03
1.480000000000000000e+03 1.606000000000000000e+03
1.500000000000000000e+03 1.494000000000000000e+03
1.520000000000000000e+03 1.547000000000000000e+03
1.540000000000000000e+03 1.550000000000000000e+03
1.560000000000000000e+03 1.602000000000000000e+03
1.580000000000000000e+03 1.535000000000000000e+03
1.600000000000000000e+03 1.465000000000000000e+03
1.620000000000000000e+03 1.535000000000000000e+03
1.640000000000000000e+03 1.602000000000000000e+03
1.660000000000000000e+03 1.552000000000000000e+03
1.680000000000000000e+03 1.633000000000000000e+03
1.700000000000000000e+03 1.617000000000000000e+03
1.720000000000000000e+03 1.665000000000000000e+03
1.740000000000000000e+03 1.759000000000000000e+03
1.760000000000000000e+03 1.852000000000000000e+03
1.780000000000000000e+03 1.902000000000000000e+03
1.800000000000000000e+03 2.020000000000000000e+03
1.820000000000000000e+03 1.999000000000000000e+03
1.840000000000000000e+03 2.107000000000000000e+03
1.860000000000000000e+03 2.200000000000000000e+03
1.880000000000000000e+03 2.299000000000000000e+03
1.900000000000000000e+03 2.420000000000000000e+03
1.920000000000000000e+03 2.433000000000000000e+03
1.940000000000000000e+03 2.624000000000000000e+03
1.960000000000000000e+03 2.656000000000000000e+03
1.980000000000000000e+03 2.610000000000000000e+03
2.000000000000000000e+03 2.714000000000000000e+03
2.020000000000000000e+03 2.784000000000000000e+03
2.040000000000000000e+03 2.928000000000000000e+03
2.060000000000000000e+03 3.029000000000000000e+03
2.080000000000000000e+03 2.997000000000000000e+03
2.100000000000000000e+03 3.126000000000000000e+03
2.120000000000000000e+03 3.140000000000000000e+03
2.140000000000000000e+03 3.218000000000000000e+03
2.160000000000000000e+03 3.306000000000000000e+03
2.180000000000000000e+03 3.455000000000000000e+03
2.200000000000000000e+03 3.341000000000000000e+03
2.220000000000000000e+03 3.438000000000000000e+03
2.240000000000000000e+03 3.474000000000000000e+03
2.260000000000000000e+03 3.490000000000000000e+03
2.280000000000000000e+03 3.637000000000000000e+03
2.300000000000000000e+03 3.626000000000000000e+03
2.320000000000000000e+03 3.633000000000000000e+03
2.340000000000000000e+03 3.671000000000000000e+03
2.360000000000000000e+03 3.568000000000000000e+03
2.380000000000000000e+03 3.824000000000000000e+03
2.400000000000000000e+03 3.688000000000000000e+03
2.420000000000000000e+03 3.630000000000000000e+03
2.440000000000000000e+03 3.778000000000000000e+03
2.460000000000000000e+03 3.726000000000000000e+03
2.480000000000000000e+03 3.813000000000000000e+03
2.500000000000000000e+03 3.867000000000000000e+03
2.520000000000000000e+03 3.739000000000000000e+03
2.540000000000000000e+03 3.721000000000000000e+03
2.560000000000000000e+03 3.771000000000000000e+03
2.580000000000000000e+03 3.725000000000000000e+03
2.600000000000000000e+03 3.723000000000000000e+03
2.620000000000000000e+03 3.730000000000000000e+03
2.640000000000000000e+03 3.884000000000000000e+03
2.660000000000000000e+03 3.800000000000000000e+03
2.680000000000000000e+03 3.806000000000000000e+03
2.700000000000000000e+03 3.879000000000000000e+03
2.720000000000000000e+03 3.672000000000000000e+03
2.740000000000000000e+03 3.591000000000000000e+03
2.760000000000000000e+03 3.520000000000000000e+03
2.780000000000000000e+03 3.585000000000000000e+03
2.800000000000000000e+03 3.648000000000000000e+03
2.820000000000000000e+03 3.491000000000000000e+03
2.840000000000000000e+03 3.416000000000000000e+03
2.860000000000000000e+03 3.332000000000000000e+03
2.880000000000000000e+03 3.389000000000000000e+03
2.900000000000000000e+03 3.296000000000000000e+03
2.920000000000000000e+03 3.178000000000000000e+03
2.940000000000000000e+03 3.139000000000000000e+03
2.960000000000000000e+03 3.189000000000000000e+03
2.980000000000000000e+03 3.087000000000000000e+03
3.000000000000000000e+03 2.986000000000000000e+03
3.020000000000000000e+03 2.878000000000000000e+03
3.040000000000000000e+03 2.874000000000000000e+03
3.060000000000000000e+03 2.749000000000000000e+03
3.080000000000000000e+03 2.697000000000000000e+03
3.100000000000000000e+03 2.693000000000000000e+03
3.120000000000000000e+03 2.505000000000000000e+03
3.140000000000000000e+03 2.420000000000000000e+03
3.160000000000000000e+03 2.353000000000000000e+03
3.180000000000000000e+03 2.365000000000000000e+03
3.200000000000000000e+03 2.202000000000000000e+03
3.220000000000000000e+03 2.191000000000000000e+03
3.240000000000000000e+03 2.160000000000000000e+03
3.260000000000000000e+03 2.133000000000000000e+03
3.280000000000000000e+03 2.009000000000000000e+03
3.300000000000000000e+03 1.923000000000000000e+03
3.320000000000000000e+03 1.947000000000000000e+03
3.340000000000000000e+03 1.894000000000000000e+03
3.360000000000000000e+03 1.850000000000000000e+03
3.380000000000000000e+03 1.730000000000000000e+03
3.400000000000000000e+03 1.607000000000000000e+03
3.420000000000000000e+03 1.683000000000000000e+03
3.440000000000000000e+03 1.612000000000000000e+03
3.460000000000000000e+03 1.578000000000000000e+03
3.480000000000000000e+03 1.585000000000000000e+03
3.500000000000000000e+03 1.518000000000000000e+03
3.520000000000000000e+03 1.502000000000000000e+03
3.540000000000000000e+03 1.594000000000000000e+03
3.560000000000000000e+03 1.545000000000000000e+03
3.580000000000000000e+03 1.577000000000000000e+03
3.600000000000000000e+03 1.577000000000000000e+03
3.620000000000000000e+03 1.563000000000000000e+03
3.640000000000000000e+03 1.560000000000000000e+03
3.660000000000000000e+03 1.556000000000000000e+03
3.680000000000000000e+03 1.607000000000000000e+03
3.700000000000000000e+03 1.707000000000000000e+03
3.720000000000000000e+03 1.743000000000000000e+03
3.740000000000000000e+03 1.720000000000000000e+03
3.760000000000000000e+03 1.844000000000000000e+03
3.780000000000000000e+03 1.848000000000000000e+03
3.800000000000000000e+03 1.954000000000000000e+03
3.820000000000000000e+03 2.054000000000000000e+03
3.840000000000000000e+03 2.076000000000000000e+03
3.860000000000000000e+03 2.236000000000000000e+03
3.880000000000000000e+03 2.302000000000000000e+03
3.900000000000000000e+03 2.304000000000000000e+03
3.920000000000000000e+03 2.519000000000000000e+03
3.940000000000000000e+03 2.496000000000000000e+03
3.960000000000000000e+03 2.577000000000000000e+03
3.980000000000000000e+03 2.642000000000000000e+03
