0.000000000000000000e+00 3.281000000000000000e+03
1.000000000000000000e+04 3.150000000000000000e+03
2.000000000000000000e+04 3.115000000000000000e+03
3.000000000000000000e+04 3.160000000000000000e+03
4.000000000000000000e+04 3.058000000000000000e+03
5.000000000000000000e+04 3.102000000000000000e+03
6.000000000000000000e+04 3.134000000000000000e+03
7.000000000000000000e+04 3.245000000000000000e+03
8.000000000000000000e+04 3.243000000000000000e+03
9.000000000000000000e+04 3.160000000000000000e+03
1.000000000000000000e+05 3.291000000000000000e+03
1.100000000000000000e+05 3.318000000000000000e+03
1.200000000000000000e+05 3.274000000000000000e+03
1.300000000000000000e+05 3.276000000000000000e+03
1.400000000000000000e+05 3.329000000000000000e+03
1.500000000000000000e+05 3.354000000000000000e+03
1.600000000000000000e+05 3.363000000000000000e+03
1.700000000000000000e+05 3.207000000000000000e+03
1.800000000000000000e+05 3.308000000000000000e+03
1.900000000000000000e+05 3.406000000000000000e+03
2.000000000000000000e+05 3.363000000000000000e+03
2.100000000000000000e+05 3.386000000000000000e+03
2.200000000000000000e+05 3.334000000000000000e+03
2.300000000000000000e+05 3.310000000000000000e+03
2.400000000000000000e+05 3.280000000000000000e+03
2.500000000000000000e+05 3.327000000000000000e+03
2.600000000000000000e+05 3.360000000000000000e+03
2.700000000000000000e+05 3.250000000000000000e+03
2.800000000000000000e+05 3.212000000000000000e+03
2.900000000000000000e+05 3.343000000000000000e+03
3.000000000000000000e+05 3.097000000000000000e+03
3.100000000000000000e+05 3.144000000000000000e+03
3.200000000000000000e+05 3.199000000000000000e+03
3.300000000000000000e+05 3.020000000000000000e+03
3.400000000000000000e+05 3.054000000000000000e+03
3.500000000000000000e+05 2.954000000000000000e+03
3.600000000000000000e+05 3.025000000000000000e+03
3.700000000000000000e+05 2.932000000000000000e+03
3.800000000000000000e+05 2.665000000000000000e+03
3.900000000000000000e+05 2.752000000000000000e+03
4.000000000000000000e+05 2.687000000000000000e+03
4.100000000000000000e+05 2.644000000000000000e+03
4.200000000000000000e+05 2.520000000000000000e+03
4.300000000000000000e+05 2.368000000000000000e+03
4.400000000000000000e+05 2.363000000000000000e+03
4.500000000000000000e+05 2.313000000000000000e+03
4.600000000000000000e+05 2.207000000000000000e+03
4.700000000000000000e+05 2.199000000000000000e+03
4.800000000000000000e+05 1.975000000000000000e+03
4.900000000000000000e+05 1.955000000000000000e+03
5.000000000000000000e+05 1.863000000000000000e+03
5.100000000000000000e+05 1.722000000000000000e+03
5.200000000000000000e+05 1.689000000000000000e+03
5.300000000000000000e+05 1.675000000000000000e+03
5.400000000000000000e+05 1.429000000000000000e+03
5.500000000000000000e+05 1.386000000000000000e+03
5.600000000000000000e+05 1.235000000000000000e+03
5.700000000000000000e+05 1.276000000000000000e+03
5.800000000000000000e+05 1.169000000000000000e+03
5.900000000000000000e+05 1.055000000000000000e+03
6.000000000000000000e+05 1.034000000000000000e+03
6.100000000000000000e+05 1.022000000000000000e+03
6.200000000000000000e+05 9.320000000000000000e+02
6.300000000000000000e+05 8.420000000000000000e+02
6.400000000000000000e+05 8.290000000000000000e+02
6.500000000000000000e+05 7.360000000000000000e+02
6.600000000000000000e+05 7.410000000000000000e+02
6.700000000000000000e+05 7.750000000000000000e+02
6.800000000000000000e+05 6.790000000000000000e+02
6.900000000000000000e+05 7.580000000000000000e+02
7.000000000000000000e+05 7.470000000000000000e+02
7.100000000000000000e+05 7.420000000000000000e+02
7.200000000000000000e+05 7.390000000000000000e+02
7.300000000000000000e+05 7.600000000000000000e+02
7.400000000000000000e+05 8.120000000000000000e+02
7.500000000000000000e+05 8.670000000000000000e+02
7.600000000000000000e+05 8.480000000000000000e+02
7.700000000000000000e+05 9.190000000000000000e+02
7.800000000000000000e+05 9.990000000000000000e+02
7.900000000000000000e+05 1.011000000000000000e+03
8.000000000000000000e+05 1.108000000000000000e+03
8.100000000000000000e+05 1.208000000000000000e+03
8.200000000000000000e+05 1.240000000000000000e+03
8.300000000000000000e+05 1.325000000000000000e+03
8.400000000000000000e+05 1.437000000000000000e+03
8.500000000000000000e+05 1.509000000000000000e+03
8.600000000000000000e+05 1.604000000000000000e+03
8.700000000000000000e+05 1.701000000000000000e+03
8.800000000000000000e+05 1.797000000000000000e+03
8.900000000000000000e+05 1.843000000000000000e+03
9.000000000000000000e+05 2.103000000000000000e+03
9.100000000000000000e+05 2.082000000000000000e+03
9.200000000000000000e+05 2.225000000000000000e+03
9.300000000000000000e+05 2.194000000000000000e+03
9.400000000000000000e+05 2.304000000000000000e+03
9.500000000000000000e+05 2.370000000000000000e+03
9.600000000000000000e+05 2.459000000000000000e+03
9.700000000000000000e+05 2.584000000000000000e+03
9.800000000000000000e+05 2.679000000000000000e+03
9.900000000000000000e+05 2.794000000000000000e+03
1.000000000000000000e+06 2.775000000000000000e+03
1.010000000000000000e+06 2.945000000000000000e+03
1.020000000000000000e+06 2.878000000000000000e+03
1.030000000000000000e+06 3.052000000000000000e+03
1.040000000000000000e+06 2.968000000000000000e+03
1.050000000000000000e+06 3.061000000000000000e+03
1.060000000000000000e+06 3.131000000000000000e+03
1.070000000000000000e+06 3.125000000000000000e+03
1.080000000000000000e+06 3.184000000000000000e+03
1.090000000000000000e+06 3.094000000000000000e+03
1.100000000000000000e+06 3.185000000000000000e+03
1.110000000000000000e+06 3.283000000000000000e+03
1.120000000000000000e+06 3.200000000000000000e+03
1.130000000000000000e+06 3.246000000000000000e+03
1.140000000000000000e+06 3.275000000000000000e+03
1.150000000000000000e+06 3.258000000000000000e+03
1.160000000000000000e+06 3.205000000000000000e+03
1.170000000000000000e+06 3.297000000000000000e+03
1.180000000000000000e+06 3.280000000000000000e+03
1.190000000000000000e+06 3.279000000000000000e+03
1.200000000000000000e+06 3.386000000000000000e+03
1.210000000000000000e+06 3.352000000000000000e+03
1.220000000000000000e+06 3.312000000000000000e+03
1.230000000000000000e+06 3.286000000000000000e+03
1.240000000000000000e+06 3.239000000000000000e+03
1.250000000000000000e+06 3.323000000000000000e+03
1.260000000000000000e+06 3.215000000000000000e+03
1.270000000000000000e+06 3.199000000000000000e+03
1.280000000000000000e+06 3.197000000000000000e+03
1.290000000000000000e+06 3.184000000000000000e+03
1.300000000000000000e+06 3.123000000000000000e+03
1.310000000000000000e+06 3.102000000000000000e+03
1.320000000000000000e+06 3.115000000000000000e+03
1.330000000000000000e+06 3.020000000000000000e+03
1.340000000000000000e+06 2.996000000000000000e+03
1.350000000000000000e+06 2.949000000000000000e+03
1.360000000000000000e+06 2.951000000000000000e+03
1.370000000000000000e+06 2.934000000000000000e+03
1.380000000000000000e+06 2.781000000000000000e+03
1.390000000000000000e+06 2.824000000000000000e+03
1.400000000000000000e+06 2.612000000000000000e+03
1.410000000000000000e+06 2.633000000000000000e+03
1.420000000000000000e+06 2.596000000000000000e+03
1.430000000000000000e+06 2.425000000000000000e+03
1.440000000000000000e+06 2.382000000000000000e+03
1.450000000000000000e+06 2.268000000000000000e+03
1.460000000000000000e+06 2.231000000000000000e+03
1.470000000000000000e+06 2.072000000000000000e+03
1.480000000000000000e+06 1.985000000000000000e+03
1.490000000000000000e+06 1.834000000000000000e+03
1.500000000000000000e+06 1.844000000000000000e+03
1.510000000000000000e+06 1.726000000000000000e+03
1.520000000000000000e+06 1.716000000000000000e+03
1.530000000000000000e+06 1.678000000000000000e+03
1.540000000000000000e+06 1.446000000000000000e+03
1.550000000000000000e+06 1.407000000000000000e+03
1.560000000000000000e+06 1.208000000000000000e+03
1.570000000000000000e+06 1.195000000000000000e+03
1.580000000000000000e+06 1.165000000000000000e+03
1.590000000000000000e+06 1.047000000000000000e+03
1.600000000000000000e+06 9.920000000000000000e+02
1.610000000000000000e+06 8.990000000000000000e+02
1.620000000000000000e+06 9.590000000000000000e+02
1.630000000000000000e+06 8.530000000000000000e+02
1.640000000000000000e+06 7.750000000000000000e+02
1.650000000000000000e+06 7.930000000000000000e+02
1.660000000000000000e+06 7.890000000000000000e+02
1.670000000000000000e+06 7.020000000000000000e+02
1.680000000000000000e+06 7.370000000000000000e+02
1.690000000000000000e+06 7.000000000000000000e+02
1.700000000000000000e+06 7.320000000000000000e+02
1.710000000000000000e+06 7.310000000000000000e+02
1.720000000000000000e+06 7.210000000000000000e+02
1.730000000000000000e+06 7.750000000000000000e+02
1.740000000000000000e+06 7.370000000000000000e+02
1.750000000000000000e+06 7.900000000000000000e+02
1.760000000000000000e+06 8.700000000000000000e+02
1.770000000000000000e+06 9.210000000000000000e+02
1.780000000000000000e+06 9.270000000000000000e+02
1.790000000000000000e+06 1.036000000000000000e+03
1.800000000000000000e+06 1.054000000000000000e+03
1.810000000000000000e+06 1.181000000000000000e+03
1.820000000000000000e+06 1.218000000000000000e+03
1.830000000000000000e+06 1.300000000000000000e+03
1.840000000000000000e+06 1.489000000000000000e+03
1.850000000000000000e+06 1.501000000000000000e+03
1.860000000000000000e+06 1.615000000000000000e+03
1.870000000000000000e+06 1.745000000000000000e+03
1.880000000000000000e+06 1.778000000000000000e+03
1.890000000000000000e+06 1.935000000000000000e+03
1.900000000000000000e+06 1.945000000000000000e+03
1.910000000000000000e+06 1.991000000000000000e+03
1.920000000000000000e+06 2.131000000000000000e+03
1.930000000000000000e+06 2.255000000000000000e+03
1.940000000000000000e+06 2.317000000000000000e+03
1.950000000000000000e+06 2.266000000000000000e+03
1.960000000000000000e+06 2.533000000000000000e+03
1.970000000000000000e+06 2.624000000000000000e+03
1.980000000000000000e+06 2.654000000000000000e+03
1.990000000000000000e+06 2.718000000000000000e+03
