0.000000000000000000e+00 6.059000000000000000e+03
5.000000000000000000e+03 6.026000000000000000e+03
1.000000000000000000e+04 6.283000000000000000e+03
1.500000000000000000e+04 6.357000000000000000e+03
2.000000000000000000e+04 6.423000000000000000e+03
2.500000000000000000e+04 6.551000000000000000e+03
3.000000000000000000e+04 6.578000000000000000e+03
3.500000000000000000e+04 6.534000000000000000e+03
4.000000000000000000e+04 6.720000000000000000e+03
4.500000000000000000e+04 6.730000000000000000e+03
5.000000000000000000e+04 6.619000000000000000e+03
5.500000000000000000e+04 6.721000000000000000e+03
6.000000000000000000e+04 6.948000000000000000e+03
6.500000000000000000e+04 6.837000000000000000e+03
7.000000000000000000e+04 6.870000000000000000e+03
7.500000000000000000e+04 6.914000000000000000e+03
8.000000000000000000e+04 7.071000000000000000e+03
8.500000000000000000e+04 6.886000000000000000e+03
9.000000000000000000e+04 6.926000000000000000e+03
9.500000000000000000e+04 7.084000000000000000e+03
1.000000000000000000e+05 6.959000000000000000e+03
1.050000000000000000e+05 7.002000000000000000e+03
1.100000000000000000e+05 6.835000000000000000e+03
1.150000000000000000e+05 6.959000000000000000e+03
1.200000000000000000e+05 6.974000000000000000e+03
1.250000000000000000e+05 6.908000000000000000e+03
1.300000000000000000e+05 6.993000000000000000e+03
1.350000000000000000e+05 6.829000000000000000e+03
1.400000000000000000e+05 6.764000000000000000e+03
1.450000000000000000e+05 6.804000000000000000e+03
1.500000000000000000e+05 6.714000000000000000e+03
1.550000000000000000e+05 6.646000000000000000e+03
1.600000000000000000e+05 6.502000000000000000e+03
1.650000000000000000e+05 6.451000000000000000e+03
1.700000000000000000e+05 6.580000000000000000e+03
1.750000000000000000e+05 6.354000000000000000e+03
1.800000000000000000e+05 6.293000000000000000e+03
1.850000000000000000e+05 6.036000000000000000e+03
1.900000000000000000e+05 6.097000000000000000e+03
1.950000000000000000e+05 5.978000000000000000e+03
2.000000000000000000e+05 5.826000000000000000e+03
2.050000000000000000e+05 5.804000000000000000e+03
2.100000000000000000e+05 5.574000000000000000e+03
2.150000000000000000e+05 5.542000000000000000e+03
2.200000000000000000e+05 5.287000000000000000e+03
2.250000000000000000e+05 5.245000000000000000e+03
2.300000000000000000e+05 5.064000000000000000e+03
2.350000000000000000e+05 4.812000000000000000e+03
2.400000000000000000e+05 4.787000000000000000e+03
2.450000000000000000e+05 4.596000000000000000e+03
2.500000000000000000e+05 4.264000000000000000e+03
2.550000000000000000e+05 4.190000000000000000e+03
2.600000000000000000e+05 3.901000000000000000e+03
2.650000000000000000e+05 3.877000000000000000e+03
2.700000000000000000e+05 3.655000000000000000e+03
2.750000000000000000e+05 3.481000000000000000e+03
2.800000000000000000e+05 3.263000000000000000e+03
2.850000000000000000e+05 3.122000000000000000e+03
2.900000000000000000e+05 3.010000000000000000e+03
2.950000000000000000e+05 2.960000000000000000e+03
3.000000000000000000e+05 2.759000000000000000e+03
3.050000000000000000e+05 2.431000000000000000e+03
3.100000000000000000e+05 2.492000000000000000e+03
3.150000000000000000e+05 2.360000000000000000e+03
3.200000000000000000e+05 2.260000000000000000e+03
3.250000000000000000e+05 2.151000000000000000e+03
3.300000000000000000e+05 2.211000000000000000e+03
3.350000000000000000e+05 2.045000000000000000e+03
3.400000000000000000e+05 2.090000000000000000e+03
3.450000000000000000e+05 2.056000000000000000e+03
3.500000000000000000e+05 1.975000000000000000e+03
3.550000000000000000e+05 2.086000000000000000e+03
3.600000000000000000e+05 2.199000000000000000e+03
3.650000000000000000e+05 2.165000000000000000e+03
3.700000000000000000e+05 2.222000000000000000e+03
3.750000000000000000e+05 2.220000000000000000e+03
3.800000000000000000e+05 2.438000000000000000e+03
3.850000000000000000e+05 2.543000000000000000e+03
3.900000000000000000e+05 2.620000000000000000e+03
3.950000000000000000e+05 2.883000000000000000e+03
4.000000000000000000e+05 2.895000000000000000e+03
4.050000000000000000e+05 3.110000000000000000e+03
4.100000000000000000e+05 3.260000000000000000e+03
4.150000000000000000e+05 3.446000000000000000e+03
4.200000000000000000e+05 3.579000000000000000e+03
4.250000000000000000e+05 3.706000000000000000e+03
4.300000000000000000e+05 3.944000000000000000e+03
4.350000000000000000e+05 4.136000000000000000e+03
4.400000000000000000e+05 4.285000000000000000e+03
4.450000000000000000e+05 4.465000000000000000e+03
4.500000000000000000e+05 4.701000000000000000e+03
4.550000000000000000e+05 4.766000000000000000e+03
4.600000000000000000e+05 5.142000000000000000e+03
4.650000000000000000e+05 5.165000000000000000e+03
4.700000000000000000e+05 5.248000000000000000e+03
4.750000000000000000e+05 5.349000000000000000e+03
4.800000000000000000e+05 5.787000000000000000e+03
4.850000000000000000e+05 5.702000000000000000e+03
4.900000000000000000e+05 5.669000000000000000e+03
4.950000000000000000e+05 6.151000000000000000e+03
5.000000000000000000e+05 6.083000000000000000e+03
5.050000000000000000e+05 6.218000000000000000e+03
5.100000000000000000e+05 6.241000000000000000e+03
5.150000000000000000e+05 6.298000000000000000e+03
5.200000000000000000e+05 6.336000000000000000e+03
5.250000000000000000e+05 6.442000000000000000e+03
5.300000000000000000e+05 6.535000000000000000e+03
5.350000000000000000e+05 6.536000000000000000e+03
5.400000000000000000e+05 6.622000000000000000e+03
5.450000000000000000e+05 6.762000000000000000e+03
5.500000000000000000e+05 6.685000000000000000e+03
5.550000000000000000e+05 6.892000000000000000e+03
5.600000000000000000e+05 6.799000000000000000e+03
5.650000000000000000e+05 6.807000000000000000e+03
5.700000000000000000e+05 6.812000000000000000e+03
5.750000000000000000e+05 6.958000000000000000e+03
5.800000000000000000e+05 6.895000000000000000e+03
5.850000000000000000e+05 7.087000000000000000e+03
5.900000000000000000e+05 6.883000000000000000e+03
5.950000000000000000e+05 6.929000000000000000e+03
6.000000000000000000e+05 6.927000000000000000e+03
6.050000000000000000e+05 6.921000000000000000e+03
6.100000000000000000e+05 6.928000000000000000e+03
6.150000000000000000e+05 7.107000000000000000e+03
6.200000000000000000e+05 6.746000000000000000e+03
6.250000000000000000e+05 6.973000000000000000e+03
6.300000000000000000e+05 6.884000000000000000e+03
6.350000000000000000e+05 6.857000000000000000e+03
6.400000000000000000e+05 6.684000000000000000e+03
6.450000000000000000e+05 6.790000000000000000e+03
6.500000000000000000e+05 6.729000000000000000e+03
6.550000000000000000e+05 6.470000000000000000e+03
6.600000000000000000e+05 6.585000000000000000e+03
6.650000000000000000e+05 6.612000000000000000e+03
6.700000000000000000e+05 6.641000000000000000e+03
6.750000000000000000e+05 6.341000000000000000e+03
6.800000000000000000e+05 6.254000000000000000e+03
6.850000000000000000e+05 6.210000000000000000e+03
6.900000000000000000e+05 6.042000000000000000e+03
6.950000000000000000e+05 6.081000000000000000e+03
7.000000000000000000e+05 5.741000000000000000e+03
7.050000000000000000e+05 5.743000000000000000e+03
7.100000000000000000e+05 5.682000000000000000e+03
7.150000000000000000e+05 5.512000000000000000e+03
7.200000000000000000e+05 5.460000000000000000e+03
7.250000000000000000e+05 5.244000000000000000e+03
7.300000000000000000e+05 4.944000000000000000e+03
7.350000000000000000e+05 4.758000000000000000e+03
7.400000000000000000e+05 4.693000000000000000e+03
7.450000000000000000e+05 4.475000000000000000e+03
7.500000000000000000e+05 4.405000000000000000e+03
7.550000000000000000e+05 4.190000000000000000e+03
7.600000000000000000e+05 4.028000000000000000e+03
7.650000000000000000e+05 3.829000000000000000e+03
7.700000000000000000e+05 3.572000000000000000e+03
7.750000000000000000e+05 3.484000000000000000e+03
7.800000000000000000e+05 3.247000000000000000e+03
7.850000000000000000e+05 3.144000000000000000e+03
7.900000000000000000e+05 2.955000000000000000e+03
7.950000000000000000e+05 2.879000000000000000e+03
8.000000000000000000e+05 2.602000000000000000e+03
8.050000000000000000e+05 2.491000000000000000e+03
8.100000000000000000e+05 2.447000000000000000e+03
8.150000000000000000e+05 2.398000000000000000e+03
8.200000000000000000e+05 2.309000000000000000e+03
8.250000000000000000e+05 2.184000000000000000e+03
8.300000000000000000e+05 2.158000000000000000e+03
8.350000000000000000e+05 2.124000000000000000e+03
8.400000000000000000e+05 2.089000000000000000e+03
8.450000000000000000e+05 2.085000000000000000e+03
8.500000000000000000e+05 2.087000000000000000e+03
8.550000000000000000e+05 2.118000000000000000e+03
8.600000000000000000e+05 2.123000000000000000e+03
8.650000000000000000e+05 2.191000000000000000e+03
8.700000000000000000e+05 2.197000000000000000e+03
8.750000000000000000e+05 2.366000000000000000e+03
8.800000000000000000e+05 2.403000000000000000e+03
8.850000000000000000e+05 2.514000000000000000e+03
8.900000000000000000e+05 2.581000000000000000e+03
8.950000000000000000e+05 2.844000000000000000e+03
9.000000000000000000e+05 2.972000000000000000e+03
9.050000000000000000e+05 3.018000000000000000e+03
9.100000000000000000e+05 3.230000000000000000e+03
9.150000000000000000e+05 3.376000000000000000e+03
9.200000000000000000e+05 3.509000000000000000e+03
9.250000000000000000e+05 3.773000000000000000e+03
9.300000000000000000e+05 3.811000000000000000e+03
9.350000000000000000e+05 4.111000000000000000e+03
9.400000000000000000e+05 4.170000000000000000e+03
9.450000000000000000e+05 4.538000000000000000e+03
9.500000000000000000e+05 4.705000000000000000e+03
9.550000000000000000e+05 4.845000000000000000e+03
9.600000000000000000e+05 4.999000000000000000e+03
9.650000000000000000e+05 5.165000000000000000e+03
9.700000000000000000e+05 5.393000000000000000e+03
9.750000000000000000e+05 5.474000000000000000e+03
9.800000000000000000e+05 5.524000000000000000e+03
9.850000000000000000e+05 5.694000000000000000e+03
9.900000000000000000e+05 5.837000000000000000e+03
9.950000000000000000e+05 5.871000000000000000e+03
