0.000000000000000000e+00 1.438000000000000000e+03
5.000000000000000000e+01 1.520000000000000000e+03
1.000000000000000000e+02 1.457000000000000000e+03
1.500000000000000000e+02 1.503000000000000000e+03
2.000000000000000000e+02 1.589000000000000000e+03
2.500000000000000000e+02 1.615000000000000000e+03
3.000000000000000000e+02 1.613000000000000000e+03
3.500000000000000000e+02 1.598000000000000000e+03
4.000000000000000000e+02 1.748000000000000000e+03
4.500000000000000000e+02 1.743000000000000000e+03
5.000000000000000000e+02 1.746000000000000000e+03
5.500000000000000000e+02 1.869000000000000000e+03
6.000000000000000000e+02 1.830000000000000000e+03
6.500000000000000000e+02 1.742000000000000000e+03
7.000000000000000000e+02 1.779000000000000000e+03
7.500000000000000000e+02 1.744000000000000000e+03
8.000000000000000000e+02 1.835000000000000000e+03
8.500000000000000000e+02 1.881000000000000000e+03
9.000000000000000000e+02 1.828000000000000000e+03
9.500000000000000000e+02 1.949000000000000000e+03
1.000000000000000000e+03 1.860000000000000000e+03
1.050000000000000000e+03 1.793000000000000000e+03
1.100000000000000000e+03 1.710000000000000000e+03
1.150000000000000000e+03 1.880000000000000000e+03
1.200000000000000000e+03 1.851000000000000000e+03
1.250000000000000000e+03 1.865000000000000000e+03
1.300000000000000000e+03 1.846000000000000000e+03
1.350000000000000000e+03 1.828000000000000000e+03
1.400000000000000000e+03 1.813000000000000000e+03
1.450000000000000000e+03 1.844000000000000000e+03
1.500000000000000000e+03 1.807000000000000000e+03
1.550000000000000000e+03 1.746000000000000000e+03
1.600000000000000000e+03 1.712000000000000000e+03
1.650000000000000000e+03 1.765000000000000000e+03
1.700000000000000000e+03 1.748000000000000000e+03
1.750000000000000000e+03 1.674000000000000000e+03
1.800000000000000000e+03 1.759000000000000000e+03
1.850000000000000000e+03 1.622000000000000000e+03
1.900000000000000000e+03 1.678000000000000000e+03
1.950000000000000000e+03 1.692000000000000000e+03
2.000000000000000000e+03 1.556000000000000000e+03
2.050000000000000000e+03 1.546000000000000000e+03
2.100000000000000000e+03 1.568000000000000000e+03
2.150000000000000000e+03 1.495000000000000000e+03
2.200000000000000000e+03 1.381000000000000000e+03
2.250000000000000000e+03 1.455000000000000000e+03
2.300000000000000000e+03 1.383000000000000000e+03
2.350000000000000000e+03 1.285000000000000000e+03
2.400000000000000000e+03 1.257000000000000000e+03
2.450000000000000000e+03 1.311000000000000000e+03
2.500000000000000000e+03 1.229000000000000000e+03
2.550000000000000000e+03 1.233000000000000000e+03
2.600000000000000000e+03 1.149000000000000000e+03
2.650000000000000000e+03 1.086000000000000000e+03
2.700000000000000000e+03 1.063000000000000000e+03
2.750000000000000000e+03 1.023000000000000000e+03
2.800000000000000000e+03 1.021000000000000000e+03
2.850000000000000000e+03 9.050000000000000000e+02
2.900000000000000000e+03 8.860000000000000000e+02
2.950000000000000000e+03 8.740000000000000000e+02
3.000000000000000000e+03 8.510000000000000000e+02
3.050000000000000000e+03 8.100000000000000000e+02
3.100000000000000000e+03 7.560000000000000000e+02
3.150000000000000000e+03 7.270000000000000000e+02
3.200000000000000000e+03 7.140000000000000000e+02
3.250000000000000000e+03 6.370000000000000000e+02
3.300000000000000000e+03 6.520000000000000000e+02
3.350000000000000000e+03 6.270000000000000000e+02
3.400000000000000000e+03 6.310000000000000000e+02
3.450000000000000000e+03 6.170000000000000000e+02
3.500000000000000000e+03 5.700000000000000000e+02
3.550000000000000000e+03 6.200000000000000000e+02
3.600000000000000000e+03 5.320000000000000000e+02
3.650000000000000000e+03 5.610000000000000000e+02
3.700000000000000000e+03 5.900000000000000000e+02
3.750000000000000000e+03 5.690000000000000000e+02
3.800000000000000000e+03 5.550000000000000000e+02
3.850000000000000000e+03 5.400000000000000000e+02
3.900000000000000000e+03 5.910000000000000000e+02
3.950000000000000000e+03 5.980000000000000000e+02
4.000000000000000000e+03 6.000000000000000000e+02
4.050000000000000000e+03 6.280000000000000000e+02
4.100000000000000000e+03 6.750000000000000000e+02
4.150000000000000000e+03 6.210000000000000000e+02
4.200000000000000000e+03 6.760000000000000000e+02
4.250000000000000000e+03 7.340000000000000000e+02
4.300000000000000000e+03 7.800000000000000000e+02
4.350000000000000000e+03 8.680000000000000000e+02
4.400000000000000000e+03 8.180000000000000000e+02
4.450000000000000000e+03 8.450000000000000000e+02
4.500000000000000000e+03 9.400000000000000000e+02
4.550000000000000000e+03 9.540000000000000000e+02
4.600000000000000000e+03 1.037000000000000000e+03
4.650000000000000000e+03 1.108000000000000000e+03
4.700000000000000000e+03 1.177000000000000000e+03
4.750000000000000000e+03 1.238000000000000000e+03
4.800000000000000000e+03 1.312000000000000000e+03
4.850000000000000000e+03 1.333000000000000000e+03
4.900000000000000000e+03 1.320000000000000000e+03
4.950000000000000000e+03 1.357000000000000000e+03
5.000000000000000000e+03 1.428000000000000000e+03
5.050000000000000000e+03 1.521000000000000000e+03
5.100000000000000000e+03 1.435000000000000000e+03
5.150000000000000000e+03 1.499000000000000000e+03
5.200000000000000000e+03 1.626000000000000000e+03
5.250000000000000000e+03 1.607000000000000000e+03
5.300000000000000000e+03 1.594000000000000000e+03
5.350000000000000000e+03 1.682000000000000000e+03
5.400000000000000000e+03 1.726000000000000000e+03
5.450000000000000000e+03 1.732000000000000000e+03
5.500000000000000000e+03 1.706000000000000000e+03
5.550000000000000000e+03 1.712000000000000000e+03
5.600000000000000000e+03 1.772000000000000000e+03
5.650000000000000000e+03 1.778000000000000000e+03
5.700000000000000000e+03 1.773000000000000000e+03
5.750000000000000000e+03 1.840000000000000000e+03
5.800000000000000000e+03 1.829000000000000000e+03
5.850000000000000000e+03 1.854000000000000000e+03
5.900000000000000000e+03 1.865000000000000000e+03
5.950000000000000000e+03 1.781000000000000000e+03
6.000000000000000000e+03 1.867000000000000000e+03
6.050000000000000000e+03 1.842000000000000000e+03
6.100000000000000000e+03 1.864000000000000000e+03
6.150000000000000000e+03 1.920000000000000000e+03
6.200000000000000000e+03 1.882000000000000000e+03
6.250000000000000000e+03 1.754000000000000000e+03
6.300000000000000000e+03 1.877000000000000000e+03
6.350000000000000000e+03 1.831000000000000000e+03
6.400000000000000000e+03 1.774000000000000000e+03
6.450000000000000000e+03 1.810000000000000000e+03
6.500000000000000000e+03 1.798000000000000000e+03
6.550000000000000000e+03 1.708000000000000000e+03
6.600000000000000000e+03 1.717000000000000000e+03
6.650000000000000000e+03 1.770000000000000000e+03
6.700000000000000000e+03 1.680000000000000000e+03
6.750000000000000000e+03 1.735000000000000000e+03
6.800000000000000000e+03 1.710000000000000000e+03
6.850000000000000000e+03 1.675000000000000000e+03
6.900000000000000000e+03 1.560000000000000000e+03
6.950000000000000000e+03 1.654000000000000000e+03
7.000000000000000000e+03 1.596000000000000000e+03
7.050000000000000000e+03 1.582000000000000000e+03
7.100000000000000000e+03 1.510000000000000000e+03
7.150000000000000000e+03 1.504000000000000000e+03
7.200000000000000000e+03 1.446000000000000000e+03
7.250000000000000000e+03 1.488000000000000000e+03
7.300000000000000000e+03 1.393000000000000000e+03
7.350000000000000000e+03 1.402000000000000000e+03
7.400000000000000000e+03 1.350000000000000000e+03
7.450000000000000000e+03 1.258000000000000000e+03
7.500000000000000000e+03 1.229000000000000000e+03
7.550000000000000000e+03 1.257000000000000000e+03
7.600000000000000000e+03 1.115000000000000000e+03
7.650000000000000000e+03 1.100000000000000000e+03
7.700000000000000000e+03 1.059000000000000000e+03
7.750000000000000000e+03 1.045000000000000000e+03
7.800000000000000000e+03 1.022000000000000000e+03
7.850000000000000000e+03 9.630000000000000000e+02
7.900000000000000000e+03 9.100000000000000000e+02
7.950000000000000000e+03 8.380000000000000000e+02
8.000000000000000000e+03 8.330000000000000000e+02
8.050000000000000000e+03 7.990000000000000000e+02
8.100000000000000000e+03 7.020000000000000000e+02
8.150000000000000000e+03 7.410000000000000000e+02
8.200000000000000000e+03 7.680000000000000000e+02
8.250000000000000000e+03 7.200000000000000000e+02
8.300000000000000000e+03 6.620000000000000000e+02
8.350000000000000000e+03 6.420000000000000000e+02
8.400000000000000000e+03 6.090000000000000000e+02
8.450000000000000000e+03 6.080000000000000000e+02
8.500000000000000000e+03 5.730000000000000000e+02
8.550000000000000000e+03 5.570000000000000000e+02
8.600000000000000000e+03 5.610000000000000000e+02
8.650000000000000000e+03 5.380000000000000000e+02
8.700000000000000000e+03 5.400000000000000000e+02
8.750000000000000000e+03 5.470000000000000000e+02
8.800000000000000000e+03 5.960000000000000000e+02
8.850000000000000000e+03 6.030000000000000000e+02
8.900000000000000000e+03 5.620000000000000000e+02
8.950000000000000000e+03 6.180000000000000000e+02
9.000000000000000000e+03 6.050000000000000000e+02
9.050000000000000000e+03 6.340000000000000000e+02
9.100000000000000000e+03 6.550000000000000000e+02
9.150000000000000000e+03 6.610000000000000000e+02
9.200000000000000000e+03 7.480000000000000000e+02
9.250000000000000000e+03 6.640000000000000000e+02
9.300000000000000000e+03 8.410000000000000000e+02
9.350000000000000000e+03 8.180000000000000000e+02
9.400000000000000000e+03 8.390000000000000000e+02
9.450000000000000000e+03 9.100000000000000000e+02
9.500000000000000000e+03 9.630000000000000000e+02
9.550000000000000000e+03 9.850000000000000000e+02
9.600000000000000000e+03 1.021000000000000000e+03
9.650000000000000000e+03 1.085000000000000000e+03
9.700000000000000000e+03 1.094000000000000000e+03
9.750000000000000000e+03 1.251000000000000000e+03
9.800000000000000000e+03 1.335000000000000000e+03
9.850000000000000000e+03 1.212000000000000000e+03
9.900000000000000000e+03 1.287000000000000000e+03
9.950000000000000000e+03 1.365000000000000000e+03
