0.000000000000000000e+00 2.707000000000000000e+03
2.000000000000000000e+02 2.807000000000000000e+03
4.000000000000000000e+02 2.805000000000000000e+03
6.000000000000000000e+02 2.800000000000000000e+03
8.000000000000000000e+02 2.844000000000000000e+03
1.000000000000000000e+03 2.964000000000000000e+03
1.200000000000000000e+03 2.911000000000000000e+03
1.400000000000000000e+03 2.963000000000000000e+03
1.600000000000000000e+03 2.902000000000000000e+03
1.800000000000000000e+03 3.011000000000000000e+03
2.000000000000000000e+03 3.017000000000000000e+03
2.200000000000000000e+03 2.996000000000000000e+03
2.400000000000000000e+03 3.032000000000000000e+03
2.600000000000000000e+03 3.093000000000000000e+03
2.800000000000000000e+03 3.133000000000000000e+03
3.000000000000000000e+03 3.137000000000000000e+03
3.200000000000000000e+03 3.133000000000000000e+03
3.400000000000000000e+03 3.220000000000000000e+03
3.600000000000000000e+03 3.138000000000000000e+03
3.800000000000000000e+03 3.218000000000000000e+03
4.000000000000000000e+03 3.146000000000000000e+03
4.200000000000000000e+03 3.066000000000000000e+03
4.400000000000000000e+03 3.123000000000000000e+03
4.600000000000000000e+03 3.034000000000000000e+03
4.800000000000000000e+03 3.200000000000000000e+03
5.000000000000000000e+03 3.166000000000000000e+03
5.200000000000000000e+03 2.958000000000000000e+03
5.400000000000000000e+03 3.020000000000000000e+03
5.600000000000000000e+03 3.058000000000000000e+03
5.800000000000000000e+03 2.995000000000000000e+03
6.000000000000000000e+03 2.975000000000000000e+03
6.200000000000000000e+03 2.982000000000000000e+03
6.400000000000000000e+03 2.993000000000000000e+03
6.600000000000000000e+03 3.003000000000000000e+03
6.800000000000000000e+03 2.992000000000000000e+03
7.000000000000000000e+03 2.945000000000000000e+03
7.200000000000000000e+03 2.832000000000000000e+03
7.400000000000000000e+03 2.759000000000000000e+03
7.600000000000000000e+03 2.739000000000000000e+03
7.800000000000000000e+03 2.834000000000000000e+03
8.000000000000000000e+03 2.605000000000000000e+03
8.200000000000000000e+03 2.648000000000000000e+03
8.400000000000000000e+03 2.626000000000000000e+03
8.600000000000000000e+03 2.483000000000000000e+03
8.800000000000000000e+03 2.431000000000000000e+03
9.000000000000000000e+03 2.422000000000000000e+03
9.200000000000000000e+03 2.274000000000000000e+03
9.400000000000000000e+03 2.199000000000000000e+03
9.600000000000000000e+03 2.166000000000000000e+03
9.800000000000000000e+03 2.068000000000000000e+03
1.000000000000000000e+04 2.050000000000000000e+03
1.020000000000000000e+04 1.915000000000000000e+03
1.040000000000000000e+04 1.909000000000000000e+03
1.060000000000000000e+04 1.677000000000000000e+03
1.080000000000000000e+04 1.657000000000000000e+03
1.100000000000000000e+04 1.641000000000000000e+03
1.120000000000000000e+04 1.611000000000000000e+03
1.140000000000000000e+04 1.466000000000000000e+03
1.160000000000000000e+04 1.434000000000000000e+03
1.180000000000000000e+04 1.354000000000000000e+03
1.200000000000000000e+04 1.293000000000000000e+03
1.220000000000000000e+04 1.246000000000000000e+03
1.240000000000000000e+04 1.192000000000000000e+03
1.260000000000000000e+04 1.128000000000000000e+03
1.280000000000000000e+04 1.095000000000000000e+03
1.300000000000000000e+04 1.063000000000000000e+03
1.320000000000000000e+04 1.004000000000000000e+03
1.340000000000000000e+04 9.580000000000000000e+02
1.360000000000000000e+04 9.650000000000000000e+02
1.380000000000000000e+04 9.570000000000000000e+02
1.400000000000000000e+04 9.200000000000000000e+02
1.420000000000000000e+04 9.110000000000000000e+02
1.440000000000000000e+04 9.100000000000000000e+02
1.460000000000000000e+04 9.510000000000000000e+02
1.480000000000000000e+04 9.800000000000000000e+02
1.500000000000000000e+04 9.740000000000000000e+02
1.520000000000000000e+04 1.087000000000000000e+03
1.540000000000000000e+04 1.083000000000000000e+03
1.560000000000000000e+04 1.181000000000000000e+03
1.580000000000000000e+04 1.237000000000000000e+03
1.600000000000000000e+04 1.248000000000000000e+03
1.620000000000000000e+04 1.341000000000000000e+03
1.640000000000000000e+04 1.354000000000000000e+03
1.660000000000000000e+04 1.483000000000000000e+03
1.680000000000000000e+04 1.593000000000000000e+03
1.700000000000000000e+04 1.580000000000000000e+03
1.720000000000000000e+04 1.823000000000000000e+03
1.740000000000000000e+04 1.821000000000000000e+03
1.760000000000000000e+04 1.929000000000000000e+03
1.780000000000000000e+04 1.902000000000000000e+03
1.800000000000000000e+04 2.108000000000000000e+03
1.820000000000000000e+04 2.080000000000000000e+03
1.840000000000000000e+04 2.191000000000000000e+03
1.860000000000000000e+04 2.328000000000000000e+03
1.880000000000000000e+04 2.345000000000000000e+03
1.900000000000000000e+04 2.477000000000000000e+03
1.920000000000000000e+04 2.497000000000000000e+03
1.940000000000000000e+04 2.511000000000000000e+03
1.960000000000000000e+04 2.597000000000000000e+03
1.980000000000000000e+04 2.698000000000000000e+03
2.000000000000000000e+04 2.772000000000000000e+03
2.020000000000000000e+04 2.734000000000000000e+03
2.040000000000000000e+04 2.870000000000000000e+03
2.060000000000000000e+04 2.894000000000000000e+03
2.080000000000000000e+04 2.916000000000000000e+03
2.100000000000000000e+04 3.037000000000000000e+03
2.120000000000000000e+04 2.928000000000000000e+03
2.140000000000000000e+04 2.965000000000000000e+03
2.160000000000000000e+04 3.044000000000000000e+03
2.180000000000000000e+04 3.138000000000000000e+03
2.200000000000000000e+04 3.017000000000000000e+03
2.220000000000000000e+04 3.056000000000000000e+03
2.240000000000000000e+04 3.176000000000000000e+03
2.260000000000000000e+04 3.124000000000000000e+03
2.280000000000000000e+04 3.215000000000000000e+03
2.300000000000000000e+04 3.156000000000000000e+03
2.320000000000000000e+04 3.141000000000000000e+03
2.340000000000000000e+04 3.134000000000000000e+03
2.360000000000000000e+04 3.075000000000000000e+03
2.380000000000000000e+04 3.185000000000000000e+03
2.400000000000000000e+04 3.274000000000000000e+03
2.420000000000000000e+04 3.122000000000000000e+03
2.440000000000000000e+04 3.037000000000000000e+03
2.460000000000000000e+04 3.069000000000000000e+03
2.480000000000000000e+04 3.231000000000000000e+03
2.500000000000000000e+04 3.126000000000000000e+03
2.520000000000000000e+04 3.117000000000000000e+03
2.540000000000000000e+04 3.082000000000000000e+03
2.560000000000000000e+04 3.072000000000000000e+03
2.580000000000000000e+04 3.070000000000000000e+03
2.600000000000000000e+04 3.057000000000000000e+03
2.620000000000000000e+04 3.047000000000000000e+03
2.640000000000000000e+04 2.929000000000000000e+03
2.660000000000000000e+04 2.959000000000000000e+03
2.680000000000000000e+04 2.862000000000000000e+03
2.700000000000000000e+04 2.840000000000000000e+03
2.720000000000000000e+04 2.842000000000000000e+03
2.740000000000000000e+04 2.741000000000000000e+03
2.760000000000000000e+04 2.773000000000000000e+03
2.780000000000000000e+04 2.787000000000000000e+03
2.800000000000000000e+04 2.607000000000000000e+03
2.820000000000000000e+04 2.668000000000000000e+03
2.840000000000000000e+04 2.589000000000000000e+03
2.860000000000000000e+04 2.494000000000000000e+03
2.880000000000000000e+04 2.429000000000000000e+03
2.900000000000000000e+04 2.383000000000000000e+03
2.920000000000000000e+04 2.359000000000000000e+03
2.940000000000000000e+04 2.239000000000000000e+03
2.960000000000000000e+04 2.212000000000000000e+03
2.980000000000000000e+04 1.986000000000000000e+03
3.000000000000000000e+04 2.072000000000000000e+03
3.020000000000000000e+04 1.942000000000000000e+03
3.040000000000000000e+04 1.932000000000000000e+03
3.060000000000000000e+04 1.820000000000000000e+03
3.080000000000000000e+04 1.714000000000000000e+03
3.100000000000000000e+04 1.690000000000000000e+03
3.120000000000000000e+04 1.603000000000000000e+03
3.140000000000000000e+04 1.487000000000000000e+03
3.160000000000000000e+04 1.381000000000000000e+03
3.180000000000000000e+04 1.361000000000000000e+03
3.200000000000000000e+04 1.307000000000000000e+03
3.220000000000000000e+04 1.202000000000000000e+03
3.240000000000000000e+04 1.235000000000000000e+03
3.260000000000000000e+04 1.227000000000000000e+03
3.280000000000000000e+04 1.135000000000000000e+03
3.300000000000000000e+04 1.039000000000000000e+03
3.320000000000000000e+04 9.840000000000000000e+02
3.340000000000000000e+04 1.020000000000000000e+03
3.360000000000000000e+04 9.640000000000000000e+02
3.380000000000000000e+04 9.380000000000000000e+02
3.400000000000000000e+04 9.080000000000000000e+02
3.420000000000000000e+04 9.490000000000000000e+02
3.440000000000000000e+04 1.004000000000000000e+03
3.460000000000000000e+04 9.670000000000000000e+02
3.480000000000000000e+04 9.720000000000000000e+02
3.500000000000000000e+04 1.013000000000000000e+03
3.520000000000000000e+04 1.049000000000000000e+03
3.540000000000000000e+04 1.138000000000000000e+03
3.560000000000000000e+04 1.131000000000000000e+03
3.580000000000000000e+04 1.183000000000000000e+03
3.600000000000000000e+04 1.224000000000000000e+03
3.620000000000000000e+04 1.311000000000000000e+03
3.640000000000000000e+04 1.361000000000000000e+03
3.660000000000000000e+04 1.457000000000000000e+03
3.680000000000000000e+04 1.488000000000000000e+03
3.700000000000000000e+04 1.555000000000000000e+03
3.720000000000000000e+04 1.810000000000000000e+03
3.740000000000000000e+04 1.787000000000000000e+03
3.760000000000000000e+04 1.820000000000000000e+03
3.780000000000000000e+04 1.928000000000000000e+03
3.800000000000000000e+04 1.999000000000000000e+03
3.820000000000000000e+04 2.098000000000000000e+03
3.840000000000000000e+04 2.152000000000000000e+03
3.860000000000000000e+04 2.271000000000000000e+03
3.880000000000000000e+04 2.365000000000000000e+03
3.900000000000000000e+04 2.473000000000000000e+03
3.920000000000000000e+04 2.511000000000000000e+03
3.940000000000000000e+04 2.541000000000000000e+03
3.960000000000000000e+04 2.570000000000000000e+03
3.980000000000000000e+04 2.731000000000000000e+03
