0.000000000000000000e+00 3.156000000000000000e+03
5.000000000000000000e+02 3.363000000000000000e+03
1.000000000000000000e+03 3.286000000000000000e+03
1.500000000000000000e+03 3.283000000000000000e+03
2.000000000000000000e+03 3.369000000000000000e+03
2.500000000000000000e+03 3.346000000000000000e+03
3.000000000000000000e+03 3.365000000000000000e+03
3.500000000000000000e+03 3.404000000000000000e+03
4.000000000000000000e+03 3.498000000000000000e+03
4.500000000000000000e+03 3.543000000000000000e+03
5.000000000000000000e+03 3.527000000000000000e+03
5.500000000000000000e+03 3.479000000000000000e+03
6.000000000000000000e+03 3.499000000000000000e+03
6.500000000000000000e+03 3.504000000000000000e+03
7.000000000000000000e+03 3.552000000000000000e+03
7.500000000000000000e+03 3.631000000000000000e+03
8.000000000000000000e+03 3.650000000000000000e+03
8.500000000000000000e+03 3.707000000000000000e+03
9.000000000000000000e+03 3.683000000000000000e+03
9.500000000000000000e+03 3.715000000000000000e+03
1.000000000000000000e+04 3.664000000000000000e+03
1.050000000000000000e+04 3.590000000000000000e+03
1.100000000000000000e+04 3.632000000000000000e+03
1.150000000000000000e+04 3.654000000000000000e+03
1.200000000000000000e+04 3.578000000000000000e+03
1.250000000000000000e+04 3.664000000000000000e+03
1.300000000000000000e+04 3.577000000000000000e+03
1.350000000000000000e+04 3.621000000000000000e+03
1.400000000000000000e+04 3.556000000000000000e+03
1.450000000000000000e+04 3.571000000000000000e+03
1.500000000000000000e+04 3.558000000000000000e+03
1.550000000000000000e+04 3.603000000000000000e+03
1.600000000000000000e+04 3.559000000000000000e+03
1.650000000000000000e+04 3.410000000000000000e+03
1.700000000000000000e+04 3.526000000000000000e+03
1.750000000000000000e+04 3.468000000000000000e+03
1.800000000000000000e+04 3.249000000000000000e+03
1.850000000000000000e+04 3.289000000000000000e+03
1.900000000000000000e+04 3.392000000000000000e+03
1.950000000000000000e+04 3.143000000000000000e+03
2.000000000000000000e+04 3.089000000000000000e+03
2.050000000000000000e+04 3.088000000000000000e+03
2.100000000000000000e+04 2.917000000000000000e+03
2.150000000000000000e+04 2.801000000000000000e+03
2.200000000000000000e+04 2.804000000000000000e+03
2.250000000000000000e+04 2.745000000000000000e+03
2.300000000000000000e+04 2.628000000000000000e+03
2.350000000000000000e+04 2.506000000000000000e+03
2.400000000000000000e+04 2.484000000000000000e+03
2.450000000000000000e+04 2.504000000000000000e+03
2.500000000000000000e+04 2.216000000000000000e+03
2.550000000000000000e+04 2.130000000000000000e+03
2.600000000000000000e+04 2.199000000000000000e+03
2.650000000000000000e+04 2.047000000000000000e+03
2.700000000000000000e+04 1.942000000000000000e+03
2.750000000000000000e+04 1.955000000000000000e+03
2.800000000000000000e+04 1.790000000000000000e+03
2.850000000000000000e+04 1.783000000000000000e+03
2.900000000000000000e+04 1.630000000000000000e+03
2.950000000000000000e+04 1.569000000000000000e+03
3.000000000000000000e+04 1.481000000000000000e+03
3.050000000000000000e+04 1.378000000000000000e+03
3.100000000000000000e+04 1.364000000000000000e+03
3.150000000000000000e+04 1.226000000000000000e+03
3.200000000000000000e+04 1.217000000000000000e+03
3.250000000000000000e+04 1.173000000000000000e+03
3.300000000000000000e+04 1.196000000000000000e+03
3.350000000000000000e+04 1.164000000000000000e+03
3.400000000000000000e+04 1.150000000000000000e+03
3.450000000000000000e+04 1.076000000000000000e+03
3.500000000000000000e+04 1.136000000000000000e+03
3.550000000000000000e+04 1.057000000000000000e+03
3.600000000000000000e+04 1.079000000000000000e+03
3.650000000000000000e+04 1.164000000000000000e+03
3.700000000000000000e+04 1.203000000000000000e+03
3.750000000000000000e+04 1.168000000000000000e+03
3.800000000000000000e+04 1.271000000000000000e+03
3.850000000000000000e+04 1.279000000000000000e+03
3.900000000000000000e+04 1.507000000000000000e+03
3.950000000000000000e+04 1.434000000000000000e+03
4.000000000000000000e+04 1.451000000000000000e+03
4.050000000000000000e+04 1.603000000000000000e+03
4.100000000000000000e+04 1.713000000000000000e+03
4.150000000000000000e+04 1.818000000000000000e+03
4.200000000000000000e+04 1.913000000000000000e+03
4.250000000000000000e+04 1.920000000000000000e+03
4.300000000000000000e+04 1.976000000000000000e+03
4.350000000000000000e+04 2.144000000000000000e+03
4.400000000000000000e+04 2.325000000000000000e+03
4.450000000000000000e+04 2.358000000000000000e+03
4.500000000000000000e+04 2.467000000000000000e+03
4.550000000000000000e+04 2.584000000000000000e+03
4.600000000000000000e+04 2.651000000000000000e+03
4.650000000000000000e+04 2.647000000000000000e+03
4.700000000000000000e+04 2.771000000000000000e+03
4.750000000000000000e+04 2.893000000000000000e+03
4.800000000000000000e+04 2.897000000000000000e+03
4.850000000000000000e+04 3.060000000000000000e+03
4.900000000000000000e+04 3.110000000000000000e+03
4.950000000000000000e+04 3.252000000000000000e+03
5.000000000000000000e+04 3.235000000000000000e+03
5.050000000000000000e+04 3.141000000000000000e+03
5.100000000000000000e+04 3.303000000000000000e+03
5.150000000000000000e+04 3.273000000000000000e+03
5.200000000000000000e+04 3.354000000000000000e+03
5.250000000000000000e+04 3.499000000000000000e+03
5.300000000000000000e+04 3.401000000000000000e+03
5.350000000000000000e+04 3.485000000000000000e+03
5.400000000000000000e+04 3.541000000000000000e+03
5.450000000000000000e+04 3.510000000000000000e+03
5.500000000000000000e+04 3.488000000000000000e+03
5.550000000000000000e+04 3.562000000000000000e+03
5.600000000000000000e+04 3.623000000000000000e+03
5.650000000000000000e+04 3.635000000000000000e+03
5.700000000000000000e+04 3.602000000000000000e+03
5.750000000000000000e+04 3.699000000000000000e+03
5.800000000000000000e+04 3.587000000000000000e+03
5.850000000000000000e+04 3.557000000000000000e+03
5.900000000000000000e+04 3.664000000000000000e+03
5.950000000000000000e+04 3.689000000000000000e+03
6.000000000000000000e+04 3.680000000000000000e+03
6.050000000000000000e+04 3.669000000000000000e+03
6.100000000000000000e+04 3.635000000000000000e+03
6.150000000000000000e+04 3.642000000000000000e+03
6.200000000000000000e+04 3.772000000000000000e+03
6.250000000000000000e+04 3.628000000000000000e+03
6.300000000000000000e+04 3.663000000000000000e+03
6.350000000000000000e+04 3.702000000000000000e+03
6.400000000000000000e+04 3.497000000000000000e+03
6.450000000000000000e+04 3.683000000000000000e+03
6.500000000000000000e+04 3.502000000000000000e+03
6.550000000000000000e+04 3.561000000000000000e+03
6.600000000000000000e+04 3.382000000000000000e+03
6.650000000000000000e+04 3.465000000000000000e+03
6.700000000000000000e+04 3.488000000000000000e+03
6.750000000000000000e+04 3.360000000000000000e+03
6.800000000000000000e+04 3.357000000000000000e+03
6.850000000000000000e+04 3.318000000000000000e+03
6.900000000000000000e+04 3.301000000000000000e+03
6.950000000000000000e+04 3.115000000000000000e+03
7.000000000000000000e+04 3.235000000000000000e+03
7.050000000000000000e+04 3.046000000000000000e+03
7.100000000000000000e+04 3.016000000000000000e+03
7.150000000000000000e+04 2.843000000000000000e+03
7.200000000000000000e+04 2.829000000000000000e+03
7.250000000000000000e+04 2.760000000000000000e+03
7.300000000000000000e+04 2.539000000000000000e+03
7.350000000000000000e+04 2.540000000000000000e+03
7.400000000000000000e+04 2.537000000000000000e+03
7.450000000000000000e+04 2.355000000000000000e+03
7.500000000000000000e+04 2.306000000000000000e+03
7.550000000000000000e+04 2.182000000000000000e+03
7.600000000000000000e+04 2.119000000000000000e+03
7.650000000000000000e+04 2.034000000000000000e+03
7.700000000000000000e+04 1.987000000000000000e+03
7.750000000000000000e+04 1.847000000000000000e+03
7.800000000000000000e+04 1.776000000000000000e+03
7.850000000000000000e+04 1.628000000000000000e+03
7.900000000000000000e+04 1.602000000000000000e+03
7.950000000000000000e+04 1.496000000000000000e+03
8.000000000000000000e+04 1.567000000000000000e+03
8.050000000000000000e+04 1.456000000000000000e+03
8.100000000000000000e+04 1.308000000000000000e+03
8.150000000000000000e+04 1.363000000000000000e+03
8.200000000000000000e+04 1.233000000000000000e+03
8.250000000000000000e+04 1.190000000000000000e+03
8.300000000000000000e+04 1.163000000000000000e+03
8.350000000000000000e+04 1.138000000000000000e+03
8.400000000000000000e+04 1.100000000000000000e+03
8.450000000000000000e+04 1.101000000000000000e+03
8.500000000000000000e+04 1.099000000000000000e+03
8.550000000000000000e+04 1.148000000000000000e+03
8.600000000000000000e+04 1.190000000000000000e+03
8.650000000000000000e+04 1.191000000000000000e+03
8.700000000000000000e+04 1.159000000000000000e+03
8.750000000000000000e+04 1.210000000000000000e+03
8.800000000000000000e+04 1.324000000000000000e+03
8.850000000000000000e+04 1.288000000000000000e+03
8.900000000000000000e+04 1.303000000000000000e+03
8.950000000000000000e+04 1.387000000000000000e+03
9.000000000000000000e+04 1.535000000000000000e+03
9.050000000000000000e+04 1.575000000000000000e+03
9.100000000000000000e+04 1.682000000000000000e+03
9.150000000000000000e+04 1.754000000000000000e+03
9.200000000000000000e+04 1.890000000000000000e+03
9.250000000000000000e+04 1.898000000000000000e+03
9.300000000000000000e+04 2.078000000000000000e+03
9.350000000000000000e+04 2.192000000000000000e+03
9.400000000000000000e+04 2.274000000000000000e+03
9.450000000000000000e+04 2.340000000000000000e+03
9.500000000000000000e+04 2.499000000000000000e+03
9.550000000000000000e+04 2.546000000000000000e+03
9.600000000000000000e+04 2.683000000000000000e+03
9.650000000000000000e+04 2.696000000000000000e+03
9.700000000000000000e+04 2.853000000000000000e+03
9.750000000000000000e+04 2.878000000000000000e+03
9.800000000000000000e+04 3.069000000000000000e+03
9.850000000000000000e+04 2.993000000000000000e+03
9.900000000000000000e+04 3.072000000000000000e+03
9.950000000000000000e+04 3.243000000000000000e+03
