0.000000000000000000e+00 1.979000000000000000e+03
1.420000000000000000e+02 1.962000000000000000e+03
2.840000000000000000e+02 1.937000000000000000e+03
4.260000000000000000e+02 2.056000000000000000e+03
5.680000000000000000e+02 2.030000000000000000e+03
7.100000000000000000e+02 2.091000000000000000e+03
8.520000000000000000e+02 2.230000000000000000e+03
9.940000000000000000e+02 2.149000000000000000e+03
1.136000000000000000e+03 2.146000000000000000e+03
1.278000000000000000e+03 2.149000000000000000e+03
1.420000000000000000e+03 2.226000000000000000e+03
1.562000000000000000e+03 2.200000000000000000e+03
1.704000000000000000e+03 2.233000000000000000e+03
1.846000000000000000e+03 2.270000000000000000e+03
1.988000000000000000e+03 2.217000000000000000e+03
2.130000000000000000e+03 2.253000000000000000e+03
2.272000000000000000e+03 2.227000000000000000e+03
2.414000000000000000e+03 2.228000000000000000e+03
2.556000000000000000e+03 2.321000000000000000e+03
2.698000000000000000e+03 2.325000000000000000e+03
2.840000000000000000e+03 2.210000000000000000e+03
2.982000000000000000e+03 2.274000000000000000e+03
3.124000000000000000e+03 2.182000000000000000e+03
3.266000000000000000e+03 2.164000000000000000e+03
3.408000000000000000e+03 2.227000000000000000e+03
3.550000000000000000e+03 2.280000000000000000e+03
3.692000000000000000e+03 2.230000000000000000e+03
3.834000000000000000e+03 2.338000000000000000e+03
3.976000000000000000e+03 2.240000000000000000e+03
4.118000000000000000e+03 2.190000000000000000e+03
4.260000000000000000e+03 2.159000000000000000e+03
4.402000000000000000e+03 2.049000000000000000e+03
4.544000000000000000e+03 2.127000000000000000e+03
4.686000000000000000e+03 2.155000000000000000e+03
4.828000000000000000e+03 2.027000000000000000e+03
4.970000000000000000e+03 2.069000000000000000e+03
5.112000000000000000e+03 2.109000000000000000e+03
5.254000000000000000e+03 1.982000000000000000e+03
5.396000000000000000e+03 1.952000000000000000e+03
5.538000000000000000e+03 1.936000000000000000e+03
5.680000000000000000e+03 1.874000000000000000e+03
5.822000000000000000e+03 1.926000000000000000e+03
5.964000000000000000e+03 1.825000000000000000e+03
6.106000000000000000e+03 1.733000000000000000e+03
6.248000000000000000e+03 1.776000000000000000e+03
6.390000000000000000e+03 1.704000000000000000e+03
6.532000000000000000e+03 1.659000000000000000e+03
6.674000000000000000e+03 1.564000000000000000e+03
6.816000000000000000e+03 1.595000000000000000e+03
6.958000000000000000e+03 1.518000000000000000e+03
7.100000000000000000e+03 1.489000000000000000e+03
7.242000000000000000e+03 1.459000000000000000e+03
7.384000000000000000e+03 1.322000000000000000e+03
7.526000000000000000e+03 1.395000000000000000e+03
7.668000000000000000e+03 1.264000000000000000e+03
7.810000000000000000e+03 1.142000000000000000e+03
7.952000000000000000e+03 1.151000000000000000e+03
8.094000000000000000e+03 1.081000000000000000e+03
8.236000000000000000e+03 1.034000000000000000e+03
8.378000000000000000e+03 1.014000000000000000e+03
8.520000000000000000e+03 9.870000000000000000e+02
8.662000000000000000e+03 8.780000000000000000e+02
8.804000000000000000e+03 8.940000000000000000e+02
8.946000000000000000e+03 7.940000000000000000e+02
9.088000000000000000e+03 7.790000000000000000e+02
9.230000000000000000e+03 7.850000000000000000e+02
9.372000000000000000e+03 7.460000000000000000e+02
9.514000000000000000e+03 7.000000000000000000e+02
9.656000000000000000e+03 6.670000000000000000e+02
9.798000000000000000e+03 6.610000000000000000e+02
9.940000000000000000e+03 6.600000000000000000e+02
1.008200000000000000e+04 6.530000000000000000e+02
1.022400000000000000e+04 6.630000000000000000e+02
1.036600000000000000e+04 7.210000000000000000e+02
1.050800000000000000e+04 6.510000000000000000e+02
1.065000000000000000e+04 6.500000000000000000e+02
1.079200000000000000e+04 7.240000000000000000e+02
1.093400000000000000e+04 6.900000000000000000e+02
1.107600000000000000e+04 7.460000000000000000e+02
1.121800000000000000e+04 8.080000000000000000e+02
1.136000000000000000e+04 8.760000000000000000e+02
1.150200000000000000e+04 8.630000000000000000e+02
1.164400000000000000e+04 9.760000000000000000e+02
1.178600000000000000e+04 9.730000000000000000e+02
1.192800000000000000e+04 9.750000000000000000e+02
1.207000000000000000e+04 1.072000000000000000e+03
1.221200000000000000e+04 1.192000000000000000e+03
1.235400000000000000e+04 1.138000000000000000e+03
1.249600000000000000e+04 1.273000000000000000e+03
1.263800000000000000e+04 1.293000000000000000e+03
1.278000000000000000e+04 1.394000000000000000e+03
1.292200000000000000e+04 1.412000000000000000e+03
1.306400000000000000e+04 1.472000000000000000e+03
1.320600000000000000e+04 1.530000000000000000e+03
1.334800000000000000e+04 1.634000000000000000e+03
1.349000000000000000e+04 1.605000000000000000e+03
1.363200000000000000e+04 1.760000000000000000e+03
1.377400000000000000e+04 1.764000000000000000e+03
1.391600000000000000e+04 1.772000000000000000e+03
1.405800000000000000e+04 1.874000000000000000e+03
1.420000000000000000e+04 1.908000000000000000e+03
1.434200000000000000e+04 1.936000000000000000e+03
1.448400000000000000e+04 1.997000000000000000e+03
1.462600000000000000e+04 2.037000000000000000e+03
1.476800000000000000e+04 2.007000000000000000e+03
1.491000000000000000e+04 2.115000000000000000e+03
1.505200000000000000e+04 2.065000000000000000e+03
1.519400000000000000e+04 2.153000000000000000e+03
1.533600000000000000e+04 2.079000000000000000e+03
1.547800000000000000e+04 2.174000000000000000e+03
1.562000000000000000e+04 2.202000000000000000e+03
1.576200000000000000e+04 2.170000000000000000e+03
1.590400000000000000e+04 2.265000000000000000e+03
1.604600000000000000e+04 2.268000000000000000e+03
1.618800000000000000e+04 2.187000000000000000e+03
1.633000000000000000e+04 2.283000000000000000e+03
1.647200000000000000e+04 2.249000000000000000e+03
1.661400000000000000e+04 2.189000000000000000e+03
1.675600000000000000e+04 2.265000000000000000e+03
1.689800000000000000e+04 2.237000000000000000e+03
1.704000000000000000e+04 2.216000000000000000e+03
1.718200000000000000e+04 2.219000000000000000e+03
1.732400000000000000e+04 2.192000000000000000e+03
1.746600000000000000e+04 2.215000000000000000e+03
1.760800000000000000e+04 2.238000000000000000e+03
1.775000000000000000e+04 2.228000000000000000e+03
1.789200000000000000e+04 2.199000000000000000e+03
1.803400000000000000e+04 2.118000000000000000e+03
1.817600000000000000e+04 2.146000000000000000e+03
1.831800000000000000e+04 2.207000000000000000e+03
1.846000000000000000e+04 2.202000000000000000e+03
1.860200000000000000e+04 2.099000000000000000e+03
1.874400000000000000e+04 2.115000000000000000e+03
1.888600000000000000e+04 2.085000000000000000e+03
1.902800000000000000e+04 2.082000000000000000e+03
1.917000000000000000e+04 2.041000000000000000e+03
1.931200000000000000e+04 2.086000000000000000e+03
1.945400000000000000e+04 1.978000000000000000e+03
1.959600000000000000e+04 2.043000000000000000e+03
1.973800000000000000e+04 2.042000000000000000e+03
1.988000000000000000e+04 2.006000000000000000e+03
2.002200000000000000e+04 1.969000000000000000e+03
2.016400000000000000e+04 1.846000000000000000e+03
2.030600000000000000e+04 1.841000000000000000e+03
2.044800000000000000e+04 1.835000000000000000e+03
2.059000000000000000e+04 1.739000000000000000e+03
2.073200000000000000e+04 1.631000000000000000e+03
2.087400000000000000e+04 1.633000000000000000e+03
2.101600000000000000e+04 1.638000000000000000e+03
2.115800000000000000e+04 1.506000000000000000e+03
2.130000000000000000e+04 1.423000000000000000e+03
2.144200000000000000e+04 1.426000000000000000e+03
2.158400000000000000e+04 1.398000000000000000e+03
2.172600000000000000e+04 1.324000000000000000e+03
2.186800000000000000e+04 1.243000000000000000e+03
2.201000000000000000e+04 1.271000000000000000e+03
2.215200000000000000e+04 1.220000000000000000e+03
2.229400000000000000e+04 1.142000000000000000e+03
2.243600000000000000e+04 1.136000000000000000e+03
2.257800000000000000e+04 1.026000000000000000e+03
2.272000000000000000e+04 1.033000000000000000e+03
2.286200000000000000e+04 9.630000000000000000e+02
2.300400000000000000e+04 8.650000000000000000e+02
2.314600000000000000e+04 8.110000000000000000e+02
2.328800000000000000e+04 8.470000000000000000e+02
2.343000000000000000e+04 8.160000000000000000e+02
2.357200000000000000e+04 7.240000000000000000e+02
2.371400000000000000e+04 7.100000000000000000e+02
2.385600000000000000e+04 6.410000000000000000e+02
2.399800000000000000e+04 6.810000000000000000e+02
2.414000000000000000e+04 6.650000000000000000e+02
2.428200000000000000e+04 6.790000000000000000e+02
2.442400000000000000e+04 6.870000000000000000e+02
2.456600000000000000e+04 6.410000000000000000e+02
2.470800000000000000e+04 7.050000000000000000e+02
2.485000000000000000e+04 6.690000000000000000e+02
2.499200000000000000e+04 7.030000000000000000e+02
2.513400000000000000e+04 6.560000000000000000e+02
2.527600000000000000e+04 7.150000000000000000e+02
2.541800000000000000e+04 7.820000000000000000e+02
2.556000000000000000e+04 7.890000000000000000e+02
2.570200000000000000e+04 9.050000000000000000e+02
2.584400000000000000e+04 9.280000000000000000e+02
2.598600000000000000e+04 9.540000000000000000e+02
2.612800000000000000e+04 9.520000000000000000e+02
2.627000000000000000e+04 1.004000000000000000e+03
2.641200000000000000e+04 1.115000000000000000e+03
2.655400000000000000e+04 1.107000000000000000e+03
2.669600000000000000e+04 1.187000000000000000e+03
2.683800000000000000e+04 1.293000000000000000e+03
2.698000000000000000e+04 1.426000000000000000e+03
2.712200000000000000e+04 1.445000000000000000e+03
2.726400000000000000e+04 1.466000000000000000e+03
2.740600000000000000e+04 1.512000000000000000e+03
2.754800000000000000e+04 1.542000000000000000e+03
2.769000000000000000e+04 1.641000000000000000e+03
2.783200000000000000e+04 1.628000000000000000e+03
2.797400000000000000e+04 1.757000000000000000e+03
2.811600000000000000e+04 1.748000000000000000e+03
2.825800000000000000e+04 1.853000000000000000e+03
2.840000000000000000e+04 1.873000000000000000e+03
