0.000000000000000000e+00 4.107000000000000000e+03
1.000000000000000000e+03 4.188000000000000000e+03
2.000000000000000000e+03 4.232000000000000000e+03
3.000000000000000000e+03 4.195000000000000000e+03
4.000000000000000000e+03 4.389000000000000000e+03
5.000000000000000000e+03 4.252000000000000000e+03
6.000000000000000000e+03 4.504000000000000000e+03
7.000000000000000000e+03 4.451000000000000000e+03
8.000000000000000000e+03 4.492000000000000000e+03
9.000000000000000000e+03 4.681000000000000000e+03
1.000000000000000000e+04 4.618000000000000000e+03
1.100000000000000000e+04 4.720000000000000000e+03
1.200000000000000000e+04 4.609000000000000000e+03
1.300000000000000000e+04 4.634000000000000000e+03
1.400000000000000000e+04 4.710000000000000000e+03
1.500000000000000000e+04 4.820000000000000000e+03
1.600000000000000000e+04 4.775000000000000000e+03
1.700000000000000000e+04 4.783000000000000000e+03
1.800000000000000000e+04 4.635000000000000000e+03
1.900000000000000000e+04 4.821000000000000000e+03
2.000000000000000000e+04 4.706000000000000000e+03
2.100000000000000000e+04 4.798000000000000000e+03
2.200000000000000000e+04 4.706000000000000000e+03
2.300000000000000000e+04 4.674000000000000000e+03
2.400000000000000000e+04 4.652000000000000000e+03
2.500000000000000000e+04 4.638000000000000000e+03
2.600000000000000000e+04 4.665000000000000000e+03
2.700000000000000000e+04 4.704000000000000000e+03
2.800000000000000000e+04 4.622000000000000000e+03
2.900000000000000000e+04 4.721000000000000000e+03
3.000000000000000000e+04 4.642000000000000000e+03
3.100000000000000000e+04 4.451000000000000000e+03
3.200000000000000000e+04 4.419000000000000000e+03
3.300000000000000000e+04 4.474000000000000000e+03
3.400000000000000000e+04 4.351000000000000000e+03
3.500000000000000000e+04 4.267000000000000000e+03
3.600000000000000000e+04 4.208000000000000000e+03
3.700000000000000000e+04 4.104000000000000000e+03
3.800000000000000000e+04 4.132000000000000000e+03
3.900000000000000000e+04 4.099000000000000000e+03
4.000000000000000000e+04 3.950000000000000000e+03
4.100000000000000000e+04 3.845000000000000000e+03
4.200000000000000000e+04 3.850000000000000000e+03
4.300000000000000000e+04 3.795000000000000000e+03
4.400000000000000000e+04 3.671000000000000000e+03
4.500000000000000000e+04 3.466000000000000000e+03
4.600000000000000000e+04 3.376000000000000000e+03
4.700000000000000000e+04 3.280000000000000000e+03
4.800000000000000000e+04 3.239000000000000000e+03
4.900000000000000000e+04 3.188000000000000000e+03
5.000000000000000000e+04 2.953000000000000000e+03
5.100000000000000000e+04 2.787000000000000000e+03
5.200000000000000000e+04 2.733000000000000000e+03
5.300000000000000000e+04 2.574000000000000000e+03
5.400000000000000000e+04 2.395000000000000000e+03
5.500000000000000000e+04 2.512000000000000000e+03
5.600000000000000000e+04 2.236000000000000000e+03
5.700000000000000000e+04 2.130000000000000000e+03
5.800000000000000000e+04 2.006000000000000000e+03
5.900000000000000000e+04 1.962000000000000000e+03
6.000000000000000000e+04 1.899000000000000000e+03
6.100000000000000000e+04 1.785000000000000000e+03
6.200000000000000000e+04 1.676000000000000000e+03
6.300000000000000000e+04 1.605000000000000000e+03
6.400000000000000000e+04 1.503000000000000000e+03
6.500000000000000000e+04 1.552000000000000000e+03
6.600000000000000000e+04 1.417000000000000000e+03
6.700000000000000000e+04 1.452000000000000000e+03
6.800000000000000000e+04 1.433000000000000000e+03
6.900000000000000000e+04 1.427000000000000000e+03
7.000000000000000000e+04 1.410000000000000000e+03
7.100000000000000000e+04 1.342000000000000000e+03
7.200000000000000000e+04 1.392000000000000000e+03
7.300000000000000000e+04 1.483000000000000000e+03
7.400000000000000000e+04 1.521000000000000000e+03
7.500000000000000000e+04 1.580000000000000000e+03
7.600000000000000000e+04 1.599000000000000000e+03
7.700000000000000000e+04 1.660000000000000000e+03
7.800000000000000000e+04 1.813000000000000000e+03
7.900000000000000000e+04 1.875000000000000000e+03
8.000000000000000000e+04 1.953000000000000000e+03
8.100000000000000000e+04 2.019000000000000000e+03
8.200000000000000000e+04 2.283000000000000000e+03
8.300000000000000000e+04 2.305000000000000000e+03
8.400000000000000000e+04 2.417000000000000000e+03
8.500000000000000000e+04 2.552000000000000000e+03
8.600000000000000000e+04 2.656000000000000000e+03
8.700000000000000000e+04 2.716000000000000000e+03
8.800000000000000000e+04 2.893000000000000000e+03
8.900000000000000000e+04 3.080000000000000000e+03
9.000000000000000000e+04 3.239000000000000000e+03
9.100000000000000000e+04 3.245000000000000000e+03
9.200000000000000000e+04 3.422000000000000000e+03
9.300000000000000000e+04 3.472000000000000000e+03
9.400000000000000000e+04 3.559000000000000000e+03
9.500000000000000000e+04 3.738000000000000000e+03
9.600000000000000000e+04 3.753000000000000000e+03
9.700000000000000000e+04 3.808000000000000000e+03
9.800000000000000000e+04 4.068000000000000000e+03
9.900000000000000000e+04 4.273000000000000000e+03
1.000000000000000000e+05 4.077000000000000000e+03
1.010000000000000000e+05 4.240000000000000000e+03
1.020000000000000000e+05 4.327000000000000000e+03
1.030000000000000000e+05 4.153000000000000000e+03
1.040000000000000000e+05 4.286000000000000000e+03
1.050000000000000000e+05 4.412000000000000000e+03
1.060000000000000000e+05 4.455000000000000000e+03
1.070000000000000000e+05 4.547000000000000000e+03
1.080000000000000000e+05 4.615000000000000000e+03
1.090000000000000000e+05 4.713000000000000000e+03
1.100000000000000000e+05 4.618000000000000000e+03
1.110000000000000000e+05 4.620000000000000000e+03
1.120000000000000000e+05 4.735000000000000000e+03
1.130000000000000000e+05 4.787000000000000000e+03
1.140000000000000000e+05 4.758000000000000000e+03
1.150000000000000000e+05 4.736000000000000000e+03
1.160000000000000000e+05 4.790000000000000000e+03
1.170000000000000000e+05 4.883000000000000000e+03
1.180000000000000000e+05 4.736000000000000000e+03
1.190000000000000000e+05 4.760000000000000000e+03
1.200000000000000000e+05 4.650000000000000000e+03
1.210000000000000000e+05 4.730000000000000000e+03
1.220000000000000000e+05 4.835000000000000000e+03
1.230000000000000000e+05 4.814000000000000000e+03
1.240000000000000000e+05 4.692000000000000000e+03
1.250000000000000000e+05 4.779000000000000000e+03
1.260000000000000000e+05 4.742000000000000000e+03
1.270000000000000000e+05 4.683000000000000000e+03
1.280000000000000000e+05 4.589000000000000000e+03
1.290000000000000000e+05 4.484000000000000000e+03
1.300000000000000000e+05 4.672000000000000000e+03
1.310000000000000000e+05 4.509000000000000000e+03
1.320000000000000000e+05 4.710000000000000000e+03
1.330000000000000000e+05 4.388000000000000000e+03
1.340000000000000000e+05 4.398000000000000000e+03
1.350000000000000000e+05 4.321000000000000000e+03
1.360000000000000000e+05 4.235000000000000000e+03
1.370000000000000000e+05 4.196000000000000000e+03
1.380000000000000000e+05 4.077000000000000000e+03
1.390000000000000000e+05 4.051000000000000000e+03
1.400000000000000000e+05 3.974000000000000000e+03
1.410000000000000000e+05 3.791000000000000000e+03
1.420000000000000000e+05 3.805000000000000000e+03
1.430000000000000000e+05 3.715000000000000000e+03
1.440000000000000000e+05 3.581000000000000000e+03
1.450000000000000000e+05 3.517000000000000000e+03
1.460000000000000000e+05 3.534000000000000000e+03
1.470000000000000000e+05 3.346000000000000000e+03
1.480000000000000000e+05 3.316000000000000000e+03
1.490000000000000000e+05 3.113000000000000000e+03
1.500000000000000000e+05 2.994000000000000000e+03
1.510000000000000000e+05 2.884000000000000000e+03
1.520000000000000000e+05 2.601000000000000000e+03
1.530000000000000000e+05 2.652000000000000000e+03
1.540000000000000000e+05 2.531000000000000000e+03
1.550000000000000000e+05 2.366000000000000000e+03
1.560000000000000000e+05 2.260000000000000000e+03
1.570000000000000000e+05 2.200000000000000000e+03
1.580000000000000000e+05 2.019000000000000000e+03
1.590000000000000000e+05 1.903000000000000000e+03
1.600000000000000000e+05 1.780000000000000000e+03
1.610000000000000000e+05 1.766000000000000000e+03
1.620000000000000000e+05 1.726000000000000000e+03
1.630000000000000000e+05 1.637000000000000000e+03
1.640000000000000000e+05 1.549000000000000000e+03
1.650000000000000000e+05 1.500000000000000000e+03
1.660000000000000000e+05 1.442000000000000000e+03
1.670000000000000000e+05 1.395000000000000000e+03
1.680000000000000000e+05 1.377000000000000000e+03
1.690000000000000000e+05 1.386000000000000000e+03
1.700000000000000000e+05 1.409000000000000000e+03
1.710000000000000000e+05 1.349000000000000000e+03
1.720000000000000000e+05 1.433000000000000000e+03
1.730000000000000000e+05 1.419000000000000000e+03
1.740000000000000000e+05 1.514000000000000000e+03
1.750000000000000000e+05 1.557000000000000000e+03
1.760000000000000000e+05 1.569000000000000000e+03
1.770000000000000000e+05 1.660000000000000000e+03
1.780000000000000000e+05 1.780000000000000000e+03
1.790000000000000000e+05 1.824000000000000000e+03
1.800000000000000000e+05 1.996000000000000000e+03
1.810000000000000000e+05 2.056000000000000000e+03
1.820000000000000000e+05 2.184000000000000000e+03
1.830000000000000000e+05 2.295000000000000000e+03
1.840000000000000000e+05 2.458000000000000000e+03
1.850000000000000000e+05 2.466000000000000000e+03
1.860000000000000000e+05 2.672000000000000000e+03
1.870000000000000000e+05 2.706000000000000000e+03
1.880000000000000000e+05 2.966000000000000000e+03
1.890000000000000000e+05 3.009000000000000000e+03
1.900000000000000000e+05 3.111000000000000000e+03
1.910000000000000000e+05 3.171000000000000000e+03
1.920000000000000000e+05 3.315000000000000000e+03
1.930000000000000000e+05 3.487000000000000000e+03
1.940000000000000000e+05 3.688000000000000000e+03
1.950000000000000000e+05 3.700000000000000000e+03
1.960000000000000000e+05 3.735000000000000000e+03
1.970000000000000000e+05 3.820000000000000000e+03
1.980000000000000000e+05 3.994000000000000000e+03
1.990000000000000000e+05 4.121000000000000000e+03
