0.000000000000000000e+00 2.355000000000000000e+03
1.400000000000000000e+01 2.506000000000000000e+03
2.800000000000000000e+01 2.599000000000000000e+03
4.200000000000000000e+01 2.668000000000000000e+03
5.600000000000000000e+01 2.678000000000000000e+03
7.000000000000000000e+01 2.766000000000000000e+03
8.400000000000000000e+01 2.794000000000000000e+03
9.800000000000000000e+01 2.910000000000000000e+03
1.120000000000000000e+02 2.890000000000000000e+03
1.260000000000000000e+02 3.002000000000000000e+03
1.400000000000000000e+02 3.031000000000000000e+03
1.540000000000000000e+02 3.154000000000000000e+03
1.680000000000000000e+02 3.174000000000000000e+03
1.820000000000000000e+02 3.179000000000000000e+03
1.960000000000000000e+02 3.104000000000000000e+03
2.100000000000000000e+02 3.174000000000000000e+03
2.240000000000000000e+02 3.247000000000000000e+03
2.380000000000000000e+02 3.334000000000000000e+03
2.520000000000000000e+02 3.270000000000000000e+03
2.660000000000000000e+02 3.174000000000000000e+03
2.800000000000000000e+02 3.350000000000000000e+03
2.940000000000000000e+02 3.195000000000000000e+03
3.080000000000000000e+02 3.354000000000000000e+03
3.220000000000000000e+02 3.325000000000000000e+03
3.360000000000000000e+02 3.359000000000000000e+03
3.500000000000000000e+02 3.273000000000000000e+03
3.640000000000000000e+02 3.376000000000000000e+03
3.780000000000000000e+02 3.199000000000000000e+03
3.920000000000000000e+02 3.377000000000000000e+03
4.060000000000000000e+02 3.341000000000000000e+03
4.200000000000000000e+02 3.291000000000000000e+03
4.340000000000000000e+02 3.270000000000000000e+03
4.480000000000000000e+02 3.244000000000000000e+03
4.620000000000000000e+02 3.223000000000000000e+03
4.760000000000000000e+02 3.273000000000000000e+03
4.900000000000000000e+02 3.167000000000000000e+03
5.040000000000000000e+02 3.115000000000000000e+03
5.180000000000000000e+02 3.138000000000000000e+03
5.320000000000000000e+02 3.151000000000000000e+03
5.460000000000000000e+02 3.111000000000000000e+03
5.600000000000000000e+02 2.992000000000000000e+03
5.740000000000000000e+02 3.021000000000000000e+03
5.880000000000000000e+02 3.039000000000000000e+03
6.020000000000000000e+02 2.992000000000000000e+03
6.160000000000000000e+02 2.952000000000000000e+03
6.300000000000000000e+02 2.915000000000000000e+03
6.440000000000000000e+02 2.916000000000000000e+03
6.580000000000000000e+02 2.859000000000000000e+03
6.720000000000000000e+02 2.775000000000000000e+03
6.860000000000000000e+02 2.650000000000000000e+03
7.000000000000000000e+02 2.689000000000000000e+03
7.140000000000000000e+02 2.538000000000000000e+03
7.280000000000000000e+02 2.533000000000000000e+03
7.420000000000000000e+02 2.506000000000000000e+03
7.560000000000000000e+02 2.463000000000000000e+03
7.700000000000000000e+02 2.489000000000000000e+03
7.840000000000000000e+02 2.399000000000000000e+03
7.980000000000000000e+02 2.331000000000000000e+03
8.120000000000000000e+02 2.232000000000000000e+03
8.260000000000000000e+02 2.175000000000000000e+03
8.400000000000000000e+02 2.041000000000000000e+03
8.540000000000000000e+02 2.034000000000000000e+03
8.680000000000000000e+02 2.030000000000000000e+03
8.820000000000000000e+02 1.941000000000000000e+03
8.960000000000000000e+02 2.015000000000000000e+03
9.100000000000000000e+02 1.860000000000000000e+03
9.240000000000000000e+02 1.927000000000000000e+03
9.380000000000000000e+02 1.775000000000000000e+03
9.520000000000000000e+02 1.782000000000000000e+03
9.660000000000000000e+02 1.760000000000000000e+03
9.800000000000000000e+02 1.673000000000000000e+03
9.940000000000000000e+02 1.665000000000000000e+03
1.008000000000000000e+03 1.615000000000000000e+03
1.022000000000000000e+03 1.552000000000000000e+03
1.036000000000000000e+03 1.569000000000000000e+03
1.050000000000000000e+03 1.571000000000000000e+03
1.064000000000000000e+03 1.592000000000000000e+03
1.078000000000000000e+03 1.575000000000000000e+03
1.092000000000000000e+03 1.451000000000000000e+03
1.106000000000000000e+03 1.522000000000000000e+03
1.120000000000000000e+03 1.562000000000000000e+03
1.134000000000000000e+03 1.516000000000000000e+03
1.148000000000000000e+03 1.462000000000000000e+03
1.162000000000000000e+03 1.516000000000000000e+03
1.176000000000000000e+03 1.558000000000000000e+03
1.190000000000000000e+03 1.546000000000000000e+03
1.204000000000000000e+03 1.589000000000000000e+03
1.218000000000000000e+03 1.598000000000000000e+03
1.232000000000000000e+03 1.667000000000000000e+03
1.246000000000000000e+03 1.724000000000000000e+03
1.260000000000000000e+03 1.678000000000000000e+03
1.274000000000000000e+03 1.822000000000000000e+03
1.288000000000000000e+03 1.811000000000000000e+03
1.302000000000000000e+03 1.853000000000000000e+03
1.316000000000000000e+03 1.989000000000000000e+03
1.330000000000000000e+03 1.985000000000000000e+03
1.344000000000000000e+03 2.080000000000000000e+03
1.358000000000000000e+03 2.156000000000000000e+03
1.372000000000000000e+03 2.176000000000000000e+03
1.386000000000000000e+03 2.202000000000000000e+03
1.400000000000000000e+03 2.297000000000000000e+03
1.414000000000000000e+03 2.342000000000000000e+03
1.428000000000000000e+03 2.471000000000000000e+03
1.442000000000000000e+03 2.469000000000000000e+03
1.456000000000000000e+03 2.629000000000000000e+03
1.470000000000000000e+03 2.694000000000000000e+03
1.484000000000000000e+03 2.769000000000000000e+03
1.498000000000000000e+03 2.811000000000000000e+03
1.512000000000000000e+03 2.763000000000000000e+03
1.526000000000000000e+03 2.841000000000000000e+03
1.540000000000000000e+03 2.978000000000000000e+03
1.554000000000000000e+03 3.065000000000000000e+03
1.568000000000000000e+03 3.061000000000000000e+03
1.582000000000000000e+03 3.194000000000000000e+03
1.596000000000000000e+03 3.052000000000000000e+03
1.610000000000000000e+03 3.196000000000000000e+03
1.624000000000000000e+03 3.197000000000000000e+03
1.638000000000000000e+03 3.173000000000000000e+03
1.652000000000000000e+03 3.205000000000000000e+03
1.666000000000000000e+03 3.236000000000000000e+03
1.680000000000000000e+03 3.285000000000000000e+03
1.694000000000000000e+03 3.216000000000000000e+03
1.708000000000000000e+03 3.272000000000000000e+03
1.722000000000000000e+03 3.268000000000000000e+03
1.736000000000000000e+03 3.299000000000000000e+03
1.750000000000000000e+03 3.278000000000000000e+03
1.764000000000000000e+03 3.275000000000000000e+03
1.778000000000000000e+03 3.236000000000000000e+03
1.792000000000000000e+03 3.359000000000000000e+03
1.806000000000000000e+03 3.216000000000000000e+03
1.820000000000000000e+03 3.225000000000000000e+03
1.834000000000000000e+03 3.388000000000000000e+03
1.848000000000000000e+03 3.255000000000000000e+03
1.862000000000000000e+03 3.368000000000000000e+03
1.876000000000000000e+03 3.185000000000000000e+03
1.890000000000000000e+03 3.217000000000000000e+03
1.904000000000000000e+03 3.147000000000000000e+03
1.918000000000000000e+03 3.056000000000000000e+03
1.932000000000000000e+03 3.236000000000000000e+03
1.946000000000000000e+03 3.086000000000000000e+03
1.960000000000000000e+03 3.093000000000000000e+03
1.974000000000000000e+03 2.991000000000000000e+03
1.988000000000000000e+03 3.105000000000000000e+03
2.002000000000000000e+03 3.046000000000000000e+03
2.016000000000000000e+03 3.026000000000000000e+03
2.030000000000000000e+03 2.948000000000000000e+03
2.044000000000000000e+03 3.047000000000000000e+03
2.058000000000000000e+03 2.825000000000000000e+03
2.072000000000000000e+03 2.896000000000000000e+03
2.086000000000000000e+03 2.719000000000000000e+03
2.100000000000000000e+03 2.768000000000000000e+03
2.114000000000000000e+03 2.673000000000000000e+03
2.128000000000000000e+03 2.655000000000000000e+03
2.142000000000000000e+03 2.592000000000000000e+03
2.156000000000000000e+03 2.505000000000000000e+03
2.170000000000000000e+03 2.530000000000000000e+03
2.184000000000000000e+03 2.502000000000000000e+03
2.198000000000000000e+03 2.412000000000000000e+03
2.212000000000000000e+03 2.428000000000000000e+03
2.226000000000000000e+03 2.295000000000000000e+03
2.240000000000000000e+03 2.249000000000000000e+03
2.254000000000000000e+03 2.152000000000000000e+03
2.268000000000000000e+03 2.060000000000000000e+03
2.282000000000000000e+03 2.011000000000000000e+03
2.296000000000000000e+03 2.056000000000000000e+03
2.310000000000000000e+03 2.015000000000000000e+03
2.324000000000000000e+03 1.921000000000000000e+03
2.338000000000000000e+03 1.861000000000000000e+03
2.352000000000000000e+03 1.787000000000000000e+03
2.366000000000000000e+03 1.770000000000000000e+03
2.380000000000000000e+03 1.803000000000000000e+03
2.394000000000000000e+03 1.717000000000000000e+03
2.408000000000000000e+03 1.658000000000000000e+03
2.422000000000000000e+03 1.649000000000000000e+03
2.436000000000000000e+03 1.632000000000000000e+03
2.450000000000000000e+03 1.650000000000000000e+03
2.464000000000000000e+03 1.571000000000000000e+03
2.478000000000000000e+03 1.510000000000000000e+03
2.492000000000000000e+03 1.476000000000000000e+03
2.506000000000000000e+03 1.460000000000000000e+03
2.520000000000000000e+03 1.484000000000000000e+03
2.534000000000000000e+03 1.526000000000000000e+03
2.548000000000000000e+03 1.522000000000000000e+03
2.562000000000000000e+03 1.545000000000000000e+03
2.576000000000000000e+03 1.476000000000000000e+03
2.590000000000000000e+03 1.529000000000000000e+03
2.604000000000000000e+03 1.550000000000000000e+03
2.618000000000000000e+03 1.594000000000000000e+03
2.632000000000000000e+03 1.567000000000000000e+03
2.646000000000000000e+03 1.500000000000000000e+03
2.660000000000000000e+03 1.627000000000000000e+03
2.674000000000000000e+03 1.638000000000000000e+03
2.688000000000000000e+03 1.684000000000000000e+03
2.702000000000000000e+03 1.716000000000000000e+03
2.716000000000000000e+03 1.817000000000000000e+03
2.730000000000000000e+03 1.838000000000000000e+03
2.744000000000000000e+03 1.918000000000000000e+03
2.758000000000000000e+03 1.998000000000000000e+03
2.772000000000000000e+03 1.921000000000000000e+03
2.786000000000000000e+03 2.050000000000000000e+03
2.800000000000000000e+03 2.249000000000000000e+03
2.814000000000000000e+03 2.199000000000000000e+03
2.828000000000000000e+03 2.350000000000000000e+03
2.842000000000000000e+03 2.422000000000000000e+03
