0.000000000000000000e+00 2.508000000000000000e+03
3.300000000000000000e+01 2.586000000000000000e+03
6.600000000000000000e+01 2.737000000000000000e+03
9.900000000000000000e+01 2.713000000000000000e+03
1.320000000000000000e+02 2.752000000000000000e+03
1.650000000000000000e+02 2.648000000000000000e+03
1.980000000000000000e+02 2.819000000000000000e+03
2.310000000000000000e+02 2.858000000000000000e+03
2.640000000000000000e+02 2.960000000000000000e+03
2.970000000000000000e+02 2.943000000000000000e+03
3.300000000000000000e+02 3.043000000000000000e+03
3.630000000000000000e+02 2.946000000000000000e+03
3.960000000000000000e+02 3.059000000000000000e+03
4.290000000000000000e+02 3.023000000000000000e+03
4.620000000000000000e+02 3.184000000000000000e+03
4.950000000000000000e+02 3.049000000000000000e+03
5.280000000000000000e+02 3.012000000000000000e+03
5.610000000000000000e+02 3.123000000000000000e+03
5.940000000000000000e+02 3.129000000000000000e+03
6.270000000000000000e+02 3.218000000000000000e+03
6.600000000000000000e+02 3.163000000000000000e+03
6.930000000000000000e+02 3.175000000000000000e+03
7.260000000000000000e+02 3.058000000000000000e+03
7.590000000000000000e+02 3.127000000000000000e+03
7.920000000000000000e+02 3.193000000000000000e+03
8.250000000000000000e+02 3.127000000000000000e+03
8.580000000000000000e+02 3.172000000000000000e+03
8.910000000000000000e+02 3.153000000000000000e+03
9.240000000000000000e+02 3.164000000000000000e+03
9.570000000000000000e+02 3.145000000000000000e+03
9.900000000000000000e+02 3.064000000000000000e+03
1.023000000000000000e+03 3.122000000000000000e+03
1.056000000000000000e+03 3.073000000000000000e+03
1.089000000000000000e+03 3.027000000000000000e+03
1.122000000000000000e+03 2.927000000000000000e+03
1.155000000000000000e+03 3.001000000000000000e+03
1.188000000000000000e+03 2.964000000000000000e+03
1.221000000000000000e+03 3.041000000000000000e+03
1.254000000000000000e+03 2.966000000000000000e+03
1.287000000000000000e+03 2.906000000000000000e+03
1.320000000000000000e+03 2.848000000000000000e+03
1.353000000000000000e+03 2.813000000000000000e+03
1.386000000000000000e+03 2.786000000000000000e+03
1.419000000000000000e+03 2.746000000000000000e+03
1.452000000000000000e+03 2.699000000000000000e+03
1.485000000000000000e+03 2.574000000000000000e+03
1.518000000000000000e+03 2.637000000000000000e+03
1.551000000000000000e+03 2.531000000000000000e+03
1.584000000000000000e+03 2.479000000000000000e+03
1.617000000000000000e+03 2.489000000000000000e+03
1.650000000000000000e+03 2.323000000000000000e+03
1.683000000000000000e+03 2.244000000000000000e+03
1.716000000000000000e+03 2.278000000000000000e+03
1.749000000000000000e+03 2.184000000000000000e+03
1.782000000000000000e+03 2.097000000000000000e+03
1.815000000000000000e+03 2.012000000000000000e+03
1.848000000000000000e+03 1.957000000000000000e+03
1.881000000000000000e+03 1.948000000000000000e+03
1.914000000000000000e+03 1.833000000000000000e+03
1.947000000000000000e+03 1.808000000000000000e+03
1.980000000000000000e+03 1.834000000000000000e+03
2.013000000000000000e+03 1.729000000000000000e+03
2.046000000000000000e+03 1.633000000000000000e+03
2.079000000000000000e+03 1.545000000000000000e+03
2.112000000000000000e+03 1.473000000000000000e+03
2.145000000000000000e+03 1.416000000000000000e+03
2.178000000000000000e+03 1.410000000000000000e+03
2.211000000000000000e+03 1.377000000000000000e+03
2.244000000000000000e+03 1.344000000000000000e+03
2.277000000000000000e+03 1.311000000000000000e+03
2.310000000000000000e+03 1.233000000000000000e+03
2.343000000000000000e+03 1.194000000000000000e+03
2.376000000000000000e+03 1.235000000000000000e+03
2.409000000000000000e+03 1.186000000000000000e+03
2.442000000000000000e+03 1.189000000000000000e+03
2.475000000000000000e+03 1.163000000000000000e+03
2.508000000000000000e+03 1.060000000000000000e+03
2.541000000000000000e+03 1.129000000000000000e+03
2.574000000000000000e+03 1.104000000000000000e+03
2.607000000000000000e+03 1.168000000000000000e+03
2.640000000000000000e+03 1.194000000000000000e+03
2.673000000000000000e+03 1.154000000000000000e+03
2.706000000000000000e+03 1.306000000000000000e+03
2.739000000000000000e+03 1.269000000000000000e+03
2.772000000000000000e+03 1.232000000000000000e+03
2.805000000000000000e+03 1.294000000000000000e+03
2.838000000000000000e+03 1.402000000000000000e+03
2.871000000000000000e+03 1.421000000000000000e+03
2.904000000000000000e+03 1.521000000000000000e+03
2.937000000000000000e+03 1.548000000000000000e+03
2.970000000000000000e+03 1.602000000000000000e+03
3.003000000000000000e+03 1.727000000000000000e+03
3.036000000000000000e+03 1.734000000000000000e+03
3.069000000000000000e+03 1.822000000000000000e+03
3.102000000000000000e+03 1.941000000000000000e+03
3.135000000000000000e+03 2.064000000000000000e+03
3.168000000000000000e+03 2.144000000000000000e+03
3.201000000000000000e+03 2.163000000000000000e+03
3.234000000000000000e+03 2.273000000000000000e+03
3.267000000000000000e+03 2.368000000000000000e+03
3.300000000000000000e+03 2.447000000000000000e+03
3.333000000000000000e+03 2.481000000000000000e+03
3.366000000000000000e+03 2.552000000000000000e+03
3.399000000000000000e+03 2.589000000000000000e+03
3.432000000000000000e+03 2.737000000000000000e+03
3.465000000000000000e+03 2.833000000000000000e+03
3.498000000000000000e+03 2.776000000000000000e+03
3.531000000000000000e+03 2.813000000000000000e+03
3.564000000000000000e+03 2.730000000000000000e+03
3.597000000000000000e+03 2.802000000000000000e+03
3.630000000000000000e+03 2.867000000000000000e+03
3.663000000000000000e+03 2.948000000000000000e+03
3.696000000000000000e+03 3.026000000000000000e+03
3.729000000000000000e+03 3.037000000000000000e+03
3.762000000000000000e+03 3.031000000000000000e+03
3.795000000000000000e+03 3.117000000000000000e+03
3.828000000000000000e+03 3.116000000000000000e+03
3.861000000000000000e+03 3.170000000000000000e+03
3.894000000000000000e+03 3.099000000000000000e+03
3.927000000000000000e+03 3.061000000000000000e+03
3.960000000000000000e+03 3.215000000000000000e+03
3.993000000000000000e+03 3.316000000000000000e+03
4.026000000000000000e+03 3.206000000000000000e+03
4.059000000000000000e+03 3.232000000000000000e+03
4.092000000000000000e+03 3.148000000000000000e+03
4.125000000000000000e+03 3.295000000000000000e+03
4.158000000000000000e+03 3.197000000000000000e+03
4.191000000000000000e+03 3.293000000000000000e+03
4.224000000000000000e+03 3.238000000000000000e+03
4.257000000000000000e+03 3.194000000000000000e+03
4.290000000000000000e+03 3.105000000000000000e+03
4.323000000000000000e+03 3.084000000000000000e+03
4.356000000000000000e+03 3.090000000000000000e+03
4.389000000000000000e+03 3.037000000000000000e+03
4.422000000000000000e+03 3.087000000000000000e+03
4.455000000000000000e+03 3.169000000000000000e+03
4.488000000000000000e+03 3.100000000000000000e+03
4.521000000000000000e+03 2.997000000000000000e+03
4.554000000000000000e+03 2.918000000000000000e+03
4.587000000000000000e+03 3.058000000000000000e+03
4.620000000000000000e+03 2.946000000000000000e+03
4.653000000000000000e+03 2.935000000000000000e+03
4.686000000000000000e+03 2.922000000000000000e+03
4.719000000000000000e+03 2.979000000000000000e+03
4.752000000000000000e+03 2.746000000000000000e+03
4.785000000000000000e+03 2.816000000000000000e+03
4.818000000000000000e+03 2.683000000000000000e+03
4.851000000000000000e+03 2.674000000000000000e+03
4.884000000000000000e+03 2.668000000000000000e+03
4.917000000000000000e+03 2.510000000000000000e+03
4.950000000000000000e+03 2.460000000000000000e+03
4.983000000000000000e+03 2.432000000000000000e+03
5.016000000000000000e+03 2.351000000000000000e+03
5.049000000000000000e+03 2.262000000000000000e+03
5.082000000000000000e+03 2.192000000000000000e+03
5.115000000000000000e+03 2.193000000000000000e+03
5.148000000000000000e+03 2.135000000000000000e+03
5.181000000000000000e+03 2.059000000000000000e+03
5.214000000000000000e+03 1.871000000000000000e+03
5.247000000000000000e+03 1.912000000000000000e+03
5.280000000000000000e+03 1.701000000000000000e+03
5.313000000000000000e+03 1.714000000000000000e+03
5.346000000000000000e+03 1.679000000000000000e+03
5.379000000000000000e+03 1.598000000000000000e+03
5.412000000000000000e+03 1.564000000000000000e+03
5.445000000000000000e+03 1.504000000000000000e+03
5.478000000000000000e+03 1.461000000000000000e+03
5.511000000000000000e+03 1.411000000000000000e+03
5.544000000000000000e+03 1.366000000000000000e+03
5.577000000000000000e+03 1.254000000000000000e+03
5.610000000000000000e+03 1.262000000000000000e+03
5.643000000000000000e+03 1.257000000000000000e+03
5.676000000000000000e+03 1.234000000000000000e+03
5.709000000000000000e+03 1.189000000000000000e+03
5.742000000000000000e+03 1.177000000000000000e+03
5.775000000000000000e+03 1.186000000000000000e+03
5.808000000000000000e+03 1.169000000000000000e+03
5.841000000000000000e+03 1.152000000000000000e+03
5.874000000000000000e+03 1.076000000000000000e+03
5.907000000000000000e+03 1.154000000000000000e+03
5.940000000000000000e+03 1.220000000000000000e+03
5.973000000000000000e+03 1.167000000000000000e+03
6.006000000000000000e+03 1.192000000000000000e+03
6.039000000000000000e+03 1.177000000000000000e+03
6.072000000000000000e+03 1.202000000000000000e+03
6.105000000000000000e+03 1.285000000000000000e+03
6.138000000000000000e+03 1.289000000000000000e+03
6.171000000000000000e+03 1.338000000000000000e+03
6.204000000000000000e+03 1.477000000000000000e+03
6.237000000000000000e+03 1.492000000000000000e+03
6.270000000000000000e+03 1.556000000000000000e+03
6.303000000000000000e+03 1.622000000000000000e+03
6.336000000000000000e+03 1.626000000000000000e+03
6.369000000000000000e+03 1.873000000000000000e+03
6.402000000000000000e+03 1.825000000000000000e+03
6.435000000000000000e+03 1.854000000000000000e+03
6.468000000000000000e+03 2.087000000000000000e+03
6.501000000000000000e+03 2.138000000000000000e+03
6.534000000000000000e+03 2.166000000000000000e+03
6.567000000000000000e+03 2.303000000000000000e+03
6.600000000000000000e+03 2.303000000000000000e+03
6.633000000000000000e+03 2.347000000000000000e+03
