0.000000000000000000e+00 1.175100000000000000e+04
5.000000000000000000e+03 1.219000000000000000e+04
1.000000000000000000e+04 1.220800000000000000e+04
1.500000000000000000e+04 1.239400000000000000e+04
2.000000000000000000e+04 1.239000000000000000e+04
2.500000000000000000e+04 1.258800000000000000e+04
3.000000000000000000e+04 1.299700000000000000e+04
3.500000000000000000e+04 1.298900000000000000e+04
4.000000000000000000e+04 1.295500000000000000e+04
4.500000000000000000e+04 1.292400000000000000e+04
5.000000000000000000e+04 1.316200000000000000e+04
5.500000000000000000e+04 1.330700000000000000e+04
6.000000000000000000e+04 1.329200000000000000e+04
6.500000000000000000e+04 1.332100000000000000e+04
7.000000000000000000e+04 1.335400000000000000e+04
7.500000000000000000e+04 1.338400000000000000e+04
8.000000000000000000e+04 1.331800000000000000e+04
8.500000000000000000e+04 1.347100000000000000e+04
9.000000000000000000e+04 1.361700000000000000e+04
9.500000000000000000e+04 1.351400000000000000e+04
1.000000000000000000e+05 1.352300000000000000e+04
1.050000000000000000e+05 1.335400000000000000e+04
1.100000000000000000e+05 1.339600000000000000e+04
1.150000000000000000e+05 1.342300000000000000e+04
1.200000000000000000e+05 1.320000000000000000e+04
1.250000000000000000e+05 1.326900000000000000e+04
1.300000000000000000e+05 1.329100000000000000e+04
1.350000000000000000e+05 1.316400000000000000e+04
1.400000000000000000e+05 1.297400000000000000e+04
1.450000000000000000e+05 1.299900000000000000e+04
1.500000000000000000e+05 1.291200000000000000e+04
1.550000000000000000e+05 1.259800000000000000e+04
1.600000000000000000e+05 1.271400000000000000e+04
1.650000000000000000e+05 1.252300000000000000e+04
1.700000000000000000e+05 1.235000000000000000e+04
1.750000000000000000e+05 1.238600000000000000e+04
1.800000000000000000e+05 1.190100000000000000e+04
1.850000000000000000e+05 1.185100000000000000e+04
1.900000000000000000e+05 1.168400000000000000e+04
1.950000000000000000e+05 1.160000000000000000e+04
2.000000000000000000e+05 1.142600000000000000e+04
2.050000000000000000e+05 1.100700000000000000e+04
2.100000000000000000e+05 1.094100000000000000e+04
2.150000000000000000e+05 1.074400000000000000e+04
2.200000000000000000e+05 1.036500000000000000e+04
2.250000000000000000e+05 1.031000000000000000e+04
2.300000000000000000e+05 9.890000000000000000e+03
2.350000000000000000e+05 9.608000000000000000e+03
2.400000000000000000e+05 9.268000000000000000e+03
2.450000000000000000e+05 8.844000000000000000e+03
2.500000000000000000e+05 8.665000000000000000e+03
2.550000000000000000e+05 8.411000000000000000e+03
2.600000000000000000e+05 8.090000000000000000e+03
2.650000000000000000e+05 7.848000000000000000e+03
2.700000000000000000e+05 7.548000000000000000e+03
2.750000000000000000e+05 7.052000000000000000e+03
2.800000000000000000e+05 6.660000000000000000e+03
2.850000000000000000e+05 6.491000000000000000e+03
2.900000000000000000e+05 6.148000000000000000e+03
2.950000000000000000e+05 6.142000000000000000e+03
3.000000000000000000e+05 5.806000000000000000e+03
3.050000000000000000e+05 5.438000000000000000e+03
3.100000000000000000e+05 5.250000000000000000e+03
3.150000000000000000e+05 4.933000000000000000e+03
3.200000000000000000e+05 4.864000000000000000e+03
3.250000000000000000e+05 4.683000000000000000e+03
3.300000000000000000e+05 4.625000000000000000e+03
3.350000000000000000e+05 4.610000000000000000e+03
3.400000000000000000e+05 4.585000000000000000e+03
3.450000000000000000e+05 4.471000000000000000e+03
3.500000000000000000e+05 4.523000000000000000e+03
3.550000000000000000e+05 4.539000000000000000e+03
3.600000000000000000e+05 4.519000000000000000e+03
3.650000000000000000e+05 4.616000000000000000e+03
3.700000000000000000e+05 4.980000000000000000e+03
3.750000000000000000e+05 5.078000000000000000e+03
3.800000000000000000e+05 5.196000000000000000e+03
3.850000000000000000e+05 5.418000000000000000e+03
3.900000000000000000e+05 5.775000000000000000e+03
3.950000000000000000e+05 6.061000000000000000e+03
4.000000000000000000e+05 6.016000000000000000e+03
4.050000000000000000e+05 6.482000000000000000e+03
4.100000000000000000e+05 6.791000000000000000e+03
4.150000000000000000e+05 7.017000000000000000e+03
4.200000000000000000e+05 7.275000000000000000e+03
4.250000000000000000e+05 7.641000000000000000e+03
4.300000000000000000e+05 7.806000000000000000e+03
4.350000000000000000e+05 8.169000000000000000e+03
4.400000000000000000e+05 8.559000000000000000e+03
4.450000000000000000e+05 9.069000000000000000e+03
4.500000000000000000e+05 9.314000000000000000e+03
4.550000000000000000e+05 9.603000000000000000e+03
4.600000000000000000e+05 9.735000000000000000e+03
4.650000000000000000e+05 9.989000000000000000e+03
4.700000000000000000e+05 1.050600000000000000e+04
4.750000000000000000e+05 1.073800000000000000e+04
4.800000000000000000e+05 1.066300000000000000e+04
4.850000000000000000e+05 1.132100000000000000e+04
4.900000000000000000e+05 1.161900000000000000e+04
4.950000000000000000e+05 1.189400000000000000e+04
5.000000000000000000e+05 1.177700000000000000e+04
5.050000000000000000e+05 1.201400000000000000e+04
5.100000000000000000e+05 1.233300000000000000e+04
5.150000000000000000e+05 1.249400000000000000e+04
5.200000000000000000e+05 1.245500000000000000e+04
5.250000000000000000e+05 1.265700000000000000e+04
5.300000000000000000e+05 1.289100000000000000e+04
5.350000000000000000e+05 1.282000000000000000e+04
5.400000000000000000e+05 1.276600000000000000e+04
5.450000000000000000e+05 1.300700000000000000e+04
5.500000000000000000e+05 1.300300000000000000e+04
5.550000000000000000e+05 1.330700000000000000e+04
5.600000000000000000e+05 1.315200000000000000e+04
5.650000000000000000e+05 1.344700000000000000e+04
5.700000000000000000e+05 1.331000000000000000e+04
5.750000000000000000e+05 1.342100000000000000e+04
5.800000000000000000e+05 1.330000000000000000e+04
5.850000000000000000e+05 1.340400000000000000e+04
5.900000000000000000e+05 1.349300000000000000e+04
5.950000000000000000e+05 1.359400000000000000e+04
6.000000000000000000e+05 1.350400000000000000e+04
6.050000000000000000e+05 1.329000000000000000e+04
6.100000000000000000e+05 1.312300000000000000e+04
6.150000000000000000e+05 1.332100000000000000e+04
6.200000000000000000e+05 1.358500000000000000e+04
6.250000000000000000e+05 1.314100000000000000e+04
6.300000000000000000e+05 1.328700000000000000e+04
6.350000000000000000e+05 1.329100000000000000e+04
6.400000000000000000e+05 1.316600000000000000e+04
6.450000000000000000e+05 1.318400000000000000e+04
6.500000000000000000e+05 1.282200000000000000e+04
6.550000000000000000e+05 1.283100000000000000e+04
6.600000000000000000e+05 1.259400000000000000e+04
6.650000000000000000e+05 1.253900000000000000e+04
6.700000000000000000e+05 1.240600000000000000e+04
6.750000000000000000e+05 1.231400000000000000e+04
6.800000000000000000e+05 1.229000000000000000e+04
6.850000000000000000e+05 1.197100000000000000e+04
6.900000000000000000e+05 1.170200000000000000e+04
6.950000000000000000e+05 1.152500000000000000e+04
7.000000000000000000e+05 1.142700000000000000e+04
7.050000000000000000e+05 1.110000000000000000e+04
7.100000000000000000e+05 1.063500000000000000e+04
7.150000000000000000e+05 1.060800000000000000e+04
7.200000000000000000e+05 1.030300000000000000e+04
7.250000000000000000e+05 1.003200000000000000e+04
7.300000000000000000e+05 9.793000000000000000e+03
7.350000000000000000e+05 9.682000000000000000e+03
7.400000000000000000e+05 9.205000000000000000e+03
7.450000000000000000e+05 8.940000000000000000e+03
7.500000000000000000e+05 8.520000000000000000e+03
7.550000000000000000e+05 8.264000000000000000e+03
7.600000000000000000e+05 8.082000000000000000e+03
7.650000000000000000e+05 7.611000000000000000e+03
7.700000000000000000e+05 7.275000000000000000e+03
7.750000000000000000e+05 7.154000000000000000e+03
7.800000000000000000e+05 6.700000000000000000e+03
7.850000000000000000e+05 6.524000000000000000e+03
7.900000000000000000e+05 6.278000000000000000e+03
7.950000000000000000e+05 5.907000000000000000e+03
8.000000000000000000e+05 5.603000000000000000e+03
8.050000000000000000e+05 5.529000000000000000e+03
8.100000000000000000e+05 5.336000000000000000e+03
8.150000000000000000e+05 5.026000000000000000e+03
8.200000000000000000e+05 4.852000000000000000e+03
8.250000000000000000e+05 4.666000000000000000e+03
8.300000000000000000e+05 4.621000000000000000e+03
8.350000000000000000e+05 4.543000000000000000e+03
8.400000000000000000e+05 4.537000000000000000e+03
8.450000000000000000e+05 4.551000000000000000e+03
8.500000000000000000e+05 4.542000000000000000e+03
8.550000000000000000e+05 4.481000000000000000e+03
8.600000000000000000e+05 4.601000000000000000e+03
8.650000000000000000e+05 4.640000000000000000e+03
8.700000000000000000e+05 4.747000000000000000e+03
8.750000000000000000e+05 4.977000000000000000e+03
8.800000000000000000e+05 5.287000000000000000e+03
8.850000000000000000e+05 5.349000000000000000e+03
8.900000000000000000e+05 5.719000000000000000e+03
8.950000000000000000e+05 5.973000000000000000e+03
9.000000000000000000e+05 6.050000000000000000e+03
9.050000000000000000e+05 6.440000000000000000e+03
9.100000000000000000e+05 6.688000000000000000e+03
9.150000000000000000e+05 6.984000000000000000e+03
9.200000000000000000e+05 7.333000000000000000e+03
9.250000000000000000e+05 7.552000000000000000e+03
9.300000000000000000e+05 7.852000000000000000e+03
9.350000000000000000e+05 8.263000000000000000e+03
9.400000000000000000e+05 8.438000000000000000e+03
9.450000000000000000e+05 8.988000000000000000e+03
9.500000000000000000e+05 9.205000000000000000e+03
9.550000000000000000e+05 9.562000000000000000e+03
9.600000000000000000e+05 9.784000000000000000e+03
9.650000000000000000e+05 1.020500000000000000e+04
9.700000000000000000e+05 1.034500000000000000e+04
9.750000000000000000e+05 1.064400000000000000e+04
9.800000000000000000e+05 1.085800000000000000e+04
9.850000000000000000e+05 1.114100000000000000e+04
9.900000000000000000e+05 1.167900000000000000e+04
9.950000000000000000e+05 1.134700000000000000e+04
