0.000000000000000000e+00 9.536000000000000000e+03
1.000000000000000000e+03 9.528000000000000000e+03
2.000000000000000000e+03 9.488000000000000000e+03
3.000000000000000000e+03 1.002300000000000000e+04
4.000000000000000000e+03 1.020100000000000000e+04
5.000000000000000000e+03 1.003300000000000000e+04
6.000000000000000000e+03 1.034000000000000000e+04
7.000000000000000000e+03 1.002600000000000000e+04
8.000000000000000000e+03 1.008200000000000000e+04
9.000000000000000000e+03 1.052300000000000000e+04
1.000000000000000000e+04 1.065200000000000000e+04
1.100000000000000000e+04 1.050700000000000000e+04
1.200000000000000000e+04 1.048300000000000000e+04
1.300000000000000000e+04 1.063400000000000000e+04
1.400000000000000000e+04 1.075700000000000000e+04
1.500000000000000000e+04 1.079200000000000000e+04
1.600000000000000000e+04 1.085900000000000000e+04
1.700000000000000000e+04 1.093600000000000000e+04
1.800000000000000000e+04 1.063600000000000000e+04
1.900000000000000000e+04 1.070500000000000000e+04
2.000000000000000000e+04 1.109500000000000000e+04
2.100000000000000000e+04 1.114800000000000000e+04
2.200000000000000000e+04 1.089500000000000000e+04
2.300000000000000000e+04 1.073800000000000000e+04
2.400000000000000000e+04 1.070000000000000000e+04
2.500000000000000000e+04 1.069800000000000000e+04
2.600000000000000000e+04 1.069100000000000000e+04
2.700000000000000000e+04 1.081000000000000000e+04
2.800000000000000000e+04 1.069400000000000000e+04
2.900000000000000000e+04 1.042400000000000000e+04
3.000000000000000000e+04 1.041100000000000000e+04
3.100000000000000000e+04 1.020500000000000000e+04
3.200000000000000000e+04 1.038100000000000000e+04
3.300000000000000000e+04 1.043900000000000000e+04
3.400000000000000000e+04 1.008800000000000000e+04
3.500000000000000000e+04 9.782000000000000000e+03
3.600000000000000000e+04 9.727000000000000000e+03
3.700000000000000000e+04 9.954000000000000000e+03
3.800000000000000000e+04 9.516000000000000000e+03
3.900000000000000000e+04 9.461000000000000000e+03
4.000000000000000000e+04 9.235000000000000000e+03
4.100000000000000000e+04 8.813000000000000000e+03
4.200000000000000000e+04 8.842000000000000000e+03
4.300000000000000000e+04 8.556000000000000000e+03
4.400000000000000000e+04 8.348000000000000000e+03
4.500000000000000000e+04 8.040000000000000000e+03
4.600000000000000000e+04 7.662000000000000000e+03
4.700000000000000000e+04 7.664000000000000000e+03
4.800000000000000000e+04 7.182000000000000000e+03
4.900000000000000000e+04 7.071000000000000000e+03
5.000000000000000000e+04 6.908000000000000000e+03
5.100000000000000000e+04 6.499000000000000000e+03
5.200000000000000000e+04 6.074000000000000000e+03
5.300000000000000000e+04 5.950000000000000000e+03
5.400000000000000000e+04 5.934000000000000000e+03
5.500000000000000000e+04 5.530000000000000000e+03
5.600000000000000000e+04 5.301000000000000000e+03
5.700000000000000000e+04 4.911000000000000000e+03
5.800000000000000000e+04 4.774000000000000000e+03
5.900000000000000000e+04 4.450000000000000000e+03
6.000000000000000000e+04 4.459000000000000000e+03
6.100000000000000000e+04 4.138000000000000000e+03
6.200000000000000000e+04 3.961000000000000000e+03
6.300000000000000000e+04 3.886000000000000000e+03
6.400000000000000000e+04 3.628000000000000000e+03
6.500000000000000000e+04 3.667000000000000000e+03
6.600000000000000000e+04 3.519000000000000000e+03
6.700000000000000000e+04 3.456000000000000000e+03
6.800000000000000000e+04 3.342000000000000000e+03
6.900000000000000000e+04 3.273000000000000000e+03
7.000000000000000000e+04 3.438000000000000000e+03
7.100000000000000000e+04 3.505000000000000000e+03
7.200000000000000000e+04 3.541000000000000000e+03
7.300000000000000000e+04 3.611000000000000000e+03
7.400000000000000000e+04 3.422000000000000000e+03
7.500000000000000000e+04 3.685000000000000000e+03
7.600000000000000000e+04 3.811000000000000000e+03
7.700000000000000000e+04 4.231000000000000000e+03
7.800000000000000000e+04 4.176000000000000000e+03
7.900000000000000000e+04 4.247000000000000000e+03
8.000000000000000000e+04 4.757000000000000000e+03
8.100000000000000000e+04 4.933000000000000000e+03
8.200000000000000000e+04 5.133000000000000000e+03
8.300000000000000000e+04 5.397000000000000000e+03
8.400000000000000000e+04 5.620000000000000000e+03
8.500000000000000000e+04 5.996000000000000000e+03
8.600000000000000000e+04 6.112000000000000000e+03
8.700000000000000000e+04 6.545000000000000000e+03
8.800000000000000000e+04 6.787000000000000000e+03
8.900000000000000000e+04 6.799000000000000000e+03
9.000000000000000000e+04 7.153000000000000000e+03
9.100000000000000000e+04 7.422000000000000000e+03
9.200000000000000000e+04 7.638000000000000000e+03
9.300000000000000000e+04 8.145000000000000000e+03
9.400000000000000000e+04 8.298000000000000000e+03
9.500000000000000000e+04 8.394000000000000000e+03
9.600000000000000000e+04 8.425000000000000000e+03
9.700000000000000000e+04 9.025000000000000000e+03
9.800000000000000000e+04 9.123000000000000000e+03
9.900000000000000000e+04 9.365000000000000000e+03
1.000000000000000000e+05 9.445000000000000000e+03
1.010000000000000000e+05 9.527000000000000000e+03
1.020000000000000000e+05 9.538000000000000000e+03
1.030000000000000000e+05 9.920000000000000000e+03
1.040000000000000000e+05 1.007200000000000000e+04
1.050000000000000000e+05 1.009700000000000000e+04
1.060000000000000000e+05 1.043700000000000000e+04
1.070000000000000000e+05 1.019800000000000000e+04
1.080000000000000000e+05 1.043400000000000000e+04
1.090000000000000000e+05 1.039700000000000000e+04
1.100000000000000000e+05 1.057600000000000000e+04
1.110000000000000000e+05 1.077200000000000000e+04
1.120000000000000000e+05 1.061900000000000000e+04
1.130000000000000000e+05 1.053200000000000000e+04
1.140000000000000000e+05 1.055700000000000000e+04
1.150000000000000000e+05 1.056600000000000000e+04
1.160000000000000000e+05 1.090300000000000000e+04
1.170000000000000000e+05 1.104400000000000000e+04
1.180000000000000000e+05 1.064600000000000000e+04
1.190000000000000000e+05 1.076000000000000000e+04
1.200000000000000000e+05 1.097600000000000000e+04
1.210000000000000000e+05 1.113700000000000000e+04
1.220000000000000000e+05 1.083000000000000000e+04
1.230000000000000000e+05 1.079900000000000000e+04
1.240000000000000000e+05 1.068800000000000000e+04
1.250000000000000000e+05 1.064600000000000000e+04
1.260000000000000000e+05 1.063400000000000000e+04
1.270000000000000000e+05 1.068400000000000000e+04
1.280000000000000000e+05 1.046800000000000000e+04
1.290000000000000000e+05 1.019000000000000000e+04
1.300000000000000000e+05 1.035800000000000000e+04
1.310000000000000000e+05 1.031500000000000000e+04
1.320000000000000000e+05 1.027400000000000000e+04
1.330000000000000000e+05 1.029600000000000000e+04
1.340000000000000000e+05 9.935000000000000000e+03
1.350000000000000000e+05 9.908000000000000000e+03
1.360000000000000000e+05 9.951000000000000000e+03
1.370000000000000000e+05 9.822000000000000000e+03
1.380000000000000000e+05 9.417000000000000000e+03
1.390000000000000000e+05 9.412000000000000000e+03
1.400000000000000000e+05 9.160000000000000000e+03
1.410000000000000000e+05 8.804000000000000000e+03
1.420000000000000000e+05 8.664000000000000000e+03
1.430000000000000000e+05 8.583000000000000000e+03
1.440000000000000000e+05 8.457000000000000000e+03
1.450000000000000000e+05 8.029000000000000000e+03
1.460000000000000000e+05 7.729000000000000000e+03
1.470000000000000000e+05 7.472000000000000000e+03
1.480000000000000000e+05 7.252000000000000000e+03
1.490000000000000000e+05 7.126000000000000000e+03
1.500000000000000000e+05 6.904000000000000000e+03
1.510000000000000000e+05 6.516000000000000000e+03
1.520000000000000000e+05 6.298000000000000000e+03
1.530000000000000000e+05 5.986000000000000000e+03
1.540000000000000000e+05 6.067000000000000000e+03
1.550000000000000000e+05 5.423000000000000000e+03
1.560000000000000000e+05 5.280000000000000000e+03
1.570000000000000000e+05 4.966000000000000000e+03
1.580000000000000000e+05 4.655000000000000000e+03
1.590000000000000000e+05 4.635000000000000000e+03
1.600000000000000000e+05 4.484000000000000000e+03
1.610000000000000000e+05 4.132000000000000000e+03
1.620000000000000000e+05 3.992000000000000000e+03
1.630000000000000000e+05 3.715000000000000000e+03
1.640000000000000000e+05 3.656000000000000000e+03
1.650000000000000000e+05 3.564000000000000000e+03
1.660000000000000000e+05 3.497000000000000000e+03
1.670000000000000000e+05 3.422000000000000000e+03
1.680000000000000000e+05 3.316000000000000000e+03
1.690000000000000000e+05 3.279000000000000000e+03
1.700000000000000000e+05 3.382000000000000000e+03
1.710000000000000000e+05 3.372000000000000000e+03
1.720000000000000000e+05 3.393000000000000000e+03
1.730000000000000000e+05 3.635000000000000000e+03
1.740000000000000000e+05 3.563000000000000000e+03
1.750000000000000000e+05 3.726000000000000000e+03
1.760000000000000000e+05 3.835000000000000000e+03
1.770000000000000000e+05 3.956000000000000000e+03
1.780000000000000000e+05 4.160000000000000000e+03
1.790000000000000000e+05 4.233000000000000000e+03
1.800000000000000000e+05 4.461000000000000000e+03
1.810000000000000000e+05 4.908000000000000000e+03
1.820000000000000000e+05 5.154000000000000000e+03
1.830000000000000000e+05 5.341000000000000000e+03
1.840000000000000000e+05 5.490000000000000000e+03
1.850000000000000000e+05 5.829000000000000000e+03
1.860000000000000000e+05 6.049000000000000000e+03
1.870000000000000000e+05 6.540000000000000000e+03
1.880000000000000000e+05 6.743000000000000000e+03
1.890000000000000000e+05 6.867000000000000000e+03
1.900000000000000000e+05 7.250000000000000000e+03
1.910000000000000000e+05 7.353000000000000000e+03
1.920000000000000000e+05 7.714000000000000000e+03
1.930000000000000000e+05 8.087000000000000000e+03
1.940000000000000000e+05 8.266000000000000000e+03
1.950000000000000000e+05 8.409000000000000000e+03
1.960000000000000000e+05 8.522000000000000000e+03
1.970000000000000000e+05 8.877000000000000000e+03
1.980000000000000000e+05 8.867000000000000000e+03
1.990000000000000000e+05 9.206000000000000000e+03
