0.000000000000000000e+00 8.210000000000000000e+03
1.420000000000000000e+02 8.369000000000000000e+03
2.840000000000000000e+02 8.381000000000000000e+03
4.260000000000000000e+02 8.609000000000000000e+03
5.680000000000000000e+02 8.645000000000000000e+03
7.100000000000000000e+02 8.819000000000000000e+03
8.520000000000000000e+02 8.990000000000000000e+03
9.940000000000000000e+02 9.034000000000000000e+03
1.136000000000000000e+03 9.236000000000000000e+03
1.278000000000000000e+03 9.127000000000000000e+03
1.420000000000000000e+03 9.036000000000000000e+03
1.562000000000000000e+03 9.244000000000000000e+03
1.704000000000000000e+03 9.318000000000000000e+03
1.846000000000000000e+03 9.314000000000000000e+03
1.988000000000000000e+03 9.422000000000000000e+03
2.130000000000000000e+03 9.379000000000000000e+03
2.272000000000000000e+03 9.342000000000000000e+03
2.414000000000000000e+03 9.430000000000000000e+03
2.556000000000000000e+03 9.318000000000000000e+03
2.698000000000000000e+03 9.303000000000000000e+03
2.840000000000000000e+03 9.441000000000000000e+03
2.982000000000000000e+03 9.416000000000000000e+03
3.124000000000000000e+03 9.580000000000000000e+03
3.266000000000000000e+03 9.386000000000000000e+03
3.408000000000000000e+03 9.493000000000000000e+03
3.550000000000000000e+03 9.626000000000000000e+03
3.692000000000000000e+03 9.484000000000000000e+03
3.834000000000000000e+03 9.320000000000000000e+03
3.976000000000000000e+03 9.443000000000000000e+03
4.118000000000000000e+03 9.294000000000000000e+03
4.260000000000000000e+03 9.193000000000000000e+03
4.402000000000000000e+03 9.180000000000000000e+03
4.544000000000000000e+03 9.165000000000000000e+03
4.686000000000000000e+03 9.068000000000000000e+03
4.828000000000000000e+03 9.010000000000000000e+03
4.970000000000000000e+03 8.746000000000000000e+03
5.112000000000000000e+03 8.539000000000000000e+03
5.254000000000000000e+03 8.344000000000000000e+03
5.396000000000000000e+03 8.321000000000000000e+03
5.538000000000000000e+03 8.058000000000000000e+03
5.680000000000000000e+03 8.038000000000000000e+03
5.822000000000000000e+03 7.819000000000000000e+03
5.964000000000000000e+03 7.718000000000000000e+03
6.106000000000000000e+03 7.584000000000000000e+03
6.248000000000000000e+03 7.345000000000000000e+03
6.390000000000000000e+03 7.161000000000000000e+03
6.532000000000000000e+03 6.919000000000000000e+03
6.674000000000000000e+03 6.758000000000000000e+03
6.816000000000000000e+03 6.483000000000000000e+03
6.958000000000000000e+03 6.372000000000000000e+03
7.100000000000000000e+03 6.179000000000000000e+03
7.242000000000000000e+03 5.964000000000000000e+03
7.384000000000000000e+03 5.723000000000000000e+03
7.526000000000000000e+03 5.576000000000000000e+03
7.668000000000000000e+03 5.180000000000000000e+03
7.810000000000000000e+03 5.158000000000000000e+03
7.952000000000000000e+03 4.886000000000000000e+03
8.094000000000000000e+03 4.691000000000000000e+03
8.236000000000000000e+03 4.471000000000000000e+03
8.378000000000000000e+03 4.376000000000000000e+03
8.520000000000000000e+03 4.164000000000000000e+03
8.662000000000000000e+03 3.909000000000000000e+03
8.804000000000000000e+03 3.680000000000000000e+03
8.946000000000000000e+03 3.609000000000000000e+03
9.088000000000000000e+03 3.415000000000000000e+03
9.230000000000000000e+03 3.389000000000000000e+03
9.372000000000000000e+03 3.307000000000000000e+03
9.514000000000000000e+03 3.169000000000000000e+03
9.656000000000000000e+03 3.091000000000000000e+03
9.798000000000000000e+03 3.032000000000000000e+03
9.940000000000000000e+03 2.976000000000000000e+03
1.008200000000000000e+04 3.033000000000000000e+03
1.022400000000000000e+04 2.946000000000000000e+03
1.036600000000000000e+04 2.973000000000000000e+03
1.050800000000000000e+04 3.103000000000000000e+03
1.065000000000000000e+04 3.052000000000000000e+03
1.079200000000000000e+04 3.152000000000000000e+03
1.093400000000000000e+04 3.255000000000000000e+03
1.107600000000000000e+04 3.384000000000000000e+03
1.121800000000000000e+04 3.462000000000000000e+03
1.136000000000000000e+04 3.643000000000000000e+03
1.150200000000000000e+04 3.821000000000000000e+03
1.164400000000000000e+04 4.069000000000000000e+03
1.178600000000000000e+04 4.248000000000000000e+03
1.192800000000000000e+04 4.584000000000000000e+03
1.207000000000000000e+04 4.817000000000000000e+03
1.221200000000000000e+04 4.953000000000000000e+03
1.235400000000000000e+04 5.148000000000000000e+03
1.249600000000000000e+04 5.649000000000000000e+03
1.263800000000000000e+04 5.874000000000000000e+03
1.278000000000000000e+04 6.029000000000000000e+03
1.292200000000000000e+04 6.274000000000000000e+03
1.306400000000000000e+04 6.450000000000000000e+03
1.320600000000000000e+04 6.739000000000000000e+03
1.334800000000000000e+04 6.985000000000000000e+03
1.349000000000000000e+04 7.117000000000000000e+03
1.363200000000000000e+04 7.364000000000000000e+03
1.377400000000000000e+04 7.629000000000000000e+03
1.391600000000000000e+04 7.745000000000000000e+03
1.405800000000000000e+04 8.063000000000000000e+03
1.420000000000000000e+04 8.200000000000000000e+03
1.434200000000000000e+04 8.243000000000000000e+03
1.448400000000000000e+04 8.386000000000000000e+03
1.462600000000000000e+04 8.526000000000000000e+03
1.476800000000000000e+04 8.664000000000000000e+03
1.491000000000000000e+04 8.833000000000000000e+03
1.505200000000000000e+04 8.783000000000000000e+03
1.519400000000000000e+04 8.888000000000000000e+03
1.533600000000000000e+04 9.029000000000000000e+03
1.547800000000000000e+04 8.943000000000000000e+03
1.562000000000000000e+04 9.135000000000000000e+03
1.576200000000000000e+04 9.288000000000000000e+03
1.590400000000000000e+04 9.406000000000000000e+03
1.604600000000000000e+04 9.221000000000000000e+03
1.618800000000000000e+04 9.285000000000000000e+03
1.633000000000000000e+04 9.410000000000000000e+03
1.647200000000000000e+04 9.465000000000000000e+03
1.661400000000000000e+04 9.487000000000000000e+03
1.675600000000000000e+04 9.440000000000000000e+03
1.689800000000000000e+04 9.488000000000000000e+03
1.704000000000000000e+04 9.558000000000000000e+03
1.718200000000000000e+04 9.699000000000000000e+03
1.732400000000000000e+04 9.378000000000000000e+03
1.746600000000000000e+04 9.478000000000000000e+03
1.760800000000000000e+04 9.378000000000000000e+03
1.775000000000000000e+04 9.558000000000000000e+03
1.789200000000000000e+04 9.454000000000000000e+03
1.803400000000000000e+04 9.360000000000000000e+03
1.817600000000000000e+04 9.223000000000000000e+03
1.831800000000000000e+04 9.307000000000000000e+03
1.846000000000000000e+04 9.419000000000000000e+03
1.860200000000000000e+04 9.074000000000000000e+03
1.874400000000000000e+04 8.958000000000000000e+03
1.888600000000000000e+04 9.081000000000000000e+03
1.902800000000000000e+04 8.771000000000000000e+03
1.917000000000000000e+04 8.891000000000000000e+03
1.931200000000000000e+04 8.697000000000000000e+03
1.945400000000000000e+04 8.458000000000000000e+03
1.959600000000000000e+04 8.469000000000000000e+03
1.973800000000000000e+04 8.336000000000000000e+03
1.988000000000000000e+04 8.442000000000000000e+03
2.002200000000000000e+04 8.076000000000000000e+03
2.016400000000000000e+04 7.765000000000000000e+03
2.030600000000000000e+04 7.689000000000000000e+03
2.044800000000000000e+04 7.521000000000000000e+03
2.059000000000000000e+04 7.373000000000000000e+03
2.073200000000000000e+04 7.272000000000000000e+03
2.087400000000000000e+04 6.927000000000000000e+03
2.101600000000000000e+04 6.839000000000000000e+03
2.115800000000000000e+04 6.524000000000000000e+03
2.130000000000000000e+04 6.399000000000000000e+03
2.144200000000000000e+04 6.232000000000000000e+03
2.158400000000000000e+04 5.888000000000000000e+03
2.172600000000000000e+04 5.685000000000000000e+03
2.186800000000000000e+04 5.474000000000000000e+03
2.201000000000000000e+04 5.342000000000000000e+03
2.215200000000000000e+04 4.899000000000000000e+03
2.229400000000000000e+04 4.835000000000000000e+03
2.243600000000000000e+04 4.622000000000000000e+03
2.257800000000000000e+04 4.370000000000000000e+03
2.272000000000000000e+04 4.137000000000000000e+03
2.286200000000000000e+04 3.913000000000000000e+03
2.300400000000000000e+04 3.903000000000000000e+03
2.314600000000000000e+04 3.625000000000000000e+03
2.328800000000000000e+04 3.649000000000000000e+03
2.343000000000000000e+04 3.404000000000000000e+03
2.357200000000000000e+04 3.277000000000000000e+03
2.371400000000000000e+04 3.183000000000000000e+03
2.385600000000000000e+04 3.208000000000000000e+03
2.399800000000000000e+04 3.035000000000000000e+03
2.414000000000000000e+04 2.837000000000000000e+03
2.428200000000000000e+04 2.961000000000000000e+03
2.442400000000000000e+04 3.023000000000000000e+03
2.456600000000000000e+04 2.955000000000000000e+03
2.470800000000000000e+04 3.046000000000000000e+03
2.485000000000000000e+04 3.065000000000000000e+03
2.499200000000000000e+04 3.071000000000000000e+03
2.513400000000000000e+04 3.278000000000000000e+03
2.527600000000000000e+04 3.301000000000000000e+03
2.541800000000000000e+04 3.454000000000000000e+03
2.556000000000000000e+04 3.595000000000000000e+03
2.570200000000000000e+04 3.752000000000000000e+03
2.584400000000000000e+04 4.035000000000000000e+03
2.598600000000000000e+04 4.127000000000000000e+03
2.612800000000000000e+04 4.429000000000000000e+03
2.627000000000000000e+04 4.472000000000000000e+03
2.641200000000000000e+04 4.902000000000000000e+03
2.655400000000000000e+04 5.152000000000000000e+03
2.669600000000000000e+04 5.342000000000000000e+03
2.683800000000000000e+04 5.545000000000000000e+03
2.698000000000000000e+04 5.882000000000000000e+03
2.712200000000000000e+04 6.160000000000000000e+03
2.726400000000000000e+04 6.252000000000000000e+03
2.740600000000000000e+04 6.295000000000000000e+03
2.754800000000000000e+04 6.860000000000000000e+03
2.769000000000000000e+04 7.046000000000000000e+03
2.783200000000000000e+04 7.185000000000000000e+03
2.797400000000000000e+04 7.512000000000000000e+03
2.811600000000000000e+04 7.709000000000000000e+03
2.825800000000000000e+04 7.914000000000000000e+03
2.840000000000000000e+04 7.889000000000000000e+03
