0.000000000000000000e+00 9.437000000000000000e+03
2.000000000000000000e+02 9.525000000000000000e+03
4.000000000000000000e+02 9.628000000000000000e+03
6.000000000000000000e+02 9.868000000000000000e+03
8.000000000000000000e+02 9.773000000000000000e+03
1.000000000000000000e+03 9.876000000000000000e+03
1.200000000000000000e+03 9.986000000000000000e+03
1.400000000000000000e+03 1.008100000000000000e+04
1.600000000000000000e+03 1.023900000000000000e+04
1.800000000000000000e+03 1.027300000000000000e+04
2.000000000000000000e+03 1.026400000000000000e+04
2.200000000000000000e+03 1.036100000000000000e+04
2.400000000000000000e+03 1.064200000000000000e+04
2.600000000000000000e+03 1.069700000000000000e+04
2.800000000000000000e+03 1.045100000000000000e+04
3.000000000000000000e+03 1.058700000000000000e+04
3.200000000000000000e+03 1.067800000000000000e+04
3.400000000000000000e+03 1.076700000000000000e+04
3.600000000000000000e+03 1.080500000000000000e+04
3.800000000000000000e+03 1.082900000000000000e+04
4.000000000000000000e+03 1.070300000000000000e+04
4.200000000000000000e+03 1.072000000000000000e+04
4.400000000000000000e+03 1.078500000000000000e+04
4.600000000000000000e+03 1.060900000000000000e+04
4.800000000000000000e+03 1.073500000000000000e+04
5.000000000000000000e+03 1.059900000000000000e+04
5.200000000000000000e+03 1.057500000000000000e+04
5.400000000000000000e+03 1.033100000000000000e+04
5.600000000000000000e+03 1.031200000000000000e+04
5.800000000000000000e+03 1.041500000000000000e+04
6.000000000000000000e+03 1.029900000000000000e+04
6.200000000000000000e+03 1.019800000000000000e+04
6.400000000000000000e+03 1.012600000000000000e+04
6.600000000000000000e+03 1.014400000000000000e+04
6.800000000000000000e+03 9.869000000000000000e+03
7.000000000000000000e+03 9.783000000000000000e+03
7.200000000000000000e+03 9.753000000000000000e+03
7.400000000000000000e+03 9.413000000000000000e+03
7.600000000000000000e+03 9.430000000000000000e+03
7.800000000000000000e+03 9.038000000000000000e+03
8.000000000000000000e+03 9.025000000000000000e+03
8.200000000000000000e+03 8.692000000000000000e+03
8.400000000000000000e+03 8.750000000000000000e+03
8.600000000000000000e+03 8.554000000000000000e+03
8.800000000000000000e+03 8.407000000000000000e+03
9.000000000000000000e+03 8.008000000000000000e+03
9.200000000000000000e+03 7.932000000000000000e+03
9.400000000000000000e+03 7.755000000000000000e+03
9.600000000000000000e+03 7.520000000000000000e+03
9.800000000000000000e+03 7.178000000000000000e+03
1.000000000000000000e+04 6.788000000000000000e+03
1.020000000000000000e+04 6.645000000000000000e+03
1.040000000000000000e+04 6.391000000000000000e+03
1.060000000000000000e+04 6.017000000000000000e+03
1.080000000000000000e+04 5.766000000000000000e+03
1.100000000000000000e+04 5.629000000000000000e+03
1.120000000000000000e+04 5.314000000000000000e+03
1.140000000000000000e+04 4.836000000000000000e+03
1.160000000000000000e+04 4.767000000000000000e+03
1.180000000000000000e+04 4.619000000000000000e+03
1.200000000000000000e+04 4.513000000000000000e+03
1.220000000000000000e+04 4.340000000000000000e+03
1.240000000000000000e+04 4.125000000000000000e+03
1.260000000000000000e+04 3.938000000000000000e+03
1.280000000000000000e+04 3.729000000000000000e+03
1.300000000000000000e+04 3.731000000000000000e+03
1.320000000000000000e+04 3.605000000000000000e+03
1.340000000000000000e+04 3.515000000000000000e+03
1.360000000000000000e+04 3.422000000000000000e+03
1.380000000000000000e+04 3.424000000000000000e+03
1.400000000000000000e+04 3.346000000000000000e+03
1.420000000000000000e+04 3.344000000000000000e+03
1.440000000000000000e+04 3.366000000000000000e+03
1.460000000000000000e+04 3.403000000000000000e+03
1.480000000000000000e+04 3.481000000000000000e+03
1.500000000000000000e+04 3.602000000000000000e+03
1.520000000000000000e+04 3.647000000000000000e+03
1.540000000000000000e+04 3.829000000000000000e+03
1.560000000000000000e+04 4.045000000000000000e+03
1.580000000000000000e+04 4.205000000000000000e+03
1.600000000000000000e+04 4.489000000000000000e+03
1.620000000000000000e+04 4.600000000000000000e+03
1.640000000000000000e+04 4.814000000000000000e+03
1.660000000000000000e+04 5.221000000000000000e+03
1.680000000000000000e+04 5.473000000000000000e+03
1.700000000000000000e+04 5.842000000000000000e+03
1.720000000000000000e+04 5.997000000000000000e+03
1.740000000000000000e+04 6.203000000000000000e+03
1.760000000000000000e+04 6.331000000000000000e+03
1.780000000000000000e+04 6.597000000000000000e+03
1.800000000000000000e+04 6.950000000000000000e+03
1.820000000000000000e+04 7.291000000000000000e+03
1.840000000000000000e+04 7.654000000000000000e+03
1.860000000000000000e+04 7.828000000000000000e+03
1.880000000000000000e+04 7.963000000000000000e+03
1.900000000000000000e+04 8.310000000000000000e+03
1.920000000000000000e+04 8.588000000000000000e+03
1.940000000000000000e+04 8.622000000000000000e+03
1.960000000000000000e+04 9.195000000000000000e+03
1.980000000000000000e+04 9.294000000000000000e+03
2.000000000000000000e+04 9.260000000000000000e+03
2.020000000000000000e+04 9.537000000000000000e+03
2.040000000000000000e+04 9.768000000000000000e+03
2.060000000000000000e+04 9.756000000000000000e+03
2.080000000000000000e+04 9.807000000000000000e+03
2.100000000000000000e+04 1.014200000000000000e+04
2.120000000000000000e+04 9.907000000000000000e+03
2.140000000000000000e+04 1.009100000000000000e+04
2.160000000000000000e+04 1.030500000000000000e+04
2.180000000000000000e+04 1.034400000000000000e+04
2.200000000000000000e+04 1.021000000000000000e+04
2.220000000000000000e+04 1.070300000000000000e+04
2.240000000000000000e+04 1.070800000000000000e+04
2.260000000000000000e+04 1.093100000000000000e+04
2.280000000000000000e+04 1.076800000000000000e+04
2.300000000000000000e+04 1.079100000000000000e+04
2.320000000000000000e+04 1.092100000000000000e+04
2.340000000000000000e+04 1.072100000000000000e+04
2.360000000000000000e+04 1.070800000000000000e+04
2.380000000000000000e+04 1.081900000000000000e+04
2.400000000000000000e+04 1.059700000000000000e+04
2.420000000000000000e+04 1.072900000000000000e+04
2.440000000000000000e+04 1.063800000000000000e+04
2.460000000000000000e+04 1.046800000000000000e+04
2.480000000000000000e+04 1.059300000000000000e+04
2.500000000000000000e+04 1.044900000000000000e+04
2.520000000000000000e+04 1.042800000000000000e+04
2.540000000000000000e+04 1.056100000000000000e+04
2.560000000000000000e+04 1.067700000000000000e+04
2.580000000000000000e+04 1.040100000000000000e+04
2.600000000000000000e+04 1.051800000000000000e+04
2.620000000000000000e+04 1.046100000000000000e+04
2.640000000000000000e+04 1.032000000000000000e+04
2.660000000000000000e+04 1.013400000000000000e+04
2.680000000000000000e+04 9.917000000000000000e+03
2.700000000000000000e+04 9.822000000000000000e+03
2.720000000000000000e+04 9.720000000000000000e+03
2.740000000000000000e+04 9.515000000000000000e+03
2.760000000000000000e+04 9.455000000000000000e+03
2.780000000000000000e+04 9.221000000000000000e+03
2.800000000000000000e+04 8.924000000000000000e+03
2.820000000000000000e+04 8.910000000000000000e+03
2.840000000000000000e+04 8.779000000000000000e+03
2.860000000000000000e+04 8.399000000000000000e+03
2.880000000000000000e+04 8.326000000000000000e+03
2.900000000000000000e+04 8.052000000000000000e+03
2.920000000000000000e+04 7.881000000000000000e+03
2.940000000000000000e+04 7.677000000000000000e+03
2.960000000000000000e+04 7.449000000000000000e+03
2.980000000000000000e+04 7.162000000000000000e+03
3.000000000000000000e+04 6.896000000000000000e+03
3.020000000000000000e+04 6.541000000000000000e+03
3.040000000000000000e+04 6.262000000000000000e+03
3.060000000000000000e+04 6.027000000000000000e+03
3.080000000000000000e+04 5.667000000000000000e+03
3.100000000000000000e+04 5.482000000000000000e+03
3.120000000000000000e+04 5.384000000000000000e+03
3.140000000000000000e+04 5.079000000000000000e+03
3.160000000000000000e+04 4.888000000000000000e+03
3.180000000000000000e+04 4.667000000000000000e+03
3.200000000000000000e+04 4.427000000000000000e+03
3.220000000000000000e+04 4.281000000000000000e+03
3.240000000000000000e+04 4.119000000000000000e+03
3.260000000000000000e+04 4.013000000000000000e+03
3.280000000000000000e+04 3.924000000000000000e+03
3.300000000000000000e+04 3.779000000000000000e+03
3.320000000000000000e+04 3.695000000000000000e+03
3.340000000000000000e+04 3.410000000000000000e+03
3.360000000000000000e+04 3.373000000000000000e+03
3.380000000000000000e+04 3.259000000000000000e+03
3.400000000000000000e+04 3.355000000000000000e+03
3.420000000000000000e+04 3.368000000000000000e+03
3.440000000000000000e+04 3.410000000000000000e+03
3.460000000000000000e+04 3.363000000000000000e+03
3.480000000000000000e+04 3.460000000000000000e+03
3.500000000000000000e+04 3.569000000000000000e+03
3.520000000000000000e+04 3.717000000000000000e+03
3.540000000000000000e+04 3.824000000000000000e+03
3.560000000000000000e+04 4.102000000000000000e+03
3.580000000000000000e+04 4.209000000000000000e+03
3.600000000000000000e+04 4.452000000000000000e+03
3.620000000000000000e+04 4.690000000000000000e+03
3.640000000000000000e+04 4.739000000000000000e+03
3.660000000000000000e+04 5.133000000000000000e+03
3.680000000000000000e+04 5.441000000000000000e+03
3.700000000000000000e+04 5.612000000000000000e+03
3.720000000000000000e+04 5.858000000000000000e+03
3.740000000000000000e+04 6.139000000000000000e+03
3.760000000000000000e+04 6.337000000000000000e+03
3.780000000000000000e+04 6.691000000000000000e+03
3.800000000000000000e+04 7.027000000000000000e+03
3.820000000000000000e+04 7.234000000000000000e+03
3.840000000000000000e+04 7.547000000000000000e+03
3.860000000000000000e+04 7.603000000000000000e+03
3.880000000000000000e+04 7.967000000000000000e+03
3.900000000000000000e+04 8.289000000000000000e+03
3.920000000000000000e+04 8.634000000000000000e+03
3.940000000000000000e+04 8.835000000000000000e+03
3.960000000000000000e+04 8.943000000000000000e+03
3.980000000000000000e+04 9.239000000000000000e+03
