0.000000000000000000e+00 1.547000000000000000e+03
1.400000000000000000e+01 1.571000000000000000e+03
2.800000000000000000e+01 1.567000000000000000e+03
4.200000000000000000e+01 1.781000000000000000e+03
5.600000000000000000e+01 1.765000000000000000e+03
7.000000000000000000e+01 1.693000000000000000e+03
8.400000000000000000e+01 1.824000000000000000e+03
9.800000000000000000e+01 1.746000000000000000e+03
1.120000000000000000e+02 1.920000000000000000e+03
1.260000000000000000e+02 1.896000000000000000e+03
1.400000000000000000e+02 1.923000000000000000e+03
1.540000000000000000e+02 1.933000000000000000e+03
1.680000000000000000e+02 2.033000000000000000e+03
1.820000000000000000e+02 1.954000000000000000e+03
1.960000000000000000e+02 1.966000000000000000e+03
2.100000000000000000e+02 2.017000000000000000e+03
2.240000000000000000e+02 2.064000000000000000e+03
2.380000000000000000e+02 2.047000000000000000e+03
2.520000000000000000e+02 1.984000000000000000e+03
2.660000000000000000e+02 2.097000000000000000e+03
2.800000000000000000e+02 1.955000000000000000e+03
2.940000000000000000e+02 2.055000000000000000e+03
3.080000000000000000e+02 2.072000000000000000e+03
3.220000000000000000e+02 2.084000000000000000e+03
3.360000000000000000e+02 2.083000000000000000e+03
3.500000000000000000e+02 2.099000000000000000e+03
3.640000000000000000e+02 2.096000000000000000e+03
3.780000000000000000e+02 2.117000000000000000e+03
3.920000000000000000e+02 2.053000000000000000e+03
4.060000000000000000e+02 2.050000000000000000e+03
4.200000000000000000e+02 2.057000000000000000e+03
4.340000000000000000e+02 2.095000000000000000e+03
4.480000000000000000e+02 2.142000000000000000e+03
4.620000000000000000e+02 2.111000000000000000e+03
4.760000000000000000e+02 2.037000000000000000e+03
4.900000000000000000e+02 2.031000000000000000e+03
5.040000000000000000e+02 2.044000000000000000e+03
5.180000000000000000e+02 2.043000000000000000e+03
5.320000000000000000e+02 2.049000000000000000e+03
5.460000000000000000e+02 2.034000000000000000e+03
5.600000000000000000e+02 1.955000000000000000e+03
5.740000000000000000e+02 1.905000000000000000e+03
5.880000000000000000e+02 1.954000000000000000e+03
6.020000000000000000e+02 1.847000000000000000e+03
6.160000000000000000e+02 1.831000000000000000e+03
6.300000000000000000e+02 1.870000000000000000e+03
6.440000000000000000e+02 1.771000000000000000e+03
6.580000000000000000e+02 1.792000000000000000e+03
6.720000000000000000e+02 1.772000000000000000e+03
6.860000000000000000e+02 1.780000000000000000e+03
7.000000000000000000e+02 1.720000000000000000e+03
7.140000000000000000e+02 1.648000000000000000e+03
7.280000000000000000e+02 1.583000000000000000e+03
7.420000000000000000e+02 1.608000000000000000e+03
7.560000000000000000e+02 1.524000000000000000e+03
7.700000000000000000e+02 1.561000000000000000e+03
7.840000000000000000e+02 1.524000000000000000e+03
7.980000000000000000e+02 1.546000000000000000e+03
8.120000000000000000e+02 1.436000000000000000e+03
8.260000000000000000e+02 1.442000000000000000e+03
8.400000000000000000e+02 1.415000000000000000e+03
8.540000000000000000e+02 1.330000000000000000e+03
8.680000000000000000e+02 1.284000000000000000e+03
8.820000000000000000e+02 1.287000000000000000e+03
8.960000000000000000e+02 1.220000000000000000e+03
9.100000000000000000e+02 1.235000000000000000e+03
9.240000000000000000e+02 1.147000000000000000e+03
9.380000000000000000e+02 1.188000000000000000e+03
9.520000000000000000e+02 1.168000000000000000e+03
9.660000000000000000e+02 1.076000000000000000e+03
9.800000000000000000e+02 1.124000000000000000e+03
9.940000000000000000e+02 1.076000000000000000e+03
1.008000000000000000e+03 1.032000000000000000e+03
1.022000000000000000e+03 9.940000000000000000e+02
1.036000000000000000e+03 1.057000000000000000e+03
1.050000000000000000e+03 9.750000000000000000e+02
1.064000000000000000e+03 9.330000000000000000e+02
1.078000000000000000e+03 1.021000000000000000e+03
1.092000000000000000e+03 9.420000000000000000e+02
1.106000000000000000e+03 1.042000000000000000e+03
1.120000000000000000e+03 1.015000000000000000e+03
1.134000000000000000e+03 1.014000000000000000e+03
1.148000000000000000e+03 1.009000000000000000e+03
1.162000000000000000e+03 9.710000000000000000e+02
1.176000000000000000e+03 1.015000000000000000e+03
1.190000000000000000e+03 9.660000000000000000e+02
1.204000000000000000e+03 9.990000000000000000e+02
1.218000000000000000e+03 1.027000000000000000e+03
1.232000000000000000e+03 1.107000000000000000e+03
1.246000000000000000e+03 1.155000000000000000e+03
1.260000000000000000e+03 1.162000000000000000e+03
1.274000000000000000e+03 1.171000000000000000e+03
1.288000000000000000e+03 1.133000000000000000e+03
1.302000000000000000e+03 1.249000000000000000e+03
1.316000000000000000e+03 1.262000000000000000e+03
1.330000000000000000e+03 1.364000000000000000e+03
1.344000000000000000e+03 1.334000000000000000e+03
1.358000000000000000e+03 1.455000000000000000e+03
1.372000000000000000e+03 1.439000000000000000e+03
1.386000000000000000e+03 1.469000000000000000e+03
1.400000000000000000e+03 1.543000000000000000e+03
1.414000000000000000e+03 1.605000000000000000e+03
1.428000000000000000e+03 1.631000000000000000e+03
1.442000000000000000e+03 1.621000000000000000e+03
1.456000000000000000e+03 1.686000000000000000e+03
1.470000000000000000e+03 1.744000000000000000e+03
1.484000000000000000e+03 1.746000000000000000e+03
1.498000000000000000e+03 1.821000000000000000e+03
1.512000000000000000e+03 1.851000000000000000e+03
1.526000000000000000e+03 1.885000000000000000e+03
1.540000000000000000e+03 1.879000000000000000e+03
1.554000000000000000e+03 1.839000000000000000e+03
1.568000000000000000e+03 2.031000000000000000e+03
1.582000000000000000e+03 1.895000000000000000e+03
1.596000000000000000e+03 1.921000000000000000e+03
1.610000000000000000e+03 2.009000000000000000e+03
1.624000000000000000e+03 2.003000000000000000e+03
1.638000000000000000e+03 2.091000000000000000e+03
1.652000000000000000e+03 2.080000000000000000e+03
1.666000000000000000e+03 2.047000000000000000e+03
1.680000000000000000e+03 2.087000000000000000e+03
1.694000000000000000e+03 2.013000000000000000e+03
1.708000000000000000e+03 2.170000000000000000e+03
1.722000000000000000e+03 2.073000000000000000e+03
1.736000000000000000e+03 2.108000000000000000e+03
1.750000000000000000e+03 2.115000000000000000e+03
1.764000000000000000e+03 2.131000000000000000e+03
1.778000000000000000e+03 2.043000000000000000e+03
1.792000000000000000e+03 2.136000000000000000e+03
1.806000000000000000e+03 2.042000000000000000e+03
1.820000000000000000e+03 2.156000000000000000e+03
1.834000000000000000e+03 2.109000000000000000e+03
1.848000000000000000e+03 2.149000000000000000e+03
1.862000000000000000e+03 2.034000000000000000e+03
1.876000000000000000e+03 2.055000000000000000e+03
1.890000000000000000e+03 2.047000000000000000e+03
1.904000000000000000e+03 2.019000000000000000e+03
1.918000000000000000e+03 2.090000000000000000e+03
1.932000000000000000e+03 2.052000000000000000e+03
1.946000000000000000e+03 2.038000000000000000e+03
1.960000000000000000e+03 2.017000000000000000e+03
1.974000000000000000e+03 2.009000000000000000e+03
1.988000000000000000e+03 1.959000000000000000e+03
2.002000000000000000e+03 1.967000000000000000e+03
2.016000000000000000e+03 1.905000000000000000e+03
2.030000000000000000e+03 1.851000000000000000e+03
2.044000000000000000e+03 1.902000000000000000e+03
2.058000000000000000e+03 1.826000000000000000e+03
2.072000000000000000e+03 1.911000000000000000e+03
2.086000000000000000e+03 1.842000000000000000e+03
2.100000000000000000e+03 1.750000000000000000e+03
2.114000000000000000e+03 1.744000000000000000e+03
2.128000000000000000e+03 1.675000000000000000e+03
2.142000000000000000e+03 1.681000000000000000e+03
2.156000000000000000e+03 1.652000000000000000e+03
2.170000000000000000e+03 1.640000000000000000e+03
2.184000000000000000e+03 1.508000000000000000e+03
2.198000000000000000e+03 1.519000000000000000e+03
2.212000000000000000e+03 1.505000000000000000e+03
2.226000000000000000e+03 1.440000000000000000e+03
2.240000000000000000e+03 1.462000000000000000e+03
2.254000000000000000e+03 1.385000000000000000e+03
2.268000000000000000e+03 1.357000000000000000e+03
2.282000000000000000e+03 1.356000000000000000e+03
2.296000000000000000e+03 1.246000000000000000e+03
2.310000000000000000e+03 1.225000000000000000e+03
2.324000000000000000e+03 1.218000000000000000e+03
2.338000000000000000e+03 1.150000000000000000e+03
2.352000000000000000e+03 1.148000000000000000e+03
2.366000000000000000e+03 1.150000000000000000e+03
2.380000000000000000e+03 1.086000000000000000e+03
2.394000000000000000e+03 1.101000000000000000e+03
2.408000000000000000e+03 1.117000000000000000e+03
2.422000000000000000e+03 1.064000000000000000e+03
2.436000000000000000e+03 1.012000000000000000e+03
2.450000000000000000e+03 1.069000000000000000e+03
2.464000000000000000e+03 9.970000000000000000e+02
2.478000000000000000e+03 1.028000000000000000e+03
2.492000000000000000e+03 9.440000000000000000e+02
2.506000000000000000e+03 9.950000000000000000e+02
2.520000000000000000e+03 9.870000000000000000e+02
2.534000000000000000e+03 9.510000000000000000e+02
2.548000000000000000e+03 9.520000000000000000e+02
2.562000000000000000e+03 8.830000000000000000e+02
2.576000000000000000e+03 9.400000000000000000e+02
2.590000000000000000e+03 1.008000000000000000e+03
2.604000000000000000e+03 9.830000000000000000e+02
2.618000000000000000e+03 1.104000000000000000e+03
2.632000000000000000e+03 1.065000000000000000e+03
2.646000000000000000e+03 1.004000000000000000e+03
2.660000000000000000e+03 1.069000000000000000e+03
2.674000000000000000e+03 1.122000000000000000e+03
2.688000000000000000e+03 1.098000000000000000e+03
2.702000000000000000e+03 1.238000000000000000e+03
2.716000000000000000e+03 1.237000000000000000e+03
2.730000000000000000e+03 1.192000000000000000e+03
2.744000000000000000e+03 1.257000000000000000e+03
2.758000000000000000e+03 1.382000000000000000e+03
2.772000000000000000e+03 1.340000000000000000e+03
2.786000000000000000e+03 1.368000000000000000e+03
2.800000000000000000e+03 1.374000000000000000e+03
2.814000000000000000e+03 1.509000000000000000e+03
2.828000000000000000e+03 1.495000000000000000e+03
2.842000000000000000e+03 1.544000000000000000e+03
