0.000000000000000000e+00 2.641000000000000000e+03
1.428000000000000000e+03 2.716000000000000000e+03
2.856000000000000000e+03 2.729000000000000000e+03
4.284000000000000000e+03 2.807000000000000000e+03
5.712000000000000000e+03 2.761000000000000000e+03
7.140000000000000000e+03 2.744000000000000000e+03
8.568000000000000000e+03 2.870000000000000000e+03
9.996000000000000000e+03 2.963000000000000000e+03
1.142400000000000000e+04 2.900000000000000000e+03
1.285200000000000000e+04 2.888000000000000000e+03
1.428000000000000000e+04 2.991000000000000000e+03
1.570800000000000000e+04 2.960000000000000000e+03
1.713600000000000000e+04 2.933000000000000000e+03
1.856400000000000000e+04 2.954000000000000000e+03
1.999200000000000000e+04 3.028000000000000000e+03
2.142000000000000000e+04 2.963000000000000000e+03
2.284800000000000000e+04 3.015000000000000000e+03
2.427600000000000000e+04 2.987000000000000000e+03
2.570400000000000000e+04 2.958000000000000000e+03
2.713200000000000000e+04 2.996000000000000000e+03
2.856000000000000000e+04 2.987000000000000000e+03
2.998800000000000000e+04 2.949000000000000000e+03
3.141600000000000000e+04 3.133000000000000000e+03
3.284400000000000000e+04 2.935000000000000000e+03
3.427200000000000000e+04 2.982000000000000000e+03
3.570000000000000000e+04 2.975000000000000000e+03
3.712800000000000000e+04 3.048000000000000000e+03
3.855600000000000000e+04 2.915000000000000000e+03
3.998400000000000000e+04 3.005000000000000000e+03
4.141200000000000000e+04 3.047000000000000000e+03
4.284000000000000000e+04 2.939000000000000000e+03
4.426800000000000000e+04 2.999000000000000000e+03
4.569600000000000000e+04 2.815000000000000000e+03
4.712400000000000000e+04 2.845000000000000000e+03
4.855200000000000000e+04 2.818000000000000000e+03
4.998000000000000000e+04 2.904000000000000000e+03
5.140800000000000000e+04 2.732000000000000000e+03
5.283600000000000000e+04 2.750000000000000000e+03
5.426400000000000000e+04 2.622000000000000000e+03
5.569200000000000000e+04 2.644000000000000000e+03
5.712000000000000000e+04 2.540000000000000000e+03
5.854800000000000000e+04 2.577000000000000000e+03
5.997600000000000000e+04 2.573000000000000000e+03
6.140400000000000000e+04 2.443000000000000000e+03
6.283200000000000000e+04 2.429000000000000000e+03
6.426000000000000000e+04 2.350000000000000000e+03
6.568800000000000000e+04 2.314000000000000000e+03
6.711600000000000000e+04 2.254000000000000000e+03
6.854400000000000000e+04 2.152000000000000000e+03
6.997200000000000000e+04 2.051000000000000000e+03
7.140000000000000000e+04 2.074000000000000000e+03
7.282800000000000000e+04 2.038000000000000000e+03
7.425600000000000000e+04 1.926000000000000000e+03
7.568400000000000000e+04 1.817000000000000000e+03
7.711200000000000000e+04 1.738000000000000000e+03
7.854000000000000000e+04 1.663000000000000000e+03
7.996800000000000000e+04 1.522000000000000000e+03
8.139600000000000000e+04 1.583000000000000000e+03
8.282400000000000000e+04 1.496000000000000000e+03
8.425200000000000000e+04 1.461000000000000000e+03
8.568000000000000000e+04 1.401000000000000000e+03
8.710800000000000000e+04 1.413000000000000000e+03
8.853600000000000000e+04 1.344000000000000000e+03
8.996400000000000000e+04 1.234000000000000000e+03
9.139200000000000000e+04 1.251000000000000000e+03
9.282000000000000000e+04 1.190000000000000000e+03
9.424800000000000000e+04 1.134000000000000000e+03
9.567600000000000000e+04 1.160000000000000000e+03
9.710400000000000000e+04 1.171000000000000000e+03
9.853200000000000000e+04 1.211000000000000000e+03
9.996000000000000000e+04 1.156000000000000000e+03
1.013880000000000000e+05 1.198000000000000000e+03
1.028160000000000000e+05 1.144000000000000000e+03
1.042440000000000000e+05 1.228000000000000000e+03
1.056720000000000000e+05 1.256000000000000000e+03
1.071000000000000000e+05 1.295000000000000000e+03
1.085280000000000000e+05 1.293000000000000000e+03
1.099560000000000000e+05 1.319000000000000000e+03
1.113840000000000000e+05 1.510000000000000000e+03
1.128120000000000000e+05 1.417000000000000000e+03
1.142400000000000000e+05 1.568000000000000000e+03
1.156680000000000000e+05 1.509000000000000000e+03
1.170960000000000000e+05 1.677000000000000000e+03
1.185240000000000000e+05 1.702000000000000000e+03
1.199520000000000000e+05 1.686000000000000000e+03
1.213800000000000000e+05 1.790000000000000000e+03
1.228080000000000000e+05 1.875000000000000000e+03
1.242360000000000000e+05 1.905000000000000000e+03
1.256640000000000000e+05 2.012000000000000000e+03
1.270920000000000000e+05 2.019000000000000000e+03
1.285200000000000000e+05 2.149000000000000000e+03
1.299480000000000000e+05 2.133000000000000000e+03
1.313760000000000000e+05 2.277000000000000000e+03
1.328040000000000000e+05 2.290000000000000000e+03
1.342320000000000000e+05 2.303000000000000000e+03
1.356600000000000000e+05 2.431000000000000000e+03
1.370880000000000000e+05 2.444000000000000000e+03
1.385160000000000000e+05 2.492000000000000000e+03
1.399440000000000000e+05 2.509000000000000000e+03
1.413720000000000000e+05 2.582000000000000000e+03
1.428000000000000000e+05 2.743000000000000000e+03
1.442280000000000000e+05 2.731000000000000000e+03
1.456560000000000000e+05 2.743000000000000000e+03
1.470840000000000000e+05 2.828000000000000000e+03
1.485120000000000000e+05 2.917000000000000000e+03
1.499400000000000000e+05 2.798000000000000000e+03
1.513680000000000000e+05 2.852000000000000000e+03
1.527960000000000000e+05 2.783000000000000000e+03
1.542240000000000000e+05 2.978000000000000000e+03
1.556520000000000000e+05 2.991000000000000000e+03
1.570800000000000000e+05 2.935000000000000000e+03
1.585080000000000000e+05 2.998000000000000000e+03
1.599360000000000000e+05 2.944000000000000000e+03
1.613640000000000000e+05 3.013000000000000000e+03
1.627920000000000000e+05 2.950000000000000000e+03
1.642200000000000000e+05 2.993000000000000000e+03
1.656480000000000000e+05 3.027000000000000000e+03
1.670760000000000000e+05 3.079000000000000000e+03
1.685040000000000000e+05 3.031000000000000000e+03
1.699320000000000000e+05 2.933000000000000000e+03
1.713600000000000000e+05 3.015000000000000000e+03
1.727880000000000000e+05 2.953000000000000000e+03
1.742160000000000000e+05 2.919000000000000000e+03
1.756440000000000000e+05 2.969000000000000000e+03
1.770720000000000000e+05 2.970000000000000000e+03
1.785000000000000000e+05 3.073000000000000000e+03
1.799280000000000000e+05 2.858000000000000000e+03
1.813560000000000000e+05 2.934000000000000000e+03
1.827840000000000000e+05 3.004000000000000000e+03
1.842120000000000000e+05 2.895000000000000000e+03
1.856400000000000000e+05 2.954000000000000000e+03
1.870680000000000000e+05 2.934000000000000000e+03
1.884960000000000000e+05 2.915000000000000000e+03
1.899240000000000000e+05 2.806000000000000000e+03
1.913520000000000000e+05 2.844000000000000000e+03
1.927800000000000000e+05 2.768000000000000000e+03
1.942080000000000000e+05 2.854000000000000000e+03
1.956360000000000000e+05 2.704000000000000000e+03
1.970640000000000000e+05 2.735000000000000000e+03
1.984920000000000000e+05 2.634000000000000000e+03
1.999200000000000000e+05 2.593000000000000000e+03
2.013480000000000000e+05 2.624000000000000000e+03
2.027760000000000000e+05 2.535000000000000000e+03
2.042040000000000000e+05 2.481000000000000000e+03
2.056320000000000000e+05 2.442000000000000000e+03
2.070600000000000000e+05 2.363000000000000000e+03
2.084880000000000000e+05 2.184000000000000000e+03
2.099160000000000000e+05 2.324000000000000000e+03
2.113440000000000000e+05 2.159000000000000000e+03
2.127720000000000000e+05 2.090000000000000000e+03
2.142000000000000000e+05 2.040000000000000000e+03
2.156280000000000000e+05 2.079000000000000000e+03
2.170560000000000000e+05 1.906000000000000000e+03
2.184840000000000000e+05 1.836000000000000000e+03
2.199120000000000000e+05 1.846000000000000000e+03
2.213400000000000000e+05 1.726000000000000000e+03
2.227680000000000000e+05 1.662000000000000000e+03
2.241960000000000000e+05 1.595000000000000000e+03
2.256240000000000000e+05 1.506000000000000000e+03
2.270520000000000000e+05 1.417000000000000000e+03
2.284800000000000000e+05 1.429000000000000000e+03
2.299080000000000000e+05 1.417000000000000000e+03
2.313360000000000000e+05 1.317000000000000000e+03
2.327640000000000000e+05 1.232000000000000000e+03
2.341920000000000000e+05 1.219000000000000000e+03
2.356200000000000000e+05 1.196000000000000000e+03
2.370480000000000000e+05 1.166000000000000000e+03
2.384760000000000000e+05 1.163000000000000000e+03
2.399040000000000000e+05 1.128000000000000000e+03
2.413320000000000000e+05 1.118000000000000000e+03
2.427600000000000000e+05 1.162000000000000000e+03
2.441880000000000000e+05 1.137000000000000000e+03
2.456160000000000000e+05 1.174000000000000000e+03
2.470440000000000000e+05 1.189000000000000000e+03
2.484720000000000000e+05 1.262000000000000000e+03
2.499000000000000000e+05 1.287000000000000000e+03
2.513280000000000000e+05 1.262000000000000000e+03
2.527560000000000000e+05 1.315000000000000000e+03
2.541840000000000000e+05 1.403000000000000000e+03
2.556120000000000000e+05 1.427000000000000000e+03
2.570400000000000000e+05 1.539000000000000000e+03
2.584680000000000000e+05 1.453000000000000000e+03
2.598960000000000000e+05 1.612000000000000000e+03
2.613240000000000000e+05 1.719000000000000000e+03
2.627520000000000000e+05 1.783000000000000000e+03
2.641800000000000000e+05 1.803000000000000000e+03
2.656080000000000000e+05 1.889000000000000000e+03
2.670360000000000000e+05 1.872000000000000000e+03
2.684640000000000000e+05 1.997000000000000000e+03
2.698920000000000000e+05 2.106000000000000000e+03
2.713200000000000000e+05 2.146000000000000000e+03
2.727480000000000000e+05 2.220000000000000000e+03
2.741760000000000000e+05 2.314000000000000000e+03
2.756040000000000000e+05 2.271000000000000000e+03
2.770320000000000000e+05 2.298000000000000000e+03
2.784600000000000000e+05 2.498000000000000000e+03
2.798880000000000000e+05 2.555000000000000000e+03
2.813160000000000000e+05 2.498000000000000000e+03
2.827440000000000000e+05 2.606000000000000000e+03
2.841720000000000000e+05 2.623000000000000000e+03
