0.000000000000000000e+00 1.846000000000000000e+03
3.300000000000000000e+01 1.940000000000000000e+03
6.600000000000000000e+01 1.969000000000000000e+03
9.900000000000000000e+01 1.890000000000000000e+03
1.320000000000000000e+02 2.045000000000000000e+03
1.650000000000000000e+02 2.064000000000000000e+03
1.980000000000000000e+02 2.135000000000000000e+03
2.310000000000000000e+02 2.115000000000000000e+03
2.640000000000000000e+02 2.023000000000000000e+03
2.970000000000000000e+02 2.136000000000000000e+03
3.300000000000000000e+02 2.182000000000000000e+03
3.630000000000000000e+02 2.243000000000000000e+03
3.960000000000000000e+02 2.151000000000000000e+03
4.290000000000000000e+02 2.199000000000000000e+03
4.620000000000000000e+02 2.158000000000000000e+03
4.950000000000000000e+02 2.184000000000000000e+03
5.280000000000000000e+02 2.209000000000000000e+03
5.610000000000000000e+02 2.235000000000000000e+03
5.940000000000000000e+02 2.259000000000000000e+03
6.270000000000000000e+02 2.330000000000000000e+03
6.600000000000000000e+02 2.299000000000000000e+03
6.930000000000000000e+02 2.206000000000000000e+03
7.260000000000000000e+02 2.287000000000000000e+03
7.590000000000000000e+02 2.291000000000000000e+03
7.920000000000000000e+02 2.105000000000000000e+03
8.250000000000000000e+02 2.351000000000000000e+03
8.580000000000000000e+02 2.228000000000000000e+03
8.910000000000000000e+02 2.174000000000000000e+03
9.240000000000000000e+02 2.155000000000000000e+03
9.570000000000000000e+02 2.260000000000000000e+03
9.900000000000000000e+02 2.216000000000000000e+03
1.023000000000000000e+03 2.172000000000000000e+03
1.056000000000000000e+03 2.166000000000000000e+03
1.089000000000000000e+03 2.119000000000000000e+03
1.122000000000000000e+03 2.132000000000000000e+03
1.155000000000000000e+03 2.080000000000000000e+03
1.188000000000000000e+03 2.118000000000000000e+03
1.221000000000000000e+03 2.067000000000000000e+03
1.254000000000000000e+03 2.134000000000000000e+03
1.287000000000000000e+03 2.020000000000000000e+03
1.320000000000000000e+03 2.018000000000000000e+03
1.353000000000000000e+03 1.921000000000000000e+03
1.386000000000000000e+03 1.985000000000000000e+03
1.419000000000000000e+03 1.952000000000000000e+03
1.452000000000000000e+03 1.935000000000000000e+03
1.485000000000000000e+03 1.858000000000000000e+03
1.518000000000000000e+03 1.853000000000000000e+03
1.551000000000000000e+03 1.858000000000000000e+03
1.584000000000000000e+03 1.851000000000000000e+03
1.617000000000000000e+03 1.692000000000000000e+03
1.650000000000000000e+03 1.724000000000000000e+03
1.683000000000000000e+03 1.689000000000000000e+03
1.716000000000000000e+03 1.624000000000000000e+03
1.749000000000000000e+03 1.625000000000000000e+03
1.782000000000000000e+03 1.510000000000000000e+03
1.815000000000000000e+03 1.517000000000000000e+03
1.848000000000000000e+03 1.401000000000000000e+03
1.881000000000000000e+03 1.328000000000000000e+03
1.914000000000000000e+03 1.302000000000000000e+03
1.947000000000000000e+03 1.273000000000000000e+03
1.980000000000000000e+03 1.344000000000000000e+03
2.013000000000000000e+03 1.151000000000000000e+03
2.046000000000000000e+03 1.176000000000000000e+03
2.079000000000000000e+03 1.086000000000000000e+03
2.112000000000000000e+03 1.103000000000000000e+03
2.145000000000000000e+03 1.032000000000000000e+03
2.178000000000000000e+03 1.038000000000000000e+03
2.211000000000000000e+03 1.019000000000000000e+03
2.244000000000000000e+03 9.720000000000000000e+02
2.277000000000000000e+03 1.038000000000000000e+03
2.310000000000000000e+03 9.670000000000000000e+02
2.343000000000000000e+03 9.260000000000000000e+02
2.376000000000000000e+03 9.270000000000000000e+02
2.409000000000000000e+03 8.980000000000000000e+02
2.442000000000000000e+03 9.300000000000000000e+02
2.475000000000000000e+03 9.120000000000000000e+02
2.508000000000000000e+03 8.800000000000000000e+02
2.541000000000000000e+03 8.890000000000000000e+02
2.574000000000000000e+03 9.220000000000000000e+02
2.607000000000000000e+03 9.710000000000000000e+02
2.640000000000000000e+03 9.900000000000000000e+02
2.673000000000000000e+03 1.039000000000000000e+03
2.706000000000000000e+03 9.460000000000000000e+02
2.739000000000000000e+03 1.133000000000000000e+03
2.772000000000000000e+03 1.099000000000000000e+03
2.805000000000000000e+03 1.106000000000000000e+03
2.838000000000000000e+03 1.100000000000000000e+03
2.871000000000000000e+03 1.183000000000000000e+03
2.904000000000000000e+03 1.310000000000000000e+03
2.937000000000000000e+03 1.228000000000000000e+03
2.970000000000000000e+03 1.311000000000000000e+03
3.003000000000000000e+03 1.391000000000000000e+03
3.036000000000000000e+03 1.485000000000000000e+03
3.069000000000000000e+03 1.526000000000000000e+03
3.102000000000000000e+03 1.560000000000000000e+03
3.135000000000000000e+03 1.636000000000000000e+03
3.168000000000000000e+03 1.659000000000000000e+03
3.201000000000000000e+03 1.704000000000000000e+03
3.234000000000000000e+03 1.729000000000000000e+03
3.267000000000000000e+03 1.769000000000000000e+03
3.300000000000000000e+03 1.787000000000000000e+03
3.333000000000000000e+03 1.923000000000000000e+03
3.366000000000000000e+03 1.949000000000000000e+03
3.399000000000000000e+03 1.988000000000000000e+03
3.432000000000000000e+03 2.019000000000000000e+03
3.465000000000000000e+03 2.136000000000000000e+03
3.498000000000000000e+03 2.128000000000000000e+03
3.531000000000000000e+03 2.022000000000000000e+03
3.564000000000000000e+03 2.154000000000000000e+03
3.597000000000000000e+03 2.044000000000000000e+03
3.630000000000000000e+03 2.120000000000000000e+03
3.663000000000000000e+03 2.151000000000000000e+03
3.696000000000000000e+03 2.269000000000000000e+03
3.729000000000000000e+03 2.286000000000000000e+03
3.762000000000000000e+03 2.221000000000000000e+03
3.795000000000000000e+03 2.158000000000000000e+03
3.828000000000000000e+03 2.205000000000000000e+03
3.861000000000000000e+03 2.125000000000000000e+03
3.894000000000000000e+03 2.225000000000000000e+03
3.927000000000000000e+03 2.215000000000000000e+03
3.960000000000000000e+03 2.113000000000000000e+03
3.993000000000000000e+03 2.263000000000000000e+03
4.026000000000000000e+03 2.201000000000000000e+03
4.059000000000000000e+03 2.220000000000000000e+03
4.092000000000000000e+03 2.216000000000000000e+03
4.125000000000000000e+03 2.315000000000000000e+03
4.158000000000000000e+03 2.266000000000000000e+03
4.191000000000000000e+03 2.263000000000000000e+03
4.224000000000000000e+03 2.224000000000000000e+03
4.257000000000000000e+03 2.189000000000000000e+03
4.290000000000000000e+03 2.152000000000000000e+03
4.323000000000000000e+03 2.207000000000000000e+03
4.356000000000000000e+03 2.208000000000000000e+03
4.389000000000000000e+03 2.094000000000000000e+03
4.422000000000000000e+03 2.154000000000000000e+03
4.455000000000000000e+03 2.096000000000000000e+03
4.488000000000000000e+03 2.113000000000000000e+03
4.521000000000000000e+03 2.072000000000000000e+03
4.554000000000000000e+03 2.179000000000000000e+03
4.587000000000000000e+03 2.108000000000000000e+03
4.620000000000000000e+03 2.175000000000000000e+03
4.653000000000000000e+03 2.028000000000000000e+03
4.686000000000000000e+03 1.949000000000000000e+03
4.719000000000000000e+03 2.018000000000000000e+03
4.752000000000000000e+03 1.954000000000000000e+03
4.785000000000000000e+03 1.888000000000000000e+03
4.818000000000000000e+03 1.907000000000000000e+03
4.851000000000000000e+03 1.801000000000000000e+03
4.884000000000000000e+03 1.837000000000000000e+03
4.917000000000000000e+03 1.848000000000000000e+03
4.950000000000000000e+03 1.795000000000000000e+03
4.983000000000000000e+03 1.605000000000000000e+03
5.016000000000000000e+03 1.636000000000000000e+03
5.049000000000000000e+03 1.679000000000000000e+03
5.082000000000000000e+03 1.515000000000000000e+03
5.115000000000000000e+03 1.512000000000000000e+03
5.148000000000000000e+03 1.471000000000000000e+03
5.181000000000000000e+03 1.435000000000000000e+03
5.214000000000000000e+03 1.364000000000000000e+03
5.247000000000000000e+03 1.327000000000000000e+03
5.280000000000000000e+03 1.310000000000000000e+03
5.313000000000000000e+03 1.195000000000000000e+03
5.346000000000000000e+03 1.210000000000000000e+03
5.379000000000000000e+03 1.166000000000000000e+03
5.412000000000000000e+03 1.096000000000000000e+03
5.445000000000000000e+03 1.110000000000000000e+03
5.478000000000000000e+03 1.009000000000000000e+03
5.511000000000000000e+03 1.038000000000000000e+03
5.544000000000000000e+03 9.960000000000000000e+02
5.577000000000000000e+03 1.001000000000000000e+03
5.610000000000000000e+03 9.690000000000000000e+02
5.643000000000000000e+03 9.300000000000000000e+02
5.676000000000000000e+03 9.110000000000000000e+02
5.709000000000000000e+03 9.300000000000000000e+02
5.742000000000000000e+03 9.040000000000000000e+02
5.775000000000000000e+03 9.170000000000000000e+02
5.808000000000000000e+03 8.950000000000000000e+02
5.841000000000000000e+03 9.610000000000000000e+02
5.874000000000000000e+03 9.510000000000000000e+02
5.907000000000000000e+03 9.210000000000000000e+02
5.940000000000000000e+03 9.010000000000000000e+02
5.973000000000000000e+03 9.740000000000000000e+02
6.006000000000000000e+03 1.057000000000000000e+03
6.039000000000000000e+03 1.031000000000000000e+03
6.072000000000000000e+03 1.089000000000000000e+03
6.105000000000000000e+03 1.037000000000000000e+03
6.138000000000000000e+03 1.113000000000000000e+03
6.171000000000000000e+03 1.174000000000000000e+03
6.204000000000000000e+03 1.190000000000000000e+03
6.237000000000000000e+03 1.282000000000000000e+03
6.270000000000000000e+03 1.233000000000000000e+03
6.303000000000000000e+03 1.381000000000000000e+03
6.336000000000000000e+03 1.391000000000000000e+03
6.369000000000000000e+03 1.402000000000000000e+03
6.402000000000000000e+03 1.428000000000000000e+03
6.435000000000000000e+03 1.531000000000000000e+03
6.468000000000000000e+03 1.667000000000000000e+03
6.501000000000000000e+03 1.611000000000000000e+03
6.534000000000000000e+03 1.641000000000000000e+03
6.567000000000000000e+03 1.684000000000000000e+03
6.600000000000000000e+03 1.742000000000000000e+03
6.633000000000000000e+03 1.851000000000000000e+03
