0.000000000000000000e+00 1.724000000000000000e+03
2.000000000000000000e+01 1.811000000000000000e+03
4.000000000000000000e+01 1.845000000000000000e+03
6.000000000000000000e+01 1.916000000000000000e+03
8.000000000000000000e+01 2.009000000000000000e+03
1.000000000000000000e+02 1.957000000000000000e+03
1.200000000000000000e+02 2.053000000000000000e+03
1.400000000000000000e+02 2.080000000000000000e+03
1.600000000000000000e+02 2.077000000000000000e+03
1.800000000000000000e+02 2.071000000000000000e+03
2.000000000000000000e+02 2.142000000000000000e+03
2.200000000000000000e+02 2.095000000000000000e+03
2.400000000000000000e+02 2.265000000000000000e+03
2.600000000000000000e+02 2.177000000000000000e+03
2.800000000000000000e+02 2.127000000000000000e+03
3.000000000000000000e+02 2.155000000000000000e+03
3.200000000000000000e+02 2.266000000000000000e+03
3.400000000000000000e+02 2.302000000000000000e+03
3.600000000000000000e+02 2.221000000000000000e+03
3.800000000000000000e+02 2.250000000000000000e+03
4.000000000000000000e+02 2.211000000000000000e+03
4.200000000000000000e+02 2.362000000000000000e+03
4.400000000000000000e+02 2.272000000000000000e+03
4.600000000000000000e+02 2.272000000000000000e+03
4.800000000000000000e+02 2.310000000000000000e+03
5.000000000000000000e+02 2.279000000000000000e+03
5.200000000000000000e+02 2.337000000000000000e+03
5.400000000000000000e+02 2.176000000000000000e+03
5.600000000000000000e+02 2.216000000000000000e+03
5.800000000000000000e+02 2.263000000000000000e+03
6.000000000000000000e+02 2.123000000000000000e+03
6.200000000000000000e+02 2.189000000000000000e+03
6.400000000000000000e+02 2.220000000000000000e+03
6.600000000000000000e+02 2.176000000000000000e+03
6.800000000000000000e+02 2.197000000000000000e+03
7.000000000000000000e+02 2.103000000000000000e+03
7.200000000000000000e+02 2.204000000000000000e+03
7.400000000000000000e+02 2.203000000000000000e+03
7.600000000000000000e+02 2.144000000000000000e+03
7.800000000000000000e+02 2.170000000000000000e+03
8.000000000000000000e+02 2.108000000000000000e+03
8.200000000000000000e+02 2.077000000000000000e+03
8.400000000000000000e+02 2.105000000000000000e+03
8.600000000000000000e+02 1.993000000000000000e+03
8.800000000000000000e+02 1.987000000000000000e+03
9.000000000000000000e+02 1.909000000000000000e+03
9.200000000000000000e+02 1.861000000000000000e+03
9.400000000000000000e+02 1.828000000000000000e+03
9.600000000000000000e+02 1.876000000000000000e+03
9.800000000000000000e+02 1.872000000000000000e+03
1.000000000000000000e+03 1.799000000000000000e+03
1.020000000000000000e+03 1.651000000000000000e+03
1.040000000000000000e+03 1.672000000000000000e+03
1.060000000000000000e+03 1.640000000000000000e+03
1.080000000000000000e+03 1.543000000000000000e+03
1.100000000000000000e+03 1.568000000000000000e+03
1.120000000000000000e+03 1.572000000000000000e+03
1.140000000000000000e+03 1.499000000000000000e+03
1.160000000000000000e+03 1.499000000000000000e+03
1.180000000000000000e+03 1.390000000000000000e+03
1.200000000000000000e+03 1.398000000000000000e+03
1.220000000000000000e+03 1.306000000000000000e+03
1.240000000000000000e+03 1.343000000000000000e+03
1.260000000000000000e+03 1.230000000000000000e+03
1.280000000000000000e+03 1.216000000000000000e+03
1.300000000000000000e+03 1.178000000000000000e+03
1.320000000000000000e+03 1.138000000000000000e+03
1.340000000000000000e+03 1.133000000000000000e+03
1.360000000000000000e+03 1.101000000000000000e+03
1.380000000000000000e+03 1.109000000000000000e+03
1.400000000000000000e+03 1.105000000000000000e+03
1.420000000000000000e+03 1.046000000000000000e+03
1.440000000000000000e+03 1.001000000000000000e+03
1.460000000000000000e+03 1.065000000000000000e+03
1.480000000000000000e+03 9.900000000000000000e+02
1.500000000000000000e+03 1.004000000000000000e+03
1.520000000000000000e+03 9.960000000000000000e+02
1.540000000000000000e+03 9.590000000000000000e+02
1.560000000000000000e+03 1.004000000000000000e+03
1.580000000000000000e+03 1.000000000000000000e+03
1.600000000000000000e+03 1.025000000000000000e+03
1.620000000000000000e+03 1.065000000000000000e+03
1.640000000000000000e+03 1.040000000000000000e+03
1.660000000000000000e+03 1.077000000000000000e+03
1.680000000000000000e+03 1.071000000000000000e+03
1.700000000000000000e+03 1.129000000000000000e+03
1.720000000000000000e+03 1.157000000000000000e+03
1.740000000000000000e+03 1.157000000000000000e+03
1.760000000000000000e+03 1.267000000000000000e+03
1.780000000000000000e+03 1.227000000000000000e+03
1.800000000000000000e+03 1.305000000000000000e+03
1.820000000000000000e+03 1.292000000000000000e+03
1.840000000000000000e+03 1.403000000000000000e+03
1.860000000000000000e+03 1.420000000000000000e+03
1.880000000000000000e+03 1.504000000000000000e+03
1.900000000000000000e+03 1.568000000000000000e+03
1.920000000000000000e+03 1.633000000000000000e+03
1.940000000000000000e+03 1.696000000000000000e+03
1.960000000000000000e+03 1.658000000000000000e+03
1.980000000000000000e+03 1.714000000000000000e+03
2.000000000000000000e+03 1.794000000000000000e+03
2.020000000000000000e+03 1.784000000000000000e+03
2.040000000000000000e+03 1.845000000000000000e+03
2.060000000000000000e+03 1.915000000000000000e+03
2.080000000000000000e+03 1.980000000000000000e+03
2.100000000000000000e+03 1.939000000000000000e+03
2.120000000000000000e+03 2.073000000000000000e+03
2.140000000000000000e+03 2.038000000000000000e+03
2.160000000000000000e+03 2.049000000000000000e+03
2.180000000000000000e+03 2.102000000000000000e+03
2.200000000000000000e+03 2.078000000000000000e+03
2.220000000000000000e+03 2.112000000000000000e+03
2.240000000000000000e+03 2.168000000000000000e+03
2.260000000000000000e+03 2.215000000000000000e+03
2.280000000000000000e+03 2.229000000000000000e+03
2.300000000000000000e+03 2.241000000000000000e+03
2.320000000000000000e+03 2.235000000000000000e+03
2.340000000000000000e+03 2.146000000000000000e+03
2.360000000000000000e+03 2.260000000000000000e+03
2.380000000000000000e+03 2.206000000000000000e+03
2.400000000000000000e+03 2.336000000000000000e+03
2.420000000000000000e+03 2.256000000000000000e+03
2.440000000000000000e+03 2.300000000000000000e+03
2.460000000000000000e+03 2.282000000000000000e+03
2.480000000000000000e+03 2.336000000000000000e+03
2.500000000000000000e+03 2.191000000000000000e+03
2.520000000000000000e+03 2.286000000000000000e+03
2.540000000000000000e+03 2.287000000000000000e+03
2.560000000000000000e+03 2.194000000000000000e+03
2.580000000000000000e+03 2.224000000000000000e+03
2.600000000000000000e+03 2.233000000000000000e+03
2.620000000000000000e+03 2.200000000000000000e+03
2.640000000000000000e+03 2.250000000000000000e+03
2.660000000000000000e+03 2.185000000000000000e+03
2.680000000000000000e+03 2.245000000000000000e+03
2.700000000000000000e+03 2.203000000000000000e+03
2.720000000000000000e+03 2.087000000000000000e+03
2.740000000000000000e+03 2.089000000000000000e+03
2.760000000000000000e+03 2.105000000000000000e+03
2.780000000000000000e+03 2.099000000000000000e+03
2.800000000000000000e+03 2.114000000000000000e+03
2.820000000000000000e+03 2.086000000000000000e+03
2.840000000000000000e+03 2.038000000000000000e+03
2.860000000000000000e+03 2.095000000000000000e+03
2.880000000000000000e+03 2.024000000000000000e+03
2.900000000000000000e+03 1.909000000000000000e+03
2.920000000000000000e+03 1.898000000000000000e+03
2.940000000000000000e+03 1.879000000000000000e+03
2.960000000000000000e+03 1.915000000000000000e+03
2.980000000000000000e+03 1.917000000000000000e+03
3.000000000000000000e+03 1.814000000000000000e+03
3.020000000000000000e+03 1.708000000000000000e+03
3.040000000000000000e+03 1.726000000000000000e+03
3.060000000000000000e+03 1.695000000000000000e+03
3.080000000000000000e+03 1.626000000000000000e+03
3.100000000000000000e+03 1.543000000000000000e+03
3.120000000000000000e+03 1.490000000000000000e+03
3.140000000000000000e+03 1.434000000000000000e+03
3.160000000000000000e+03 1.413000000000000000e+03
3.180000000000000000e+03 1.447000000000000000e+03
3.200000000000000000e+03 1.276000000000000000e+03
3.220000000000000000e+03 1.353000000000000000e+03
3.240000000000000000e+03 1.313000000000000000e+03
3.260000000000000000e+03 1.298000000000000000e+03
3.280000000000000000e+03 1.231000000000000000e+03
3.300000000000000000e+03 1.092000000000000000e+03
3.320000000000000000e+03 1.191000000000000000e+03
3.340000000000000000e+03 1.132000000000000000e+03
3.360000000000000000e+03 1.085000000000000000e+03
3.380000000000000000e+03 1.032000000000000000e+03
3.400000000000000000e+03 1.074000000000000000e+03
3.420000000000000000e+03 1.055000000000000000e+03
3.440000000000000000e+03 1.053000000000000000e+03
3.460000000000000000e+03 1.061000000000000000e+03
3.480000000000000000e+03 1.003000000000000000e+03
3.500000000000000000e+03 1.014000000000000000e+03
3.520000000000000000e+03 9.230000000000000000e+02
3.540000000000000000e+03 1.056000000000000000e+03
3.560000000000000000e+03 9.800000000000000000e+02
3.580000000000000000e+03 1.026000000000000000e+03
3.600000000000000000e+03 9.330000000000000000e+02
3.620000000000000000e+03 1.036000000000000000e+03
3.640000000000000000e+03 1.083000000000000000e+03
3.660000000000000000e+03 1.016000000000000000e+03
3.680000000000000000e+03 1.159000000000000000e+03
3.700000000000000000e+03 1.142000000000000000e+03
3.720000000000000000e+03 1.147000000000000000e+03
3.740000000000000000e+03 1.199000000000000000e+03
3.760000000000000000e+03 1.231000000000000000e+03
3.780000000000000000e+03 1.272000000000000000e+03
3.800000000000000000e+03 1.319000000000000000e+03
3.820000000000000000e+03 1.379000000000000000e+03
3.840000000000000000e+03 1.410000000000000000e+03
3.860000000000000000e+03 1.490000000000000000e+03
3.880000000000000000e+03 1.505000000000000000e+03
3.900000000000000000e+03 1.518000000000000000e+03
3.920000000000000000e+03 1.660000000000000000e+03
3.940000000000000000e+03 1.703000000000000000e+03
3.960000000000000000e+03 1.756000000000000000e+03
3.980000000000000000e+03 1.737000000000000000e+03
