0.000000000000000000e+00 2.648000000000000000e+03
2.000000000000000000e+03 2.661000000000000000e+03
4.000000000000000000e+03 2.805000000000000000e+03
6.000000000000000000e+03 2.797000000000000000e+03
8.000000000000000000e+03 2.774000000000000000e+03
1.000000000000000000e+04 2.900000000000000000e+03
1.200000000000000000e+04 2.849000000000000000e+03
1.400000000000000000e+04 2.869000000000000000e+03
1.600000000000000000e+04 2.929000000000000000e+03
1.800000000000000000e+04 2.944000000000000000e+03
2.000000000000000000e+04 2.930000000000000000e+03
2.200000000000000000e+04 2.961000000000000000e+03
2.400000000000000000e+04 2.918000000000000000e+03
2.600000000000000000e+04 3.030000000000000000e+03
2.800000000000000000e+04 2.978000000000000000e+03
3.000000000000000000e+04 2.972000000000000000e+03
3.200000000000000000e+04 3.032000000000000000e+03
3.400000000000000000e+04 3.012000000000000000e+03
3.600000000000000000e+04 3.055000000000000000e+03
3.800000000000000000e+04 3.053000000000000000e+03
4.000000000000000000e+04 3.116000000000000000e+03
4.200000000000000000e+04 3.010000000000000000e+03
4.400000000000000000e+04 2.917000000000000000e+03
4.600000000000000000e+04 3.101000000000000000e+03
4.800000000000000000e+04 3.062000000000000000e+03
5.000000000000000000e+04 3.146000000000000000e+03
5.200000000000000000e+04 2.977000000000000000e+03
5.400000000000000000e+04 3.033000000000000000e+03
5.600000000000000000e+04 2.899000000000000000e+03
5.800000000000000000e+04 3.050000000000000000e+03
6.000000000000000000e+04 2.916000000000000000e+03
6.200000000000000000e+04 2.961000000000000000e+03
6.400000000000000000e+04 2.866000000000000000e+03
6.600000000000000000e+04 2.824000000000000000e+03
6.800000000000000000e+04 2.804000000000000000e+03
7.000000000000000000e+04 2.768000000000000000e+03
7.200000000000000000e+04 2.648000000000000000e+03
7.400000000000000000e+04 2.761000000000000000e+03
7.600000000000000000e+04 2.646000000000000000e+03
7.800000000000000000e+04 2.687000000000000000e+03
8.000000000000000000e+04 2.637000000000000000e+03
8.200000000000000000e+04 2.534000000000000000e+03
8.400000000000000000e+04 2.593000000000000000e+03
8.600000000000000000e+04 2.546000000000000000e+03
8.800000000000000000e+04 2.314000000000000000e+03
9.000000000000000000e+04 2.286000000000000000e+03
9.200000000000000000e+04 2.207000000000000000e+03
9.400000000000000000e+04 2.235000000000000000e+03
9.600000000000000000e+04 2.271000000000000000e+03
9.800000000000000000e+04 2.079000000000000000e+03
1.000000000000000000e+05 2.058000000000000000e+03
1.020000000000000000e+05 2.043000000000000000e+03
1.040000000000000000e+05 1.891000000000000000e+03
1.060000000000000000e+05 1.864000000000000000e+03
1.080000000000000000e+05 1.806000000000000000e+03
1.100000000000000000e+05 1.673000000000000000e+03
1.120000000000000000e+05 1.665000000000000000e+03
1.140000000000000000e+05 1.614000000000000000e+03
1.160000000000000000e+05 1.552000000000000000e+03
1.180000000000000000e+05 1.447000000000000000e+03
1.200000000000000000e+05 1.449000000000000000e+03
1.220000000000000000e+05 1.366000000000000000e+03
1.240000000000000000e+05 1.299000000000000000e+03
1.260000000000000000e+05 1.296000000000000000e+03
1.280000000000000000e+05 1.254000000000000000e+03
1.300000000000000000e+05 1.236000000000000000e+03
1.320000000000000000e+05 1.222000000000000000e+03
1.340000000000000000e+05 1.208000000000000000e+03
1.360000000000000000e+05 1.236000000000000000e+03
1.380000000000000000e+05 1.160000000000000000e+03
1.400000000000000000e+05 1.158000000000000000e+03
1.420000000000000000e+05 1.091000000000000000e+03
1.440000000000000000e+05 1.212000000000000000e+03
1.460000000000000000e+05 1.332000000000000000e+03
1.480000000000000000e+05 1.206000000000000000e+03
1.500000000000000000e+05 1.241000000000000000e+03
1.520000000000000000e+05 1.298000000000000000e+03
1.540000000000000000e+05 1.354000000000000000e+03
1.560000000000000000e+05 1.430000000000000000e+03
1.580000000000000000e+05 1.467000000000000000e+03
1.600000000000000000e+05 1.549000000000000000e+03
1.620000000000000000e+05 1.582000000000000000e+03
1.640000000000000000e+05 1.585000000000000000e+03
1.660000000000000000e+05 1.701000000000000000e+03
1.680000000000000000e+05 1.832000000000000000e+03
1.700000000000000000e+05 1.932000000000000000e+03
1.720000000000000000e+05 1.869000000000000000e+03
1.740000000000000000e+05 1.950000000000000000e+03
1.760000000000000000e+05 1.999000000000000000e+03
1.780000000000000000e+05 2.080000000000000000e+03
1.800000000000000000e+05 2.185000000000000000e+03
1.820000000000000000e+05 2.153000000000000000e+03
1.840000000000000000e+05 2.211000000000000000e+03
1.860000000000000000e+05 2.321000000000000000e+03
1.880000000000000000e+05 2.411000000000000000e+03
1.900000000000000000e+05 2.338000000000000000e+03
1.920000000000000000e+05 2.514000000000000000e+03
1.940000000000000000e+05 2.438000000000000000e+03
1.960000000000000000e+05 2.690000000000000000e+03
1.980000000000000000e+05 2.616000000000000000e+03
2.000000000000000000e+05 2.687000000000000000e+03
2.020000000000000000e+05 2.787000000000000000e+03
2.040000000000000000e+05 2.724000000000000000e+03
2.060000000000000000e+05 2.706000000000000000e+03
2.080000000000000000e+05 2.790000000000000000e+03
2.100000000000000000e+05 2.891000000000000000e+03
2.120000000000000000e+05 2.883000000000000000e+03
2.140000000000000000e+05 2.967000000000000000e+03
2.160000000000000000e+05 2.972000000000000000e+03
2.180000000000000000e+05 2.905000000000000000e+03
2.200000000000000000e+05 3.089000000000000000e+03
2.220000000000000000e+05 3.011000000000000000e+03
2.240000000000000000e+05 3.053000000000000000e+03
2.260000000000000000e+05 2.943000000000000000e+03
2.280000000000000000e+05 3.019000000000000000e+03
2.300000000000000000e+05 3.012000000000000000e+03
2.320000000000000000e+05 3.027000000000000000e+03
2.340000000000000000e+05 3.158000000000000000e+03
2.360000000000000000e+05 3.024000000000000000e+03
2.380000000000000000e+05 2.970000000000000000e+03
2.400000000000000000e+05 3.005000000000000000e+03
2.420000000000000000e+05 3.065000000000000000e+03
2.440000000000000000e+05 2.981000000000000000e+03
2.460000000000000000e+05 3.008000000000000000e+03
2.480000000000000000e+05 2.931000000000000000e+03
2.500000000000000000e+05 2.846000000000000000e+03
2.520000000000000000e+05 3.038000000000000000e+03
2.540000000000000000e+05 2.938000000000000000e+03
2.560000000000000000e+05 2.978000000000000000e+03
2.580000000000000000e+05 2.945000000000000000e+03
2.600000000000000000e+05 2.925000000000000000e+03
2.620000000000000000e+05 2.878000000000000000e+03
2.640000000000000000e+05 2.854000000000000000e+03
2.660000000000000000e+05 2.851000000000000000e+03
2.680000000000000000e+05 2.926000000000000000e+03
2.700000000000000000e+05 2.880000000000000000e+03
2.720000000000000000e+05 2.846000000000000000e+03
2.740000000000000000e+05 2.701000000000000000e+03
2.760000000000000000e+05 2.732000000000000000e+03
2.780000000000000000e+05 2.604000000000000000e+03
2.800000000000000000e+05 2.626000000000000000e+03
2.820000000000000000e+05 2.595000000000000000e+03
2.840000000000000000e+05 2.387000000000000000e+03
2.860000000000000000e+05 2.444000000000000000e+03
2.880000000000000000e+05 2.336000000000000000e+03
2.900000000000000000e+05 2.344000000000000000e+03
2.920000000000000000e+05 2.327000000000000000e+03
2.940000000000000000e+05 2.275000000000000000e+03
2.960000000000000000e+05 2.141000000000000000e+03
2.980000000000000000e+05 2.042000000000000000e+03
3.000000000000000000e+05 1.999000000000000000e+03
3.020000000000000000e+05 1.978000000000000000e+03
3.040000000000000000e+05 1.840000000000000000e+03
3.060000000000000000e+05 1.796000000000000000e+03
3.080000000000000000e+05 1.771000000000000000e+03
3.100000000000000000e+05 1.685000000000000000e+03
3.120000000000000000e+05 1.588000000000000000e+03
3.140000000000000000e+05 1.577000000000000000e+03
3.160000000000000000e+05 1.537000000000000000e+03
3.180000000000000000e+05 1.536000000000000000e+03
3.200000000000000000e+05 1.394000000000000000e+03
3.220000000000000000e+05 1.401000000000000000e+03
3.240000000000000000e+05 1.302000000000000000e+03
3.260000000000000000e+05 1.255000000000000000e+03
3.280000000000000000e+05 1.307000000000000000e+03
3.300000000000000000e+05 1.220000000000000000e+03
3.320000000000000000e+05 1.197000000000000000e+03
3.340000000000000000e+05 1.258000000000000000e+03
3.360000000000000000e+05 1.113000000000000000e+03
3.380000000000000000e+05 1.131000000000000000e+03
3.400000000000000000e+05 1.162000000000000000e+03
3.420000000000000000e+05 1.174000000000000000e+03
3.440000000000000000e+05 1.215000000000000000e+03
3.460000000000000000e+05 1.180000000000000000e+03
3.480000000000000000e+05 1.273000000000000000e+03
3.500000000000000000e+05 1.294000000000000000e+03
3.520000000000000000e+05 1.304000000000000000e+03
3.540000000000000000e+05 1.357000000000000000e+03
3.560000000000000000e+05 1.333000000000000000e+03
3.580000000000000000e+05 1.439000000000000000e+03
3.600000000000000000e+05 1.487000000000000000e+03
3.620000000000000000e+05 1.539000000000000000e+03
3.640000000000000000e+05 1.654000000000000000e+03
3.660000000000000000e+05 1.636000000000000000e+03
3.680000000000000000e+05 1.757000000000000000e+03
3.700000000000000000e+05 1.783000000000000000e+03
3.720000000000000000e+05 1.865000000000000000e+03
3.740000000000000000e+05 1.938000000000000000e+03
3.760000000000000000e+05 1.940000000000000000e+03
3.780000000000000000e+05 2.068000000000000000e+03
3.800000000000000000e+05 2.228000000000000000e+03
3.820000000000000000e+05 2.176000000000000000e+03
3.840000000000000000e+05 2.330000000000000000e+03
3.860000000000000000e+05 2.282000000000000000e+03
3.880000000000000000e+05 2.374000000000000000e+03
3.900000000000000000e+05 2.437000000000000000e+03
3.920000000000000000e+05 2.587000000000000000e+03
3.940000000000000000e+05 2.551000000000000000e+03
3.960000000000000000e+05 2.605000000000000000e+03
3.980000000000000000e+05 2.674000000000000000e+03
