0.000000000000000000e+00 5.416000000000000000e+03
1.000000000000000000e+04 5.658000000000000000e+03
2.000000000000000000e+04 5.798000000000000000e+03
3.000000000000000000e+04 5.804000000000000000e+03
4.000000000000000000e+04 5.917000000000000000e+03
5.000000000000000000e+04 5.831000000000000000e+03
6.000000000000000000e+04 5.925000000000000000e+03
7.000000000000000000e+04 6.143000000000000000e+03
8.000000000000000000e+04 6.252000000000000000e+03
9.000000000000000000e+04 6.087000000000000000e+03
1.000000000000000000e+05 6.232000000000000000e+03
1.100000000000000000e+05 6.233000000000000000e+03
1.200000000000000000e+05 6.413000000000000000e+03
1.300000000000000000e+05 6.340000000000000000e+03
1.400000000000000000e+05 6.395000000000000000e+03
1.500000000000000000e+05 6.355000000000000000e+03
1.600000000000000000e+05 6.410000000000000000e+03
1.700000000000000000e+05 6.457000000000000000e+03
1.800000000000000000e+05 6.368000000000000000e+03
1.900000000000000000e+05 6.295000000000000000e+03
2.000000000000000000e+05 6.324000000000000000e+03
2.100000000000000000e+05 6.600000000000000000e+03
2.200000000000000000e+05 6.191000000000000000e+03
2.300000000000000000e+05 6.528000000000000000e+03
2.400000000000000000e+05 6.338000000000000000e+03
2.500000000000000000e+05 6.137000000000000000e+03
2.600000000000000000e+05 6.462000000000000000e+03
2.700000000000000000e+05 6.308000000000000000e+03
2.800000000000000000e+05 6.307000000000000000e+03
2.900000000000000000e+05 6.386000000000000000e+03
3.000000000000000000e+05 6.169000000000000000e+03
3.100000000000000000e+05 6.126000000000000000e+03
3.200000000000000000e+05 6.066000000000000000e+03
3.300000000000000000e+05 5.851000000000000000e+03
3.400000000000000000e+05 5.973000000000000000e+03
3.500000000000000000e+05 5.909000000000000000e+03
3.600000000000000000e+05 5.943000000000000000e+03
3.700000000000000000e+05 5.696000000000000000e+03
3.800000000000000000e+05 5.718000000000000000e+03
3.900000000000000000e+05 5.711000000000000000e+03
4.000000000000000000e+05 5.546000000000000000e+03
4.100000000000000000e+05 5.416000000000000000e+03
4.200000000000000000e+05 5.294000000000000000e+03
4.300000000000000000e+05 5.120000000000000000e+03
4.400000000000000000e+05 4.890000000000000000e+03
4.500000000000000000e+05 4.749000000000000000e+03
4.600000000000000000e+05 4.761000000000000000e+03
4.700000000000000000e+05 4.645000000000000000e+03
4.800000000000000000e+05 4.400000000000000000e+03
4.900000000000000000e+05 4.257000000000000000e+03
5.000000000000000000e+05 4.172000000000000000e+03
5.100000000000000000e+05 4.044000000000000000e+03
5.200000000000000000e+05 3.935000000000000000e+03
5.300000000000000000e+05 3.777000000000000000e+03
5.400000000000000000e+05 3.547000000000000000e+03
5.500000000000000000e+05 3.493000000000000000e+03
5.600000000000000000e+05 3.415000000000000000e+03
5.700000000000000000e+05 3.311000000000000000e+03
5.800000000000000000e+05 3.009000000000000000e+03
5.900000000000000000e+05 2.874000000000000000e+03
6.000000000000000000e+05 2.819000000000000000e+03
6.100000000000000000e+05 2.777000000000000000e+03
6.200000000000000000e+05 2.726000000000000000e+03
6.300000000000000000e+05 2.570000000000000000e+03
6.400000000000000000e+05 2.534000000000000000e+03
6.500000000000000000e+05 2.432000000000000000e+03
6.600000000000000000e+05 2.346000000000000000e+03
6.700000000000000000e+05 2.302000000000000000e+03
6.800000000000000000e+05 2.270000000000000000e+03
6.900000000000000000e+05 2.253000000000000000e+03
7.000000000000000000e+05 2.210000000000000000e+03
7.100000000000000000e+05 2.244000000000000000e+03
7.200000000000000000e+05 2.197000000000000000e+03
7.300000000000000000e+05 2.351000000000000000e+03
7.400000000000000000e+05 2.429000000000000000e+03
7.500000000000000000e+05 2.531000000000000000e+03
7.600000000000000000e+05 2.573000000000000000e+03
7.700000000000000000e+05 2.714000000000000000e+03
7.800000000000000000e+05 2.779000000000000000e+03
7.900000000000000000e+05 2.883000000000000000e+03
8.000000000000000000e+05 2.930000000000000000e+03
8.100000000000000000e+05 3.283000000000000000e+03
8.200000000000000000e+05 3.372000000000000000e+03
8.300000000000000000e+05 3.403000000000000000e+03
8.400000000000000000e+05 3.511000000000000000e+03
8.500000000000000000e+05 3.668000000000000000e+03
8.600000000000000000e+05 3.863000000000000000e+03
8.700000000000000000e+05 3.933000000000000000e+03
8.800000000000000000e+05 4.207000000000000000e+03
8.900000000000000000e+05 4.301000000000000000e+03
9.000000000000000000e+05 4.484000000000000000e+03
9.100000000000000000e+05 4.715000000000000000e+03
9.200000000000000000e+05 4.588000000000000000e+03
9.300000000000000000e+05 4.894000000000000000e+03
9.400000000000000000e+05 5.044000000000000000e+03
9.500000000000000000e+05 5.227000000000000000e+03
9.600000000000000000e+05 5.090000000000000000e+03
9.700000000000000000e+05 5.443000000000000000e+03
9.800000000000000000e+05 5.486000000000000000e+03
9.900000000000000000e+05 5.529000000000000000e+03
1.000000000000000000e+06 5.739000000000000000e+03
1.010000000000000000e+06 5.799000000000000000e+03
1.020000000000000000e+06 5.957000000000000000e+03
1.030000000000000000e+06 5.979000000000000000e+03
1.040000000000000000e+06 5.993000000000000000e+03
1.050000000000000000e+06 6.060000000000000000e+03
1.060000000000000000e+06 6.050000000000000000e+03
1.070000000000000000e+06 6.185000000000000000e+03
1.080000000000000000e+06 6.169000000000000000e+03
1.090000000000000000e+06 5.989000000000000000e+03
1.100000000000000000e+06 6.193000000000000000e+03
1.110000000000000000e+06 6.332000000000000000e+03
1.120000000000000000e+06 6.431000000000000000e+03
1.130000000000000000e+06 6.330000000000000000e+03
1.140000000000000000e+06 6.378000000000000000e+03
1.150000000000000000e+06 6.256000000000000000e+03
1.160000000000000000e+06 6.557000000000000000e+03
1.170000000000000000e+06 6.468000000000000000e+03
1.180000000000000000e+06 6.422000000000000000e+03
1.190000000000000000e+06 6.330000000000000000e+03
1.200000000000000000e+06 6.277000000000000000e+03
1.210000000000000000e+06 6.342000000000000000e+03
1.220000000000000000e+06 6.273000000000000000e+03
1.230000000000000000e+06 6.366000000000000000e+03
1.240000000000000000e+06 6.345000000000000000e+03
1.250000000000000000e+06 6.238000000000000000e+03
1.260000000000000000e+06 6.370000000000000000e+03
1.270000000000000000e+06 6.366000000000000000e+03
1.280000000000000000e+06 6.379000000000000000e+03
1.290000000000000000e+06 6.241000000000000000e+03
1.300000000000000000e+06 6.389000000000000000e+03
1.310000000000000000e+06 6.255000000000000000e+03
1.320000000000000000e+06 6.091000000000000000e+03
1.330000000000000000e+06 6.128000000000000000e+03
1.340000000000000000e+06 5.941000000000000000e+03
1.350000000000000000e+06 6.004000000000000000e+03
1.360000000000000000e+06 5.780000000000000000e+03
1.370000000000000000e+06 5.863000000000000000e+03
1.380000000000000000e+06 5.791000000000000000e+03
1.390000000000000000e+06 5.535000000000000000e+03
1.400000000000000000e+06 5.476000000000000000e+03
1.410000000000000000e+06 5.464000000000000000e+03
1.420000000000000000e+06 5.347000000000000000e+03
1.430000000000000000e+06 5.263000000000000000e+03
1.440000000000000000e+06 5.111000000000000000e+03
1.450000000000000000e+06 4.952000000000000000e+03
1.460000000000000000e+06 4.758000000000000000e+03
1.470000000000000000e+06 4.541000000000000000e+03
1.480000000000000000e+06 4.508000000000000000e+03
1.490000000000000000e+06 4.387000000000000000e+03
1.500000000000000000e+06 4.267000000000000000e+03
1.510000000000000000e+06 4.004000000000000000e+03
1.520000000000000000e+06 4.013000000000000000e+03
1.530000000000000000e+06 3.706000000000000000e+03
1.540000000000000000e+06 3.528000000000000000e+03
1.550000000000000000e+06 3.476000000000000000e+03
1.560000000000000000e+06 3.412000000000000000e+03
1.570000000000000000e+06 3.163000000000000000e+03
1.580000000000000000e+06 3.042000000000000000e+03
1.590000000000000000e+06 2.929000000000000000e+03
1.600000000000000000e+06 2.884000000000000000e+03
1.610000000000000000e+06 2.735000000000000000e+03
1.620000000000000000e+06 2.750000000000000000e+03
1.630000000000000000e+06 2.559000000000000000e+03
1.640000000000000000e+06 2.515000000000000000e+03
1.650000000000000000e+06 2.334000000000000000e+03
1.660000000000000000e+06 2.431000000000000000e+03
1.670000000000000000e+06 2.281000000000000000e+03
1.680000000000000000e+06 2.321000000000000000e+03
1.690000000000000000e+06 2.253000000000000000e+03
1.700000000000000000e+06 2.326000000000000000e+03
1.710000000000000000e+06 2.410000000000000000e+03
1.720000000000000000e+06 2.236000000000000000e+03
1.730000000000000000e+06 2.400000000000000000e+03
1.740000000000000000e+06 2.384000000000000000e+03
1.750000000000000000e+06 2.449000000000000000e+03
1.760000000000000000e+06 2.542000000000000000e+03
1.770000000000000000e+06 2.671000000000000000e+03
1.780000000000000000e+06 2.841000000000000000e+03
1.790000000000000000e+06 2.900000000000000000e+03
1.800000000000000000e+06 2.960000000000000000e+03
1.810000000000000000e+06 3.090000000000000000e+03
1.820000000000000000e+06 3.234000000000000000e+03
1.830000000000000000e+06 3.342000000000000000e+03
1.840000000000000000e+06 3.552000000000000000e+03
1.850000000000000000e+06 3.712000000000000000e+03
1.860000000000000000e+06 3.875000000000000000e+03
1.870000000000000000e+06 4.041000000000000000e+03
1.880000000000000000e+06 4.138000000000000000e+03
1.890000000000000000e+06 4.237000000000000000e+03
1.900000000000000000e+06 4.416000000000000000e+03
1.910000000000000000e+06 4.523000000000000000e+03
1.920000000000000000e+06 4.759000000000000000e+03
1.930000000000000000e+06 4.960000000000000000e+03
1.940000000000000000e+06 5.032000000000000000e+03
1.950000000000000000e+06 5.121000000000000000e+03
1.960000000000000000e+06 5.189000000000000000e+03
1.970000000000000000e+06 5.309000000000000000e+03
1.980000000000000000e+06 5.446000000000000000e+03
1.990000000000000000e+06 5.697000000000000000e+03
