0.000000000000000000e+00 2.292000000000000000e+03
5.000000000000000000e+02 2.169000000000000000e+03
1.000000000000000000e+03 2.258000000000000000e+03
1.500000000000000000e+03 2.319000000000000000e+03
2.000000000000000000e+03 2.367000000000000000e+03
2.500000000000000000e+03 2.382000000000000000e+03
3.000000000000000000e+03 2.398000000000000000e+03
3.500000000000000000e+03 2.418000000000000000e+03
4.000000000000000000e+03 2.400000000000000000e+03
4.500000000000000000e+03 2.429000000000000000e+03
5.000000000000000000e+03 2.458000000000000000e+03
5.500000000000000000e+03 2.505000000000000000e+03
6.000000000000000000e+03 2.517000000000000000e+03
6.500000000000000000e+03 2.552000000000000000e+03
7.000000000000000000e+03 2.401000000000000000e+03
7.500000000000000000e+03 2.433000000000000000e+03
8.000000000000000000e+03 2.440000000000000000e+03
8.500000000000000000e+03 2.491000000000000000e+03
9.000000000000000000e+03 2.476000000000000000e+03
9.500000000000000000e+03 2.484000000000000000e+03
1.000000000000000000e+04 2.479000000000000000e+03
1.050000000000000000e+04 2.491000000000000000e+03
1.100000000000000000e+04 2.520000000000000000e+03
1.150000000000000000e+04 2.483000000000000000e+03
1.200000000000000000e+04 2.549000000000000000e+03
1.250000000000000000e+04 2.531000000000000000e+03
1.300000000000000000e+04 2.530000000000000000e+03
1.350000000000000000e+04 2.466000000000000000e+03
1.400000000000000000e+04 2.453000000000000000e+03
1.450000000000000000e+04 2.466000000000000000e+03
1.500000000000000000e+04 2.369000000000000000e+03
1.550000000000000000e+04 2.365000000000000000e+03
1.600000000000000000e+04 2.451000000000000000e+03
1.650000000000000000e+04 2.478000000000000000e+03
1.700000000000000000e+04 2.310000000000000000e+03
1.750000000000000000e+04 2.268000000000000000e+03
1.800000000000000000e+04 2.302000000000000000e+03
1.850000000000000000e+04 2.305000000000000000e+03
1.900000000000000000e+04 2.213000000000000000e+03
1.950000000000000000e+04 2.227000000000000000e+03
2.000000000000000000e+04 2.205000000000000000e+03
2.050000000000000000e+04 2.106000000000000000e+03
2.100000000000000000e+04 2.122000000000000000e+03
2.150000000000000000e+04 2.038000000000000000e+03
2.200000000000000000e+04 2.005000000000000000e+03
2.250000000000000000e+04 1.908000000000000000e+03
2.300000000000000000e+04 1.895000000000000000e+03
2.350000000000000000e+04 1.886000000000000000e+03
2.400000000000000000e+04 1.836000000000000000e+03
2.450000000000000000e+04 1.742000000000000000e+03
2.500000000000000000e+04 1.655000000000000000e+03
2.550000000000000000e+04 1.683000000000000000e+03
2.600000000000000000e+04 1.555000000000000000e+03
2.650000000000000000e+04 1.575000000000000000e+03
2.700000000000000000e+04 1.431000000000000000e+03
2.750000000000000000e+04 1.394000000000000000e+03
2.800000000000000000e+04 1.397000000000000000e+03
2.850000000000000000e+04 1.321000000000000000e+03
2.900000000000000000e+04 1.291000000000000000e+03
2.950000000000000000e+04 1.271000000000000000e+03
3.000000000000000000e+04 1.174000000000000000e+03
3.050000000000000000e+04 1.159000000000000000e+03
3.100000000000000000e+04 1.118000000000000000e+03
3.150000000000000000e+04 1.069000000000000000e+03
3.200000000000000000e+04 9.890000000000000000e+02
3.250000000000000000e+04 9.810000000000000000e+02
3.300000000000000000e+04 9.940000000000000000e+02
3.350000000000000000e+04 9.090000000000000000e+02
3.400000000000000000e+04 9.340000000000000000e+02
3.450000000000000000e+04 9.460000000000000000e+02
3.500000000000000000e+04 9.160000000000000000e+02
3.550000000000000000e+04 1.008000000000000000e+03
3.600000000000000000e+04 9.210000000000000000e+02
3.650000000000000000e+04 9.630000000000000000e+02
3.700000000000000000e+04 9.970000000000000000e+02
3.750000000000000000e+04 1.022000000000000000e+03
3.800000000000000000e+04 1.029000000000000000e+03
3.850000000000000000e+04 1.156000000000000000e+03
3.900000000000000000e+04 1.108000000000000000e+03
3.950000000000000000e+04 1.156000000000000000e+03
4.000000000000000000e+04 1.176000000000000000e+03
4.050000000000000000e+04 1.240000000000000000e+03
4.100000000000000000e+04 1.337000000000000000e+03
4.150000000000000000e+04 1.369000000000000000e+03
4.200000000000000000e+04 1.439000000000000000e+03
4.250000000000000000e+04 1.516000000000000000e+03
4.300000000000000000e+04 1.501000000000000000e+03
4.350000000000000000e+04 1.584000000000000000e+03
4.400000000000000000e+04 1.672000000000000000e+03
4.450000000000000000e+04 1.694000000000000000e+03
4.500000000000000000e+04 1.764000000000000000e+03
4.550000000000000000e+04 1.836000000000000000e+03
4.600000000000000000e+04 1.917000000000000000e+03
4.650000000000000000e+04 1.940000000000000000e+03
4.700000000000000000e+04 2.007000000000000000e+03
4.750000000000000000e+04 1.940000000000000000e+03
4.800000000000000000e+04 2.049000000000000000e+03
4.850000000000000000e+04 2.111000000000000000e+03
4.900000000000000000e+04 2.084000000000000000e+03
4.950000000000000000e+04 2.198000000000000000e+03
5.000000000000000000e+04 2.245000000000000000e+03
5.050000000000000000e+04 2.315000000000000000e+03
5.100000000000000000e+04 2.194000000000000000e+03
5.150000000000000000e+04 2.354000000000000000e+03
5.200000000000000000e+04 2.384000000000000000e+03
5.250000000000000000e+04 2.445000000000000000e+03
5.300000000000000000e+04 2.406000000000000000e+03
5.350000000000000000e+04 2.459000000000000000e+03
5.400000000000000000e+04 2.401000000000000000e+03
5.450000000000000000e+04 2.419000000000000000e+03
5.500000000000000000e+04 2.398000000000000000e+03
5.550000000000000000e+04 2.487000000000000000e+03
5.600000000000000000e+04 2.626000000000000000e+03
5.650000000000000000e+04 2.536000000000000000e+03
5.700000000000000000e+04 2.557000000000000000e+03
5.750000000000000000e+04 2.439000000000000000e+03
5.800000000000000000e+04 2.490000000000000000e+03
5.850000000000000000e+04 2.580000000000000000e+03
5.900000000000000000e+04 2.571000000000000000e+03
5.950000000000000000e+04 2.538000000000000000e+03
6.000000000000000000e+04 2.414000000000000000e+03
6.050000000000000000e+04 2.501000000000000000e+03
6.100000000000000000e+04 2.475000000000000000e+03
6.150000000000000000e+04 2.529000000000000000e+03
6.200000000000000000e+04 2.524000000000000000e+03
6.250000000000000000e+04 2.491000000000000000e+03
6.300000000000000000e+04 2.504000000000000000e+03
6.350000000000000000e+04 2.432000000000000000e+03
6.400000000000000000e+04 2.390000000000000000e+03
6.450000000000000000e+04 2.461000000000000000e+03
6.500000000000000000e+04 2.329000000000000000e+03
6.550000000000000000e+04 2.481000000000000000e+03
6.600000000000000000e+04 2.398000000000000000e+03
6.650000000000000000e+04 2.363000000000000000e+03
6.700000000000000000e+04 2.271000000000000000e+03
6.750000000000000000e+04 2.413000000000000000e+03
6.800000000000000000e+04 2.341000000000000000e+03
6.850000000000000000e+04 2.319000000000000000e+03
6.900000000000000000e+04 2.247000000000000000e+03
6.950000000000000000e+04 2.177000000000000000e+03
7.000000000000000000e+04 2.225000000000000000e+03
7.050000000000000000e+04 2.033000000000000000e+03
7.100000000000000000e+04 2.068000000000000000e+03
7.150000000000000000e+04 2.091000000000000000e+03
7.200000000000000000e+04 2.083000000000000000e+03
7.250000000000000000e+04 1.960000000000000000e+03
7.300000000000000000e+04 2.027000000000000000e+03
7.350000000000000000e+04 1.748000000000000000e+03
7.400000000000000000e+04 1.802000000000000000e+03
7.450000000000000000e+04 1.749000000000000000e+03
7.500000000000000000e+04 1.657000000000000000e+03
7.550000000000000000e+04 1.661000000000000000e+03
7.600000000000000000e+04 1.595000000000000000e+03
7.650000000000000000e+04 1.445000000000000000e+03
7.700000000000000000e+04 1.461000000000000000e+03
7.750000000000000000e+04 1.368000000000000000e+03
7.800000000000000000e+04 1.375000000000000000e+03
7.850000000000000000e+04 1.265000000000000000e+03
7.900000000000000000e+04 1.239000000000000000e+03
7.950000000000000000e+04 1.200000000000000000e+03
8.000000000000000000e+04 1.167000000000000000e+03
8.050000000000000000e+04 1.102000000000000000e+03
8.100000000000000000e+04 1.091000000000000000e+03
8.150000000000000000e+04 1.026000000000000000e+03
8.200000000000000000e+04 1.020000000000000000e+03
8.250000000000000000e+04 1.018000000000000000e+03
8.300000000000000000e+04 1.021000000000000000e+03
8.350000000000000000e+04 9.110000000000000000e+02
8.400000000000000000e+04 9.310000000000000000e+02
8.450000000000000000e+04 9.670000000000000000e+02
8.500000000000000000e+04 9.150000000000000000e+02
8.550000000000000000e+04 9.410000000000000000e+02
8.600000000000000000e+04 9.340000000000000000e+02
8.650000000000000000e+04 1.042000000000000000e+03
8.700000000000000000e+04 9.740000000000000000e+02
8.750000000000000000e+04 1.059000000000000000e+03
8.800000000000000000e+04 1.089000000000000000e+03
8.850000000000000000e+04 1.072000000000000000e+03
8.900000000000000000e+04 1.130000000000000000e+03
8.950000000000000000e+04 1.130000000000000000e+03
9.000000000000000000e+04 1.183000000000000000e+03
9.050000000000000000e+04 1.264000000000000000e+03
9.100000000000000000e+04 1.271000000000000000e+03
9.150000000000000000e+04 1.367000000000000000e+03
9.200000000000000000e+04 1.353000000000000000e+03
9.250000000000000000e+04 1.491000000000000000e+03
9.300000000000000000e+04 1.562000000000000000e+03
9.350000000000000000e+04 1.637000000000000000e+03
9.400000000000000000e+04 1.629000000000000000e+03
9.450000000000000000e+04 1.729000000000000000e+03
9.500000000000000000e+04 1.806000000000000000e+03
9.550000000000000000e+04 1.857000000000000000e+03
9.600000000000000000e+04 1.908000000000000000e+03
9.650000000000000000e+04 1.915000000000000000e+03
9.700000000000000000e+04 1.999000000000000000e+03
9.750000000000000000e+04 2.003000000000000000e+03
9.800000000000000000e+04 2.124000000000000000e+03
9.850000000000000000e+04 2.121000000000000000e+03
9.900000000000000000e+04 2.197000000000000000e+03
9.950000000000000000e+04 2.194000000000000000e+03
