0.000000000000000000e+00 1.997200000000000000e+04
1.000000000000000000e+03 2.003500000000000000e+04
2.000000000000000000e+03 2.053100000000000000e+04
3.000000000000000000e+03 2.078200000000000000e+04
4.000000000000000000e+03 2.105700000000000000e+04
5.000000000000000000e+03 2.120900000000000000e+04
6.000000000000000000e+03 2.152200000000000000e+04
7.000000000000000000e+03 2.156500000000000000e+04
8.000000000000000000e+03 2.187100000000000000e+04
9.000000000000000000e+03 2.205200000000000000e+04
1.000000000000000000e+04 2.203100000000000000e+04
1.100000000000000000e+04 2.241400000000000000e+04
1.200000000000000000e+04 2.233800000000000000e+04
1.300000000000000000e+04 2.259100000000000000e+04
1.400000000000000000e+04 2.233000000000000000e+04
1.500000000000000000e+04 2.265900000000000000e+04
1.600000000000000000e+04 2.265700000000000000e+04
1.700000000000000000e+04 2.259400000000000000e+04
1.800000000000000000e+04 2.292500000000000000e+04
1.900000000000000000e+04 2.291200000000000000e+04
2.000000000000000000e+04 2.257600000000000000e+04
2.100000000000000000e+04 2.285000000000000000e+04
2.200000000000000000e+04 2.271400000000000000e+04
2.300000000000000000e+04 2.278500000000000000e+04
2.400000000000000000e+04 2.251700000000000000e+04
2.500000000000000000e+04 2.250700000000000000e+04
2.600000000000000000e+04 2.240100000000000000e+04
2.700000000000000000e+04 2.223000000000000000e+04
2.800000000000000000e+04 2.232400000000000000e+04
2.900000000000000000e+04 2.197100000000000000e+04
3.000000000000000000e+04 2.229500000000000000e+04
3.100000000000000000e+04 2.169500000000000000e+04
3.200000000000000000e+04 2.145100000000000000e+04
3.300000000000000000e+04 2.137200000000000000e+04
3.400000000000000000e+04 2.130900000000000000e+04
3.500000000000000000e+04 2.095200000000000000e+04
3.600000000000000000e+04 2.067300000000000000e+04
3.700000000000000000e+04 2.035800000000000000e+04
3.800000000000000000e+04 1.988200000000000000e+04
3.900000000000000000e+04 1.966100000000000000e+04
4.000000000000000000e+04 1.929800000000000000e+04
4.100000000000000000e+04 1.900100000000000000e+04
4.200000000000000000e+04 1.843700000000000000e+04
4.300000000000000000e+04 1.827900000000000000e+04
4.400000000000000000e+04 1.785800000000000000e+04
4.500000000000000000e+04 1.731500000000000000e+04
4.600000000000000000e+04 1.668200000000000000e+04
4.700000000000000000e+04 1.608700000000000000e+04
4.800000000000000000e+04 1.588400000000000000e+04
4.900000000000000000e+04 1.511100000000000000e+04
5.000000000000000000e+04 1.468700000000000000e+04
5.100000000000000000e+04 1.437100000000000000e+04
5.200000000000000000e+04 1.371200000000000000e+04
5.300000000000000000e+04 1.326100000000000000e+04
5.400000000000000000e+04 1.247800000000000000e+04
5.500000000000000000e+04 1.212100000000000000e+04
5.600000000000000000e+04 1.154700000000000000e+04
5.700000000000000000e+04 1.107200000000000000e+04
5.800000000000000000e+04 1.058100000000000000e+04
5.900000000000000000e+04 9.980000000000000000e+03
6.000000000000000000e+04 9.700000000000000000e+03
6.100000000000000000e+04 9.033000000000000000e+03
6.200000000000000000e+04 8.789000000000000000e+03
6.300000000000000000e+04 8.540000000000000000e+03
6.400000000000000000e+04 8.114000000000000000e+03
6.500000000000000000e+04 7.858000000000000000e+03
6.600000000000000000e+04 7.825000000000000000e+03
6.700000000000000000e+04 7.545000000000000000e+03
6.800000000000000000e+04 7.646000000000000000e+03
6.900000000000000000e+04 7.500000000000000000e+03
7.000000000000000000e+04 7.459000000000000000e+03
7.100000000000000000e+04 7.502000000000000000e+03
7.200000000000000000e+04 7.530000000000000000e+03
7.300000000000000000e+04 7.948000000000000000e+03
7.400000000000000000e+04 7.984000000000000000e+03
7.500000000000000000e+04 8.233000000000000000e+03
7.600000000000000000e+04 8.630000000000000000e+03
7.700000000000000000e+04 8.927000000000000000e+03
7.800000000000000000e+04 9.276000000000000000e+03
7.900000000000000000e+04 9.760000000000000000e+03
8.000000000000000000e+04 1.018000000000000000e+04
8.100000000000000000e+04 1.082000000000000000e+04
8.200000000000000000e+04 1.109400000000000000e+04
8.300000000000000000e+04 1.167600000000000000e+04
8.400000000000000000e+04 1.222100000000000000e+04
8.500000000000000000e+04 1.253800000000000000e+04
8.600000000000000000e+04 1.336300000000000000e+04
8.700000000000000000e+04 1.388000000000000000e+04
8.800000000000000000e+04 1.465600000000000000e+04
8.900000000000000000e+04 1.503100000000000000e+04
9.000000000000000000e+04 1.570800000000000000e+04
9.100000000000000000e+04 1.611600000000000000e+04
9.200000000000000000e+04 1.671000000000000000e+04
9.300000000000000000e+04 1.743400000000000000e+04
9.400000000000000000e+04 1.752400000000000000e+04
9.500000000000000000e+04 1.816900000000000000e+04
9.600000000000000000e+04 1.832300000000000000e+04
9.700000000000000000e+04 1.884000000000000000e+04
9.800000000000000000e+04 1.936000000000000000e+04
9.900000000000000000e+04 1.966400000000000000e+04
1.000000000000000000e+05 2.012900000000000000e+04
1.010000000000000000e+05 2.041900000000000000e+04
1.020000000000000000e+05 2.043000000000000000e+04
1.030000000000000000e+05 2.071100000000000000e+04
1.040000000000000000e+05 2.104400000000000000e+04
1.050000000000000000e+05 2.124700000000000000e+04
1.060000000000000000e+05 2.165200000000000000e+04
1.070000000000000000e+05 2.147900000000000000e+04
1.080000000000000000e+05 2.208300000000000000e+04
1.090000000000000000e+05 2.205400000000000000e+04
1.100000000000000000e+05 2.217400000000000000e+04
1.110000000000000000e+05 2.201800000000000000e+04
1.120000000000000000e+05 2.253500000000000000e+04
1.130000000000000000e+05 2.232900000000000000e+04
1.140000000000000000e+05 2.242800000000000000e+04
1.150000000000000000e+05 2.264100000000000000e+04
1.160000000000000000e+05 2.290800000000000000e+04
1.170000000000000000e+05 2.265900000000000000e+04
1.180000000000000000e+05 2.283400000000000000e+04
1.190000000000000000e+05 2.282100000000000000e+04
1.200000000000000000e+05 2.278000000000000000e+04
1.210000000000000000e+05 2.285700000000000000e+04
1.220000000000000000e+05 2.257400000000000000e+04
1.230000000000000000e+05 2.279800000000000000e+04
1.240000000000000000e+05 2.251700000000000000e+04
1.250000000000000000e+05 2.245000000000000000e+04
1.260000000000000000e+05 2.272600000000000000e+04
1.270000000000000000e+05 2.259800000000000000e+04
1.280000000000000000e+05 2.247100000000000000e+04
1.290000000000000000e+05 2.214100000000000000e+04
1.300000000000000000e+05 2.168600000000000000e+04
1.310000000000000000e+05 2.175600000000000000e+04
1.320000000000000000e+05 2.160100000000000000e+04
1.330000000000000000e+05 2.145000000000000000e+04
1.340000000000000000e+05 2.101700000000000000e+04
1.350000000000000000e+05 2.092200000000000000e+04
1.360000000000000000e+05 2.062800000000000000e+04
1.370000000000000000e+05 2.014100000000000000e+04
1.380000000000000000e+05 2.022900000000000000e+04
1.390000000000000000e+05 1.966900000000000000e+04
1.400000000000000000e+05 1.925000000000000000e+04
1.410000000000000000e+05 1.897600000000000000e+04
1.420000000000000000e+05 1.877800000000000000e+04
1.430000000000000000e+05 1.813700000000000000e+04
1.440000000000000000e+05 1.792500000000000000e+04
1.450000000000000000e+05 1.716100000000000000e+04
1.460000000000000000e+05 1.692100000000000000e+04
1.470000000000000000e+05 1.616400000000000000e+04
1.480000000000000000e+05 1.596200000000000000e+04
1.490000000000000000e+05 1.521900000000000000e+04
1.500000000000000000e+05 1.472800000000000000e+04
1.510000000000000000e+05 1.413000000000000000e+04
1.520000000000000000e+05 1.368900000000000000e+04
1.530000000000000000e+05 1.313700000000000000e+04
1.540000000000000000e+05 1.250800000000000000e+04
1.550000000000000000e+05 1.207000000000000000e+04
1.560000000000000000e+05 1.136300000000000000e+04
1.570000000000000000e+05 1.102300000000000000e+04
1.580000000000000000e+05 1.041100000000000000e+04
1.590000000000000000e+05 1.006200000000000000e+04
1.600000000000000000e+05 9.777000000000000000e+03
1.610000000000000000e+05 9.172000000000000000e+03
1.620000000000000000e+05 8.877000000000000000e+03
1.630000000000000000e+05 8.317000000000000000e+03
1.640000000000000000e+05 8.162000000000000000e+03
1.650000000000000000e+05 7.912000000000000000e+03
1.660000000000000000e+05 7.855000000000000000e+03
1.670000000000000000e+05 7.492000000000000000e+03
1.680000000000000000e+05 7.424000000000000000e+03
1.690000000000000000e+05 7.576000000000000000e+03
1.700000000000000000e+05 7.559000000000000000e+03
1.710000000000000000e+05 7.437000000000000000e+03
1.720000000000000000e+05 7.673000000000000000e+03
1.730000000000000000e+05 7.983000000000000000e+03
1.740000000000000000e+05 8.170000000000000000e+03
1.750000000000000000e+05 8.370000000000000000e+03
1.760000000000000000e+05 8.431000000000000000e+03
1.770000000000000000e+05 8.899000000000000000e+03
1.780000000000000000e+05 9.474000000000000000e+03
1.790000000000000000e+05 9.477000000000000000e+03
1.800000000000000000e+05 1.019800000000000000e+04
1.810000000000000000e+05 1.069600000000000000e+04
1.820000000000000000e+05 1.107200000000000000e+04
1.830000000000000000e+05 1.168700000000000000e+04
1.840000000000000000e+05 1.238400000000000000e+04
1.850000000000000000e+05 1.295700000000000000e+04
1.860000000000000000e+05 1.319900000000000000e+04
1.870000000000000000e+05 1.373800000000000000e+04
1.880000000000000000e+05 1.450300000000000000e+04
1.890000000000000000e+05 1.524400000000000000e+04
1.900000000000000000e+05 1.561200000000000000e+04
1.910000000000000000e+05 1.624300000000000000e+04
1.920000000000000000e+05 1.680000000000000000e+04
1.930000000000000000e+05 1.720200000000000000e+04
1.940000000000000000e+05 1.775400000000000000e+04
1.950000000000000000e+05 1.806700000000000000e+04
1.960000000000000000e+05 1.830200000000000000e+04
1.970000000000000000e+05 1.874300000000000000e+04
1.980000000000000000e+05 1.929100000000000000e+04
1.990000000000000000e+05 1.988100000000000000e+04
