0.000000000000000000e+00 1.900700000000000000e+04
2.000000000000000000e+03 1.921400000000000000e+04
4.000000000000000000e+03 1.966900000000000000e+04
6.000000000000000000e+03 2.001600000000000000e+04
8.000000000000000000e+03 2.016800000000000000e+04
1.000000000000000000e+04 2.045500000000000000e+04
1.200000000000000000e+04 2.046400000000000000e+04
1.400000000000000000e+04 2.096300000000000000e+04
1.600000000000000000e+04 2.083800000000000000e+04
1.800000000000000000e+04 2.098700000000000000e+04
2.000000000000000000e+04 2.094800000000000000e+04
2.200000000000000000e+04 2.116300000000000000e+04
2.400000000000000000e+04 2.150200000000000000e+04
2.600000000000000000e+04 2.131700000000000000e+04
2.800000000000000000e+04 2.152700000000000000e+04
3.000000000000000000e+04 2.146600000000000000e+04
3.200000000000000000e+04 2.136500000000000000e+04
3.400000000000000000e+04 2.165900000000000000e+04
3.600000000000000000e+04 2.170800000000000000e+04
3.800000000000000000e+04 2.179100000000000000e+04
4.000000000000000000e+04 2.151200000000000000e+04
4.200000000000000000e+04 2.151600000000000000e+04
4.400000000000000000e+04 2.166500000000000000e+04
4.600000000000000000e+04 2.181500000000000000e+04
4.800000000000000000e+04 2.139400000000000000e+04
5.000000000000000000e+04 2.154200000000000000e+04
5.200000000000000000e+04 2.145300000000000000e+04
5.400000000000000000e+04 2.135000000000000000e+04
5.600000000000000000e+04 2.101100000000000000e+04
5.800000000000000000e+04 2.107000000000000000e+04
6.000000000000000000e+04 2.109800000000000000e+04
6.200000000000000000e+04 2.067100000000000000e+04
6.400000000000000000e+04 2.072000000000000000e+04
6.600000000000000000e+04 2.024200000000000000e+04
6.800000000000000000e+04 2.025700000000000000e+04
7.000000000000000000e+04 1.976800000000000000e+04
7.200000000000000000e+04 1.955700000000000000e+04
7.400000000000000000e+04 1.927100000000000000e+04
7.600000000000000000e+04 1.879800000000000000e+04
7.800000000000000000e+04 1.871300000000000000e+04
8.000000000000000000e+04 1.838100000000000000e+04
8.200000000000000000e+04 1.829100000000000000e+04
8.400000000000000000e+04 1.772100000000000000e+04
8.600000000000000000e+04 1.736600000000000000e+04
8.800000000000000000e+04 1.669900000000000000e+04
9.000000000000000000e+04 1.619800000000000000e+04
9.200000000000000000e+04 1.577700000000000000e+04
9.400000000000000000e+04 1.551000000000000000e+04
9.600000000000000000e+04 1.489900000000000000e+04
9.800000000000000000e+04 1.440400000000000000e+04
1.000000000000000000e+05 1.397700000000000000e+04
1.020000000000000000e+05 1.348800000000000000e+04
1.040000000000000000e+05 1.286300000000000000e+04
1.060000000000000000e+05 1.261000000000000000e+04
1.080000000000000000e+05 1.203500000000000000e+04
1.100000000000000000e+05 1.167100000000000000e+04
1.120000000000000000e+05 1.099200000000000000e+04
1.140000000000000000e+05 1.034000000000000000e+04
1.160000000000000000e+05 1.007500000000000000e+04
1.180000000000000000e+05 9.443000000000000000e+03
1.200000000000000000e+05 9.227000000000000000e+03
1.220000000000000000e+05 8.882000000000000000e+03
1.240000000000000000e+05 8.437000000000000000e+03
1.260000000000000000e+05 8.120000000000000000e+03
1.280000000000000000e+05 7.728000000000000000e+03
1.300000000000000000e+05 7.665000000000000000e+03
1.320000000000000000e+05 7.336000000000000000e+03
1.340000000000000000e+05 7.299000000000000000e+03
1.360000000000000000e+05 7.384000000000000000e+03
1.380000000000000000e+05 7.019000000000000000e+03
1.400000000000000000e+05 7.235000000000000000e+03
1.420000000000000000e+05 7.112000000000000000e+03
1.440000000000000000e+05 7.322000000000000000e+03
1.460000000000000000e+05 7.609000000000000000e+03
1.480000000000000000e+05 7.779000000000000000e+03
1.500000000000000000e+05 7.911000000000000000e+03
1.520000000000000000e+05 8.453000000000000000e+03
1.540000000000000000e+05 8.697000000000000000e+03
1.560000000000000000e+05 8.827000000000000000e+03
1.580000000000000000e+05 9.352000000000000000e+03
1.600000000000000000e+05 9.767000000000000000e+03
1.620000000000000000e+05 1.016900000000000000e+04
1.640000000000000000e+05 1.069600000000000000e+04
1.660000000000000000e+05 1.127800000000000000e+04
1.680000000000000000e+05 1.177600000000000000e+04
1.700000000000000000e+05 1.222000000000000000e+04
1.720000000000000000e+05 1.299600000000000000e+04
1.740000000000000000e+05 1.338300000000000000e+04
1.760000000000000000e+05 1.395600000000000000e+04
1.780000000000000000e+05 1.439000000000000000e+04
1.800000000000000000e+05 1.489000000000000000e+04
1.820000000000000000e+05 1.550200000000000000e+04
1.840000000000000000e+05 1.587700000000000000e+04
1.860000000000000000e+05 1.626300000000000000e+04
1.880000000000000000e+05 1.690400000000000000e+04
1.900000000000000000e+05 1.745100000000000000e+04
1.920000000000000000e+05 1.757200000000000000e+04
1.940000000000000000e+05 1.813600000000000000e+04
1.960000000000000000e+05 1.825100000000000000e+04
1.980000000000000000e+05 1.890500000000000000e+04
2.000000000000000000e+05 1.924100000000000000e+04
2.020000000000000000e+05 1.959500000000000000e+04
2.040000000000000000e+05 1.986700000000000000e+04
2.060000000000000000e+05 1.978000000000000000e+04
2.080000000000000000e+05 2.039100000000000000e+04
2.100000000000000000e+05 2.054600000000000000e+04
2.120000000000000000e+05 2.063400000000000000e+04
2.140000000000000000e+05 2.078100000000000000e+04
2.160000000000000000e+05 2.082400000000000000e+04
2.180000000000000000e+05 2.111000000000000000e+04
2.200000000000000000e+05 2.101200000000000000e+04
2.220000000000000000e+05 2.120600000000000000e+04
2.240000000000000000e+05 2.141600000000000000e+04
2.260000000000000000e+05 2.158000000000000000e+04
2.280000000000000000e+05 2.163300000000000000e+04
2.300000000000000000e+05 2.147700000000000000e+04
2.320000000000000000e+05 2.174300000000000000e+04
2.340000000000000000e+05 2.175400000000000000e+04
2.360000000000000000e+05 2.164100000000000000e+04
2.380000000000000000e+05 2.171100000000000000e+04
2.400000000000000000e+05 2.176800000000000000e+04
2.420000000000000000e+05 2.195800000000000000e+04
2.440000000000000000e+05 2.171500000000000000e+04
2.460000000000000000e+05 2.142600000000000000e+04
2.480000000000000000e+05 2.174100000000000000e+04
2.500000000000000000e+05 2.126400000000000000e+04
2.520000000000000000e+05 2.108900000000000000e+04
2.540000000000000000e+05 2.140700000000000000e+04
2.560000000000000000e+05 2.105500000000000000e+04
2.580000000000000000e+05 2.082900000000000000e+04
2.600000000000000000e+05 2.075400000000000000e+04
2.620000000000000000e+05 2.091400000000000000e+04
2.640000000000000000e+05 2.046200000000000000e+04
2.660000000000000000e+05 2.026100000000000000e+04
2.680000000000000000e+05 2.016000000000000000e+04
2.700000000000000000e+05 1.975900000000000000e+04
2.720000000000000000e+05 2.009900000000000000e+04
2.740000000000000000e+05 1.945500000000000000e+04
2.760000000000000000e+05 1.894800000000000000e+04
2.780000000000000000e+05 1.884000000000000000e+04
2.800000000000000000e+05 1.839800000000000000e+04
2.820000000000000000e+05 1.820900000000000000e+04
2.840000000000000000e+05 1.767600000000000000e+04
2.860000000000000000e+05 1.708800000000000000e+04
2.880000000000000000e+05 1.686000000000000000e+04
2.900000000000000000e+05 1.660300000000000000e+04
2.920000000000000000e+05 1.577600000000000000e+04
2.940000000000000000e+05 1.563700000000000000e+04
2.960000000000000000e+05 1.491300000000000000e+04
2.980000000000000000e+05 1.454800000000000000e+04
3.000000000000000000e+05 1.399800000000000000e+04
3.020000000000000000e+05 1.363500000000000000e+04
3.040000000000000000e+05 1.290200000000000000e+04
3.060000000000000000e+05 1.263500000000000000e+04
3.080000000000000000e+05 1.211200000000000000e+04
3.100000000000000000e+05 1.152400000000000000e+04
3.120000000000000000e+05 1.080900000000000000e+04
3.140000000000000000e+05 1.045300000000000000e+04
3.160000000000000000e+05 1.013200000000000000e+04
3.180000000000000000e+05 9.597000000000000000e+03
3.200000000000000000e+05 9.216000000000000000e+03
3.220000000000000000e+05 8.776000000000000000e+03
3.240000000000000000e+05 8.536000000000000000e+03
3.260000000000000000e+05 8.241000000000000000e+03
3.280000000000000000e+05 8.047000000000000000e+03
3.300000000000000000e+05 7.499000000000000000e+03
3.320000000000000000e+05 7.433000000000000000e+03
3.340000000000000000e+05 7.255000000000000000e+03
3.360000000000000000e+05 7.237000000000000000e+03
3.380000000000000000e+05 7.259000000000000000e+03
3.400000000000000000e+05 7.175000000000000000e+03
3.420000000000000000e+05 7.353000000000000000e+03
3.440000000000000000e+05 7.125000000000000000e+03
3.460000000000000000e+05 7.521000000000000000e+03
3.480000000000000000e+05 7.610000000000000000e+03
3.500000000000000000e+05 8.041000000000000000e+03
3.520000000000000000e+05 8.385000000000000000e+03
3.540000000000000000e+05 8.721000000000000000e+03
3.560000000000000000e+05 8.982000000000000000e+03
3.580000000000000000e+05 9.627000000000000000e+03
3.600000000000000000e+05 9.919000000000000000e+03
3.620000000000000000e+05 1.052400000000000000e+04
3.640000000000000000e+05 1.083200000000000000e+04
3.660000000000000000e+05 1.128900000000000000e+04
3.680000000000000000e+05 1.153800000000000000e+04
3.700000000000000000e+05 1.212800000000000000e+04
3.720000000000000000e+05 1.293500000000000000e+04
3.740000000000000000e+05 1.339900000000000000e+04
3.760000000000000000e+05 1.374700000000000000e+04
3.780000000000000000e+05 1.446500000000000000e+04
3.800000000000000000e+05 1.497200000000000000e+04
3.820000000000000000e+05 1.563100000000000000e+04
3.840000000000000000e+05 1.587600000000000000e+04
3.860000000000000000e+05 1.638900000000000000e+04
3.880000000000000000e+05 1.679800000000000000e+04
3.900000000000000000e+05 1.717300000000000000e+04
3.920000000000000000e+05 1.752200000000000000e+04
3.940000000000000000e+05 1.799200000000000000e+04
3.960000000000000000e+05 1.817100000000000000e+04
3.980000000000000000e+05 1.882200000000000000e+04
