0.000000000000000000e+00 1.522500000000000000e+04
5.000000000000000000e+02 1.525000000000000000e+04
1.000000000000000000e+03 1.597500000000000000e+04
1.500000000000000000e+03 1.590900000000000000e+04
2.000000000000000000e+03 1.617100000000000000e+04
2.500000000000000000e+03 1.634700000000000000e+04
3.000000000000000000e+03 1.680200000000000000e+04
3.500000000000000000e+03 1.673300000000000000e+04
4.000000000000000000e+03 1.692800000000000000e+04
4.500000000000000000e+03 1.684500000000000000e+04
5.000000000000000000e+03 1.700800000000000000e+04
5.500000000000000000e+03 1.698200000000000000e+04
6.000000000000000000e+03 1.723400000000000000e+04
6.500000000000000000e+03 1.719900000000000000e+04
7.000000000000000000e+03 1.717500000000000000e+04
7.500000000000000000e+03 1.705000000000000000e+04
8.000000000000000000e+03 1.754800000000000000e+04
8.500000000000000000e+03 1.714500000000000000e+04
9.000000000000000000e+03 1.751900000000000000e+04
9.500000000000000000e+03 1.739800000000000000e+04
1.000000000000000000e+04 1.731200000000000000e+04
1.050000000000000000e+04 1.707800000000000000e+04
1.100000000000000000e+04 1.746500000000000000e+04
1.150000000000000000e+04 1.712500000000000000e+04
1.200000000000000000e+04 1.720200000000000000e+04
1.250000000000000000e+04 1.721500000000000000e+04
1.300000000000000000e+04 1.714900000000000000e+04
1.350000000000000000e+04 1.716300000000000000e+04
1.400000000000000000e+04 1.692800000000000000e+04
1.450000000000000000e+04 1.683200000000000000e+04
1.500000000000000000e+04 1.678500000000000000e+04
1.550000000000000000e+04 1.660000000000000000e+04
1.600000000000000000e+04 1.663200000000000000e+04
1.650000000000000000e+04 1.639000000000000000e+04
1.700000000000000000e+04 1.640200000000000000e+04
1.750000000000000000e+04 1.590200000000000000e+04
1.800000000000000000e+04 1.598700000000000000e+04
1.850000000000000000e+04 1.569300000000000000e+04
1.900000000000000000e+04 1.530300000000000000e+04
1.950000000000000000e+04 1.497500000000000000e+04
2.000000000000000000e+04 1.483300000000000000e+04
2.050000000000000000e+04 1.443400000000000000e+04
2.100000000000000000e+04 1.423200000000000000e+04
2.150000000000000000e+04 1.401300000000000000e+04
2.200000000000000000e+04 1.370500000000000000e+04
2.250000000000000000e+04 1.308700000000000000e+04
2.300000000000000000e+04 1.284900000000000000e+04
2.350000000000000000e+04 1.241700000000000000e+04
2.400000000000000000e+04 1.226800000000000000e+04
2.450000000000000000e+04 1.166000000000000000e+04
2.500000000000000000e+04 1.123100000000000000e+04
2.550000000000000000e+04 1.048000000000000000e+04
2.600000000000000000e+04 1.059300000000000000e+04
2.650000000000000000e+04 1.009300000000000000e+04
2.700000000000000000e+04 9.635000000000000000e+03
2.750000000000000000e+04 9.164000000000000000e+03
2.800000000000000000e+04 8.743000000000000000e+03
2.850000000000000000e+04 8.291000000000000000e+03
2.900000000000000000e+04 8.062000000000000000e+03
2.950000000000000000e+04 7.613000000000000000e+03
3.000000000000000000e+04 7.343000000000000000e+03
3.050000000000000000e+04 6.951000000000000000e+03
3.100000000000000000e+04 6.718000000000000000e+03
3.150000000000000000e+04 6.341000000000000000e+03
3.200000000000000000e+04 6.370000000000000000e+03
3.250000000000000000e+04 6.095000000000000000e+03
3.300000000000000000e+04 5.891000000000000000e+03
3.350000000000000000e+04 5.780000000000000000e+03
3.400000000000000000e+04 5.741000000000000000e+03
3.450000000000000000e+04 5.614000000000000000e+03
3.500000000000000000e+04 5.649000000000000000e+03
3.550000000000000000e+04 5.719000000000000000e+03
3.600000000000000000e+04 5.863000000000000000e+03
3.650000000000000000e+04 5.882000000000000000e+03
3.700000000000000000e+04 5.998000000000000000e+03
3.750000000000000000e+04 6.200000000000000000e+03
3.800000000000000000e+04 6.419000000000000000e+03
3.850000000000000000e+04 6.590000000000000000e+03
3.900000000000000000e+04 6.964000000000000000e+03
3.950000000000000000e+04 7.213000000000000000e+03
4.000000000000000000e+04 7.720000000000000000e+03
4.050000000000000000e+04 7.927000000000000000e+03
4.100000000000000000e+04 8.390000000000000000e+03
4.150000000000000000e+04 8.728000000000000000e+03
4.200000000000000000e+04 9.367000000000000000e+03
4.250000000000000000e+04 9.637000000000000000e+03
4.300000000000000000e+04 1.016500000000000000e+04
4.350000000000000000e+04 1.065500000000000000e+04
4.400000000000000000e+04 1.124200000000000000e+04
4.450000000000000000e+04 1.144100000000000000e+04
4.500000000000000000e+04 1.184800000000000000e+04
4.550000000000000000e+04 1.235900000000000000e+04
4.600000000000000000e+04 1.265400000000000000e+04
4.650000000000000000e+04 1.307500000000000000e+04
4.700000000000000000e+04 1.349300000000000000e+04
4.750000000000000000e+04 1.387300000000000000e+04
4.800000000000000000e+04 1.417900000000000000e+04
4.850000000000000000e+04 1.436400000000000000e+04
4.900000000000000000e+04 1.454200000000000000e+04
4.950000000000000000e+04 1.505800000000000000e+04
5.000000000000000000e+04 1.515300000000000000e+04
5.050000000000000000e+04 1.540600000000000000e+04
5.100000000000000000e+04 1.561100000000000000e+04
5.150000000000000000e+04 1.594200000000000000e+04
5.200000000000000000e+04 1.603300000000000000e+04
5.250000000000000000e+04 1.635000000000000000e+04
5.300000000000000000e+04 1.634900000000000000e+04
5.350000000000000000e+04 1.669400000000000000e+04
5.400000000000000000e+04 1.688600000000000000e+04
5.450000000000000000e+04 1.687600000000000000e+04
5.500000000000000000e+04 1.681800000000000000e+04
5.550000000000000000e+04 1.693600000000000000e+04
5.600000000000000000e+04 1.722300000000000000e+04
5.650000000000000000e+04 1.711600000000000000e+04
5.700000000000000000e+04 1.718400000000000000e+04
5.750000000000000000e+04 1.735900000000000000e+04
5.800000000000000000e+04 1.719000000000000000e+04
5.850000000000000000e+04 1.737800000000000000e+04
5.900000000000000000e+04 1.732200000000000000e+04
5.950000000000000000e+04 1.732600000000000000e+04
6.000000000000000000e+04 1.754700000000000000e+04
6.050000000000000000e+04 1.759100000000000000e+04
6.100000000000000000e+04 1.741900000000000000e+04
6.150000000000000000e+04 1.737100000000000000e+04
6.200000000000000000e+04 1.726800000000000000e+04
6.250000000000000000e+04 1.739600000000000000e+04
6.300000000000000000e+04 1.715300000000000000e+04
6.350000000000000000e+04 1.695400000000000000e+04
6.400000000000000000e+04 1.702600000000000000e+04
6.450000000000000000e+04 1.689400000000000000e+04
6.500000000000000000e+04 1.686300000000000000e+04
6.550000000000000000e+04 1.664600000000000000e+04
6.600000000000000000e+04 1.672300000000000000e+04
6.650000000000000000e+04 1.646800000000000000e+04
6.700000000000000000e+04 1.633600000000000000e+04
6.750000000000000000e+04 1.599300000000000000e+04
6.800000000000000000e+04 1.582800000000000000e+04
6.850000000000000000e+04 1.547100000000000000e+04
6.900000000000000000e+04 1.537600000000000000e+04
6.950000000000000000e+04 1.498100000000000000e+04
7.000000000000000000e+04 1.494400000000000000e+04
7.050000000000000000e+04 1.475200000000000000e+04
7.100000000000000000e+04 1.435200000000000000e+04
7.150000000000000000e+04 1.383300000000000000e+04
7.200000000000000000e+04 1.364200000000000000e+04
7.250000000000000000e+04 1.338400000000000000e+04
7.300000000000000000e+04 1.299700000000000000e+04
7.350000000000000000e+04 1.270800000000000000e+04
7.400000000000000000e+04 1.213100000000000000e+04
7.450000000000000000e+04 1.192800000000000000e+04
7.500000000000000000e+04 1.116900000000000000e+04
7.550000000000000000e+04 1.079500000000000000e+04
7.600000000000000000e+04 1.068000000000000000e+04
7.650000000000000000e+04 1.010400000000000000e+04
7.700000000000000000e+04 9.637000000000000000e+03
7.750000000000000000e+04 9.253000000000000000e+03
7.800000000000000000e+04 8.892000000000000000e+03
7.850000000000000000e+04 8.355000000000000000e+03
7.900000000000000000e+04 8.046000000000000000e+03
7.950000000000000000e+04 7.650000000000000000e+03
8.000000000000000000e+04 7.349000000000000000e+03
8.050000000000000000e+04 7.063000000000000000e+03
8.100000000000000000e+04 6.682000000000000000e+03
8.150000000000000000e+04 6.521000000000000000e+03
8.200000000000000000e+04 6.232000000000000000e+03
8.250000000000000000e+04 5.999000000000000000e+03
8.300000000000000000e+04 5.938000000000000000e+03
8.350000000000000000e+04 5.864000000000000000e+03
8.400000000000000000e+04 5.693000000000000000e+03
8.450000000000000000e+04 5.599000000000000000e+03
8.500000000000000000e+04 5.704000000000000000e+03
8.550000000000000000e+04 5.704000000000000000e+03
8.600000000000000000e+04 5.804000000000000000e+03
8.650000000000000000e+04 5.945000000000000000e+03
8.700000000000000000e+04 6.064000000000000000e+03
8.750000000000000000e+04 6.208000000000000000e+03
8.800000000000000000e+04 6.350000000000000000e+03
8.850000000000000000e+04 6.565000000000000000e+03
8.900000000000000000e+04 6.845000000000000000e+03
8.950000000000000000e+04 7.291000000000000000e+03
9.000000000000000000e+04 7.704000000000000000e+03
9.050000000000000000e+04 8.007000000000000000e+03
9.100000000000000000e+04 8.467000000000000000e+03
9.150000000000000000e+04 8.687000000000000000e+03
9.200000000000000000e+04 9.216000000000000000e+03
9.250000000000000000e+04 9.761000000000000000e+03
9.300000000000000000e+04 1.009800000000000000e+04
9.350000000000000000e+04 1.087400000000000000e+04
9.400000000000000000e+04 1.098000000000000000e+04
9.450000000000000000e+04 1.140100000000000000e+04
9.500000000000000000e+04 1.182300000000000000e+04
9.550000000000000000e+04 1.227700000000000000e+04
9.600000000000000000e+04 1.292100000000000000e+04
9.650000000000000000e+04 1.320800000000000000e+04
9.700000000000000000e+04 1.340500000000000000e+04
9.750000000000000000e+04 1.372300000000000000e+04
9.800000000000000000e+04 1.426900000000000000e+04
9.850000000000000000e+04 1.468300000000000000e+04
9.900000000000000000e+04 1.469700000000000000e+04
9.950000000000000000e+04 1.531200000000000000e+04
