0.000000000000000000e+00 1.514800000000000000e+04
3.300000000000000000e+01 1.557300000000000000e+04
6.600000000000000000e+01 1.571700000000000000e+04
9.900000000000000000e+01 1.581700000000000000e+04
1.320000000000000000e+02 1.620400000000000000e+04
1.650000000000000000e+02 1.638500000000000000e+04
1.980000000000000000e+02 1.682600000000000000e+04
2.310000000000000000e+02 1.701300000000000000e+04
2.640000000000000000e+02 1.736100000000000000e+04
2.970000000000000000e+02 1.743700000000000000e+04
3.300000000000000000e+02 1.759600000000000000e+04
3.630000000000000000e+02 1.764300000000000000e+04
3.960000000000000000e+02 1.775600000000000000e+04
4.290000000000000000e+02 1.781000000000000000e+04
4.620000000000000000e+02 1.787400000000000000e+04
4.950000000000000000e+02 1.769200000000000000e+04
5.280000000000000000e+02 1.811500000000000000e+04
5.610000000000000000e+02 1.810100000000000000e+04
5.940000000000000000e+02 1.847100000000000000e+04
6.270000000000000000e+02 1.849300000000000000e+04
6.600000000000000000e+02 1.830100000000000000e+04
6.930000000000000000e+02 1.811600000000000000e+04
7.260000000000000000e+02 1.825500000000000000e+04
7.590000000000000000e+02 1.816000000000000000e+04
7.920000000000000000e+02 1.844000000000000000e+04
8.250000000000000000e+02 1.828100000000000000e+04
8.580000000000000000e+02 1.838200000000000000e+04
8.910000000000000000e+02 1.816900000000000000e+04
9.240000000000000000e+02 1.804800000000000000e+04
9.570000000000000000e+02 1.796400000000000000e+04
9.900000000000000000e+02 1.793900000000000000e+04
1.023000000000000000e+03 1.790100000000000000e+04
1.056000000000000000e+03 1.781600000000000000e+04
1.089000000000000000e+03 1.771000000000000000e+04
1.122000000000000000e+03 1.749000000000000000e+04
1.155000000000000000e+03 1.749200000000000000e+04
1.188000000000000000e+03 1.717300000000000000e+04
1.221000000000000000e+03 1.698500000000000000e+04
1.254000000000000000e+03 1.726000000000000000e+04
1.287000000000000000e+03 1.697400000000000000e+04
1.320000000000000000e+03 1.663300000000000000e+04
1.353000000000000000e+03 1.643700000000000000e+04
1.386000000000000000e+03 1.612100000000000000e+04
1.419000000000000000e+03 1.597500000000000000e+04
1.452000000000000000e+03 1.548900000000000000e+04
1.485000000000000000e+03 1.529800000000000000e+04
1.518000000000000000e+03 1.501100000000000000e+04
1.551000000000000000e+03 1.463800000000000000e+04
1.584000000000000000e+03 1.460800000000000000e+04
1.617000000000000000e+03 1.422300000000000000e+04
1.650000000000000000e+03 1.369000000000000000e+04
1.683000000000000000e+03 1.361600000000000000e+04
1.716000000000000000e+03 1.301300000000000000e+04
1.749000000000000000e+03 1.281100000000000000e+04
1.782000000000000000e+03 1.228700000000000000e+04
1.815000000000000000e+03 1.187700000000000000e+04
1.848000000000000000e+03 1.166300000000000000e+04
1.881000000000000000e+03 1.135300000000000000e+04
1.914000000000000000e+03 1.109700000000000000e+04
1.947000000000000000e+03 1.061100000000000000e+04
1.980000000000000000e+03 1.013200000000000000e+04
2.013000000000000000e+03 9.979000000000000000e+03
2.046000000000000000e+03 9.862000000000000000e+03
2.079000000000000000e+03 9.521000000000000000e+03
2.112000000000000000e+03 9.096000000000000000e+03
2.145000000000000000e+03 8.799000000000000000e+03
2.178000000000000000e+03 8.626000000000000000e+03
2.211000000000000000e+03 8.391000000000000000e+03
2.244000000000000000e+03 7.927000000000000000e+03
2.277000000000000000e+03 7.799000000000000000e+03
2.310000000000000000e+03 7.689000000000000000e+03
2.343000000000000000e+03 7.710000000000000000e+03
2.376000000000000000e+03 7.557000000000000000e+03
2.409000000000000000e+03 7.372000000000000000e+03
2.442000000000000000e+03 7.116000000000000000e+03
2.475000000000000000e+03 7.183000000000000000e+03
2.508000000000000000e+03 7.146000000000000000e+03
2.541000000000000000e+03 7.236000000000000000e+03
2.574000000000000000e+03 7.329000000000000000e+03
2.607000000000000000e+03 7.357000000000000000e+03
2.640000000000000000e+03 7.547000000000000000e+03
2.673000000000000000e+03 7.591000000000000000e+03
2.706000000000000000e+03 7.927000000000000000e+03
2.739000000000000000e+03 8.254000000000000000e+03
2.772000000000000000e+03 8.331000000000000000e+03
2.805000000000000000e+03 8.604000000000000000e+03
2.838000000000000000e+03 9.089000000000000000e+03
2.871000000000000000e+03 9.365000000000000000e+03
2.904000000000000000e+03 9.832000000000000000e+03
2.937000000000000000e+03 1.016000000000000000e+04
2.970000000000000000e+03 1.071700000000000000e+04
3.003000000000000000e+03 1.100600000000000000e+04
3.036000000000000000e+03 1.141200000000000000e+04
3.069000000000000000e+03 1.198500000000000000e+04
3.102000000000000000e+03 1.235900000000000000e+04
3.135000000000000000e+03 1.287800000000000000e+04
3.168000000000000000e+03 1.316400000000000000e+04
3.201000000000000000e+03 1.359000000000000000e+04
3.234000000000000000e+03 1.402300000000000000e+04
3.267000000000000000e+03 1.429100000000000000e+04
3.300000000000000000e+03 1.474600000000000000e+04
3.333000000000000000e+03 1.497900000000000000e+04
3.366000000000000000e+03 1.538400000000000000e+04
3.399000000000000000e+03 1.582500000000000000e+04
3.432000000000000000e+03 1.622300000000000000e+04
3.465000000000000000e+03 1.633600000000000000e+04
3.498000000000000000e+03 1.652000000000000000e+04
3.531000000000000000e+03 1.685800000000000000e+04
3.564000000000000000e+03 1.692300000000000000e+04
3.597000000000000000e+03 1.704900000000000000e+04
3.630000000000000000e+03 1.740700000000000000e+04
3.663000000000000000e+03 1.743900000000000000e+04
3.696000000000000000e+03 1.759300000000000000e+04
3.729000000000000000e+03 1.770300000000000000e+04
3.762000000000000000e+03 1.772800000000000000e+04
3.795000000000000000e+03 1.795300000000000000e+04
3.828000000000000000e+03 1.814100000000000000e+04
3.861000000000000000e+03 1.812300000000000000e+04
3.894000000000000000e+03 1.832300000000000000e+04
3.927000000000000000e+03 1.824400000000000000e+04
3.960000000000000000e+03 1.827200000000000000e+04
3.993000000000000000e+03 1.847300000000000000e+04
4.026000000000000000e+03 1.866700000000000000e+04
4.059000000000000000e+03 1.843000000000000000e+04
4.092000000000000000e+03 1.838800000000000000e+04
4.125000000000000000e+03 1.851600000000000000e+04
4.158000000000000000e+03 1.818200000000000000e+04
4.191000000000000000e+03 1.829500000000000000e+04
4.224000000000000000e+03 1.834100000000000000e+04
4.257000000000000000e+03 1.795200000000000000e+04
4.290000000000000000e+03 1.813600000000000000e+04
4.323000000000000000e+03 1.828900000000000000e+04
4.356000000000000000e+03 1.800400000000000000e+04
4.389000000000000000e+03 1.800500000000000000e+04
4.422000000000000000e+03 1.791600000000000000e+04
4.455000000000000000e+03 1.768200000000000000e+04
4.488000000000000000e+03 1.772100000000000000e+04
4.521000000000000000e+03 1.759900000000000000e+04
4.554000000000000000e+03 1.733000000000000000e+04
4.587000000000000000e+03 1.728100000000000000e+04
4.620000000000000000e+03 1.713400000000000000e+04
4.653000000000000000e+03 1.671300000000000000e+04
4.686000000000000000e+03 1.640500000000000000e+04
4.719000000000000000e+03 1.612900000000000000e+04
4.752000000000000000e+03 1.580300000000000000e+04
4.785000000000000000e+03 1.555400000000000000e+04
4.818000000000000000e+03 1.537200000000000000e+04
4.851000000000000000e+03 1.513500000000000000e+04
4.884000000000000000e+03 1.500900000000000000e+04
4.917000000000000000e+03 1.446700000000000000e+04
4.950000000000000000e+03 1.421200000000000000e+04
4.983000000000000000e+03 1.401800000000000000e+04
5.016000000000000000e+03 1.378500000000000000e+04
5.049000000000000000e+03 1.300300000000000000e+04
5.082000000000000000e+03 1.273700000000000000e+04
5.115000000000000000e+03 1.245800000000000000e+04
5.148000000000000000e+03 1.198900000000000000e+04
5.181000000000000000e+03 1.151900000000000000e+04
5.214000000000000000e+03 1.119200000000000000e+04
5.247000000000000000e+03 1.081400000000000000e+04
5.280000000000000000e+03 1.080000000000000000e+04
5.313000000000000000e+03 1.002400000000000000e+04
5.346000000000000000e+03 9.809000000000000000e+03
5.379000000000000000e+03 9.564000000000000000e+03
5.412000000000000000e+03 9.404000000000000000e+03
5.445000000000000000e+03 9.000000000000000000e+03
5.478000000000000000e+03 8.800000000000000000e+03
5.511000000000000000e+03 8.538000000000000000e+03
5.544000000000000000e+03 8.020000000000000000e+03
5.577000000000000000e+03 7.895000000000000000e+03
5.610000000000000000e+03 7.686000000000000000e+03
5.643000000000000000e+03 7.618000000000000000e+03
5.676000000000000000e+03 7.446000000000000000e+03
5.709000000000000000e+03 7.465000000000000000e+03
5.742000000000000000e+03 7.253000000000000000e+03
5.775000000000000000e+03 7.194000000000000000e+03
5.808000000000000000e+03 7.227000000000000000e+03
5.841000000000000000e+03 7.067000000000000000e+03
5.874000000000000000e+03 7.210000000000000000e+03
5.907000000000000000e+03 7.384000000000000000e+03
5.940000000000000000e+03 7.281000000000000000e+03
5.973000000000000000e+03 7.399000000000000000e+03
6.006000000000000000e+03 7.703000000000000000e+03
6.039000000000000000e+03 7.634000000000000000e+03
6.072000000000000000e+03 8.102000000000000000e+03
6.105000000000000000e+03 8.452000000000000000e+03
6.138000000000000000e+03 8.566000000000000000e+03
6.171000000000000000e+03 8.903000000000000000e+03
6.204000000000000000e+03 9.371000000000000000e+03
6.237000000000000000e+03 9.729000000000000000e+03
6.270000000000000000e+03 1.011600000000000000e+04
6.303000000000000000e+03 1.042700000000000000e+04
6.336000000000000000e+03 1.107100000000000000e+04
6.369000000000000000e+03 1.145700000000000000e+04
6.402000000000000000e+03 1.196000000000000000e+04
6.435000000000000000e+03 1.231700000000000000e+04
6.468000000000000000e+03 1.284000000000000000e+04
6.501000000000000000e+03 1.324200000000000000e+04
6.534000000000000000e+03 1.386600000000000000e+04
6.567000000000000000e+03 1.406600000000000000e+04
6.600000000000000000e+03 1.452200000000000000e+04
6.633000000000000000e+03 1.472300000000000000e+04
