0.000000000000000000e+00 3.880900000000000000e+04
1.000000000000000000e+04 3.961900000000000000e+04
2.000000000000000000e+04 3.975800000000000000e+04
3.000000000000000000e+04 3.956300000000000000e+04
4.000000000000000000e+04 3.946000000000000000e+04
5.000000000000000000e+04 3.998800000000000000e+04
6.000000000000000000e+04 3.972800000000000000e+04
7.000000000000000000e+04 4.067100000000000000e+04
8.000000000000000000e+04 4.078700000000000000e+04
9.000000000000000000e+04 4.083600000000000000e+04
1.000000000000000000e+05 4.112600000000000000e+04
1.100000000000000000e+05 4.136000000000000000e+04
1.200000000000000000e+05 4.118700000000000000e+04
1.300000000000000000e+05 4.138700000000000000e+04
1.400000000000000000e+05 4.127900000000000000e+04
1.500000000000000000e+05 4.153600000000000000e+04
1.600000000000000000e+05 4.186600000000000000e+04
1.700000000000000000e+05 4.178000000000000000e+04
1.800000000000000000e+05 4.171500000000000000e+04
1.900000000000000000e+05 4.173100000000000000e+04
2.000000000000000000e+05 4.163300000000000000e+04
2.100000000000000000e+05 4.139700000000000000e+04
2.200000000000000000e+05 4.155700000000000000e+04
2.300000000000000000e+05 4.130700000000000000e+04
2.400000000000000000e+05 4.163100000000000000e+04
2.500000000000000000e+05 4.118400000000000000e+04
2.600000000000000000e+05 4.068800000000000000e+04
2.700000000000000000e+05 4.053900000000000000e+04
2.800000000000000000e+05 4.062400000000000000e+04
2.900000000000000000e+05 3.986400000000000000e+04
3.000000000000000000e+05 4.003400000000000000e+04
3.100000000000000000e+05 3.922400000000000000e+04
3.200000000000000000e+05 3.928500000000000000e+04
3.300000000000000000e+05 3.861500000000000000e+04
3.400000000000000000e+05 3.845100000000000000e+04
3.500000000000000000e+05 3.800200000000000000e+04
3.600000000000000000e+05 3.721100000000000000e+04
3.700000000000000000e+05 3.663700000000000000e+04
3.800000000000000000e+05 3.626300000000000000e+04
3.900000000000000000e+05 3.498200000000000000e+04
4.000000000000000000e+05 3.423300000000000000e+04
4.100000000000000000e+05 3.355000000000000000e+04
4.200000000000000000e+05 3.312900000000000000e+04
4.300000000000000000e+05 3.215000000000000000e+04
4.400000000000000000e+05 3.120000000000000000e+04
4.500000000000000000e+05 3.034100000000000000e+04
4.600000000000000000e+05 2.918200000000000000e+04
4.700000000000000000e+05 2.829900000000000000e+04
4.800000000000000000e+05 2.724700000000000000e+04
4.900000000000000000e+05 2.631000000000000000e+04
5.000000000000000000e+05 2.491200000000000000e+04
5.100000000000000000e+05 2.389600000000000000e+04
5.200000000000000000e+05 2.287800000000000000e+04
5.300000000000000000e+05 2.173200000000000000e+04
5.400000000000000000e+05 2.049800000000000000e+04
5.500000000000000000e+05 1.961000000000000000e+04
5.600000000000000000e+05 1.807700000000000000e+04
5.700000000000000000e+05 1.768300000000000000e+04
5.800000000000000000e+05 1.660300000000000000e+04
5.900000000000000000e+05 1.567600000000000000e+04
6.000000000000000000e+05 1.481400000000000000e+04
6.100000000000000000e+05 1.403100000000000000e+04
6.200000000000000000e+05 1.329400000000000000e+04
6.300000000000000000e+05 1.307800000000000000e+04
6.400000000000000000e+05 1.241800000000000000e+04
6.500000000000000000e+05 1.184600000000000000e+04
6.600000000000000000e+05 1.159200000000000000e+04
6.700000000000000000e+05 1.131000000000000000e+04
6.800000000000000000e+05 1.112200000000000000e+04
6.900000000000000000e+05 1.098700000000000000e+04
7.000000000000000000e+05 1.092200000000000000e+04
7.100000000000000000e+05 1.103000000000000000e+04
7.200000000000000000e+05 1.131600000000000000e+04
7.300000000000000000e+05 1.145400000000000000e+04
7.400000000000000000e+05 1.188200000000000000e+04
7.500000000000000000e+05 1.242000000000000000e+04
7.600000000000000000e+05 1.286800000000000000e+04
7.700000000000000000e+05 1.386900000000000000e+04
7.800000000000000000e+05 1.475000000000000000e+04
7.900000000000000000e+05 1.514100000000000000e+04
8.000000000000000000e+05 1.610300000000000000e+04
8.100000000000000000e+05 1.724800000000000000e+04
8.200000000000000000e+05 1.813200000000000000e+04
8.300000000000000000e+05 1.892400000000000000e+04
8.400000000000000000e+05 2.012000000000000000e+04
8.500000000000000000e+05 2.113900000000000000e+04
8.600000000000000000e+05 2.252700000000000000e+04
8.700000000000000000e+05 2.347600000000000000e+04
8.800000000000000000e+05 2.486000000000000000e+04
8.900000000000000000e+05 2.585800000000000000e+04
9.000000000000000000e+05 2.683100000000000000e+04
9.100000000000000000e+05 2.783700000000000000e+04
9.200000000000000000e+05 2.900900000000000000e+04
9.300000000000000000e+05 3.014800000000000000e+04
9.400000000000000000e+05 3.062300000000000000e+04
9.500000000000000000e+05 3.189400000000000000e+04
9.600000000000000000e+05 3.243900000000000000e+04
9.700000000000000000e+05 3.350300000000000000e+04
9.800000000000000000e+05 3.445100000000000000e+04
9.900000000000000000e+05 3.505400000000000000e+04
1.000000000000000000e+06 3.524000000000000000e+04
1.010000000000000000e+06 3.635700000000000000e+04
1.020000000000000000e+06 3.677000000000000000e+04
1.030000000000000000e+06 3.729800000000000000e+04
1.040000000000000000e+06 3.823100000000000000e+04
1.050000000000000000e+06 3.821400000000000000e+04
1.060000000000000000e+06 3.887600000000000000e+04
1.070000000000000000e+06 3.915200000000000000e+04
1.080000000000000000e+06 3.935600000000000000e+04
1.090000000000000000e+06 3.974500000000000000e+04
1.100000000000000000e+06 4.034800000000000000e+04
1.110000000000000000e+06 4.079100000000000000e+04
1.120000000000000000e+06 4.080900000000000000e+04
1.130000000000000000e+06 4.059500000000000000e+04
1.140000000000000000e+06 4.080100000000000000e+04
1.150000000000000000e+06 4.137500000000000000e+04
1.160000000000000000e+06 4.136600000000000000e+04
1.170000000000000000e+06 4.127500000000000000e+04
1.180000000000000000e+06 4.144900000000000000e+04
1.190000000000000000e+06 4.151300000000000000e+04
1.200000000000000000e+06 4.160100000000000000e+04
1.210000000000000000e+06 4.113600000000000000e+04
1.220000000000000000e+06 4.142500000000000000e+04
1.230000000000000000e+06 4.113000000000000000e+04
1.240000000000000000e+06 4.106600000000000000e+04
1.250000000000000000e+06 4.106800000000000000e+04
1.260000000000000000e+06 4.081500000000000000e+04
1.270000000000000000e+06 4.031300000000000000e+04
1.280000000000000000e+06 4.048200000000000000e+04
1.290000000000000000e+06 3.981600000000000000e+04
1.300000000000000000e+06 3.965900000000000000e+04
1.310000000000000000e+06 3.921600000000000000e+04
1.320000000000000000e+06 3.894700000000000000e+04
1.330000000000000000e+06 3.838200000000000000e+04
1.340000000000000000e+06 3.825700000000000000e+04
1.350000000000000000e+06 3.750500000000000000e+04
1.360000000000000000e+06 3.683100000000000000e+04
1.370000000000000000e+06 3.642100000000000000e+04
1.380000000000000000e+06 3.599600000000000000e+04
1.390000000000000000e+06 3.528400000000000000e+04
1.400000000000000000e+06 3.480100000000000000e+04
1.410000000000000000e+06 3.379800000000000000e+04
1.420000000000000000e+06 3.290300000000000000e+04
1.430000000000000000e+06 3.163700000000000000e+04
1.440000000000000000e+06 3.098500000000000000e+04
1.450000000000000000e+06 3.011800000000000000e+04
1.460000000000000000e+06 2.913600000000000000e+04
1.470000000000000000e+06 2.797500000000000000e+04
1.480000000000000000e+06 2.699700000000000000e+04
1.490000000000000000e+06 2.640500000000000000e+04
1.500000000000000000e+06 2.492300000000000000e+04
1.510000000000000000e+06 2.364300000000000000e+04
1.520000000000000000e+06 2.293000000000000000e+04
1.530000000000000000e+06 2.184600000000000000e+04
1.540000000000000000e+06 2.062700000000000000e+04
1.550000000000000000e+06 1.963700000000000000e+04
1.560000000000000000e+06 1.829600000000000000e+04
1.570000000000000000e+06 1.718400000000000000e+04
1.580000000000000000e+06 1.668200000000000000e+04
1.590000000000000000e+06 1.593100000000000000e+04
1.600000000000000000e+06 1.490800000000000000e+04
1.610000000000000000e+06 1.399200000000000000e+04
1.620000000000000000e+06 1.334300000000000000e+04
1.630000000000000000e+06 1.275800000000000000e+04
1.640000000000000000e+06 1.224200000000000000e+04
1.650000000000000000e+06 1.160200000000000000e+04
1.660000000000000000e+06 1.155100000000000000e+04
1.670000000000000000e+06 1.124000000000000000e+04
1.680000000000000000e+06 1.104400000000000000e+04
1.690000000000000000e+06 1.092000000000000000e+04
1.700000000000000000e+06 1.091000000000000000e+04
1.710000000000000000e+06 1.101600000000000000e+04
1.720000000000000000e+06 1.115200000000000000e+04
1.730000000000000000e+06 1.172600000000000000e+04
1.740000000000000000e+06 1.180600000000000000e+04
1.750000000000000000e+06 1.248800000000000000e+04
1.760000000000000000e+06 1.317900000000000000e+04
1.770000000000000000e+06 1.378000000000000000e+04
1.780000000000000000e+06 1.433400000000000000e+04
1.790000000000000000e+06 1.517900000000000000e+04
1.800000000000000000e+06 1.616100000000000000e+04
1.810000000000000000e+06 1.691900000000000000e+04
1.820000000000000000e+06 1.801500000000000000e+04
1.830000000000000000e+06 1.887300000000000000e+04
1.840000000000000000e+06 2.013300000000000000e+04
1.850000000000000000e+06 2.096900000000000000e+04
1.860000000000000000e+06 2.250400000000000000e+04
1.870000000000000000e+06 2.323500000000000000e+04
1.880000000000000000e+06 2.452300000000000000e+04
1.890000000000000000e+06 2.550600000000000000e+04
1.900000000000000000e+06 2.679100000000000000e+04
1.910000000000000000e+06 2.763300000000000000e+04
1.920000000000000000e+06 2.887700000000000000e+04
1.930000000000000000e+06 2.970100000000000000e+04
1.940000000000000000e+06 3.044700000000000000e+04
1.950000000000000000e+06 3.185100000000000000e+04
1.960000000000000000e+06 3.239700000000000000e+04
1.970000000000000000e+06 3.323100000000000000e+04
1.980000000000000000e+06 3.445500000000000000e+04
1.990000000000000000e+06 3.504100000000000000e+04
