0.000000000000000000e+00 4.708000000000000000e+03
1.420000000000000000e+02 4.747000000000000000e+03
2.840000000000000000e+02 4.890000000000000000e+03
4.260000000000000000e+02 4.856000000000000000e+03
5.680000000000000000e+02 4.906000000000000000e+03
7.100000000000000000e+02 5.016000000000000000e+03
8.520000000000000000e+02 5.237000000000000000e+03
9.940000000000000000e+02 5.100000000000000000e+03
1.136000000000000000e+03 5.256000000000000000e+03
1.278000000000000000e+03 5.181000000000000000e+03
1.420000000000000000e+03 5.262000000000000000e+03
1.562000000000000000e+03 5.414000000000000000e+03
1.704000000000000000e+03 5.298000000000000000e+03
1.846000000000000000e+03 5.418000000000000000e+03
1.988000000000000000e+03 5.368000000000000000e+03
2.130000000000000000e+03 5.448000000000000000e+03
2.272000000000000000e+03 5.382000000000000000e+03
2.414000000000000000e+03 5.473000000000000000e+03
2.556000000000000000e+03 5.408000000000000000e+03
2.698000000000000000e+03 5.433000000000000000e+03
2.840000000000000000e+03 5.334000000000000000e+03
2.982000000000000000e+03 5.383000000000000000e+03
3.124000000000000000e+03 5.226000000000000000e+03
3.266000000000000000e+03 5.197000000000000000e+03
3.408000000000000000e+03 5.511000000000000000e+03
3.550000000000000000e+03 5.356000000000000000e+03
3.692000000000000000e+03 5.462000000000000000e+03
3.834000000000000000e+03 5.476000000000000000e+03
3.976000000000000000e+03 5.326000000000000000e+03
4.118000000000000000e+03 5.247000000000000000e+03
4.260000000000000000e+03 5.244000000000000000e+03
4.402000000000000000e+03 5.106000000000000000e+03
4.544000000000000000e+03 5.174000000000000000e+03
4.686000000000000000e+03 5.158000000000000000e+03
4.828000000000000000e+03 5.028000000000000000e+03
4.970000000000000000e+03 4.928000000000000000e+03
5.112000000000000000e+03 5.011000000000000000e+03
5.254000000000000000e+03 4.733000000000000000e+03
5.396000000000000000e+03 4.808000000000000000e+03
5.538000000000000000e+03 4.682000000000000000e+03
5.680000000000000000e+03 4.703000000000000000e+03
5.822000000000000000e+03 4.543000000000000000e+03
5.964000000000000000e+03 4.522000000000000000e+03
6.106000000000000000e+03 4.337000000000000000e+03
6.248000000000000000e+03 4.163000000000000000e+03
6.390000000000000000e+03 4.201000000000000000e+03
6.532000000000000000e+03 4.078000000000000000e+03
6.674000000000000000e+03 3.986000000000000000e+03
6.816000000000000000e+03 3.877000000000000000e+03
6.958000000000000000e+03 3.664000000000000000e+03
7.100000000000000000e+03 3.604000000000000000e+03
7.242000000000000000e+03 3.417000000000000000e+03
7.384000000000000000e+03 3.306000000000000000e+03
7.526000000000000000e+03 3.144000000000000000e+03
7.668000000000000000e+03 3.103000000000000000e+03
7.810000000000000000e+03 2.887000000000000000e+03
7.952000000000000000e+03 2.747000000000000000e+03
8.094000000000000000e+03 2.647000000000000000e+03
8.236000000000000000e+03 2.539000000000000000e+03
8.378000000000000000e+03 2.482000000000000000e+03
8.520000000000000000e+03 2.401000000000000000e+03
8.662000000000000000e+03 2.224000000000000000e+03
8.804000000000000000e+03 2.235000000000000000e+03
8.946000000000000000e+03 1.993000000000000000e+03
9.088000000000000000e+03 2.023000000000000000e+03
9.230000000000000000e+03 1.986000000000000000e+03
9.372000000000000000e+03 1.924000000000000000e+03
9.514000000000000000e+03 1.803000000000000000e+03
9.656000000000000000e+03 1.724000000000000000e+03
9.798000000000000000e+03 1.707000000000000000e+03
9.940000000000000000e+03 1.648000000000000000e+03
1.008200000000000000e+04 1.653000000000000000e+03
1.022400000000000000e+04 1.716000000000000000e+03
1.036600000000000000e+04 1.710000000000000000e+03
1.050800000000000000e+04 1.684000000000000000e+03
1.065000000000000000e+04 1.694000000000000000e+03
1.079200000000000000e+04 1.763000000000000000e+03
1.093400000000000000e+04 1.871000000000000000e+03
1.107600000000000000e+04 1.847000000000000000e+03
1.121800000000000000e+04 2.059000000000000000e+03
1.136000000000000000e+04 2.105000000000000000e+03
1.150200000000000000e+04 2.246000000000000000e+03
1.164400000000000000e+04 2.364000000000000000e+03
1.178600000000000000e+04 2.425000000000000000e+03
1.192800000000000000e+04 2.556000000000000000e+03
1.207000000000000000e+04 2.737000000000000000e+03
1.221200000000000000e+04 2.850000000000000000e+03
1.235400000000000000e+04 2.949000000000000000e+03
1.249600000000000000e+04 3.169000000000000000e+03
1.263800000000000000e+04 3.256000000000000000e+03
1.278000000000000000e+04 3.458000000000000000e+03
1.292200000000000000e+04 3.547000000000000000e+03
1.306400000000000000e+04 3.786000000000000000e+03
1.320600000000000000e+04 3.939000000000000000e+03
1.334800000000000000e+04 3.969000000000000000e+03
1.349000000000000000e+04 4.024000000000000000e+03
1.363200000000000000e+04 4.222000000000000000e+03
1.377400000000000000e+04 4.482000000000000000e+03
1.391600000000000000e+04 4.381000000000000000e+03
1.405800000000000000e+04 4.481000000000000000e+03
1.420000000000000000e+04 4.614000000000000000e+03
1.434200000000000000e+04 4.706000000000000000e+03
1.448400000000000000e+04 4.782000000000000000e+03
1.462600000000000000e+04 4.898000000000000000e+03
1.476800000000000000e+04 4.958000000000000000e+03
1.491000000000000000e+04 5.151000000000000000e+03
1.505200000000000000e+04 5.099000000000000000e+03
1.519400000000000000e+04 4.955000000000000000e+03
1.533600000000000000e+04 5.274000000000000000e+03
1.547800000000000000e+04 5.313000000000000000e+03
1.562000000000000000e+04 5.317000000000000000e+03
1.576200000000000000e+04 5.334000000000000000e+03
1.590400000000000000e+04 5.464000000000000000e+03
1.604600000000000000e+04 5.400000000000000000e+03
1.618800000000000000e+04 5.232000000000000000e+03
1.633000000000000000e+04 5.494000000000000000e+03
1.647200000000000000e+04 5.441000000000000000e+03
1.661400000000000000e+04 5.501000000000000000e+03
1.675600000000000000e+04 5.347000000000000000e+03
1.689800000000000000e+04 5.454000000000000000e+03
1.704000000000000000e+04 5.412000000000000000e+03
1.718200000000000000e+04 5.515000000000000000e+03
1.732400000000000000e+04 5.400000000000000000e+03
1.746600000000000000e+04 5.429000000000000000e+03
1.760800000000000000e+04 5.520000000000000000e+03
1.775000000000000000e+04 5.423000000000000000e+03
1.789200000000000000e+04 5.323000000000000000e+03
1.803400000000000000e+04 5.529000000000000000e+03
1.817600000000000000e+04 5.278000000000000000e+03
1.831800000000000000e+04 5.309000000000000000e+03
1.846000000000000000e+04 5.309000000000000000e+03
1.860200000000000000e+04 5.327000000000000000e+03
1.874400000000000000e+04 5.248000000000000000e+03
1.888600000000000000e+04 5.123000000000000000e+03
1.902800000000000000e+04 5.181000000000000000e+03
1.917000000000000000e+04 4.940000000000000000e+03
1.931200000000000000e+04 4.970000000000000000e+03
1.945400000000000000e+04 4.834000000000000000e+03
1.959600000000000000e+04 4.959000000000000000e+03
1.973800000000000000e+04 4.706000000000000000e+03
1.988000000000000000e+04 4.791000000000000000e+03
2.002200000000000000e+04 4.629000000000000000e+03
2.016400000000000000e+04 4.491000000000000000e+03
2.030600000000000000e+04 4.506000000000000000e+03
2.044800000000000000e+04 4.169000000000000000e+03
2.059000000000000000e+04 4.295000000000000000e+03
2.073200000000000000e+04 4.047000000000000000e+03
2.087400000000000000e+04 4.106000000000000000e+03
2.101600000000000000e+04 3.932000000000000000e+03
2.115800000000000000e+04 3.693000000000000000e+03
2.130000000000000000e+04 3.676000000000000000e+03
2.144200000000000000e+04 3.520000000000000000e+03
2.158400000000000000e+04 3.487000000000000000e+03
2.172600000000000000e+04 3.323000000000000000e+03
2.186800000000000000e+04 3.179000000000000000e+03
2.201000000000000000e+04 3.024000000000000000e+03
2.215200000000000000e+04 2.875000000000000000e+03
2.229400000000000000e+04 2.725000000000000000e+03
2.243600000000000000e+04 2.608000000000000000e+03
2.257800000000000000e+04 2.527000000000000000e+03
2.272000000000000000e+04 2.526000000000000000e+03
2.286200000000000000e+04 2.334000000000000000e+03
2.300400000000000000e+04 2.157000000000000000e+03
2.314600000000000000e+04 2.107000000000000000e+03
2.328800000000000000e+04 1.911000000000000000e+03
2.343000000000000000e+04 1.978000000000000000e+03
2.357200000000000000e+04 1.925000000000000000e+03
2.371400000000000000e+04 1.868000000000000000e+03
2.385600000000000000e+04 1.752000000000000000e+03
2.399800000000000000e+04 1.745000000000000000e+03
2.414000000000000000e+04 1.660000000000000000e+03
2.428200000000000000e+04 1.710000000000000000e+03
2.442400000000000000e+04 1.735000000000000000e+03
2.456600000000000000e+04 1.735000000000000000e+03
2.470800000000000000e+04 1.771000000000000000e+03
2.485000000000000000e+04 1.746000000000000000e+03
2.499200000000000000e+04 1.687000000000000000e+03
2.513400000000000000e+04 1.753000000000000000e+03
2.527600000000000000e+04 1.942000000000000000e+03
2.541800000000000000e+04 2.019000000000000000e+03
2.556000000000000000e+04 2.010000000000000000e+03
2.570200000000000000e+04 2.134000000000000000e+03
2.584400000000000000e+04 2.279000000000000000e+03
2.598600000000000000e+04 2.475000000000000000e+03
2.612800000000000000e+04 2.513000000000000000e+03
2.627000000000000000e+04 2.616000000000000000e+03
2.641200000000000000e+04 2.783000000000000000e+03
2.655400000000000000e+04 2.837000000000000000e+03
2.669600000000000000e+04 3.114000000000000000e+03
2.683800000000000000e+04 3.172000000000000000e+03
2.698000000000000000e+04 3.359000000000000000e+03
2.712200000000000000e+04 3.548000000000000000e+03
2.726400000000000000e+04 3.535000000000000000e+03
2.740600000000000000e+04 3.734000000000000000e+03
2.754800000000000000e+04 3.847000000000000000e+03
2.769000000000000000e+04 4.113000000000000000e+03
2.783200000000000000e+04 4.217000000000000000e+03
2.797400000000000000e+04 4.183000000000000000e+03
2.811600000000000000e+04 4.491000000000000000e+03
2.825800000000000000e+04 4.555000000000000000e+03
2.840000000000000000e+04 4.500000000000000000e+03
