0.000000000000000000e+00 5.498000000000000000e+03
5.000000000000000000e+03 5.645000000000000000e+03
1.000000000000000000e+04 5.880000000000000000e+03
1.500000000000000000e+04 5.799000000000000000e+03
2.000000000000000000e+04 5.987000000000000000e+03
2.500000000000000000e+04 6.105000000000000000e+03
3.000000000000000000e+04 6.146000000000000000e+03
3.500000000000000000e+04 6.107000000000000000e+03
4.000000000000000000e+04 6.200000000000000000e+03
4.500000000000000000e+04 6.227000000000000000e+03
5.000000000000000000e+04 6.237000000000000000e+03
5.500000000000000000e+04 6.267000000000000000e+03
6.000000000000000000e+04 6.314000000000000000e+03
6.500000000000000000e+04 6.420000000000000000e+03
7.000000000000000000e+04 6.369000000000000000e+03
7.500000000000000000e+04 6.296000000000000000e+03
8.000000000000000000e+04 6.440000000000000000e+03
8.500000000000000000e+04 6.346000000000000000e+03
9.000000000000000000e+04 6.550000000000000000e+03
9.500000000000000000e+04 6.442000000000000000e+03
1.000000000000000000e+05 6.450000000000000000e+03
1.050000000000000000e+05 6.481000000000000000e+03
1.100000000000000000e+05 6.426000000000000000e+03
1.150000000000000000e+05 6.330000000000000000e+03
1.200000000000000000e+05 6.282000000000000000e+03
1.250000000000000000e+05 6.287000000000000000e+03
1.300000000000000000e+05 6.485000000000000000e+03
1.350000000000000000e+05 6.216000000000000000e+03
1.400000000000000000e+05 6.378000000000000000e+03
1.450000000000000000e+05 6.218000000000000000e+03
1.500000000000000000e+05 6.204000000000000000e+03
1.550000000000000000e+05 6.025000000000000000e+03
1.600000000000000000e+05 6.135000000000000000e+03
1.650000000000000000e+05 5.977000000000000000e+03
1.700000000000000000e+05 5.905000000000000000e+03
1.750000000000000000e+05 5.838000000000000000e+03
1.800000000000000000e+05 5.904000000000000000e+03
1.850000000000000000e+05 5.657000000000000000e+03
1.900000000000000000e+05 5.640000000000000000e+03
1.950000000000000000e+05 5.484000000000000000e+03
2.000000000000000000e+05 5.383000000000000000e+03
2.050000000000000000e+05 5.279000000000000000e+03
2.100000000000000000e+05 5.114000000000000000e+03
2.150000000000000000e+05 5.063000000000000000e+03
2.200000000000000000e+05 5.000000000000000000e+03
2.250000000000000000e+05 4.787000000000000000e+03
2.300000000000000000e+05 4.665000000000000000e+03
2.350000000000000000e+05 4.500000000000000000e+03
2.400000000000000000e+05 4.302000000000000000e+03
2.450000000000000000e+05 4.263000000000000000e+03
2.500000000000000000e+05 4.103000000000000000e+03
2.550000000000000000e+05 3.853000000000000000e+03
2.600000000000000000e+05 3.765000000000000000e+03
2.650000000000000000e+05 3.575000000000000000e+03
2.700000000000000000e+05 3.539000000000000000e+03
2.750000000000000000e+05 3.379000000000000000e+03
2.800000000000000000e+05 3.086000000000000000e+03
2.850000000000000000e+05 3.027000000000000000e+03
2.900000000000000000e+05 2.741000000000000000e+03
2.950000000000000000e+05 2.673000000000000000e+03
3.000000000000000000e+05 2.651000000000000000e+03
3.050000000000000000e+05 2.426000000000000000e+03
3.100000000000000000e+05 2.324000000000000000e+03
3.150000000000000000e+05 2.292000000000000000e+03
3.200000000000000000e+05 2.135000000000000000e+03
3.250000000000000000e+05 2.043000000000000000e+03
3.300000000000000000e+05 2.031000000000000000e+03
3.350000000000000000e+05 2.034000000000000000e+03
3.400000000000000000e+05 1.999000000000000000e+03
3.450000000000000000e+05 1.986000000000000000e+03
3.500000000000000000e+05 1.995000000000000000e+03
3.550000000000000000e+05 1.954000000000000000e+03
3.600000000000000000e+05 2.088000000000000000e+03
3.650000000000000000e+05 2.125000000000000000e+03
3.700000000000000000e+05 2.139000000000000000e+03
3.750000000000000000e+05 2.222000000000000000e+03
3.800000000000000000e+05 2.336000000000000000e+03
3.850000000000000000e+05 2.415000000000000000e+03
3.900000000000000000e+05 2.431000000000000000e+03
3.950000000000000000e+05 2.714000000000000000e+03
4.000000000000000000e+05 2.770000000000000000e+03
4.050000000000000000e+05 2.965000000000000000e+03
4.100000000000000000e+05 3.117000000000000000e+03
4.150000000000000000e+05 3.257000000000000000e+03
4.200000000000000000e+05 3.421000000000000000e+03
4.250000000000000000e+05 3.511000000000000000e+03
4.300000000000000000e+05 3.675000000000000000e+03
4.350000000000000000e+05 3.943000000000000000e+03
4.400000000000000000e+05 4.052000000000000000e+03
4.450000000000000000e+05 4.193000000000000000e+03
4.500000000000000000e+05 4.397000000000000000e+03
4.550000000000000000e+05 4.423000000000000000e+03
4.600000000000000000e+05 4.405000000000000000e+03
4.650000000000000000e+05 4.727000000000000000e+03
4.700000000000000000e+05 5.226000000000000000e+03
4.750000000000000000e+05 4.912000000000000000e+03
4.800000000000000000e+05 5.251000000000000000e+03
4.850000000000000000e+05 5.392000000000000000e+03
4.900000000000000000e+05 5.372000000000000000e+03
4.950000000000000000e+05 5.508000000000000000e+03
5.000000000000000000e+05 5.483000000000000000e+03
5.050000000000000000e+05 5.635000000000000000e+03
5.100000000000000000e+05 5.842000000000000000e+03
5.150000000000000000e+05 5.938000000000000000e+03
5.200000000000000000e+05 5.847000000000000000e+03
5.250000000000000000e+05 5.742000000000000000e+03
5.300000000000000000e+05 6.040000000000000000e+03
5.350000000000000000e+05 6.068000000000000000e+03
5.400000000000000000e+05 6.283000000000000000e+03
5.450000000000000000e+05 6.257000000000000000e+03
5.500000000000000000e+05 6.328000000000000000e+03
5.550000000000000000e+05 6.262000000000000000e+03
5.600000000000000000e+05 6.252000000000000000e+03
5.650000000000000000e+05 6.309000000000000000e+03
5.700000000000000000e+05 6.406000000000000000e+03
5.750000000000000000e+05 6.292000000000000000e+03
5.800000000000000000e+05 6.403000000000000000e+03
5.850000000000000000e+05 6.146000000000000000e+03
5.900000000000000000e+05 6.410000000000000000e+03
5.950000000000000000e+05 6.599000000000000000e+03
6.000000000000000000e+05 6.400000000000000000e+03
6.050000000000000000e+05 6.220000000000000000e+03
6.100000000000000000e+05 6.466000000000000000e+03
6.150000000000000000e+05 6.348000000000000000e+03
6.200000000000000000e+05 6.380000000000000000e+03
6.250000000000000000e+05 6.435000000000000000e+03
6.300000000000000000e+05 6.368000000000000000e+03
6.350000000000000000e+05 6.153000000000000000e+03
6.400000000000000000e+05 6.212000000000000000e+03
6.450000000000000000e+05 6.245000000000000000e+03
6.500000000000000000e+05 6.228000000000000000e+03
6.550000000000000000e+05 6.119000000000000000e+03
6.600000000000000000e+05 6.051000000000000000e+03
6.650000000000000000e+05 5.988000000000000000e+03
6.700000000000000000e+05 5.944000000000000000e+03
6.750000000000000000e+05 5.851000000000000000e+03
6.800000000000000000e+05 5.769000000000000000e+03
6.850000000000000000e+05 5.622000000000000000e+03
6.900000000000000000e+05 5.598000000000000000e+03
6.950000000000000000e+05 5.470000000000000000e+03
7.000000000000000000e+05 5.294000000000000000e+03
7.050000000000000000e+05 5.303000000000000000e+03
7.100000000000000000e+05 5.256000000000000000e+03
7.150000000000000000e+05 5.039000000000000000e+03
7.200000000000000000e+05 4.993000000000000000e+03
7.250000000000000000e+05 4.865000000000000000e+03
7.300000000000000000e+05 4.649000000000000000e+03
7.350000000000000000e+05 4.378000000000000000e+03
7.400000000000000000e+05 4.262000000000000000e+03
7.450000000000000000e+05 4.169000000000000000e+03
7.500000000000000000e+05 4.051000000000000000e+03
7.550000000000000000e+05 3.807000000000000000e+03
7.600000000000000000e+05 3.710000000000000000e+03
7.650000000000000000e+05 3.510000000000000000e+03
7.700000000000000000e+05 3.340000000000000000e+03
7.750000000000000000e+05 3.337000000000000000e+03
7.800000000000000000e+05 3.063000000000000000e+03
7.850000000000000000e+05 3.040000000000000000e+03
7.900000000000000000e+05 2.811000000000000000e+03
7.950000000000000000e+05 2.690000000000000000e+03
8.000000000000000000e+05 2.515000000000000000e+03
8.050000000000000000e+05 2.418000000000000000e+03
8.100000000000000000e+05 2.312000000000000000e+03
8.150000000000000000e+05 2.252000000000000000e+03
8.200000000000000000e+05 2.146000000000000000e+03
8.250000000000000000e+05 2.121000000000000000e+03
8.300000000000000000e+05 2.091000000000000000e+03
8.350000000000000000e+05 1.967000000000000000e+03
8.400000000000000000e+05 1.929000000000000000e+03
8.450000000000000000e+05 2.007000000000000000e+03
8.500000000000000000e+05 1.950000000000000000e+03
8.550000000000000000e+05 1.926000000000000000e+03
8.600000000000000000e+05 2.093000000000000000e+03
8.650000000000000000e+05 2.122000000000000000e+03
8.700000000000000000e+05 2.108000000000000000e+03
8.750000000000000000e+05 2.206000000000000000e+03
8.800000000000000000e+05 2.376000000000000000e+03
8.850000000000000000e+05 2.359000000000000000e+03
8.900000000000000000e+05 2.564000000000000000e+03
8.950000000000000000e+05 2.708000000000000000e+03
9.000000000000000000e+05 2.844000000000000000e+03
9.050000000000000000e+05 2.983000000000000000e+03
9.100000000000000000e+05 3.127000000000000000e+03
9.150000000000000000e+05 3.341000000000000000e+03
9.200000000000000000e+05 3.423000000000000000e+03
9.250000000000000000e+05 3.609000000000000000e+03
9.300000000000000000e+05 3.614000000000000000e+03
9.350000000000000000e+05 3.889000000000000000e+03
9.400000000000000000e+05 4.036000000000000000e+03
9.450000000000000000e+05 4.060000000000000000e+03
9.500000000000000000e+05 4.185000000000000000e+03
9.550000000000000000e+05 4.464000000000000000e+03
9.600000000000000000e+05 4.673000000000000000e+03
9.650000000000000000e+05 4.597000000000000000e+03
9.700000000000000000e+05 4.796000000000000000e+03
9.750000000000000000e+05 5.019000000000000000e+03
9.800000000000000000e+05 5.136000000000000000e+03
9.850000000000000000e+05 5.221000000000000000e+03
9.900000000000000000e+05 5.487000000000000000e+03
9.950000000000000000e+05 5.612000000000000000e+03
