0.000000000000000000e+00 5.554000000000000000e+03
1.428000000000000000e+03 5.395000000000000000e+03
2.856000000000000000e+03 5.419000000000000000e+03
4.284000000000000000e+03 5.659000000000000000e+03
5.712000000000000000e+03 5.770000000000000000e+03
7.140000000000000000e+03 5.681000000000000000e+03
8.568000000000000000e+03 5.728000000000000000e+03
9.996000000000000000e+03 5.919000000000000000e+03
1.142400000000000000e+04 6.060000000000000000e+03
1.285200000000000000e+04 5.896000000000000000e+03
1.428000000000000000e+04 6.140000000000000000e+03
1.570800000000000000e+04 5.962000000000000000e+03
1.713600000000000000e+04 6.074000000000000000e+03
1.856400000000000000e+04 6.229000000000000000e+03
1.999200000000000000e+04 6.210000000000000000e+03
2.142000000000000000e+04 6.322000000000000000e+03
2.284800000000000000e+04 5.956000000000000000e+03
2.427600000000000000e+04 6.235000000000000000e+03
2.570400000000000000e+04 6.201000000000000000e+03
2.713200000000000000e+04 6.130000000000000000e+03
2.856000000000000000e+04 6.086000000000000000e+03
2.998800000000000000e+04 6.269000000000000000e+03
3.141600000000000000e+04 6.244000000000000000e+03
3.284400000000000000e+04 6.105000000000000000e+03
3.427200000000000000e+04 6.260000000000000000e+03
3.570000000000000000e+04 6.199000000000000000e+03
3.712800000000000000e+04 6.042000000000000000e+03
3.855600000000000000e+04 6.218000000000000000e+03
3.998400000000000000e+04 6.059000000000000000e+03
4.141200000000000000e+04 5.975000000000000000e+03
4.284000000000000000e+04 5.963000000000000000e+03
4.426800000000000000e+04 5.883000000000000000e+03
4.569600000000000000e+04 5.909000000000000000e+03
4.712400000000000000e+04 5.712000000000000000e+03
4.855200000000000000e+04 5.693000000000000000e+03
4.998000000000000000e+04 5.778000000000000000e+03
5.140800000000000000e+04 5.650000000000000000e+03
5.283600000000000000e+04 5.475000000000000000e+03
5.426400000000000000e+04 5.474000000000000000e+03
5.569200000000000000e+04 5.356000000000000000e+03
5.712000000000000000e+04 5.171000000000000000e+03
5.854800000000000000e+04 5.172000000000000000e+03
5.997600000000000000e+04 4.889000000000000000e+03
6.140400000000000000e+04 4.869000000000000000e+03
6.283200000000000000e+04 4.647000000000000000e+03
6.426000000000000000e+04 4.572000000000000000e+03
6.568800000000000000e+04 4.441000000000000000e+03
6.711600000000000000e+04 4.350000000000000000e+03
6.854400000000000000e+04 4.120000000000000000e+03
6.997200000000000000e+04 4.048000000000000000e+03
7.140000000000000000e+04 3.907000000000000000e+03
7.282800000000000000e+04 3.659000000000000000e+03
7.425600000000000000e+04 3.528000000000000000e+03
7.568400000000000000e+04 3.506000000000000000e+03
7.711200000000000000e+04 3.198000000000000000e+03
7.854000000000000000e+04 3.112000000000000000e+03
7.996800000000000000e+04 2.965000000000000000e+03
8.139600000000000000e+04 2.773000000000000000e+03
8.282400000000000000e+04 2.601000000000000000e+03
8.425200000000000000e+04 2.539000000000000000e+03
8.568000000000000000e+04 2.481000000000000000e+03
8.710800000000000000e+04 2.296000000000000000e+03
8.853600000000000000e+04 2.248000000000000000e+03
8.996400000000000000e+04 2.074000000000000000e+03
9.139200000000000000e+04 2.114000000000000000e+03
9.282000000000000000e+04 1.927000000000000000e+03
9.424800000000000000e+04 1.959000000000000000e+03
9.567600000000000000e+04 1.885000000000000000e+03
9.710400000000000000e+04 1.838000000000000000e+03
9.853200000000000000e+04 1.887000000000000000e+03
9.996000000000000000e+04 1.892000000000000000e+03
1.013880000000000000e+05 1.905000000000000000e+03
1.028160000000000000e+05 1.992000000000000000e+03
1.042440000000000000e+05 1.950000000000000000e+03
1.056720000000000000e+05 1.969000000000000000e+03
1.071000000000000000e+05 2.055000000000000000e+03
1.085280000000000000e+05 2.025000000000000000e+03
1.099560000000000000e+05 2.240000000000000000e+03
1.113840000000000000e+05 2.472000000000000000e+03
1.128120000000000000e+05 2.521000000000000000e+03
1.142400000000000000e+05 2.597000000000000000e+03
1.156680000000000000e+05 2.825000000000000000e+03
1.170960000000000000e+05 2.875000000000000000e+03
1.185240000000000000e+05 3.060000000000000000e+03
1.199520000000000000e+05 3.166000000000000000e+03
1.213800000000000000e+05 3.371000000000000000e+03
1.228080000000000000e+05 3.434000000000000000e+03
1.242360000000000000e+05 3.735000000000000000e+03
1.256640000000000000e+05 3.845000000000000000e+03
1.270920000000000000e+05 3.955000000000000000e+03
1.285200000000000000e+05 4.043000000000000000e+03
1.299480000000000000e+05 4.304000000000000000e+03
1.313760000000000000e+05 4.519000000000000000e+03
1.328040000000000000e+05 4.450000000000000000e+03
1.342320000000000000e+05 4.735000000000000000e+03
1.356600000000000000e+05 4.785000000000000000e+03
1.370880000000000000e+05 4.920000000000000000e+03
1.385160000000000000e+05 5.084000000000000000e+03
1.399440000000000000e+05 5.255000000000000000e+03
1.413720000000000000e+05 5.235000000000000000e+03
1.428000000000000000e+05 5.471000000000000000e+03
1.442280000000000000e+05 5.510000000000000000e+03
1.456560000000000000e+05 5.535000000000000000e+03
1.470840000000000000e+05 5.799000000000000000e+03
1.485120000000000000e+05 5.733000000000000000e+03
1.499400000000000000e+05 5.759000000000000000e+03
1.513680000000000000e+05 5.763000000000000000e+03
1.527960000000000000e+05 5.935000000000000000e+03
1.542240000000000000e+05 5.880000000000000000e+03
1.556520000000000000e+05 5.998000000000000000e+03
1.570800000000000000e+05 6.135000000000000000e+03
1.585080000000000000e+05 6.150000000000000000e+03
1.599360000000000000e+05 6.231000000000000000e+03
1.613640000000000000e+05 6.181000000000000000e+03
1.627920000000000000e+05 6.189000000000000000e+03
1.642200000000000000e+05 6.242000000000000000e+03
1.656480000000000000e+05 6.187000000000000000e+03
1.670760000000000000e+05 6.305000000000000000e+03
1.685040000000000000e+05 6.143000000000000000e+03
1.699320000000000000e+05 6.308000000000000000e+03
1.713600000000000000e+05 6.242000000000000000e+03
1.727880000000000000e+05 6.182000000000000000e+03
1.742160000000000000e+05 6.224000000000000000e+03
1.756440000000000000e+05 6.023000000000000000e+03
1.770720000000000000e+05 6.330000000000000000e+03
1.785000000000000000e+05 6.205000000000000000e+03
1.799280000000000000e+05 6.157000000000000000e+03
1.813560000000000000e+05 6.053000000000000000e+03
1.827840000000000000e+05 6.050000000000000000e+03
1.842120000000000000e+05 5.902000000000000000e+03
1.856400000000000000e+05 5.967000000000000000e+03
1.870680000000000000e+05 5.964000000000000000e+03
1.884960000000000000e+05 5.933000000000000000e+03
1.899240000000000000e+05 5.855000000000000000e+03
1.913520000000000000e+05 5.804000000000000000e+03
1.927800000000000000e+05 5.753000000000000000e+03
1.942080000000000000e+05 5.681000000000000000e+03
1.956360000000000000e+05 5.475000000000000000e+03
1.970640000000000000e+05 5.565000000000000000e+03
1.984920000000000000e+05 5.259000000000000000e+03
1.999200000000000000e+05 5.185000000000000000e+03
2.013480000000000000e+05 5.113000000000000000e+03
2.027760000000000000e+05 5.015000000000000000e+03
2.042040000000000000e+05 4.857000000000000000e+03
2.056320000000000000e+05 4.915000000000000000e+03
2.070600000000000000e+05 4.553000000000000000e+03
2.084880000000000000e+05 4.562000000000000000e+03
2.099160000000000000e+05 4.345000000000000000e+03
2.113440000000000000e+05 4.176000000000000000e+03
2.127720000000000000e+05 3.991000000000000000e+03
2.142000000000000000e+05 3.941000000000000000e+03
2.156280000000000000e+05 3.822000000000000000e+03
2.170560000000000000e+05 3.551000000000000000e+03
2.184840000000000000e+05 3.515000000000000000e+03
2.199120000000000000e+05 3.261000000000000000e+03
2.213400000000000000e+05 3.162000000000000000e+03
2.227680000000000000e+05 2.989000000000000000e+03
2.241960000000000000e+05 2.822000000000000000e+03
2.256240000000000000e+05 2.692000000000000000e+03
2.270520000000000000e+05 2.542000000000000000e+03
2.284800000000000000e+05 2.467000000000000000e+03
2.299080000000000000e+05 2.358000000000000000e+03
2.313360000000000000e+05 2.197000000000000000e+03
2.327640000000000000e+05 2.235000000000000000e+03
2.341920000000000000e+05 1.985000000000000000e+03
2.356200000000000000e+05 1.852000000000000000e+03
2.370480000000000000e+05 1.948000000000000000e+03
2.384760000000000000e+05 1.889000000000000000e+03
2.399040000000000000e+05 1.876000000000000000e+03
2.413320000000000000e+05 1.900000000000000000e+03
2.427600000000000000e+05 1.881000000000000000e+03
2.441880000000000000e+05 1.808000000000000000e+03
2.456160000000000000e+05 1.989000000000000000e+03
2.470440000000000000e+05 1.865000000000000000e+03
2.484720000000000000e+05 1.987000000000000000e+03
2.499000000000000000e+05 2.077000000000000000e+03
2.513280000000000000e+05 2.226000000000000000e+03
2.527560000000000000e+05 2.206000000000000000e+03
2.541840000000000000e+05 2.473000000000000000e+03
2.556120000000000000e+05 2.544000000000000000e+03
2.570400000000000000e+05 2.598000000000000000e+03
2.584680000000000000e+05 2.687000000000000000e+03
2.598960000000000000e+05 2.844000000000000000e+03
2.613240000000000000e+05 2.949000000000000000e+03
2.627520000000000000e+05 3.162000000000000000e+03
2.641800000000000000e+05 3.441000000000000000e+03
2.656080000000000000e+05 3.575000000000000000e+03
2.670360000000000000e+05 3.732000000000000000e+03
2.684640000000000000e+05 3.811000000000000000e+03
2.698920000000000000e+05 4.137000000000000000e+03
2.713200000000000000e+05 4.225000000000000000e+03
2.727480000000000000e+05 4.247000000000000000e+03
2.741760000000000000e+05 4.346000000000000000e+03
2.756040000000000000e+05 4.588000000000000000e+03
2.770320000000000000e+05 4.840000000000000000e+03
2.784600000000000000e+05 4.953000000000000000e+03
2.798880000000000000e+05 4.817000000000000000e+03
2.813160000000000000e+05 5.211000000000000000e+03
2.827440000000000000e+05 5.078000000000000000e+03
2.841720000000000000e+05 5.371000000000000000e+03
