0.000000000000000000e+00 4.820000000000000000e+03
1.000000000000000000e+03 4.837000000000000000e+03
2.000000000000000000e+03 4.970000000000000000e+03
3.000000000000000000e+03 5.165000000000000000e+03
4.000000000000000000e+03 5.122000000000000000e+03
5.000000000000000000e+03 5.162000000000000000e+03
6.000000000000000000e+03 5.190000000000000000e+03
7.000000000000000000e+03 5.334000000000000000e+03
8.000000000000000000e+03 5.475000000000000000e+03
9.000000000000000000e+03 5.396000000000000000e+03
1.000000000000000000e+04 5.450000000000000000e+03
1.100000000000000000e+04 5.427000000000000000e+03
1.200000000000000000e+04 5.472000000000000000e+03
1.300000000000000000e+04 5.489000000000000000e+03
1.400000000000000000e+04 5.681000000000000000e+03
1.500000000000000000e+04 5.409000000000000000e+03
1.600000000000000000e+04 5.591000000000000000e+03
1.700000000000000000e+04 5.646000000000000000e+03
1.800000000000000000e+04 5.573000000000000000e+03
1.900000000000000000e+04 5.490000000000000000e+03
2.000000000000000000e+04 5.538000000000000000e+03
2.100000000000000000e+04 5.560000000000000000e+03
2.200000000000000000e+04 5.644000000000000000e+03
2.300000000000000000e+04 5.610000000000000000e+03
2.400000000000000000e+04 5.623000000000000000e+03
2.500000000000000000e+04 5.496000000000000000e+03
2.600000000000000000e+04 5.423000000000000000e+03
2.700000000000000000e+04 5.560000000000000000e+03
2.800000000000000000e+04 5.550000000000000000e+03
2.900000000000000000e+04 5.406000000000000000e+03
3.000000000000000000e+04 5.495000000000000000e+03
3.100000000000000000e+04 5.554000000000000000e+03
3.200000000000000000e+04 5.269000000000000000e+03
3.300000000000000000e+04 5.156000000000000000e+03
3.400000000000000000e+04 5.240000000000000000e+03
3.500000000000000000e+04 5.241000000000000000e+03
3.600000000000000000e+04 5.068000000000000000e+03
3.700000000000000000e+04 5.005000000000000000e+03
3.800000000000000000e+04 4.892000000000000000e+03
3.900000000000000000e+04 4.744000000000000000e+03
4.000000000000000000e+04 4.686000000000000000e+03
4.100000000000000000e+04 4.644000000000000000e+03
4.200000000000000000e+04 4.628000000000000000e+03
4.300000000000000000e+04 4.612000000000000000e+03
4.400000000000000000e+04 4.191000000000000000e+03
4.500000000000000000e+04 4.028000000000000000e+03
4.600000000000000000e+04 4.118000000000000000e+03
4.700000000000000000e+04 4.013000000000000000e+03
4.800000000000000000e+04 3.749000000000000000e+03
4.900000000000000000e+04 3.586000000000000000e+03
5.000000000000000000e+04 3.511000000000000000e+03
5.100000000000000000e+04 3.361000000000000000e+03
5.200000000000000000e+04 3.322000000000000000e+03
5.300000000000000000e+04 3.075000000000000000e+03
5.400000000000000000e+04 3.051000000000000000e+03
5.500000000000000000e+04 2.715000000000000000e+03
5.600000000000000000e+04 2.698000000000000000e+03
5.700000000000000000e+04 2.657000000000000000e+03
5.800000000000000000e+04 2.516000000000000000e+03
5.900000000000000000e+04 2.205000000000000000e+03
6.000000000000000000e+04 2.249000000000000000e+03
6.100000000000000000e+04 2.160000000000000000e+03
6.200000000000000000e+04 2.026000000000000000e+03
6.300000000000000000e+04 2.052000000000000000e+03
6.400000000000000000e+04 1.913000000000000000e+03
6.500000000000000000e+04 1.891000000000000000e+03
6.600000000000000000e+04 1.799000000000000000e+03
6.700000000000000000e+04 1.794000000000000000e+03
6.800000000000000000e+04 1.712000000000000000e+03
6.900000000000000000e+04 1.710000000000000000e+03
7.000000000000000000e+04 1.731000000000000000e+03
7.100000000000000000e+04 1.769000000000000000e+03
7.200000000000000000e+04 1.746000000000000000e+03
7.300000000000000000e+04 1.800000000000000000e+03
7.400000000000000000e+04 1.905000000000000000e+03
7.500000000000000000e+04 2.004000000000000000e+03
7.600000000000000000e+04 1.997000000000000000e+03
7.700000000000000000e+04 2.066000000000000000e+03
7.800000000000000000e+04 2.123000000000000000e+03
7.900000000000000000e+04 2.328000000000000000e+03
8.000000000000000000e+04 2.459000000000000000e+03
8.100000000000000000e+04 2.551000000000000000e+03
8.200000000000000000e+04 2.699000000000000000e+03
8.300000000000000000e+04 2.793000000000000000e+03
8.400000000000000000e+04 3.009000000000000000e+03
8.500000000000000000e+04 3.054000000000000000e+03
8.600000000000000000e+04 3.183000000000000000e+03
8.700000000000000000e+04 3.313000000000000000e+03
8.800000000000000000e+04 3.386000000000000000e+03
8.900000000000000000e+04 3.552000000000000000e+03
9.000000000000000000e+04 3.897000000000000000e+03
9.100000000000000000e+04 3.870000000000000000e+03
9.200000000000000000e+04 4.013000000000000000e+03
9.300000000000000000e+04 4.115000000000000000e+03
9.400000000000000000e+04 4.144000000000000000e+03
9.500000000000000000e+04 4.316000000000000000e+03
9.600000000000000000e+04 4.524000000000000000e+03
9.700000000000000000e+04 4.620000000000000000e+03
9.800000000000000000e+04 4.705000000000000000e+03
9.900000000000000000e+04 4.753000000000000000e+03
1.000000000000000000e+05 4.768000000000000000e+03
1.010000000000000000e+05 4.858000000000000000e+03
1.020000000000000000e+05 4.886000000000000000e+03
1.030000000000000000e+05 5.117000000000000000e+03
1.040000000000000000e+05 5.044000000000000000e+03
1.050000000000000000e+05 5.179000000000000000e+03
1.060000000000000000e+05 5.260000000000000000e+03
1.070000000000000000e+05 5.302000000000000000e+03
1.080000000000000000e+05 5.366000000000000000e+03
1.090000000000000000e+05 5.318000000000000000e+03
1.100000000000000000e+05 5.301000000000000000e+03
1.110000000000000000e+05 5.326000000000000000e+03
1.120000000000000000e+05 5.539000000000000000e+03
1.130000000000000000e+05 5.489000000000000000e+03
1.140000000000000000e+05 5.487000000000000000e+03
1.150000000000000000e+05 5.602000000000000000e+03
1.160000000000000000e+05 5.491000000000000000e+03
1.170000000000000000e+05 5.637000000000000000e+03
1.180000000000000000e+05 5.446000000000000000e+03
1.190000000000000000e+05 5.487000000000000000e+03
1.200000000000000000e+05 5.628000000000000000e+03
1.210000000000000000e+05 5.370000000000000000e+03
1.220000000000000000e+05 5.643000000000000000e+03
1.230000000000000000e+05 5.502000000000000000e+03
1.240000000000000000e+05 5.461000000000000000e+03
1.250000000000000000e+05 5.686000000000000000e+03
1.260000000000000000e+05 5.497000000000000000e+03
1.270000000000000000e+05 5.571000000000000000e+03
1.280000000000000000e+05 5.375000000000000000e+03
1.290000000000000000e+05 5.314000000000000000e+03
1.300000000000000000e+05 5.426000000000000000e+03
1.310000000000000000e+05 5.241000000000000000e+03
1.320000000000000000e+05 5.306000000000000000e+03
1.330000000000000000e+05 5.158000000000000000e+03
1.340000000000000000e+05 5.245000000000000000e+03
1.350000000000000000e+05 5.082000000000000000e+03
1.360000000000000000e+05 5.024000000000000000e+03
1.370000000000000000e+05 4.996000000000000000e+03
1.380000000000000000e+05 4.832000000000000000e+03
1.390000000000000000e+05 4.802000000000000000e+03
1.400000000000000000e+05 4.771000000000000000e+03
1.410000000000000000e+05 4.678000000000000000e+03
1.420000000000000000e+05 4.523000000000000000e+03
1.430000000000000000e+05 4.389000000000000000e+03
1.440000000000000000e+05 4.348000000000000000e+03
1.450000000000000000e+05 4.148000000000000000e+03
1.460000000000000000e+05 4.026000000000000000e+03
1.470000000000000000e+05 3.888000000000000000e+03
1.480000000000000000e+05 3.908000000000000000e+03
1.490000000000000000e+05 3.613000000000000000e+03
1.500000000000000000e+05 3.562000000000000000e+03
1.510000000000000000e+05 3.336000000000000000e+03
1.520000000000000000e+05 3.346000000000000000e+03
1.530000000000000000e+05 3.112000000000000000e+03
1.540000000000000000e+05 2.975000000000000000e+03
1.550000000000000000e+05 2.801000000000000000e+03
1.560000000000000000e+05 2.802000000000000000e+03
1.570000000000000000e+05 2.536000000000000000e+03
1.580000000000000000e+05 2.576000000000000000e+03
1.590000000000000000e+05 2.324000000000000000e+03
1.600000000000000000e+05 2.256000000000000000e+03
1.610000000000000000e+05 2.210000000000000000e+03
1.620000000000000000e+05 2.102000000000000000e+03
1.630000000000000000e+05 1.961000000000000000e+03
1.640000000000000000e+05 1.896000000000000000e+03
1.650000000000000000e+05 1.869000000000000000e+03
1.660000000000000000e+05 1.841000000000000000e+03
1.670000000000000000e+05 1.810000000000000000e+03
1.680000000000000000e+05 1.756000000000000000e+03
1.690000000000000000e+05 1.758000000000000000e+03
1.700000000000000000e+05 1.801000000000000000e+03
1.710000000000000000e+05 1.819000000000000000e+03
1.720000000000000000e+05 1.723000000000000000e+03
1.730000000000000000e+05 1.785000000000000000e+03
1.740000000000000000e+05 1.896000000000000000e+03
1.750000000000000000e+05 2.018000000000000000e+03
1.760000000000000000e+05 2.042000000000000000e+03
1.770000000000000000e+05 1.972000000000000000e+03
1.780000000000000000e+05 2.147000000000000000e+03
1.790000000000000000e+05 2.294000000000000000e+03
1.800000000000000000e+05 2.335000000000000000e+03
1.810000000000000000e+05 2.526000000000000000e+03
1.820000000000000000e+05 2.564000000000000000e+03
1.830000000000000000e+05 2.776000000000000000e+03
1.840000000000000000e+05 2.828000000000000000e+03
1.850000000000000000e+05 3.093000000000000000e+03
1.860000000000000000e+05 3.167000000000000000e+03
1.870000000000000000e+05 3.345000000000000000e+03
1.880000000000000000e+05 3.593000000000000000e+03
1.890000000000000000e+05 3.573000000000000000e+03
1.900000000000000000e+05 3.788000000000000000e+03
1.910000000000000000e+05 3.882000000000000000e+03
1.920000000000000000e+05 4.007000000000000000e+03
1.930000000000000000e+05 4.239000000000000000e+03
1.940000000000000000e+05 4.177000000000000000e+03
1.950000000000000000e+05 4.226000000000000000e+03
1.960000000000000000e+05 4.440000000000000000e+03
1.970000000000000000e+05 4.580000000000000000e+03
1.980000000000000000e+05 4.800000000000000000e+03
1.990000000000000000e+05 4.750000000000000000e+03
