0.000000000000000000e+00 5.088000000000000000e+03
3.330000000000000000e+02 5.271000000000000000e+03
6.660000000000000000e+02 5.412000000000000000e+03
9.990000000000000000e+02 5.522000000000000000e+03
1.332000000000000000e+03 5.502000000000000000e+03
1.665000000000000000e+03 5.790000000000000000e+03
1.998000000000000000e+03 5.753000000000000000e+03
2.331000000000000000e+03 5.742000000000000000e+03
2.664000000000000000e+03 5.670000000000000000e+03
2.997000000000000000e+03 5.955000000000000000e+03
3.330000000000000000e+03 5.821000000000000000e+03
3.663000000000000000e+03 5.868000000000000000e+03
3.996000000000000000e+03 5.904000000000000000e+03
4.329000000000000000e+03 6.010000000000000000e+03
4.662000000000000000e+03 5.902000000000000000e+03
4.995000000000000000e+03 5.865000000000000000e+03
5.328000000000000000e+03 5.890000000000000000e+03
5.661000000000000000e+03 5.854000000000000000e+03
5.994000000000000000e+03 5.993000000000000000e+03
6.327000000000000000e+03 5.939000000000000000e+03
6.660000000000000000e+03 5.995000000000000000e+03
6.993000000000000000e+03 6.001000000000000000e+03
7.326000000000000000e+03 5.816000000000000000e+03
7.659000000000000000e+03 6.042000000000000000e+03
7.992000000000000000e+03 5.969000000000000000e+03
8.325000000000000000e+03 5.943000000000000000e+03
8.658000000000000000e+03 5.961000000000000000e+03
8.991000000000000000e+03 6.108000000000000000e+03
9.324000000000000000e+03 5.789000000000000000e+03
9.657000000000000000e+03 5.750000000000000000e+03
9.990000000000000000e+03 5.656000000000000000e+03
1.032300000000000000e+04 5.683000000000000000e+03
1.065600000000000000e+04 5.588000000000000000e+03
1.098900000000000000e+04 5.531000000000000000e+03
1.132200000000000000e+04 5.562000000000000000e+03
1.165500000000000000e+04 5.679000000000000000e+03
1.198800000000000000e+04 5.334000000000000000e+03
1.232100000000000000e+04 5.113000000000000000e+03
1.265400000000000000e+04 5.263000000000000000e+03
1.298700000000000000e+04 5.340000000000000000e+03
1.332000000000000000e+04 5.119000000000000000e+03
1.365300000000000000e+04 4.885000000000000000e+03
1.398600000000000000e+04 4.924000000000000000e+03
1.431900000000000000e+04 4.666000000000000000e+03
1.465200000000000000e+04 4.759000000000000000e+03
1.498500000000000000e+04 4.612000000000000000e+03
1.531800000000000000e+04 4.481000000000000000e+03
1.565100000000000000e+04 4.155000000000000000e+03
1.598400000000000000e+04 4.061000000000000000e+03
1.631700000000000000e+04 4.057000000000000000e+03
1.665000000000000000e+04 3.750000000000000000e+03
1.698300000000000000e+04 3.747000000000000000e+03
1.731600000000000000e+04 3.496000000000000000e+03
1.764900000000000000e+04 3.327000000000000000e+03
1.798200000000000000e+04 3.266000000000000000e+03
1.831500000000000000e+04 3.140000000000000000e+03
1.864800000000000000e+04 2.933000000000000000e+03
1.898100000000000000e+04 2.811000000000000000e+03
1.931400000000000000e+04 2.720000000000000000e+03
1.964700000000000000e+04 2.511000000000000000e+03
1.998000000000000000e+04 2.415000000000000000e+03
2.031300000000000000e+04 2.216000000000000000e+03
2.064600000000000000e+04 2.182000000000000000e+03
2.097900000000000000e+04 2.086000000000000000e+03
2.131200000000000000e+04 2.039000000000000000e+03
2.164500000000000000e+04 1.874000000000000000e+03
2.197800000000000000e+04 1.912000000000000000e+03
2.231100000000000000e+04 1.779000000000000000e+03
2.264400000000000000e+04 1.763000000000000000e+03
2.297700000000000000e+04 1.875000000000000000e+03
2.331000000000000000e+04 1.746000000000000000e+03
2.364300000000000000e+04 1.806000000000000000e+03
2.397600000000000000e+04 1.803000000000000000e+03
2.430900000000000000e+04 1.838000000000000000e+03
2.464200000000000000e+04 1.927000000000000000e+03
2.497500000000000000e+04 1.978000000000000000e+03
2.530800000000000000e+04 1.997000000000000000e+03
2.564100000000000000e+04 2.010000000000000000e+03
2.597400000000000000e+04 2.151000000000000000e+03
2.630700000000000000e+04 2.317000000000000000e+03
2.664000000000000000e+04 2.382000000000000000e+03
2.697300000000000000e+04 2.569000000000000000e+03
2.730600000000000000e+04 2.630000000000000000e+03
2.763900000000000000e+04 2.865000000000000000e+03
2.797200000000000000e+04 2.945000000000000000e+03
2.830500000000000000e+04 3.174000000000000000e+03
2.863800000000000000e+04 3.332000000000000000e+03
2.897100000000000000e+04 3.530000000000000000e+03
2.930400000000000000e+04 3.649000000000000000e+03
2.963700000000000000e+04 3.739000000000000000e+03
2.997000000000000000e+04 3.831000000000000000e+03
3.030300000000000000e+04 4.073000000000000000e+03
3.063600000000000000e+04 4.343000000000000000e+03
3.096900000000000000e+04 4.436000000000000000e+03
3.130200000000000000e+04 4.592000000000000000e+03
3.163500000000000000e+04 4.631000000000000000e+03
3.196800000000000000e+04 4.750000000000000000e+03
3.230100000000000000e+04 4.856000000000000000e+03
3.263400000000000000e+04 4.869000000000000000e+03
3.296700000000000000e+04 5.082000000000000000e+03
3.330000000000000000e+04 5.162000000000000000e+03
3.363300000000000000e+04 5.279000000000000000e+03
3.396600000000000000e+04 5.416000000000000000e+03
3.429900000000000000e+04 5.585000000000000000e+03
3.463200000000000000e+04 5.709000000000000000e+03
3.496500000000000000e+04 5.631000000000000000e+03
3.529800000000000000e+04 5.827000000000000000e+03
3.563100000000000000e+04 5.851000000000000000e+03
3.596400000000000000e+04 5.789000000000000000e+03
3.629700000000000000e+04 5.727000000000000000e+03
3.663000000000000000e+04 5.816000000000000000e+03
3.696300000000000000e+04 5.872000000000000000e+03
3.729600000000000000e+04 5.945000000000000000e+03
3.762900000000000000e+04 5.954000000000000000e+03
3.796200000000000000e+04 5.800000000000000000e+03
3.829500000000000000e+04 5.948000000000000000e+03
3.862800000000000000e+04 5.921000000000000000e+03
3.896100000000000000e+04 6.067000000000000000e+03
3.929400000000000000e+04 6.063000000000000000e+03
3.962700000000000000e+04 5.960000000000000000e+03
3.996000000000000000e+04 5.970000000000000000e+03
4.029300000000000000e+04 6.133000000000000000e+03
4.062600000000000000e+04 5.991000000000000000e+03
4.095900000000000000e+04 6.049000000000000000e+03
4.129200000000000000e+04 6.112000000000000000e+03
4.162500000000000000e+04 5.825000000000000000e+03
4.195800000000000000e+04 6.000000000000000000e+03
4.229100000000000000e+04 5.989000000000000000e+03
4.262400000000000000e+04 5.770000000000000000e+03
4.295700000000000000e+04 5.841000000000000000e+03
4.329000000000000000e+04 5.606000000000000000e+03
4.362300000000000000e+04 5.675000000000000000e+03
4.395600000000000000e+04 5.585000000000000000e+03
4.428900000000000000e+04 5.487000000000000000e+03
4.462200000000000000e+04 5.556000000000000000e+03
4.495500000000000000e+04 5.428000000000000000e+03
4.528800000000000000e+04 5.537000000000000000e+03
4.562100000000000000e+04 5.365000000000000000e+03
4.595400000000000000e+04 5.256000000000000000e+03
4.628700000000000000e+04 5.018000000000000000e+03
4.662000000000000000e+04 5.140000000000000000e+03
4.695300000000000000e+04 4.957000000000000000e+03
4.728600000000000000e+04 4.895000000000000000e+03
4.761900000000000000e+04 4.785000000000000000e+03
4.795200000000000000e+04 4.715000000000000000e+03
4.828500000000000000e+04 4.441000000000000000e+03
4.861800000000000000e+04 4.304000000000000000e+03
4.895100000000000000e+04 4.322000000000000000e+03
4.928400000000000000e+04 4.105000000000000000e+03
4.961700000000000000e+04 3.984000000000000000e+03
4.995000000000000000e+04 3.882000000000000000e+03
5.028300000000000000e+04 3.641000000000000000e+03
5.061600000000000000e+04 3.491000000000000000e+03
5.094900000000000000e+04 3.454000000000000000e+03
5.128200000000000000e+04 3.250000000000000000e+03
5.161500000000000000e+04 3.025000000000000000e+03
5.194800000000000000e+04 2.984000000000000000e+03
5.228100000000000000e+04 2.872000000000000000e+03
5.261400000000000000e+04 2.639000000000000000e+03
5.294700000000000000e+04 2.539000000000000000e+03
5.328000000000000000e+04 2.372000000000000000e+03
5.361300000000000000e+04 2.287000000000000000e+03
5.394600000000000000e+04 2.118000000000000000e+03
5.427900000000000000e+04 2.099000000000000000e+03
5.461200000000000000e+04 1.938000000000000000e+03
5.494500000000000000e+04 1.949000000000000000e+03
5.527800000000000000e+04 1.886000000000000000e+03
5.561100000000000000e+04 1.788000000000000000e+03
5.594400000000000000e+04 1.854000000000000000e+03
5.627700000000000000e+04 1.769000000000000000e+03
5.661000000000000000e+04 1.785000000000000000e+03
5.694300000000000000e+04 1.779000000000000000e+03
5.727600000000000000e+04 1.849000000000000000e+03
5.760900000000000000e+04 1.866000000000000000e+03
5.794200000000000000e+04 1.909000000000000000e+03
5.827500000000000000e+04 1.951000000000000000e+03
5.860800000000000000e+04 1.982000000000000000e+03
5.894100000000000000e+04 2.123000000000000000e+03
5.927400000000000000e+04 2.133000000000000000e+03
5.960700000000000000e+04 2.282000000000000000e+03
5.994000000000000000e+04 2.429000000000000000e+03
6.027300000000000000e+04 2.499000000000000000e+03
6.060600000000000000e+04 2.651000000000000000e+03
6.093900000000000000e+04 2.860000000000000000e+03
6.127200000000000000e+04 3.005000000000000000e+03
6.160500000000000000e+04 3.087000000000000000e+03
6.193800000000000000e+04 3.352000000000000000e+03
6.227100000000000000e+04 3.421000000000000000e+03
6.260400000000000000e+04 3.635000000000000000e+03
6.293700000000000000e+04 3.781000000000000000e+03
6.327000000000000000e+04 3.948000000000000000e+03
6.360300000000000000e+04 4.168000000000000000e+03
6.393600000000000000e+04 4.223000000000000000e+03
6.426900000000000000e+04 4.378000000000000000e+03
6.460200000000000000e+04 4.653000000000000000e+03
6.493500000000000000e+04 4.600000000000000000e+03
6.526800000000000000e+04 4.704000000000000000e+03
6.560100000000000000e+04 4.962000000000000000e+03
6.593400000000000000e+04 4.885000000000000000e+03
6.626700000000000000e+04 5.012000000000000000e+03
