0.000000000000000000e+00 1.862500000000000000e+04
3.333000000000000000e+03 1.904700000000000000e+04
6.666000000000000000e+03 1.924900000000000000e+04
9.999000000000000000e+03 1.960700000000000000e+04
1.333200000000000000e+04 1.971700000000000000e+04
1.666500000000000000e+04 2.009000000000000000e+04
1.999800000000000000e+04 1.998500000000000000e+04
2.333100000000000000e+04 2.037900000000000000e+04
2.666400000000000000e+04 2.048100000000000000e+04
2.999700000000000000e+04 2.087400000000000000e+04
3.333000000000000000e+04 2.094100000000000000e+04
3.666300000000000000e+04 2.073300000000000000e+04
3.999600000000000000e+04 2.105100000000000000e+04
4.332900000000000000e+04 2.107700000000000000e+04
4.666200000000000000e+04 2.139000000000000000e+04
4.999500000000000000e+04 2.118400000000000000e+04
5.332800000000000000e+04 2.108300000000000000e+04
5.666100000000000000e+04 2.134400000000000000e+04
5.999400000000000000e+04 2.146600000000000000e+04
6.332700000000000000e+04 2.116000000000000000e+04
6.666000000000000000e+04 2.152100000000000000e+04
6.999300000000000000e+04 2.131900000000000000e+04
7.332600000000000000e+04 2.131400000000000000e+04
7.665900000000000000e+04 2.105400000000000000e+04
7.999200000000000000e+04 2.113000000000000000e+04
8.332500000000000000e+04 2.105900000000000000e+04
8.665800000000000000e+04 2.111900000000000000e+04
8.999100000000000000e+04 2.095200000000000000e+04
9.332400000000000000e+04 2.096200000000000000e+04
9.665700000000000000e+04 2.068400000000000000e+04
9.999000000000000000e+04 2.061500000000000000e+04
1.033230000000000000e+05 2.040500000000000000e+04
1.066560000000000000e+05 2.029400000000000000e+04
1.099890000000000000e+05 1.993500000000000000e+04
1.133220000000000000e+05 1.997000000000000000e+04
1.166550000000000000e+05 1.944700000000000000e+04
1.199880000000000000e+05 1.932700000000000000e+04
1.233210000000000000e+05 1.905800000000000000e+04
1.266540000000000000e+05 1.882100000000000000e+04
1.299870000000000000e+05 1.838700000000000000e+04
1.333200000000000000e+05 1.789400000000000000e+04
1.366530000000000000e+05 1.795700000000000000e+04
1.399860000000000000e+05 1.757700000000000000e+04
1.433190000000000000e+05 1.716700000000000000e+04
1.466520000000000000e+05 1.649600000000000000e+04
1.499850000000000000e+05 1.617800000000000000e+04
1.533180000000000000e+05 1.546900000000000000e+04
1.566510000000000000e+05 1.506800000000000000e+04
1.599840000000000000e+05 1.461800000000000000e+04
1.633170000000000000e+05 1.447500000000000000e+04
1.666500000000000000e+05 1.376000000000000000e+04
1.699830000000000000e+05 1.328100000000000000e+04
1.733160000000000000e+05 1.281300000000000000e+04
1.766490000000000000e+05 1.204900000000000000e+04
1.799820000000000000e+05 1.190800000000000000e+04
1.833150000000000000e+05 1.108800000000000000e+04
1.866480000000000000e+05 1.062700000000000000e+04
1.899810000000000000e+05 1.026000000000000000e+04
1.933140000000000000e+05 9.839000000000000000e+03
1.966470000000000000e+05 9.025000000000000000e+03
1.999800000000000000e+05 8.944000000000000000e+03
2.033130000000000000e+05 8.597000000000000000e+03
2.066460000000000000e+05 8.173000000000000000e+03
2.099790000000000000e+05 8.086000000000000000e+03
2.133120000000000000e+05 7.551000000000000000e+03
2.166450000000000000e+05 7.341000000000000000e+03
2.199780000000000000e+05 7.304000000000000000e+03
2.233110000000000000e+05 7.127000000000000000e+03
2.266440000000000000e+05 7.043000000000000000e+03
2.299770000000000000e+05 6.953000000000000000e+03
2.333100000000000000e+05 6.941000000000000000e+03
2.366430000000000000e+05 7.083000000000000000e+03
2.399760000000000000e+05 7.329000000000000000e+03
2.433090000000000000e+05 7.175000000000000000e+03
2.466420000000000000e+05 7.666000000000000000e+03
2.499750000000000000e+05 7.736000000000000000e+03
2.533080000000000000e+05 8.311000000000000000e+03
2.566410000000000000e+05 8.424000000000000000e+03
2.599740000000000000e+05 8.983000000000000000e+03
2.633070000000000000e+05 9.167000000000000000e+03
2.666400000000000000e+05 9.748000000000000000e+03
2.699730000000000000e+05 1.008900000000000000e+04
2.733060000000000000e+05 1.052300000000000000e+04
2.766390000000000000e+05 1.102300000000000000e+04
2.799720000000000000e+05 1.155800000000000000e+04
2.833050000000000000e+05 1.226400000000000000e+04
2.866380000000000000e+05 1.269400000000000000e+04
2.899710000000000000e+05 1.317500000000000000e+04
2.933040000000000000e+05 1.382200000000000000e+04
2.966370000000000000e+05 1.404400000000000000e+04
2.999700000000000000e+05 1.470700000000000000e+04
3.033030000000000000e+05 1.507300000000000000e+04
3.066360000000000000e+05 1.564500000000000000e+04
3.099690000000000000e+05 1.597700000000000000e+04
3.133020000000000000e+05 1.648500000000000000e+04
3.166350000000000000e+05 1.713900000000000000e+04
3.199680000000000000e+05 1.749300000000000000e+04
3.233010000000000000e+05 1.755600000000000000e+04
3.266340000000000000e+05 1.810400000000000000e+04
3.299670000000000000e+05 1.829200000000000000e+04
3.333000000000000000e+05 1.864000000000000000e+04
3.366330000000000000e+05 1.883400000000000000e+04
3.399660000000000000e+05 1.925800000000000000e+04
3.432990000000000000e+05 1.962700000000000000e+04
3.466320000000000000e+05 1.987200000000000000e+04
3.499650000000000000e+05 2.010800000000000000e+04
3.532980000000000000e+05 2.002500000000000000e+04
3.566310000000000000e+05 2.037700000000000000e+04
3.599640000000000000e+05 2.065800000000000000e+04
3.632970000000000000e+05 2.071300000000000000e+04
3.666300000000000000e+05 2.058100000000000000e+04
3.699630000000000000e+05 2.106300000000000000e+04
3.732960000000000000e+05 2.096800000000000000e+04
3.766290000000000000e+05 2.101700000000000000e+04
3.799620000000000000e+05 2.099600000000000000e+04
3.832950000000000000e+05 2.092800000000000000e+04
3.866280000000000000e+05 2.115200000000000000e+04
3.899610000000000000e+05 2.113900000000000000e+04
3.932940000000000000e+05 2.144600000000000000e+04
3.966270000000000000e+05 2.121500000000000000e+04
3.999600000000000000e+05 2.129200000000000000e+04
4.032930000000000000e+05 2.127900000000000000e+04
4.066260000000000000e+05 2.126300000000000000e+04
4.099590000000000000e+05 2.107000000000000000e+04
4.132920000000000000e+05 2.101300000000000000e+04
4.166250000000000000e+05 2.117700000000000000e+04
4.199580000000000000e+05 2.084400000000000000e+04
4.232910000000000000e+05 2.084500000000000000e+04
4.266240000000000000e+05 2.038200000000000000e+04
4.299570000000000000e+05 2.063100000000000000e+04
4.332900000000000000e+05 2.067800000000000000e+04
4.366230000000000000e+05 2.042500000000000000e+04
4.399560000000000000e+05 2.015500000000000000e+04
4.432890000000000000e+05 2.018100000000000000e+04
4.466220000000000000e+05 2.005800000000000000e+04
4.499550000000000000e+05 1.940500000000000000e+04
4.532880000000000000e+05 1.921900000000000000e+04
4.566210000000000000e+05 1.917200000000000000e+04
4.599540000000000000e+05 1.873000000000000000e+04
4.632870000000000000e+05 1.848400000000000000e+04
4.666200000000000000e+05 1.810700000000000000e+04
4.699530000000000000e+05 1.789900000000000000e+04
4.732860000000000000e+05 1.735400000000000000e+04
4.766190000000000000e+05 1.681900000000000000e+04
4.799520000000000000e+05 1.683500000000000000e+04
4.832850000000000000e+05 1.599400000000000000e+04
4.866180000000000000e+05 1.581100000000000000e+04
4.899510000000000000e+05 1.539900000000000000e+04
4.932840000000000000e+05 1.473500000000000000e+04
4.966170000000000000e+05 1.419300000000000000e+04
4.999500000000000000e+05 1.382900000000000000e+04
5.032830000000000000e+05 1.342200000000000000e+04
5.066160000000000000e+05 1.300100000000000000e+04
5.099490000000000000e+05 1.225900000000000000e+04
5.132820000000000000e+05 1.165400000000000000e+04
5.166150000000000000e+05 1.145300000000000000e+04
5.199480000000000000e+05 1.076000000000000000e+04
5.232810000000000000e+05 1.014700000000000000e+04
5.266140000000000000e+05 9.902000000000000000e+03
5.299470000000000000e+05 9.274000000000000000e+03
5.332800000000000000e+05 8.998000000000000000e+03
5.366130000000000000e+05 8.713000000000000000e+03
5.399460000000000000e+05 8.256000000000000000e+03
5.432790000000000000e+05 7.889000000000000000e+03
5.466120000000000000e+05 7.801000000000000000e+03
5.499450000000000000e+05 7.526000000000000000e+03
5.532780000000000000e+05 7.370000000000000000e+03
5.566110000000000000e+05 7.076000000000000000e+03
5.599440000000000000e+05 7.056000000000000000e+03
5.632770000000000000e+05 7.023000000000000000e+03
5.666100000000000000e+05 6.970000000000000000e+03
5.699430000000000000e+05 7.096000000000000000e+03
5.732760000000000000e+05 7.145000000000000000e+03
5.766090000000000000e+05 7.431000000000000000e+03
5.799420000000000000e+05 7.364000000000000000e+03
5.832750000000000000e+05 7.849000000000000000e+03
5.866080000000000000e+05 7.952000000000000000e+03
5.899410000000000000e+05 8.358000000000000000e+03
5.932740000000000000e+05 8.837000000000000000e+03
5.966070000000000000e+05 9.176000000000000000e+03
5.999400000000000000e+05 9.572000000000000000e+03
6.032730000000000000e+05 9.998000000000000000e+03
6.066060000000000000e+05 1.062500000000000000e+04
6.099390000000000000e+05 1.103200000000000000e+04
6.132720000000000000e+05 1.175600000000000000e+04
6.166050000000000000e+05 1.205800000000000000e+04
6.199380000000000000e+05 1.256300000000000000e+04
6.232710000000000000e+05 1.314400000000000000e+04
6.266040000000000000e+05 1.372700000000000000e+04
6.299370000000000000e+05 1.393700000000000000e+04
6.332700000000000000e+05 1.473500000000000000e+04
6.366030000000000000e+05 1.495000000000000000e+04
6.399360000000000000e+05 1.560300000000000000e+04
6.432690000000000000e+05 1.613300000000000000e+04
6.466020000000000000e+05 1.647100000000000000e+04
6.499350000000000000e+05 1.735400000000000000e+04
6.532680000000000000e+05 1.745100000000000000e+04
6.566010000000000000e+05 1.757300000000000000e+04
6.599340000000000000e+05 1.823400000000000000e+04
6.632670000000000000e+05 1.829700000000000000e+04
