0.000000000000000000e+00 8.237000000000000000e+03
5.000000000000000000e+01 8.369000000000000000e+03
1.000000000000000000e+02 8.776000000000000000e+03
1.500000000000000000e+02 8.802000000000000000e+03
2.000000000000000000e+02 9.189000000000000000e+03
2.500000000000000000e+02 9.319000000000000000e+03
3.000000000000000000e+02 9.491000000000000000e+03
3.500000000000000000e+02 9.502000000000000000e+03
4.000000000000000000e+02 9.679000000000000000e+03
4.500000000000000000e+02 9.846000000000000000e+03
5.000000000000000000e+02 9.725000000000000000e+03
5.500000000000000000e+02 9.944000000000000000e+03
6.000000000000000000e+02 9.898000000000000000e+03
6.500000000000000000e+02 9.963000000000000000e+03
7.000000000000000000e+02 1.007000000000000000e+04
7.500000000000000000e+02 1.003700000000000000e+04
8.000000000000000000e+02 1.004300000000000000e+04
8.500000000000000000e+02 1.030200000000000000e+04
9.000000000000000000e+02 1.003500000000000000e+04
9.500000000000000000e+02 1.034100000000000000e+04
1.000000000000000000e+03 1.028300000000000000e+04
1.050000000000000000e+03 1.010700000000000000e+04
1.100000000000000000e+03 1.038800000000000000e+04
1.150000000000000000e+03 1.034200000000000000e+04
1.200000000000000000e+03 1.039300000000000000e+04
1.250000000000000000e+03 1.007200000000000000e+04
1.300000000000000000e+03 9.924000000000000000e+03
1.350000000000000000e+03 1.016300000000000000e+04
1.400000000000000000e+03 1.020300000000000000e+04
1.450000000000000000e+03 1.009300000000000000e+04
1.500000000000000000e+03 1.001200000000000000e+04
1.550000000000000000e+03 1.004600000000000000e+04
1.600000000000000000e+03 9.820000000000000000e+03
1.650000000000000000e+03 9.651000000000000000e+03
1.700000000000000000e+03 9.483000000000000000e+03
1.750000000000000000e+03 9.589000000000000000e+03
1.800000000000000000e+03 9.476000000000000000e+03
1.850000000000000000e+03 9.343000000000000000e+03
1.900000000000000000e+03 9.326000000000000000e+03
1.950000000000000000e+03 9.105000000000000000e+03
2.000000000000000000e+03 8.957000000000000000e+03
2.050000000000000000e+03 8.940000000000000000e+03
2.100000000000000000e+03 8.818000000000000000e+03
2.150000000000000000e+03 8.537000000000000000e+03
2.200000000000000000e+03 8.345000000000000000e+03
2.250000000000000000e+03 8.142000000000000000e+03
2.300000000000000000e+03 8.072000000000000000e+03
2.350000000000000000e+03 7.526000000000000000e+03
2.400000000000000000e+03 7.477000000000000000e+03
2.450000000000000000e+03 7.321000000000000000e+03
2.500000000000000000e+03 7.187000000000000000e+03
2.550000000000000000e+03 7.001000000000000000e+03
2.600000000000000000e+03 6.675000000000000000e+03
2.650000000000000000e+03 6.294000000000000000e+03
2.700000000000000000e+03 6.136000000000000000e+03
2.750000000000000000e+03 6.042000000000000000e+03
2.800000000000000000e+03 5.847000000000000000e+03
2.850000000000000000e+03 5.625000000000000000e+03
2.900000000000000000e+03 5.346000000000000000e+03
2.950000000000000000e+03 5.250000000000000000e+03
3.000000000000000000e+03 4.969000000000000000e+03
3.050000000000000000e+03 4.837000000000000000e+03
3.100000000000000000e+03 4.713000000000000000e+03
3.150000000000000000e+03 4.345000000000000000e+03
3.200000000000000000e+03 4.376000000000000000e+03
3.250000000000000000e+03 4.321000000000000000e+03
3.300000000000000000e+03 4.070000000000000000e+03
3.350000000000000000e+03 3.863000000000000000e+03
3.400000000000000000e+03 3.906000000000000000e+03
3.450000000000000000e+03 3.623000000000000000e+03
3.500000000000000000e+03 3.688000000000000000e+03
3.550000000000000000e+03 3.579000000000000000e+03
3.600000000000000000e+03 3.570000000000000000e+03
3.650000000000000000e+03 3.460000000000000000e+03
3.700000000000000000e+03 3.503000000000000000e+03
3.750000000000000000e+03 3.388000000000000000e+03
3.800000000000000000e+03 3.557000000000000000e+03
3.850000000000000000e+03 3.662000000000000000e+03
3.900000000000000000e+03 3.512000000000000000e+03
3.950000000000000000e+03 3.771000000000000000e+03
4.000000000000000000e+03 3.791000000000000000e+03
4.050000000000000000e+03 3.983000000000000000e+03
4.100000000000000000e+03 4.039000000000000000e+03
4.150000000000000000e+03 4.141000000000000000e+03
4.200000000000000000e+03 4.363000000000000000e+03
4.250000000000000000e+03 4.658000000000000000e+03
4.300000000000000000e+03 4.700000000000000000e+03
4.350000000000000000e+03 5.101000000000000000e+03
4.400000000000000000e+03 5.325000000000000000e+03
4.450000000000000000e+03 5.538000000000000000e+03
4.500000000000000000e+03 5.847000000000000000e+03
4.550000000000000000e+03 6.177000000000000000e+03
4.600000000000000000e+03 6.390000000000000000e+03
4.650000000000000000e+03 6.744000000000000000e+03
4.700000000000000000e+03 6.735000000000000000e+03
4.750000000000000000e+03 7.277000000000000000e+03
4.800000000000000000e+03 7.373000000000000000e+03
4.850000000000000000e+03 7.623000000000000000e+03
4.900000000000000000e+03 7.950000000000000000e+03
4.950000000000000000e+03 8.240000000000000000e+03
5.000000000000000000e+03 8.465000000000000000e+03
5.050000000000000000e+03 8.544000000000000000e+03
5.100000000000000000e+03 8.806000000000000000e+03
5.150000000000000000e+03 8.786000000000000000e+03
5.200000000000000000e+03 8.935000000000000000e+03
5.250000000000000000e+03 9.331000000000000000e+03
5.300000000000000000e+03 9.442000000000000000e+03
5.350000000000000000e+03 9.555000000000000000e+03
5.400000000000000000e+03 9.550000000000000000e+03
5.450000000000000000e+03 9.551000000000000000e+03
5.500000000000000000e+03 9.840000000000000000e+03
5.550000000000000000e+03 9.821000000000000000e+03
5.600000000000000000e+03 9.972000000000000000e+03
5.650000000000000000e+03 9.757000000000000000e+03
5.700000000000000000e+03 9.975000000000000000e+03
5.750000000000000000e+03 1.010500000000000000e+04
5.800000000000000000e+03 1.025100000000000000e+04
5.850000000000000000e+03 1.013500000000000000e+04
5.900000000000000000e+03 1.027000000000000000e+04
5.950000000000000000e+03 1.006700000000000000e+04
6.000000000000000000e+03 1.024000000000000000e+04
6.050000000000000000e+03 1.016500000000000000e+04
6.100000000000000000e+03 1.013200000000000000e+04
6.150000000000000000e+03 1.013300000000000000e+04
6.200000000000000000e+03 1.043400000000000000e+04
6.250000000000000000e+03 1.042300000000000000e+04
6.300000000000000000e+03 1.022900000000000000e+04
6.350000000000000000e+03 1.020400000000000000e+04
6.400000000000000000e+03 1.024400000000000000e+04
6.450000000000000000e+03 1.014700000000000000e+04
6.500000000000000000e+03 9.838000000000000000e+03
6.550000000000000000e+03 9.956000000000000000e+03
6.600000000000000000e+03 9.651000000000000000e+03
6.650000000000000000e+03 9.710000000000000000e+03
6.700000000000000000e+03 9.688000000000000000e+03
6.750000000000000000e+03 9.551000000000000000e+03
6.800000000000000000e+03 9.467000000000000000e+03
6.850000000000000000e+03 9.266000000000000000e+03
6.900000000000000000e+03 9.236000000000000000e+03
6.950000000000000000e+03 9.043000000000000000e+03
7.000000000000000000e+03 9.035000000000000000e+03
7.050000000000000000e+03 8.879000000000000000e+03
7.100000000000000000e+03 8.718000000000000000e+03
7.150000000000000000e+03 8.564000000000000000e+03
7.200000000000000000e+03 8.198000000000000000e+03
7.250000000000000000e+03 7.961000000000000000e+03
7.300000000000000000e+03 7.753000000000000000e+03
7.350000000000000000e+03 7.698000000000000000e+03
7.400000000000000000e+03 7.454000000000000000e+03
7.450000000000000000e+03 7.398000000000000000e+03
7.500000000000000000e+03 7.017000000000000000e+03
7.550000000000000000e+03 6.977000000000000000e+03
7.600000000000000000e+03 6.687000000000000000e+03
7.650000000000000000e+03 6.461000000000000000e+03
7.700000000000000000e+03 6.164000000000000000e+03
7.750000000000000000e+03 6.087000000000000000e+03
7.800000000000000000e+03 5.837000000000000000e+03
7.850000000000000000e+03 5.508000000000000000e+03
7.900000000000000000e+03 5.335000000000000000e+03
7.950000000000000000e+03 5.175000000000000000e+03
8.000000000000000000e+03 5.084000000000000000e+03
8.050000000000000000e+03 4.879000000000000000e+03
8.100000000000000000e+03 4.673000000000000000e+03
8.150000000000000000e+03 4.425000000000000000e+03
8.200000000000000000e+03 4.294000000000000000e+03
8.250000000000000000e+03 4.143000000000000000e+03
8.300000000000000000e+03 4.089000000000000000e+03
8.350000000000000000e+03 3.885000000000000000e+03
8.400000000000000000e+03 3.890000000000000000e+03
8.450000000000000000e+03 3.744000000000000000e+03
8.500000000000000000e+03 3.678000000000000000e+03
8.550000000000000000e+03 3.630000000000000000e+03
8.600000000000000000e+03 3.497000000000000000e+03
8.650000000000000000e+03 3.441000000000000000e+03
8.700000000000000000e+03 3.440000000000000000e+03
8.750000000000000000e+03 3.533000000000000000e+03
8.800000000000000000e+03 3.512000000000000000e+03
8.850000000000000000e+03 3.540000000000000000e+03
8.900000000000000000e+03 3.638000000000000000e+03
8.950000000000000000e+03 3.664000000000000000e+03
9.000000000000000000e+03 3.848000000000000000e+03
9.050000000000000000e+03 3.846000000000000000e+03
9.100000000000000000e+03 4.152000000000000000e+03
9.150000000000000000e+03 4.155000000000000000e+03
9.200000000000000000e+03 4.353000000000000000e+03
9.250000000000000000e+03 4.585000000000000000e+03
9.300000000000000000e+03 4.748000000000000000e+03
9.350000000000000000e+03 5.081000000000000000e+03
9.400000000000000000e+03 5.271000000000000000e+03
9.450000000000000000e+03 5.447000000000000000e+03
9.500000000000000000e+03 5.886000000000000000e+03
9.550000000000000000e+03 5.921000000000000000e+03
9.600000000000000000e+03 6.342000000000000000e+03
9.650000000000000000e+03 6.565000000000000000e+03
9.700000000000000000e+03 6.855000000000000000e+03
9.750000000000000000e+03 7.284000000000000000e+03
9.800000000000000000e+03 7.571000000000000000e+03
9.850000000000000000e+03 7.680000000000000000e+03
9.900000000000000000e+03 7.955000000000000000e+03
9.950000000000000000e+03 8.150000000000000000e+03
