0.000000000000000000e+00 5.956000000000000000e+03
1.420000000000000000e+02 5.930000000000000000e+03
2.840000000000000000e+02 6.138000000000000000e+03
4.260000000000000000e+02 6.138000000000000000e+03
5.680000000000000000e+02 6.333000000000000000e+03
7.100000000000000000e+02 6.424000000000000000e+03
8.520000000000000000e+02 6.314000000000000000e+03
9.940000000000000000e+02 6.491000000000000000e+03
1.136000000000000000e+03 6.658000000000000000e+03
1.278000000000000000e+03 6.524000000000000000e+03
1.420000000000000000e+03 6.557000000000000000e+03
1.562000000000000000e+03 6.629000000000000000e+03
1.704000000000000000e+03 6.735000000000000000e+03
1.846000000000000000e+03 6.812000000000000000e+03
1.988000000000000000e+03 6.566000000000000000e+03
2.130000000000000000e+03 6.759000000000000000e+03
2.272000000000000000e+03 6.828000000000000000e+03
2.414000000000000000e+03 6.653000000000000000e+03
2.556000000000000000e+03 6.541000000000000000e+03
2.698000000000000000e+03 6.772000000000000000e+03
2.840000000000000000e+03 6.620000000000000000e+03
2.982000000000000000e+03 6.647000000000000000e+03
3.124000000000000000e+03 6.530000000000000000e+03
3.266000000000000000e+03 6.603000000000000000e+03
3.408000000000000000e+03 6.759000000000000000e+03
3.550000000000000000e+03 6.770000000000000000e+03
3.692000000000000000e+03 6.676000000000000000e+03
3.834000000000000000e+03 6.858000000000000000e+03
3.976000000000000000e+03 6.753000000000000000e+03
4.118000000000000000e+03 6.725000000000000000e+03
4.260000000000000000e+03 6.739000000000000000e+03
4.402000000000000000e+03 6.601000000000000000e+03
4.544000000000000000e+03 6.383000000000000000e+03
4.686000000000000000e+03 6.396000000000000000e+03
4.828000000000000000e+03 6.334000000000000000e+03
4.970000000000000000e+03 6.310000000000000000e+03
5.112000000000000000e+03 6.196000000000000000e+03
5.254000000000000000e+03 6.173000000000000000e+03
5.396000000000000000e+03 6.032000000000000000e+03
5.538000000000000000e+03 5.979000000000000000e+03
5.680000000000000000e+03 5.817000000000000000e+03
5.822000000000000000e+03 5.703000000000000000e+03
5.964000000000000000e+03 5.529000000000000000e+03
6.106000000000000000e+03 5.488000000000000000e+03
6.248000000000000000e+03 5.557000000000000000e+03
6.390000000000000000e+03 5.400000000000000000e+03
6.532000000000000000e+03 5.148000000000000000e+03
6.674000000000000000e+03 4.842000000000000000e+03
6.816000000000000000e+03 4.913000000000000000e+03
6.958000000000000000e+03 4.670000000000000000e+03
7.100000000000000000e+03 4.634000000000000000e+03
7.242000000000000000e+03 4.413000000000000000e+03
7.384000000000000000e+03 4.172000000000000000e+03
7.526000000000000000e+03 4.075000000000000000e+03
7.668000000000000000e+03 3.960000000000000000e+03
7.810000000000000000e+03 3.747000000000000000e+03
7.952000000000000000e+03 3.751000000000000000e+03
8.094000000000000000e+03 3.544000000000000000e+03
8.236000000000000000e+03 3.388000000000000000e+03
8.378000000000000000e+03 3.252000000000000000e+03
8.520000000000000000e+03 3.076000000000000000e+03
8.662000000000000000e+03 2.941000000000000000e+03
8.804000000000000000e+03 2.753000000000000000e+03
8.946000000000000000e+03 2.695000000000000000e+03
9.088000000000000000e+03 2.640000000000000000e+03
9.230000000000000000e+03 2.596000000000000000e+03
9.372000000000000000e+03 2.434000000000000000e+03
9.514000000000000000e+03 2.423000000000000000e+03
9.656000000000000000e+03 2.347000000000000000e+03
9.798000000000000000e+03 2.248000000000000000e+03
9.940000000000000000e+03 2.257000000000000000e+03
1.008200000000000000e+04 2.249000000000000000e+03
1.022400000000000000e+04 2.191000000000000000e+03
1.036600000000000000e+04 2.152000000000000000e+03
1.050800000000000000e+04 2.198000000000000000e+03
1.065000000000000000e+04 2.341000000000000000e+03
1.079200000000000000e+04 2.342000000000000000e+03
1.093400000000000000e+04 2.486000000000000000e+03
1.107600000000000000e+04 2.558000000000000000e+03
1.121800000000000000e+04 2.564000000000000000e+03
1.136000000000000000e+04 2.640000000000000000e+03
1.150200000000000000e+04 2.944000000000000000e+03
1.164400000000000000e+04 2.916000000000000000e+03
1.178600000000000000e+04 3.115000000000000000e+03
1.192800000000000000e+04 3.214000000000000000e+03
1.207000000000000000e+04 3.457000000000000000e+03
1.221200000000000000e+04 3.543000000000000000e+03
1.235400000000000000e+04 3.773000000000000000e+03
1.249600000000000000e+04 3.961000000000000000e+03
1.263800000000000000e+04 4.297000000000000000e+03
1.278000000000000000e+04 4.368000000000000000e+03
1.292200000000000000e+04 4.539000000000000000e+03
1.306400000000000000e+04 4.744000000000000000e+03
1.320600000000000000e+04 4.824000000000000000e+03
1.334800000000000000e+04 5.050000000000000000e+03
1.349000000000000000e+04 5.078000000000000000e+03
1.363200000000000000e+04 5.259000000000000000e+03
1.377400000000000000e+04 5.606000000000000000e+03
1.391600000000000000e+04 5.612000000000000000e+03
1.405800000000000000e+04 5.711000000000000000e+03
1.420000000000000000e+04 5.782000000000000000e+03
1.434200000000000000e+04 5.871000000000000000e+03
1.448400000000000000e+04 5.924000000000000000e+03
1.462600000000000000e+04 6.000000000000000000e+03
1.476800000000000000e+04 6.279000000000000000e+03
1.491000000000000000e+04 6.308000000000000000e+03
1.505200000000000000e+04 6.407000000000000000e+03
1.519400000000000000e+04 6.367000000000000000e+03
1.533600000000000000e+04 6.583000000000000000e+03
1.547800000000000000e+04 6.386000000000000000e+03
1.562000000000000000e+04 6.748000000000000000e+03
1.576200000000000000e+04 6.517000000000000000e+03
1.590400000000000000e+04 6.751000000000000000e+03
1.604600000000000000e+04 6.636000000000000000e+03
1.618800000000000000e+04 6.677000000000000000e+03
1.633000000000000000e+04 6.751000000000000000e+03
1.647200000000000000e+04 6.668000000000000000e+03
1.661400000000000000e+04 6.791000000000000000e+03
1.675600000000000000e+04 6.742000000000000000e+03
1.689800000000000000e+04 6.687000000000000000e+03
1.704000000000000000e+04 6.770000000000000000e+03
1.718200000000000000e+04 6.791000000000000000e+03
1.732400000000000000e+04 6.874000000000000000e+03
1.746600000000000000e+04 6.837000000000000000e+03
1.760800000000000000e+04 6.864000000000000000e+03
1.775000000000000000e+04 6.751000000000000000e+03
1.789200000000000000e+04 6.681000000000000000e+03
1.803400000000000000e+04 6.700000000000000000e+03
1.817600000000000000e+04 6.604000000000000000e+03
1.831800000000000000e+04 6.620000000000000000e+03
1.846000000000000000e+04 6.563000000000000000e+03
1.860200000000000000e+04 6.513000000000000000e+03
1.874400000000000000e+04 6.539000000000000000e+03
1.888600000000000000e+04 6.296000000000000000e+03
1.902800000000000000e+04 6.378000000000000000e+03
1.917000000000000000e+04 6.416000000000000000e+03
1.931200000000000000e+04 6.270000000000000000e+03
1.945400000000000000e+04 6.189000000000000000e+03
1.959600000000000000e+04 6.156000000000000000e+03
1.973800000000000000e+04 6.158000000000000000e+03
1.988000000000000000e+04 6.011000000000000000e+03
2.002200000000000000e+04 5.656000000000000000e+03
2.016400000000000000e+04 5.750000000000000000e+03
2.030600000000000000e+04 5.624000000000000000e+03
2.044800000000000000e+04 5.362000000000000000e+03
2.059000000000000000e+04 5.434000000000000000e+03
2.073200000000000000e+04 5.365000000000000000e+03
2.087400000000000000e+04 5.127000000000000000e+03
2.101600000000000000e+04 5.007000000000000000e+03
2.115800000000000000e+04 4.797000000000000000e+03
2.130000000000000000e+04 4.685000000000000000e+03
2.144200000000000000e+04 4.379000000000000000e+03
2.158400000000000000e+04 4.389000000000000000e+03
2.172600000000000000e+04 4.213000000000000000e+03
2.186800000000000000e+04 4.165000000000000000e+03
2.201000000000000000e+04 3.890000000000000000e+03
2.215200000000000000e+04 3.760000000000000000e+03
2.229400000000000000e+04 3.584000000000000000e+03
2.243600000000000000e+04 3.538000000000000000e+03
2.257800000000000000e+04 3.287000000000000000e+03
2.272000000000000000e+04 3.196000000000000000e+03
2.286200000000000000e+04 2.983000000000000000e+03
2.300400000000000000e+04 2.904000000000000000e+03
2.314600000000000000e+04 2.833000000000000000e+03
2.328800000000000000e+04 2.623000000000000000e+03
2.343000000000000000e+04 2.566000000000000000e+03
2.357200000000000000e+04 2.441000000000000000e+03
2.371400000000000000e+04 2.383000000000000000e+03
2.385600000000000000e+04 2.453000000000000000e+03
2.399800000000000000e+04 2.266000000000000000e+03
2.414000000000000000e+04 2.238000000000000000e+03
2.428200000000000000e+04 2.254000000000000000e+03
2.442400000000000000e+04 2.192000000000000000e+03
2.456600000000000000e+04 2.195000000000000000e+03
2.470800000000000000e+04 2.299000000000000000e+03
2.485000000000000000e+04 2.236000000000000000e+03
2.499200000000000000e+04 2.350000000000000000e+03
2.513400000000000000e+04 2.347000000000000000e+03
2.527600000000000000e+04 2.470000000000000000e+03
2.541800000000000000e+04 2.585000000000000000e+03
2.556000000000000000e+04 2.631000000000000000e+03
2.570200000000000000e+04 2.756000000000000000e+03
2.584400000000000000e+04 2.918000000000000000e+03
2.598600000000000000e+04 3.050000000000000000e+03
2.612800000000000000e+04 3.188000000000000000e+03
2.627000000000000000e+04 3.420000000000000000e+03
2.641200000000000000e+04 3.407000000000000000e+03
2.655400000000000000e+04 3.716000000000000000e+03
2.669600000000000000e+04 3.896000000000000000e+03
2.683800000000000000e+04 4.128000000000000000e+03
2.698000000000000000e+04 4.305000000000000000e+03
2.712200000000000000e+04 4.356000000000000000e+03
2.726400000000000000e+04 4.647000000000000000e+03
2.740600000000000000e+04 4.688000000000000000e+03
2.754800000000000000e+04 4.862000000000000000e+03
2.769000000000000000e+04 5.065000000000000000e+03
2.783200000000000000e+04 5.238000000000000000e+03
2.797400000000000000e+04 5.225000000000000000e+03
2.811600000000000000e+04 5.582000000000000000e+03
2.825800000000000000e+04 5.717000000000000000e+03
2.840000000000000000e+04 5.741000000000000000e+03
