0.000000000000000000e+00 1.195200000000000000e+04
2.000000000000000000e+03 1.219200000000000000e+04
4.000000000000000000e+03 1.250200000000000000e+04
6.000000000000000000e+03 1.241900000000000000e+04
8.000000000000000000e+03 1.262400000000000000e+04
1.000000000000000000e+04 1.304500000000000000e+04
1.200000000000000000e+04 1.311500000000000000e+04
1.400000000000000000e+04 1.311500000000000000e+04
1.600000000000000000e+04 1.334000000000000000e+04
1.800000000000000000e+04 1.312900000000000000e+04
2.000000000000000000e+04 1.364300000000000000e+04
2.200000000000000000e+04 1.345100000000000000e+04
2.400000000000000000e+04 1.367200000000000000e+04
2.600000000000000000e+04 1.334100000000000000e+04
2.800000000000000000e+04 1.358900000000000000e+04
3.000000000000000000e+04 1.376700000000000000e+04
3.200000000000000000e+04 1.375700000000000000e+04
3.400000000000000000e+04 1.391600000000000000e+04
3.600000000000000000e+04 1.374900000000000000e+04
3.800000000000000000e+04 1.395400000000000000e+04
4.000000000000000000e+04 1.357200000000000000e+04
4.200000000000000000e+04 1.381900000000000000e+04
4.400000000000000000e+04 1.367600000000000000e+04
4.600000000000000000e+04 1.379900000000000000e+04
4.800000000000000000e+04 1.366400000000000000e+04
5.000000000000000000e+04 1.355900000000000000e+04
5.200000000000000000e+04 1.346300000000000000e+04
5.400000000000000000e+04 1.354000000000000000e+04
5.600000000000000000e+04 1.345700000000000000e+04
5.800000000000000000e+04 1.345700000000000000e+04
6.000000000000000000e+04 1.333100000000000000e+04
6.200000000000000000e+04 1.317300000000000000e+04
6.400000000000000000e+04 1.309800000000000000e+04
6.600000000000000000e+04 1.323200000000000000e+04
6.800000000000000000e+04 1.284500000000000000e+04
7.000000000000000000e+04 1.276300000000000000e+04
7.200000000000000000e+04 1.243100000000000000e+04
7.400000000000000000e+04 1.239500000000000000e+04
7.600000000000000000e+04 1.205800000000000000e+04
7.800000000000000000e+04 1.197000000000000000e+04
8.000000000000000000e+04 1.143700000000000000e+04
8.200000000000000000e+04 1.127600000000000000e+04
8.400000000000000000e+04 1.096800000000000000e+04
8.600000000000000000e+04 1.097300000000000000e+04
8.800000000000000000e+04 1.060300000000000000e+04
9.000000000000000000e+04 1.048200000000000000e+04
9.200000000000000000e+04 1.017900000000000000e+04
9.400000000000000000e+04 9.802000000000000000e+03
9.600000000000000000e+04 9.569000000000000000e+03
9.800000000000000000e+04 9.208000000000000000e+03
1.000000000000000000e+05 8.854000000000000000e+03
1.020000000000000000e+05 8.684000000000000000e+03
1.040000000000000000e+05 8.115000000000000000e+03
1.060000000000000000e+05 7.890000000000000000e+03
1.080000000000000000e+05 7.464000000000000000e+03
1.100000000000000000e+05 7.198000000000000000e+03
1.120000000000000000e+05 6.748000000000000000e+03
1.140000000000000000e+05 6.676000000000000000e+03
1.160000000000000000e+05 6.295000000000000000e+03
1.180000000000000000e+05 5.895000000000000000e+03
1.200000000000000000e+05 5.675000000000000000e+03
1.220000000000000000e+05 5.453000000000000000e+03
1.240000000000000000e+05 5.235000000000000000e+03
1.260000000000000000e+05 4.978000000000000000e+03
1.280000000000000000e+05 4.784000000000000000e+03
1.300000000000000000e+05 4.676000000000000000e+03
1.320000000000000000e+05 4.523000000000000000e+03
1.340000000000000000e+05 4.451000000000000000e+03
1.360000000000000000e+05 4.421000000000000000e+03
1.380000000000000000e+05 4.310000000000000000e+03
1.400000000000000000e+05 4.466000000000000000e+03
1.420000000000000000e+05 4.395000000000000000e+03
1.440000000000000000e+05 4.412000000000000000e+03
1.460000000000000000e+05 4.574000000000000000e+03
1.480000000000000000e+05 4.686000000000000000e+03
1.500000000000000000e+05 5.001000000000000000e+03
1.520000000000000000e+05 5.233000000000000000e+03
1.540000000000000000e+05 5.357000000000000000e+03
1.560000000000000000e+05 5.277000000000000000e+03
1.580000000000000000e+05 5.609000000000000000e+03
1.600000000000000000e+05 6.136000000000000000e+03
1.620000000000000000e+05 6.408000000000000000e+03
1.640000000000000000e+05 6.710000000000000000e+03
1.660000000000000000e+05 7.104000000000000000e+03
1.680000000000000000e+05 7.239000000000000000e+03
1.700000000000000000e+05 7.558000000000000000e+03
1.720000000000000000e+05 8.205000000000000000e+03
1.740000000000000000e+05 8.390000000000000000e+03
1.760000000000000000e+05 8.690000000000000000e+03
1.780000000000000000e+05 9.256000000000000000e+03
1.800000000000000000e+05 9.345000000000000000e+03
1.820000000000000000e+05 9.757000000000000000e+03
1.840000000000000000e+05 9.914000000000000000e+03
1.860000000000000000e+05 1.036000000000000000e+04
1.880000000000000000e+05 1.057300000000000000e+04
1.900000000000000000e+05 1.095600000000000000e+04
1.920000000000000000e+05 1.112500000000000000e+04
1.940000000000000000e+05 1.141200000000000000e+04
1.960000000000000000e+05 1.171100000000000000e+04
1.980000000000000000e+05 1.208900000000000000e+04
2.000000000000000000e+05 1.209200000000000000e+04
2.020000000000000000e+05 1.234900000000000000e+04
2.040000000000000000e+05 1.239600000000000000e+04
2.060000000000000000e+05 1.266700000000000000e+04
2.080000000000000000e+05 1.286700000000000000e+04
2.100000000000000000e+05 1.270300000000000000e+04
2.120000000000000000e+05 1.310800000000000000e+04
2.140000000000000000e+05 1.310800000000000000e+04
2.160000000000000000e+05 1.343000000000000000e+04
2.180000000000000000e+05 1.331500000000000000e+04
2.200000000000000000e+05 1.365800000000000000e+04
2.220000000000000000e+05 1.351600000000000000e+04
2.240000000000000000e+05 1.336700000000000000e+04
2.260000000000000000e+05 1.340400000000000000e+04
2.280000000000000000e+05 1.384900000000000000e+04
2.300000000000000000e+05 1.375300000000000000e+04
2.320000000000000000e+05 1.375200000000000000e+04
2.340000000000000000e+05 1.363200000000000000e+04
2.360000000000000000e+05 1.382500000000000000e+04
2.380000000000000000e+05 1.361300000000000000e+04
2.400000000000000000e+05 1.368900000000000000e+04
2.420000000000000000e+05 1.375700000000000000e+04
2.440000000000000000e+05 1.366300000000000000e+04
2.460000000000000000e+05 1.358700000000000000e+04
2.480000000000000000e+05 1.371200000000000000e+04
2.500000000000000000e+05 1.362500000000000000e+04
2.520000000000000000e+05 1.353200000000000000e+04
2.540000000000000000e+05 1.367500000000000000e+04
2.560000000000000000e+05 1.349000000000000000e+04
2.580000000000000000e+05 1.334400000000000000e+04
2.600000000000000000e+05 1.344200000000000000e+04
2.620000000000000000e+05 1.301500000000000000e+04
2.640000000000000000e+05 1.289500000000000000e+04
2.660000000000000000e+05 1.282300000000000000e+04
2.680000000000000000e+05 1.251500000000000000e+04
2.700000000000000000e+05 1.263800000000000000e+04
2.720000000000000000e+05 1.256800000000000000e+04
2.740000000000000000e+05 1.226000000000000000e+04
2.760000000000000000e+05 1.209100000000000000e+04
2.780000000000000000e+05 1.190800000000000000e+04
2.800000000000000000e+05 1.156100000000000000e+04
2.820000000000000000e+05 1.142800000000000000e+04
2.840000000000000000e+05 1.123500000000000000e+04
2.860000000000000000e+05 1.101600000000000000e+04
2.880000000000000000e+05 1.061200000000000000e+04
2.900000000000000000e+05 1.033200000000000000e+04
2.920000000000000000e+05 1.018600000000000000e+04
2.940000000000000000e+05 9.803000000000000000e+03
2.960000000000000000e+05 9.468000000000000000e+03
2.980000000000000000e+05 9.078000000000000000e+03
3.000000000000000000e+05 8.941000000000000000e+03
3.020000000000000000e+05 8.473000000000000000e+03
3.040000000000000000e+05 8.111000000000000000e+03
3.060000000000000000e+05 8.004000000000000000e+03
3.080000000000000000e+05 7.452000000000000000e+03
3.100000000000000000e+05 7.234000000000000000e+03
3.120000000000000000e+05 6.769000000000000000e+03
3.140000000000000000e+05 6.503000000000000000e+03
3.160000000000000000e+05 6.328000000000000000e+03
3.180000000000000000e+05 5.988000000000000000e+03
3.200000000000000000e+05 5.804000000000000000e+03
3.220000000000000000e+05 5.450000000000000000e+03
3.240000000000000000e+05 5.134000000000000000e+03
3.260000000000000000e+05 4.991000000000000000e+03
3.280000000000000000e+05 4.847000000000000000e+03
3.300000000000000000e+05 4.574000000000000000e+03
3.320000000000000000e+05 4.572000000000000000e+03
3.340000000000000000e+05 4.422000000000000000e+03
3.360000000000000000e+05 4.455000000000000000e+03
3.380000000000000000e+05 4.368000000000000000e+03
3.400000000000000000e+05 4.513000000000000000e+03
3.420000000000000000e+05 4.493000000000000000e+03
3.440000000000000000e+05 4.395000000000000000e+03
3.460000000000000000e+05 4.651000000000000000e+03
3.480000000000000000e+05 4.792000000000000000e+03
3.500000000000000000e+05 4.943000000000000000e+03
3.520000000000000000e+05 5.020000000000000000e+03
3.540000000000000000e+05 5.283000000000000000e+03
3.560000000000000000e+05 5.529000000000000000e+03
3.580000000000000000e+05 5.852000000000000000e+03
3.600000000000000000e+05 5.986000000000000000e+03
3.620000000000000000e+05 6.440000000000000000e+03
3.640000000000000000e+05 6.891000000000000000e+03
3.660000000000000000e+05 6.916000000000000000e+03
3.680000000000000000e+05 7.277000000000000000e+03
3.700000000000000000e+05 7.717000000000000000e+03
3.720000000000000000e+05 7.917000000000000000e+03
3.740000000000000000e+05 8.334000000000000000e+03
3.760000000000000000e+05 8.656000000000000000e+03
3.780000000000000000e+05 9.222000000000000000e+03
3.800000000000000000e+05 9.557000000000000000e+03
3.820000000000000000e+05 9.900000000000000000e+03
3.840000000000000000e+05 9.915000000000000000e+03
3.860000000000000000e+05 1.029900000000000000e+04
3.880000000000000000e+05 1.047400000000000000e+04
3.900000000000000000e+05 1.087400000000000000e+04
3.920000000000000000e+05 1.106700000000000000e+04
3.940000000000000000e+05 1.120900000000000000e+04
3.960000000000000000e+05 1.166200000000000000e+04
3.980000000000000000e+05 1.200500000000000000e+04
