0.000000000000000000e+00 5.562000000000000000e+03
2.000000000000000000e+01 5.886000000000000000e+03
4.000000000000000000e+01 5.837000000000000000e+03
6.000000000000000000e+01 6.102000000000000000e+03
8.000000000000000000e+01 6.334000000000000000e+03
1.000000000000000000e+02 6.367000000000000000e+03
1.200000000000000000e+02 6.572000000000000000e+03
1.400000000000000000e+02 6.694000000000000000e+03
1.600000000000000000e+02 6.732000000000000000e+03
1.800000000000000000e+02 6.825000000000000000e+03
2.000000000000000000e+02 6.882000000000000000e+03
2.200000000000000000e+02 7.137000000000000000e+03
2.400000000000000000e+02 7.095000000000000000e+03
2.600000000000000000e+02 7.136000000000000000e+03
2.800000000000000000e+02 7.254000000000000000e+03
3.000000000000000000e+02 7.358000000000000000e+03
3.200000000000000000e+02 7.400000000000000000e+03
3.400000000000000000e+02 7.650000000000000000e+03
3.600000000000000000e+02 7.587000000000000000e+03
3.800000000000000000e+02 7.614000000000000000e+03
4.000000000000000000e+02 7.539000000000000000e+03
4.200000000000000000e+02 7.592000000000000000e+03
4.400000000000000000e+02 7.869000000000000000e+03
4.600000000000000000e+02 7.669000000000000000e+03
4.800000000000000000e+02 7.702000000000000000e+03
5.000000000000000000e+02 7.777000000000000000e+03
5.200000000000000000e+02 7.725000000000000000e+03
5.400000000000000000e+02 7.705000000000000000e+03
5.600000000000000000e+02 7.845000000000000000e+03
5.800000000000000000e+02 7.729000000000000000e+03
6.000000000000000000e+02 7.780000000000000000e+03
6.200000000000000000e+02 7.554000000000000000e+03
6.400000000000000000e+02 7.584000000000000000e+03
6.600000000000000000e+02 7.543000000000000000e+03
6.800000000000000000e+02 7.534000000000000000e+03
7.000000000000000000e+02 7.542000000000000000e+03
7.200000000000000000e+02 7.554000000000000000e+03
7.400000000000000000e+02 7.512000000000000000e+03
7.600000000000000000e+02 7.334000000000000000e+03
7.800000000000000000e+02 7.408000000000000000e+03
8.000000000000000000e+02 7.281000000000000000e+03
8.200000000000000000e+02 7.071000000000000000e+03
8.400000000000000000e+02 6.992000000000000000e+03
8.600000000000000000e+02 6.861000000000000000e+03
8.800000000000000000e+02 6.899000000000000000e+03
9.000000000000000000e+02 6.777000000000000000e+03
9.200000000000000000e+02 6.582000000000000000e+03
9.400000000000000000e+02 6.353000000000000000e+03
9.600000000000000000e+02 6.434000000000000000e+03
9.800000000000000000e+02 6.110000000000000000e+03
1.000000000000000000e+03 5.991000000000000000e+03
1.020000000000000000e+03 5.915000000000000000e+03
1.040000000000000000e+03 5.891000000000000000e+03
1.060000000000000000e+03 5.677000000000000000e+03
1.080000000000000000e+03 5.508000000000000000e+03
1.100000000000000000e+03 5.295000000000000000e+03
1.120000000000000000e+03 5.182000000000000000e+03
1.140000000000000000e+03 5.029000000000000000e+03
1.160000000000000000e+03 5.077000000000000000e+03
1.180000000000000000e+03 4.752000000000000000e+03
1.200000000000000000e+03 4.599000000000000000e+03
1.220000000000000000e+03 4.582000000000000000e+03
1.240000000000000000e+03 4.306000000000000000e+03
1.260000000000000000e+03 4.132000000000000000e+03
1.280000000000000000e+03 4.169000000000000000e+03
1.300000000000000000e+03 4.046000000000000000e+03
1.320000000000000000e+03 3.910000000000000000e+03
1.340000000000000000e+03 3.770000000000000000e+03
1.360000000000000000e+03 3.724000000000000000e+03
1.380000000000000000e+03 3.662000000000000000e+03
1.400000000000000000e+03 3.456000000000000000e+03
1.420000000000000000e+03 3.411000000000000000e+03
1.440000000000000000e+03 3.339000000000000000e+03
1.460000000000000000e+03 3.334000000000000000e+03
1.480000000000000000e+03 3.273000000000000000e+03
1.500000000000000000e+03 3.277000000000000000e+03
1.520000000000000000e+03 3.288000000000000000e+03
1.540000000000000000e+03 3.366000000000000000e+03
1.560000000000000000e+03 3.078000000000000000e+03
1.580000000000000000e+03 3.229000000000000000e+03
1.600000000000000000e+03 3.300000000000000000e+03
1.620000000000000000e+03 3.231000000000000000e+03
1.640000000000000000e+03 3.342000000000000000e+03
1.660000000000000000e+03 3.393000000000000000e+03
1.680000000000000000e+03 3.499000000000000000e+03
1.700000000000000000e+03 3.556000000000000000e+03
1.720000000000000000e+03 3.674000000000000000e+03
1.740000000000000000e+03 3.758000000000000000e+03
1.760000000000000000e+03 3.919000000000000000e+03
1.780000000000000000e+03 3.937000000000000000e+03
1.800000000000000000e+03 4.253000000000000000e+03
1.820000000000000000e+03 4.262000000000000000e+03
1.840000000000000000e+03 4.432000000000000000e+03
1.860000000000000000e+03 4.449000000000000000e+03
1.880000000000000000e+03 4.765000000000000000e+03
1.900000000000000000e+03 4.764000000000000000e+03
1.920000000000000000e+03 5.065000000000000000e+03
1.940000000000000000e+03 5.016000000000000000e+03
1.960000000000000000e+03 5.254000000000000000e+03
1.980000000000000000e+03 5.492000000000000000e+03
2.000000000000000000e+03 5.621000000000000000e+03
2.020000000000000000e+03 5.744000000000000000e+03
2.040000000000000000e+03 5.925000000000000000e+03
2.060000000000000000e+03 6.119000000000000000e+03
2.080000000000000000e+03 6.356000000000000000e+03
2.100000000000000000e+03 6.421000000000000000e+03
2.120000000000000000e+03 6.427000000000000000e+03
2.140000000000000000e+03 6.522000000000000000e+03
2.160000000000000000e+03 6.792000000000000000e+03
2.180000000000000000e+03 6.863000000000000000e+03
2.200000000000000000e+03 6.835000000000000000e+03
2.220000000000000000e+03 7.038000000000000000e+03
2.240000000000000000e+03 7.118000000000000000e+03
2.260000000000000000e+03 7.196000000000000000e+03
2.280000000000000000e+03 7.297000000000000000e+03
2.300000000000000000e+03 7.364000000000000000e+03
2.320000000000000000e+03 7.306000000000000000e+03
2.340000000000000000e+03 7.532000000000000000e+03
2.360000000000000000e+03 7.549000000000000000e+03
2.380000000000000000e+03 7.708000000000000000e+03
2.400000000000000000e+03 7.539000000000000000e+03
2.420000000000000000e+03 7.511000000000000000e+03
2.440000000000000000e+03 7.753000000000000000e+03
2.460000000000000000e+03 7.911000000000000000e+03
2.480000000000000000e+03 7.807000000000000000e+03
2.500000000000000000e+03 7.517000000000000000e+03
2.520000000000000000e+03 7.595000000000000000e+03
2.540000000000000000e+03 7.813000000000000000e+03
2.560000000000000000e+03 7.617000000000000000e+03
2.580000000000000000e+03 7.549000000000000000e+03
2.600000000000000000e+03 7.641000000000000000e+03
2.620000000000000000e+03 7.639000000000000000e+03
2.640000000000000000e+03 7.780000000000000000e+03
2.660000000000000000e+03 7.711000000000000000e+03
2.680000000000000000e+03 7.380000000000000000e+03
2.700000000000000000e+03 7.528000000000000000e+03
2.720000000000000000e+03 7.487000000000000000e+03
2.740000000000000000e+03 7.379000000000000000e+03
2.760000000000000000e+03 7.108000000000000000e+03
2.780000000000000000e+03 7.393000000000000000e+03
2.800000000000000000e+03 7.157000000000000000e+03
2.820000000000000000e+03 7.159000000000000000e+03
2.840000000000000000e+03 7.032000000000000000e+03
2.860000000000000000e+03 6.971000000000000000e+03
2.880000000000000000e+03 6.873000000000000000e+03
2.900000000000000000e+03 6.776000000000000000e+03
2.920000000000000000e+03 6.515000000000000000e+03
2.940000000000000000e+03 6.361000000000000000e+03
2.960000000000000000e+03 6.273000000000000000e+03
2.980000000000000000e+03 6.167000000000000000e+03
3.000000000000000000e+03 6.025000000000000000e+03
3.020000000000000000e+03 5.968000000000000000e+03
3.040000000000000000e+03 5.914000000000000000e+03
3.060000000000000000e+03 5.439000000000000000e+03
3.080000000000000000e+03 5.463000000000000000e+03
3.100000000000000000e+03 5.280000000000000000e+03
3.120000000000000000e+03 5.202000000000000000e+03
3.140000000000000000e+03 4.909000000000000000e+03
3.160000000000000000e+03 4.791000000000000000e+03
3.180000000000000000e+03 4.680000000000000000e+03
3.200000000000000000e+03 4.724000000000000000e+03
3.220000000000000000e+03 4.528000000000000000e+03
3.240000000000000000e+03 4.341000000000000000e+03
3.260000000000000000e+03 4.122000000000000000e+03
3.280000000000000000e+03 4.087000000000000000e+03
3.300000000000000000e+03 3.948000000000000000e+03
3.320000000000000000e+03 4.005000000000000000e+03
3.340000000000000000e+03 3.839000000000000000e+03
3.360000000000000000e+03 3.747000000000000000e+03
3.380000000000000000e+03 3.633000000000000000e+03
3.400000000000000000e+03 3.532000000000000000e+03
3.420000000000000000e+03 3.379000000000000000e+03
3.440000000000000000e+03 3.370000000000000000e+03
3.460000000000000000e+03 3.454000000000000000e+03
3.480000000000000000e+03 3.351000000000000000e+03
3.500000000000000000e+03 3.288000000000000000e+03
3.520000000000000000e+03 3.308000000000000000e+03
3.540000000000000000e+03 3.186000000000000000e+03
3.560000000000000000e+03 3.288000000000000000e+03
3.580000000000000000e+03 3.226000000000000000e+03
3.600000000000000000e+03 3.423000000000000000e+03
3.620000000000000000e+03 3.286000000000000000e+03
3.640000000000000000e+03 3.441000000000000000e+03
3.660000000000000000e+03 3.397000000000000000e+03
3.680000000000000000e+03 3.418000000000000000e+03
3.700000000000000000e+03 3.518000000000000000e+03
3.720000000000000000e+03 3.646000000000000000e+03
3.740000000000000000e+03 3.805000000000000000e+03
3.760000000000000000e+03 3.715000000000000000e+03
3.780000000000000000e+03 4.091000000000000000e+03
3.800000000000000000e+03 4.118000000000000000e+03
3.820000000000000000e+03 4.246000000000000000e+03
3.840000000000000000e+03 4.372000000000000000e+03
3.860000000000000000e+03 4.569000000000000000e+03
3.880000000000000000e+03 4.773000000000000000e+03
3.900000000000000000e+03 4.900000000000000000e+03
3.920000000000000000e+03 5.023000000000000000e+03
3.940000000000000000e+03 5.152000000000000000e+03
3.960000000000000000e+03 5.406000000000000000e+03
3.980000000000000000e+03 5.621000000000000000e+03
