0.000000000000000000e+00 1.027400000000000000e+04
1.428000000000000000e+03 1.041200000000000000e+04
2.856000000000000000e+03 1.037600000000000000e+04
4.284000000000000000e+03 1.057800000000000000e+04
5.712000000000000000e+03 1.082500000000000000e+04
7.140000000000000000e+03 1.097000000000000000e+04
8.568000000000000000e+03 1.097800000000000000e+04
9.996000000000000000e+03 1.100500000000000000e+04
1.142400000000000000e+04 1.127000000000000000e+04
1.285200000000000000e+04 1.140800000000000000e+04
1.428000000000000000e+04 1.162100000000000000e+04
1.570800000000000000e+04 1.139700000000000000e+04
1.713600000000000000e+04 1.139000000000000000e+04
1.856400000000000000e+04 1.159900000000000000e+04
1.999200000000000000e+04 1.153000000000000000e+04
2.142000000000000000e+04 1.166900000000000000e+04
2.284800000000000000e+04 1.169600000000000000e+04
2.427600000000000000e+04 1.159700000000000000e+04
2.570400000000000000e+04 1.157700000000000000e+04
2.713200000000000000e+04 1.172600000000000000e+04
2.856000000000000000e+04 1.187600000000000000e+04
2.998800000000000000e+04 1.152000000000000000e+04
3.141600000000000000e+04 1.167300000000000000e+04
3.284400000000000000e+04 1.144000000000000000e+04
3.427200000000000000e+04 1.163500000000000000e+04
3.570000000000000000e+04 1.167600000000000000e+04
3.712800000000000000e+04 1.147300000000000000e+04
3.855600000000000000e+04 1.136800000000000000e+04
3.998400000000000000e+04 1.142400000000000000e+04
4.141200000000000000e+04 1.132200000000000000e+04
4.284000000000000000e+04 1.098800000000000000e+04
4.426800000000000000e+04 1.099000000000000000e+04
4.569600000000000000e+04 1.096600000000000000e+04
4.712400000000000000e+04 1.085500000000000000e+04
4.855200000000000000e+04 1.083500000000000000e+04
4.998000000000000000e+04 1.074800000000000000e+04
5.140800000000000000e+04 1.064300000000000000e+04
5.283600000000000000e+04 1.043100000000000000e+04
5.426400000000000000e+04 1.017200000000000000e+04
5.569200000000000000e+04 9.890000000000000000e+03
5.712000000000000000e+04 9.772000000000000000e+03
5.854800000000000000e+04 9.546000000000000000e+03
5.997600000000000000e+04 9.518000000000000000e+03
6.140400000000000000e+04 9.242000000000000000e+03
6.283200000000000000e+04 9.079000000000000000e+03
6.426000000000000000e+04 8.661000000000000000e+03
6.568800000000000000e+04 8.443000000000000000e+03
6.711600000000000000e+04 8.290000000000000000e+03
6.854400000000000000e+04 7.998000000000000000e+03
6.997200000000000000e+04 7.627000000000000000e+03
7.140000000000000000e+04 7.562000000000000000e+03
7.282800000000000000e+04 7.203000000000000000e+03
7.425600000000000000e+04 6.869000000000000000e+03
7.568400000000000000e+04 6.627000000000000000e+03
7.711200000000000000e+04 6.317000000000000000e+03
7.854000000000000000e+04 6.023000000000000000e+03
7.996800000000000000e+04 5.789000000000000000e+03
8.139600000000000000e+04 5.661000000000000000e+03
8.282400000000000000e+04 5.360000000000000000e+03
8.425200000000000000e+04 5.117000000000000000e+03
8.568000000000000000e+04 4.877000000000000000e+03
8.710800000000000000e+04 4.772000000000000000e+03
8.853600000000000000e+04 4.717000000000000000e+03
8.996400000000000000e+04 4.464000000000000000e+03
9.139200000000000000e+04 4.467000000000000000e+03
9.282000000000000000e+04 4.096000000000000000e+03
9.424800000000000000e+04 4.013000000000000000e+03
9.567600000000000000e+04 3.909000000000000000e+03
9.710400000000000000e+04 3.997000000000000000e+03
9.853200000000000000e+04 4.006000000000000000e+03
9.996000000000000000e+04 3.814000000000000000e+03
1.013880000000000000e+05 3.891000000000000000e+03
1.028160000000000000e+05 4.075000000000000000e+03
1.042440000000000000e+05 4.126000000000000000e+03
1.056720000000000000e+05 4.090000000000000000e+03
1.071000000000000000e+05 4.275000000000000000e+03
1.085280000000000000e+05 4.449000000000000000e+03
1.099560000000000000e+05 4.606000000000000000e+03
1.113840000000000000e+05 4.751000000000000000e+03
1.128120000000000000e+05 4.921000000000000000e+03
1.142400000000000000e+05 5.328000000000000000e+03
1.156680000000000000e+05 5.465000000000000000e+03
1.170960000000000000e+05 5.706000000000000000e+03
1.185240000000000000e+05 5.976000000000000000e+03
1.199520000000000000e+05 6.171000000000000000e+03
1.213800000000000000e+05 6.456000000000000000e+03
1.228080000000000000e+05 6.840000000000000000e+03
1.242360000000000000e+05 7.070000000000000000e+03
1.256640000000000000e+05 7.417000000000000000e+03
1.270920000000000000e+05 7.552000000000000000e+03
1.285200000000000000e+05 7.760000000000000000e+03
1.299480000000000000e+05 8.108000000000000000e+03
1.313760000000000000e+05 8.276000000000000000e+03
1.328040000000000000e+05 8.684000000000000000e+03
1.342320000000000000e+05 8.919000000000000000e+03
1.356600000000000000e+05 9.079000000000000000e+03
1.370880000000000000e+05 9.314000000000000000e+03
1.385160000000000000e+05 9.583000000000000000e+03
1.399440000000000000e+05 9.819000000000000000e+03
1.413720000000000000e+05 1.006000000000000000e+04
1.428000000000000000e+05 1.026300000000000000e+04
1.442280000000000000e+05 1.024000000000000000e+04
1.456560000000000000e+05 1.036000000000000000e+04
1.470840000000000000e+05 1.072000000000000000e+04
1.485120000000000000e+05 1.077100000000000000e+04
1.499400000000000000e+05 1.066900000000000000e+04
1.513680000000000000e+05 1.091500000000000000e+04
1.527960000000000000e+05 1.098700000000000000e+04
1.542240000000000000e+05 1.112800000000000000e+04
1.556520000000000000e+05 1.128300000000000000e+04
1.570800000000000000e+05 1.124800000000000000e+04
1.585080000000000000e+05 1.148800000000000000e+04
1.599360000000000000e+05 1.152000000000000000e+04
1.613640000000000000e+05 1.145100000000000000e+04
1.627920000000000000e+05 1.149900000000000000e+04
1.642200000000000000e+05 1.146900000000000000e+04
1.656480000000000000e+05 1.184600000000000000e+04
1.670760000000000000e+05 1.165300000000000000e+04
1.685040000000000000e+05 1.152600000000000000e+04
1.699320000000000000e+05 1.169900000000000000e+04
1.713600000000000000e+05 1.178600000000000000e+04
1.727880000000000000e+05 1.163400000000000000e+04
1.742160000000000000e+05 1.170300000000000000e+04
1.756440000000000000e+05 1.143400000000000000e+04
1.770720000000000000e+05 1.157800000000000000e+04
1.785000000000000000e+05 1.160300000000000000e+04
1.799280000000000000e+05 1.151400000000000000e+04
1.813560000000000000e+05 1.117800000000000000e+04
1.827840000000000000e+05 1.132600000000000000e+04
1.842120000000000000e+05 1.127800000000000000e+04
1.856400000000000000e+05 1.112900000000000000e+04
1.870680000000000000e+05 1.107000000000000000e+04
1.884960000000000000e+05 1.104900000000000000e+04
1.899240000000000000e+05 1.089000000000000000e+04
1.913520000000000000e+05 1.089200000000000000e+04
1.927800000000000000e+05 1.062600000000000000e+04
1.942080000000000000e+05 1.050100000000000000e+04
1.956360000000000000e+05 1.016400000000000000e+04
1.970640000000000000e+05 9.963000000000000000e+03
1.984920000000000000e+05 9.908000000000000000e+03
1.999200000000000000e+05 9.736000000000000000e+03
2.013480000000000000e+05 9.565000000000000000e+03
2.027760000000000000e+05 9.386000000000000000e+03
2.042040000000000000e+05 9.239000000000000000e+03
2.056320000000000000e+05 9.037000000000000000e+03
2.070600000000000000e+05 8.735000000000000000e+03
2.084880000000000000e+05 8.492000000000000000e+03
2.099160000000000000e+05 8.227000000000000000e+03
2.113440000000000000e+05 7.738000000000000000e+03
2.127720000000000000e+05 7.536000000000000000e+03
2.142000000000000000e+05 7.416000000000000000e+03
2.156280000000000000e+05 7.250000000000000000e+03
2.170560000000000000e+05 6.956000000000000000e+03
2.184840000000000000e+05 6.574000000000000000e+03
2.199120000000000000e+05 6.470000000000000000e+03
2.213400000000000000e+05 6.104000000000000000e+03
2.227680000000000000e+05 5.771000000000000000e+03
2.241960000000000000e+05 5.612000000000000000e+03
2.256240000000000000e+05 5.416000000000000000e+03
2.270520000000000000e+05 5.100000000000000000e+03
2.284800000000000000e+05 5.005000000000000000e+03
2.299080000000000000e+05 4.623000000000000000e+03
2.313360000000000000e+05 4.524000000000000000e+03
2.327640000000000000e+05 4.376000000000000000e+03
2.341920000000000000e+05 4.151000000000000000e+03
2.356200000000000000e+05 4.116000000000000000e+03
2.370480000000000000e+05 4.159000000000000000e+03
2.384760000000000000e+05 3.969000000000000000e+03
2.399040000000000000e+05 3.943000000000000000e+03
2.413320000000000000e+05 3.952000000000000000e+03
2.427600000000000000e+05 3.838000000000000000e+03
2.441880000000000000e+05 4.089000000000000000e+03
2.456160000000000000e+05 4.015000000000000000e+03
2.470440000000000000e+05 4.073000000000000000e+03
2.484720000000000000e+05 4.169000000000000000e+03
2.499000000000000000e+05 4.259000000000000000e+03
2.513280000000000000e+05 4.395000000000000000e+03
2.527560000000000000e+05 4.577000000000000000e+03
2.541840000000000000e+05 4.745000000000000000e+03
2.556120000000000000e+05 5.006000000000000000e+03
2.570400000000000000e+05 5.236000000000000000e+03
2.584680000000000000e+05 5.518000000000000000e+03
2.598960000000000000e+05 5.649000000000000000e+03
2.613240000000000000e+05 5.857000000000000000e+03
2.627520000000000000e+05 6.252000000000000000e+03
2.641800000000000000e+05 6.464000000000000000e+03
2.656080000000000000e+05 6.747000000000000000e+03
2.670360000000000000e+05 7.143000000000000000e+03
2.684640000000000000e+05 7.204000000000000000e+03
2.698920000000000000e+05 7.579000000000000000e+03
2.713200000000000000e+05 7.888000000000000000e+03
2.727480000000000000e+05 8.308000000000000000e+03
2.741760000000000000e+05 8.414000000000000000e+03
2.756040000000000000e+05 8.606000000000000000e+03
2.770320000000000000e+05 8.912000000000000000e+03
2.784600000000000000e+05 9.066000000000000000e+03
2.798880000000000000e+05 9.373000000000000000e+03
2.813160000000000000e+05 9.739000000000000000e+03
2.827440000000000000e+05 9.788000000000000000e+03
2.841720000000000000e+05 9.889000000000000000e+03
