0.000000000000000000e+00 2.014500000000000000e+04
1.000000000000000000e+04 2.072200000000000000e+04
2.000000000000000000e+04 2.107300000000000000e+04
3.000000000000000000e+04 2.132100000000000000e+04
4.000000000000000000e+04 2.127000000000000000e+04
5.000000000000000000e+04 2.161300000000000000e+04
6.000000000000000000e+04 2.164700000000000000e+04
7.000000000000000000e+04 2.175900000000000000e+04
8.000000000000000000e+04 2.227700000000000000e+04
9.000000000000000000e+04 2.208600000000000000e+04
1.000000000000000000e+05 2.221900000000000000e+04
1.100000000000000000e+05 2.236500000000000000e+04
1.200000000000000000e+05 2.278900000000000000e+04
1.300000000000000000e+05 2.247500000000000000e+04
1.400000000000000000e+05 2.291200000000000000e+04
1.500000000000000000e+05 2.270800000000000000e+04
1.600000000000000000e+05 2.299100000000000000e+04
1.700000000000000000e+05 2.286100000000000000e+04
1.800000000000000000e+05 2.269300000000000000e+04
1.900000000000000000e+05 2.323700000000000000e+04
2.000000000000000000e+05 2.301700000000000000e+04
2.100000000000000000e+05 2.276500000000000000e+04
2.200000000000000000e+05 2.265700000000000000e+04
2.300000000000000000e+05 2.288900000000000000e+04
2.400000000000000000e+05 2.236100000000000000e+04
2.500000000000000000e+05 2.253300000000000000e+04
2.600000000000000000e+05 2.257500000000000000e+04
2.700000000000000000e+05 2.241200000000000000e+04
2.800000000000000000e+05 2.235400000000000000e+04
2.900000000000000000e+05 2.222900000000000000e+04
3.000000000000000000e+05 2.191300000000000000e+04
3.100000000000000000e+05 2.179900000000000000e+04
3.200000000000000000e+05 2.154500000000000000e+04
3.300000000000000000e+05 2.126600000000000000e+04
3.400000000000000000e+05 2.109700000000000000e+04
3.500000000000000000e+05 2.088400000000000000e+04
3.600000000000000000e+05 2.041300000000000000e+04
3.700000000000000000e+05 2.026500000000000000e+04
3.800000000000000000e+05 1.972800000000000000e+04
3.900000000000000000e+05 1.936000000000000000e+04
4.000000000000000000e+05 1.905700000000000000e+04
4.100000000000000000e+05 1.889100000000000000e+04
4.200000000000000000e+05 1.836800000000000000e+04
4.300000000000000000e+05 1.784600000000000000e+04
4.400000000000000000e+05 1.736700000000000000e+04
4.500000000000000000e+05 1.692500000000000000e+04
4.600000000000000000e+05 1.638500000000000000e+04
4.700000000000000000e+05 1.561500000000000000e+04
4.800000000000000000e+05 1.519900000000000000e+04
4.900000000000000000e+05 1.467400000000000000e+04
5.000000000000000000e+05 1.413200000000000000e+04
5.100000000000000000e+05 1.367300000000000000e+04
5.200000000000000000e+05 1.284700000000000000e+04
5.300000000000000000e+05 1.247200000000000000e+04
5.400000000000000000e+05 1.198500000000000000e+04
5.500000000000000000e+05 1.148900000000000000e+04
5.600000000000000000e+05 1.078100000000000000e+04
5.700000000000000000e+05 1.027800000000000000e+04
5.800000000000000000e+05 9.820000000000000000e+03
5.900000000000000000e+05 9.458000000000000000e+03
6.000000000000000000e+05 8.918000000000000000e+03
6.100000000000000000e+05 8.598000000000000000e+03
6.200000000000000000e+05 8.342000000000000000e+03
6.300000000000000000e+05 7.910000000000000000e+03
6.400000000000000000e+05 7.473000000000000000e+03
6.500000000000000000e+05 7.298000000000000000e+03
6.600000000000000000e+05 7.369000000000000000e+03
6.700000000000000000e+05 6.985000000000000000e+03
6.800000000000000000e+05 7.109000000000000000e+03
6.900000000000000000e+05 6.883000000000000000e+03
7.000000000000000000e+05 6.877000000000000000e+03
7.100000000000000000e+05 6.986000000000000000e+03
7.200000000000000000e+05 7.198000000000000000e+03
7.300000000000000000e+05 7.208000000000000000e+03
7.400000000000000000e+05 7.530000000000000000e+03
7.500000000000000000e+05 7.752000000000000000e+03
7.600000000000000000e+05 8.190000000000000000e+03
7.700000000000000000e+05 8.381000000000000000e+03
7.800000000000000000e+05 8.843000000000000000e+03
7.900000000000000000e+05 9.358000000000000000e+03
8.000000000000000000e+05 9.739000000000000000e+03
8.100000000000000000e+05 1.023600000000000000e+04
8.200000000000000000e+05 1.068400000000000000e+04
8.300000000000000000e+05 1.109400000000000000e+04
8.400000000000000000e+05 1.178500000000000000e+04
8.500000000000000000e+05 1.238200000000000000e+04
8.600000000000000000e+05 1.268800000000000000e+04
8.700000000000000000e+05 1.326000000000000000e+04
8.800000000000000000e+05 1.384400000000000000e+04
8.900000000000000000e+05 1.461000000000000000e+04
9.000000000000000000e+05 1.490900000000000000e+04
9.100000000000000000e+05 1.546300000000000000e+04
9.200000000000000000e+05 1.590600000000000000e+04
9.300000000000000000e+05 1.629200000000000000e+04
9.400000000000000000e+05 1.743000000000000000e+04
9.500000000000000000e+05 1.774600000000000000e+04
9.600000000000000000e+05 1.821300000000000000e+04
9.700000000000000000e+05 1.841800000000000000e+04
9.800000000000000000e+05 1.885600000000000000e+04
9.900000000000000000e+05 1.949400000000000000e+04
1.000000000000000000e+06 1.963600000000000000e+04
1.010000000000000000e+06 1.997200000000000000e+04
1.020000000000000000e+06 2.046400000000000000e+04
1.030000000000000000e+06 2.043000000000000000e+04
1.040000000000000000e+06 2.108400000000000000e+04
1.050000000000000000e+06 2.107400000000000000e+04
1.060000000000000000e+06 2.112300000000000000e+04
1.070000000000000000e+06 2.161700000000000000e+04
1.080000000000000000e+06 2.186700000000000000e+04
1.090000000000000000e+06 2.181700000000000000e+04
1.100000000000000000e+06 2.204300000000000000e+04
1.110000000000000000e+06 2.231200000000000000e+04
1.120000000000000000e+06 2.269300000000000000e+04
1.130000000000000000e+06 2.230300000000000000e+04
1.140000000000000000e+06 2.255100000000000000e+04
1.150000000000000000e+06 2.236000000000000000e+04
1.160000000000000000e+06 2.253600000000000000e+04
1.170000000000000000e+06 2.242500000000000000e+04
1.180000000000000000e+06 2.238200000000000000e+04
1.190000000000000000e+06 2.315800000000000000e+04
1.200000000000000000e+06 2.266600000000000000e+04
1.210000000000000000e+06 2.243300000000000000e+04
1.220000000000000000e+06 2.239600000000000000e+04
1.230000000000000000e+06 2.262300000000000000e+04
1.240000000000000000e+06 2.262800000000000000e+04
1.250000000000000000e+06 2.236000000000000000e+04
1.260000000000000000e+06 2.196900000000000000e+04
1.270000000000000000e+06 2.201700000000000000e+04
1.280000000000000000e+06 2.229400000000000000e+04
1.290000000000000000e+06 2.194000000000000000e+04
1.300000000000000000e+06 2.168200000000000000e+04
1.310000000000000000e+06 2.165800000000000000e+04
1.320000000000000000e+06 2.172200000000000000e+04
1.330000000000000000e+06 2.116800000000000000e+04
1.340000000000000000e+06 2.111200000000000000e+04
1.350000000000000000e+06 2.051400000000000000e+04
1.360000000000000000e+06 2.016800000000000000e+04
1.370000000000000000e+06 2.003600000000000000e+04
1.380000000000000000e+06 1.983400000000000000e+04
1.390000000000000000e+06 1.929000000000000000e+04
1.400000000000000000e+06 1.901000000000000000e+04
1.410000000000000000e+06 1.837600000000000000e+04
1.420000000000000000e+06 1.806900000000000000e+04
1.430000000000000000e+06 1.742400000000000000e+04
1.440000000000000000e+06 1.738300000000000000e+04
1.450000000000000000e+06 1.669200000000000000e+04
1.460000000000000000e+06 1.643200000000000000e+04
1.470000000000000000e+06 1.564300000000000000e+04
1.480000000000000000e+06 1.493400000000000000e+04
1.490000000000000000e+06 1.467500000000000000e+04
1.500000000000000000e+06 1.404400000000000000e+04
1.510000000000000000e+06 1.347100000000000000e+04
1.520000000000000000e+06 1.287400000000000000e+04
1.530000000000000000e+06 1.213200000000000000e+04
1.540000000000000000e+06 1.179800000000000000e+04
1.550000000000000000e+06 1.131600000000000000e+04
1.560000000000000000e+06 1.099600000000000000e+04
1.570000000000000000e+06 1.034300000000000000e+04
1.580000000000000000e+06 9.747000000000000000e+03
1.590000000000000000e+06 9.261000000000000000e+03
1.600000000000000000e+06 8.755000000000000000e+03
1.610000000000000000e+06 8.538000000000000000e+03
1.620000000000000000e+06 8.165000000000000000e+03
1.630000000000000000e+06 7.934000000000000000e+03
1.640000000000000000e+06 7.636000000000000000e+03
1.650000000000000000e+06 7.438000000000000000e+03
1.660000000000000000e+06 7.190000000000000000e+03
1.670000000000000000e+06 7.054000000000000000e+03
1.680000000000000000e+06 6.907000000000000000e+03
1.690000000000000000e+06 6.834000000000000000e+03
1.700000000000000000e+06 7.041000000000000000e+03
1.710000000000000000e+06 7.000000000000000000e+03
1.720000000000000000e+06 6.994000000000000000e+03
1.730000000000000000e+06 7.197000000000000000e+03
1.740000000000000000e+06 7.519000000000000000e+03
1.750000000000000000e+06 7.437000000000000000e+03
1.760000000000000000e+06 7.810000000000000000e+03
1.770000000000000000e+06 8.253000000000000000e+03
1.780000000000000000e+06 8.702000000000000000e+03
1.790000000000000000e+06 9.034000000000000000e+03
1.800000000000000000e+06 9.235000000000000000e+03
1.810000000000000000e+06 9.855000000000000000e+03
1.820000000000000000e+06 1.043900000000000000e+04
1.830000000000000000e+06 1.110300000000000000e+04
1.840000000000000000e+06 1.166300000000000000e+04
1.850000000000000000e+06 1.212500000000000000e+04
1.860000000000000000e+06 1.279300000000000000e+04
1.870000000000000000e+06 1.312200000000000000e+04
1.880000000000000000e+06 1.385900000000000000e+04
1.890000000000000000e+06 1.454700000000000000e+04
1.900000000000000000e+06 1.490700000000000000e+04
1.910000000000000000e+06 1.530700000000000000e+04
1.920000000000000000e+06 1.576400000000000000e+04
1.930000000000000000e+06 1.636600000000000000e+04
1.940000000000000000e+06 1.687000000000000000e+04
1.950000000000000000e+06 1.744200000000000000e+04
1.960000000000000000e+06 1.792500000000000000e+04
1.970000000000000000e+06 1.823000000000000000e+04
1.980000000000000000e+06 1.876600000000000000e+04
1.990000000000000000e+06 1.915900000000000000e+04
