0.000000000000000000e+00 6.180000000000000000e+03
3.300000000000000000e+01 6.333000000000000000e+03
6.600000000000000000e+01 6.428000000000000000e+03
9.900000000000000000e+01 6.452000000000000000e+03
1.320000000000000000e+02 6.674000000000000000e+03
1.650000000000000000e+02 6.602000000000000000e+03
1.980000000000000000e+02 6.867000000000000000e+03
2.310000000000000000e+02 6.999000000000000000e+03
2.640000000000000000e+02 6.945000000000000000e+03
2.970000000000000000e+02 7.136000000000000000e+03
3.300000000000000000e+02 7.299000000000000000e+03
3.630000000000000000e+02 7.324000000000000000e+03
3.960000000000000000e+02 7.297000000000000000e+03
4.290000000000000000e+02 7.369000000000000000e+03
4.620000000000000000e+02 7.489000000000000000e+03
4.950000000000000000e+02 7.478000000000000000e+03
5.280000000000000000e+02 7.601000000000000000e+03
5.610000000000000000e+02 7.529000000000000000e+03
5.940000000000000000e+02 7.611000000000000000e+03
6.270000000000000000e+02 7.572000000000000000e+03
6.600000000000000000e+02 7.469000000000000000e+03
6.930000000000000000e+02 7.690000000000000000e+03
7.260000000000000000e+02 7.817000000000000000e+03
7.590000000000000000e+02 7.620000000000000000e+03
7.920000000000000000e+02 7.697000000000000000e+03
8.250000000000000000e+02 7.813000000000000000e+03
8.580000000000000000e+02 7.610000000000000000e+03
8.910000000000000000e+02 7.582000000000000000e+03
9.240000000000000000e+02 7.501000000000000000e+03
9.570000000000000000e+02 7.561000000000000000e+03
9.900000000000000000e+02 7.446000000000000000e+03
1.023000000000000000e+03 7.402000000000000000e+03
1.056000000000000000e+03 7.258000000000000000e+03
1.089000000000000000e+03 7.536000000000000000e+03
1.122000000000000000e+03 7.559000000000000000e+03
1.155000000000000000e+03 7.325000000000000000e+03
1.188000000000000000e+03 7.302000000000000000e+03
1.221000000000000000e+03 7.247000000000000000e+03
1.254000000000000000e+03 7.184000000000000000e+03
1.287000000000000000e+03 7.068000000000000000e+03
1.320000000000000000e+03 6.936000000000000000e+03
1.353000000000000000e+03 6.792000000000000000e+03
1.386000000000000000e+03 6.675000000000000000e+03
1.419000000000000000e+03 6.729000000000000000e+03
1.452000000000000000e+03 6.556000000000000000e+03
1.485000000000000000e+03 6.430000000000000000e+03
1.518000000000000000e+03 6.212000000000000000e+03
1.551000000000000000e+03 6.168000000000000000e+03
1.584000000000000000e+03 5.826000000000000000e+03
1.617000000000000000e+03 5.906000000000000000e+03
1.650000000000000000e+03 5.671000000000000000e+03
1.683000000000000000e+03 5.549000000000000000e+03
1.716000000000000000e+03 5.400000000000000000e+03
1.749000000000000000e+03 5.177000000000000000e+03
1.782000000000000000e+03 5.007000000000000000e+03
1.815000000000000000e+03 4.944000000000000000e+03
1.848000000000000000e+03 4.732000000000000000e+03
1.881000000000000000e+03 4.648000000000000000e+03
1.914000000000000000e+03 4.493000000000000000e+03
1.947000000000000000e+03 4.381000000000000000e+03
1.980000000000000000e+03 4.242000000000000000e+03
2.013000000000000000e+03 3.916000000000000000e+03
2.046000000000000000e+03 3.973000000000000000e+03
2.079000000000000000e+03 3.736000000000000000e+03
2.112000000000000000e+03 3.693000000000000000e+03
2.145000000000000000e+03 3.660000000000000000e+03
2.178000000000000000e+03 3.434000000000000000e+03
2.211000000000000000e+03 3.347000000000000000e+03
2.244000000000000000e+03 3.317000000000000000e+03
2.277000000000000000e+03 3.093000000000000000e+03
2.310000000000000000e+03 3.194000000000000000e+03
2.343000000000000000e+03 3.031000000000000000e+03
2.376000000000000000e+03 3.034000000000000000e+03
2.409000000000000000e+03 2.915000000000000000e+03
2.442000000000000000e+03 2.895000000000000000e+03
2.475000000000000000e+03 2.899000000000000000e+03
2.508000000000000000e+03 2.982000000000000000e+03
2.541000000000000000e+03 2.904000000000000000e+03
2.574000000000000000e+03 2.910000000000000000e+03
2.607000000000000000e+03 2.920000000000000000e+03
2.640000000000000000e+03 3.059000000000000000e+03
2.673000000000000000e+03 3.117000000000000000e+03
2.706000000000000000e+03 3.121000000000000000e+03
2.739000000000000000e+03 3.156000000000000000e+03
2.772000000000000000e+03 3.323000000000000000e+03
2.805000000000000000e+03 3.460000000000000000e+03
2.838000000000000000e+03 3.463000000000000000e+03
2.871000000000000000e+03 3.665000000000000000e+03
2.904000000000000000e+03 3.838000000000000000e+03
2.937000000000000000e+03 3.922000000000000000e+03
2.970000000000000000e+03 4.293000000000000000e+03
3.003000000000000000e+03 4.396000000000000000e+03
3.036000000000000000e+03 4.646000000000000000e+03
3.069000000000000000e+03 4.780000000000000000e+03
3.102000000000000000e+03 5.022000000000000000e+03
3.135000000000000000e+03 5.154000000000000000e+03
3.168000000000000000e+03 5.278000000000000000e+03
3.201000000000000000e+03 5.378000000000000000e+03
3.234000000000000000e+03 5.617000000000000000e+03
3.267000000000000000e+03 5.795000000000000000e+03
3.300000000000000000e+03 5.714000000000000000e+03
3.333000000000000000e+03 6.071000000000000000e+03
3.366000000000000000e+03 6.083000000000000000e+03
3.399000000000000000e+03 6.563000000000000000e+03
3.432000000000000000e+03 6.580000000000000000e+03
3.465000000000000000e+03 6.645000000000000000e+03
3.498000000000000000e+03 6.821000000000000000e+03
3.531000000000000000e+03 6.855000000000000000e+03
3.564000000000000000e+03 7.020000000000000000e+03
3.597000000000000000e+03 6.953000000000000000e+03
3.630000000000000000e+03 7.028000000000000000e+03
3.663000000000000000e+03 7.274000000000000000e+03
3.696000000000000000e+03 7.355000000000000000e+03
3.729000000000000000e+03 7.157000000000000000e+03
3.762000000000000000e+03 7.302000000000000000e+03
3.795000000000000000e+03 7.333000000000000000e+03
3.828000000000000000e+03 7.608000000000000000e+03
3.861000000000000000e+03 7.562000000000000000e+03
3.894000000000000000e+03 7.413000000000000000e+03
3.927000000000000000e+03 7.751000000000000000e+03
3.960000000000000000e+03 7.584000000000000000e+03
3.993000000000000000e+03 7.682000000000000000e+03
4.026000000000000000e+03 7.772000000000000000e+03
4.059000000000000000e+03 7.663000000000000000e+03
4.092000000000000000e+03 7.667000000000000000e+03
4.125000000000000000e+03 7.568000000000000000e+03
4.158000000000000000e+03 7.736000000000000000e+03
4.191000000000000000e+03 7.810000000000000000e+03
4.224000000000000000e+03 7.706000000000000000e+03
4.257000000000000000e+03 7.789000000000000000e+03
4.290000000000000000e+03 7.630000000000000000e+03
4.323000000000000000e+03 7.751000000000000000e+03
4.356000000000000000e+03 7.579000000000000000e+03
4.389000000000000000e+03 7.285000000000000000e+03
4.422000000000000000e+03 7.333000000000000000e+03
4.455000000000000000e+03 7.197000000000000000e+03
4.488000000000000000e+03 7.274000000000000000e+03
4.521000000000000000e+03 7.288000000000000000e+03
4.554000000000000000e+03 7.097000000000000000e+03
4.587000000000000000e+03 7.050000000000000000e+03
4.620000000000000000e+03 7.007000000000000000e+03
4.653000000000000000e+03 7.014000000000000000e+03
4.686000000000000000e+03 6.776000000000000000e+03
4.719000000000000000e+03 6.890000000000000000e+03
4.752000000000000000e+03 6.470000000000000000e+03
4.785000000000000000e+03 6.581000000000000000e+03
4.818000000000000000e+03 6.452000000000000000e+03
4.851000000000000000e+03 6.297000000000000000e+03
4.884000000000000000e+03 5.981000000000000000e+03
4.917000000000000000e+03 5.932000000000000000e+03
4.950000000000000000e+03 5.764000000000000000e+03
4.983000000000000000e+03 5.715000000000000000e+03
5.016000000000000000e+03 5.443000000000000000e+03
5.049000000000000000e+03 5.363000000000000000e+03
5.082000000000000000e+03 5.224000000000000000e+03
5.115000000000000000e+03 5.194000000000000000e+03
5.148000000000000000e+03 4.879000000000000000e+03
5.181000000000000000e+03 4.686000000000000000e+03
5.214000000000000000e+03 4.711000000000000000e+03
5.247000000000000000e+03 4.489000000000000000e+03
5.280000000000000000e+03 4.287000000000000000e+03
5.313000000000000000e+03 4.082000000000000000e+03
5.346000000000000000e+03 4.034000000000000000e+03
5.379000000000000000e+03 3.825000000000000000e+03
5.412000000000000000e+03 3.666000000000000000e+03
5.445000000000000000e+03 3.737000000000000000e+03
5.478000000000000000e+03 3.506000000000000000e+03
5.511000000000000000e+03 3.380000000000000000e+03
5.544000000000000000e+03 3.271000000000000000e+03
5.577000000000000000e+03 3.289000000000000000e+03
5.610000000000000000e+03 3.210000000000000000e+03
5.643000000000000000e+03 3.009000000000000000e+03
5.676000000000000000e+03 2.999000000000000000e+03
5.709000000000000000e+03 2.971000000000000000e+03
5.742000000000000000e+03 3.087000000000000000e+03
5.775000000000000000e+03 3.015000000000000000e+03
5.808000000000000000e+03 2.878000000000000000e+03
5.841000000000000000e+03 2.923000000000000000e+03
5.874000000000000000e+03 2.962000000000000000e+03
5.907000000000000000e+03 2.921000000000000000e+03
5.940000000000000000e+03 2.939000000000000000e+03
5.973000000000000000e+03 3.092000000000000000e+03
6.006000000000000000e+03 3.108000000000000000e+03
6.039000000000000000e+03 3.155000000000000000e+03
6.072000000000000000e+03 3.203000000000000000e+03
6.105000000000000000e+03 3.302000000000000000e+03
6.138000000000000000e+03 3.452000000000000000e+03
6.171000000000000000e+03 3.549000000000000000e+03
6.204000000000000000e+03 3.678000000000000000e+03
6.237000000000000000e+03 3.986000000000000000e+03
6.270000000000000000e+03 3.958000000000000000e+03
6.303000000000000000e+03 4.192000000000000000e+03
6.336000000000000000e+03 4.337000000000000000e+03
6.369000000000000000e+03 4.626000000000000000e+03
6.402000000000000000e+03 4.823000000000000000e+03
6.435000000000000000e+03 4.823000000000000000e+03
6.468000000000000000e+03 5.173000000000000000e+03
6.501000000000000000e+03 5.303000000000000000e+03
6.534000000000000000e+03 5.339000000000000000e+03
6.567000000000000000e+03 5.577000000000000000e+03
6.600000000000000000e+03 5.895000000000000000e+03
6.633000000000000000e+03 5.897000000000000000e+03
