0.000000000000000000e+00 1.710900000000000000e+04
3.333000000000000000e+03 1.735400000000000000e+04
6.666000000000000000e+03 1.747600000000000000e+04
9.999000000000000000e+03 1.791900000000000000e+04
1.333200000000000000e+04 1.792500000000000000e+04
1.666500000000000000e+04 1.844200000000000000e+04
1.999800000000000000e+04 1.864100000000000000e+04
2.333100000000000000e+04 1.865600000000000000e+04
2.666400000000000000e+04 1.858200000000000000e+04
2.999700000000000000e+04 1.869000000000000000e+04
3.333000000000000000e+04 1.906700000000000000e+04
3.666300000000000000e+04 1.906900000000000000e+04
3.999600000000000000e+04 1.914100000000000000e+04
4.332900000000000000e+04 1.931000000000000000e+04
4.666200000000000000e+04 1.923400000000000000e+04
4.999500000000000000e+04 1.947300000000000000e+04
5.332800000000000000e+04 1.948200000000000000e+04
5.666100000000000000e+04 1.949100000000000000e+04
5.999400000000000000e+04 1.948200000000000000e+04
6.332700000000000000e+04 1.940000000000000000e+04
6.666000000000000000e+04 1.923500000000000000e+04
6.999300000000000000e+04 1.925900000000000000e+04
7.332600000000000000e+04 1.933900000000000000e+04
7.665900000000000000e+04 1.933500000000000000e+04
7.999200000000000000e+04 1.947800000000000000e+04
8.332500000000000000e+04 1.919400000000000000e+04
8.665800000000000000e+04 1.947700000000000000e+04
8.999100000000000000e+04 1.927200000000000000e+04
9.332400000000000000e+04 1.899400000000000000e+04
9.665700000000000000e+04 1.894500000000000000e+04
9.999000000000000000e+04 1.864500000000000000e+04
1.033230000000000000e+05 1.854400000000000000e+04
1.066560000000000000e+05 1.807000000000000000e+04
1.099890000000000000e+05 1.827200000000000000e+04
1.133220000000000000e+05 1.820500000000000000e+04
1.166550000000000000e+05 1.771400000000000000e+04
1.199880000000000000e+05 1.786300000000000000e+04
1.233210000000000000e+05 1.732000000000000000e+04
1.266540000000000000e+05 1.701700000000000000e+04
1.299870000000000000e+05 1.674000000000000000e+04
1.333200000000000000e+05 1.640200000000000000e+04
1.366530000000000000e+05 1.611600000000000000e+04
1.399860000000000000e+05 1.584700000000000000e+04
1.433190000000000000e+05 1.509700000000000000e+04
1.466520000000000000e+05 1.486400000000000000e+04
1.499850000000000000e+05 1.462500000000000000e+04
1.533180000000000000e+05 1.432700000000000000e+04
1.566510000000000000e+05 1.373300000000000000e+04
1.599840000000000000e+05 1.334000000000000000e+04
1.633170000000000000e+05 1.298000000000000000e+04
1.666500000000000000e+05 1.228100000000000000e+04
1.699830000000000000e+05 1.186900000000000000e+04
1.733160000000000000e+05 1.156800000000000000e+04
1.766490000000000000e+05 1.125900000000000000e+04
1.799820000000000000e+05 1.063700000000000000e+04
1.833150000000000000e+05 1.027400000000000000e+04
1.866480000000000000e+05 9.816000000000000000e+03
1.899810000000000000e+05 9.521000000000000000e+03
1.933140000000000000e+05 9.017000000000000000e+03
1.966470000000000000e+05 8.559000000000000000e+03
1.999800000000000000e+05 8.303000000000000000e+03
2.033130000000000000e+05 7.965000000000000000e+03
2.066460000000000000e+05 7.545000000000000000e+03
2.099790000000000000e+05 7.354000000000000000e+03
2.133120000000000000e+05 7.061000000000000000e+03
2.166450000000000000e+05 6.843000000000000000e+03
2.199780000000000000e+05 6.774000000000000000e+03
2.233110000000000000e+05 6.484000000000000000e+03
2.266440000000000000e+05 6.697000000000000000e+03
2.299770000000000000e+05 6.630000000000000000e+03
2.333100000000000000e+05 6.459000000000000000e+03
2.366430000000000000e+05 6.772000000000000000e+03
2.399760000000000000e+05 6.525000000000000000e+03
2.433090000000000000e+05 7.026000000000000000e+03
2.466420000000000000e+05 7.036000000000000000e+03
2.499750000000000000e+05 7.144000000000000000e+03
2.533080000000000000e+05 7.511000000000000000e+03
2.566410000000000000e+05 7.761000000000000000e+03
2.599740000000000000e+05 7.959000000000000000e+03
2.633070000000000000e+05 8.351000000000000000e+03
2.666400000000000000e+05 8.821000000000000000e+03
2.699730000000000000e+05 9.250000000000000000e+03
2.733060000000000000e+05 9.539000000000000000e+03
2.766390000000000000e+05 1.018300000000000000e+04
2.799720000000000000e+05 1.041600000000000000e+04
2.833050000000000000e+05 1.097100000000000000e+04
2.866380000000000000e+05 1.132700000000000000e+04
2.899710000000000000e+05 1.196300000000000000e+04
2.933040000000000000e+05 1.232300000000000000e+04
2.966370000000000000e+05 1.275100000000000000e+04
2.999700000000000000e+05 1.317800000000000000e+04
3.033030000000000000e+05 1.349700000000000000e+04
3.066360000000000000e+05 1.411500000000000000e+04
3.099690000000000000e+05 1.460500000000000000e+04
3.133020000000000000e+05 1.511600000000000000e+04
3.166350000000000000e+05 1.517900000000000000e+04
3.199680000000000000e+05 1.573900000000000000e+04
3.233010000000000000e+05 1.603600000000000000e+04
3.266340000000000000e+05 1.627800000000000000e+04
3.299670000000000000e+05 1.658800000000000000e+04
3.333000000000000000e+05 1.685800000000000000e+04
3.366330000000000000e+05 1.702700000000000000e+04
3.399660000000000000e+05 1.754100000000000000e+04
3.432990000000000000e+05 1.774600000000000000e+04
3.466320000000000000e+05 1.801600000000000000e+04
3.499650000000000000e+05 1.807800000000000000e+04
3.532980000000000000e+05 1.845000000000000000e+04
3.566310000000000000e+05 1.859800000000000000e+04
3.599640000000000000e+05 1.861300000000000000e+04
3.632970000000000000e+05 1.885200000000000000e+04
3.666300000000000000e+05 1.915100000000000000e+04
3.699630000000000000e+05 1.925100000000000000e+04
3.732960000000000000e+05 1.947400000000000000e+04
3.766290000000000000e+05 1.911000000000000000e+04
3.799620000000000000e+05 1.941100000000000000e+04
3.832950000000000000e+05 1.940400000000000000e+04
3.866280000000000000e+05 1.953300000000000000e+04
3.899610000000000000e+05 1.936500000000000000e+04
3.932940000000000000e+05 1.951400000000000000e+04
3.966270000000000000e+05 1.928000000000000000e+04
3.999600000000000000e+05 1.940100000000000000e+04
4.032930000000000000e+05 1.954000000000000000e+04
4.066260000000000000e+05 1.945500000000000000e+04
4.099590000000000000e+05 1.932900000000000000e+04
4.132920000000000000e+05 1.946000000000000000e+04
4.166250000000000000e+05 1.953900000000000000e+04
4.199580000000000000e+05 1.941100000000000000e+04
4.232910000000000000e+05 1.926800000000000000e+04
4.266240000000000000e+05 1.877500000000000000e+04
4.299570000000000000e+05 1.898400000000000000e+04
4.332900000000000000e+05 1.859200000000000000e+04
4.366230000000000000e+05 1.853400000000000000e+04
4.399560000000000000e+05 1.850300000000000000e+04
4.432890000000000000e+05 1.824100000000000000e+04
4.466220000000000000e+05 1.806600000000000000e+04
4.499550000000000000e+05 1.791100000000000000e+04
4.532880000000000000e+05 1.779000000000000000e+04
4.566210000000000000e+05 1.730200000000000000e+04
4.599540000000000000e+05 1.708600000000000000e+04
4.632870000000000000e+05 1.662300000000000000e+04
4.666200000000000000e+05 1.624400000000000000e+04
4.699530000000000000e+05 1.613600000000000000e+04
4.732860000000000000e+05 1.581800000000000000e+04
4.766190000000000000e+05 1.546200000000000000e+04
4.799520000000000000e+05 1.499800000000000000e+04
4.832850000000000000e+05 1.470600000000000000e+04
4.866180000000000000e+05 1.428500000000000000e+04
4.899510000000000000e+05 1.363600000000000000e+04
4.932840000000000000e+05 1.342900000000000000e+04
4.966170000000000000e+05 1.288900000000000000e+04
4.999500000000000000e+05 1.271800000000000000e+04
5.032830000000000000e+05 1.204600000000000000e+04
5.066160000000000000e+05 1.169900000000000000e+04
5.099490000000000000e+05 1.105600000000000000e+04
5.132820000000000000e+05 1.065900000000000000e+04
5.166150000000000000e+05 1.018200000000000000e+04
5.199480000000000000e+05 9.867000000000000000e+03
5.232810000000000000e+05 9.266000000000000000e+03
5.266140000000000000e+05 9.012000000000000000e+03
5.299470000000000000e+05 8.467000000000000000e+03
5.332800000000000000e+05 8.178000000000000000e+03
5.366130000000000000e+05 8.036000000000000000e+03
5.399460000000000000e+05 7.636000000000000000e+03
5.432790000000000000e+05 7.379000000000000000e+03
5.466120000000000000e+05 7.112000000000000000e+03
5.499450000000000000e+05 6.934000000000000000e+03
5.532780000000000000e+05 6.739000000000000000e+03
5.566110000000000000e+05 6.532000000000000000e+03
5.599440000000000000e+05 6.642000000000000000e+03
5.632770000000000000e+05 6.546000000000000000e+03
5.666100000000000000e+05 6.582000000000000000e+03
5.699430000000000000e+05 6.633000000000000000e+03
5.732760000000000000e+05 6.874000000000000000e+03
5.766090000000000000e+05 6.708000000000000000e+03
5.799420000000000000e+05 7.093000000000000000e+03
5.832750000000000000e+05 7.045000000000000000e+03
5.866080000000000000e+05 7.422000000000000000e+03
5.899410000000000000e+05 8.055000000000000000e+03
5.932740000000000000e+05 8.087000000000000000e+03
5.966070000000000000e+05 8.479000000000000000e+03
5.999400000000000000e+05 8.788000000000000000e+03
6.032730000000000000e+05 8.960000000000000000e+03
6.066060000000000000e+05 9.716000000000000000e+03
6.099390000000000000e+05 1.003100000000000000e+04
6.132720000000000000e+05 1.055300000000000000e+04
6.166050000000000000e+05 1.082300000000000000e+04
6.199380000000000000e+05 1.141200000000000000e+04
6.232710000000000000e+05 1.193600000000000000e+04
6.266040000000000000e+05 1.237300000000000000e+04
6.299370000000000000e+05 1.259600000000000000e+04
6.332700000000000000e+05 1.322100000000000000e+04
6.366030000000000000e+05 1.353700000000000000e+04
6.399360000000000000e+05 1.420300000000000000e+04
6.432690000000000000e+05 1.460300000000000000e+04
6.466020000000000000e+05 1.511000000000000000e+04
6.499350000000000000e+05 1.522000000000000000e+04
6.532680000000000000e+05 1.577400000000000000e+04
6.566010000000000000e+05 1.605600000000000000e+04
6.599340000000000000e+05 1.636400000000000000e+04
6.632670000000000000e+05 1.655500000000000000e+04
