0.000000000000000000e+00 6.150000000000000000e+03
1.420000000000000000e+02 6.066000000000000000e+03
2.840000000000000000e+02 6.231000000000000000e+03
4.260000000000000000e+02 6.300000000000000000e+03
5.680000000000000000e+02 6.375000000000000000e+03
7.100000000000000000e+02 6.447000000000000000e+03
8.520000000000000000e+02 6.629000000000000000e+03
9.940000000000000000e+02 6.594000000000000000e+03
1.136000000000000000e+03 6.742000000000000000e+03
1.278000000000000000e+03 6.669000000000000000e+03
1.420000000000000000e+03 6.912000000000000000e+03
1.562000000000000000e+03 6.797000000000000000e+03
1.704000000000000000e+03 7.000000000000000000e+03
1.846000000000000000e+03 6.662000000000000000e+03
1.988000000000000000e+03 6.962000000000000000e+03
2.130000000000000000e+03 6.873000000000000000e+03
2.272000000000000000e+03 6.978000000000000000e+03
2.414000000000000000e+03 6.964000000000000000e+03
2.556000000000000000e+03 7.048000000000000000e+03
2.698000000000000000e+03 6.905000000000000000e+03
2.840000000000000000e+03 6.912000000000000000e+03
2.982000000000000000e+03 6.956000000000000000e+03
3.124000000000000000e+03 6.867000000000000000e+03
3.266000000000000000e+03 6.881000000000000000e+03
3.408000000000000000e+03 7.013000000000000000e+03
3.550000000000000000e+03 6.976000000000000000e+03
3.692000000000000000e+03 6.900000000000000000e+03
3.834000000000000000e+03 6.989000000000000000e+03
3.976000000000000000e+03 7.012000000000000000e+03
4.118000000000000000e+03 6.769000000000000000e+03
4.260000000000000000e+03 6.741000000000000000e+03
4.402000000000000000e+03 6.685000000000000000e+03
4.544000000000000000e+03 6.562000000000000000e+03
4.686000000000000000e+03 6.630000000000000000e+03
4.828000000000000000e+03 6.491000000000000000e+03
4.970000000000000000e+03 6.494000000000000000e+03
5.112000000000000000e+03 6.266000000000000000e+03
5.254000000000000000e+03 6.164000000000000000e+03
5.396000000000000000e+03 6.157000000000000000e+03
5.538000000000000000e+03 5.880000000000000000e+03
5.680000000000000000e+03 5.999000000000000000e+03
5.822000000000000000e+03 5.842000000000000000e+03
5.964000000000000000e+03 5.863000000000000000e+03
6.106000000000000000e+03 5.535000000000000000e+03
6.248000000000000000e+03 5.644000000000000000e+03
6.390000000000000000e+03 5.420000000000000000e+03
6.532000000000000000e+03 5.114000000000000000e+03
6.674000000000000000e+03 5.028000000000000000e+03
6.816000000000000000e+03 4.859000000000000000e+03
6.958000000000000000e+03 4.702000000000000000e+03
7.100000000000000000e+03 4.675000000000000000e+03
7.242000000000000000e+03 4.496000000000000000e+03
7.384000000000000000e+03 4.123000000000000000e+03
7.526000000000000000e+03 4.153000000000000000e+03
7.668000000000000000e+03 3.955000000000000000e+03
7.810000000000000000e+03 3.866000000000000000e+03
7.952000000000000000e+03 3.599000000000000000e+03
8.094000000000000000e+03 3.485000000000000000e+03
8.236000000000000000e+03 3.354000000000000000e+03
8.378000000000000000e+03 3.223000000000000000e+03
8.520000000000000000e+03 3.036000000000000000e+03
8.662000000000000000e+03 2.987000000000000000e+03
8.804000000000000000e+03 2.805000000000000000e+03
8.946000000000000000e+03 2.780000000000000000e+03
9.088000000000000000e+03 2.642000000000000000e+03
9.230000000000000000e+03 2.517000000000000000e+03
9.372000000000000000e+03 2.469000000000000000e+03
9.514000000000000000e+03 2.390000000000000000e+03
9.656000000000000000e+03 2.366000000000000000e+03
9.798000000000000000e+03 2.302000000000000000e+03
9.940000000000000000e+03 2.311000000000000000e+03
1.008200000000000000e+04 2.371000000000000000e+03
1.022400000000000000e+04 2.490000000000000000e+03
1.036600000000000000e+04 2.303000000000000000e+03
1.050800000000000000e+04 2.336000000000000000e+03
1.065000000000000000e+04 2.408000000000000000e+03
1.079200000000000000e+04 2.536000000000000000e+03
1.093400000000000000e+04 2.465000000000000000e+03
1.107600000000000000e+04 2.643000000000000000e+03
1.121800000000000000e+04 2.647000000000000000e+03
1.136000000000000000e+04 2.857000000000000000e+03
1.150200000000000000e+04 2.940000000000000000e+03
1.164400000000000000e+04 3.136000000000000000e+03
1.178600000000000000e+04 3.122000000000000000e+03
1.192800000000000000e+04 3.302000000000000000e+03
1.207000000000000000e+04 3.615000000000000000e+03
1.221200000000000000e+04 3.781000000000000000e+03
1.235400000000000000e+04 3.838000000000000000e+03
1.249600000000000000e+04 4.067000000000000000e+03
1.263800000000000000e+04 4.112000000000000000e+03
1.278000000000000000e+04 4.371000000000000000e+03
1.292200000000000000e+04 4.677000000000000000e+03
1.306400000000000000e+04 4.757000000000000000e+03
1.320600000000000000e+04 4.847000000000000000e+03
1.334800000000000000e+04 5.067000000000000000e+03
1.349000000000000000e+04 5.258000000000000000e+03
1.363200000000000000e+04 5.415000000000000000e+03
1.377400000000000000e+04 5.601000000000000000e+03
1.391600000000000000e+04 5.656000000000000000e+03
1.405800000000000000e+04 5.844000000000000000e+03
1.420000000000000000e+04 5.974000000000000000e+03
1.434200000000000000e+04 6.115000000000000000e+03
1.448400000000000000e+04 6.227000000000000000e+03
1.462600000000000000e+04 6.312000000000000000e+03
1.476800000000000000e+04 6.395000000000000000e+03
1.491000000000000000e+04 6.531000000000000000e+03
1.505200000000000000e+04 6.470000000000000000e+03
1.519400000000000000e+04 6.648000000000000000e+03
1.533600000000000000e+04 6.756000000000000000e+03
1.547800000000000000e+04 6.645000000000000000e+03
1.562000000000000000e+04 6.807000000000000000e+03
1.576200000000000000e+04 6.762000000000000000e+03
1.590400000000000000e+04 6.860000000000000000e+03
1.604600000000000000e+04 6.837000000000000000e+03
1.618800000000000000e+04 6.927000000000000000e+03
1.633000000000000000e+04 6.994000000000000000e+03
1.647200000000000000e+04 6.923000000000000000e+03
1.661400000000000000e+04 6.885000000000000000e+03
1.675600000000000000e+04 7.042000000000000000e+03
1.689800000000000000e+04 7.064000000000000000e+03
1.704000000000000000e+04 7.016000000000000000e+03
1.718200000000000000e+04 7.004000000000000000e+03
1.732400000000000000e+04 7.104000000000000000e+03
1.746600000000000000e+04 6.934000000000000000e+03
1.760800000000000000e+04 6.916000000000000000e+03
1.775000000000000000e+04 7.002000000000000000e+03
1.789200000000000000e+04 7.006000000000000000e+03
1.803400000000000000e+04 6.868000000000000000e+03
1.817600000000000000e+04 6.803000000000000000e+03
1.831800000000000000e+04 6.930000000000000000e+03
1.846000000000000000e+04 6.713000000000000000e+03
1.860200000000000000e+04 6.621000000000000000e+03
1.874400000000000000e+04 6.755000000000000000e+03
1.888600000000000000e+04 6.598000000000000000e+03
1.902800000000000000e+04 6.532000000000000000e+03
1.917000000000000000e+04 6.362000000000000000e+03
1.931200000000000000e+04 6.346000000000000000e+03
1.945400000000000000e+04 6.181000000000000000e+03
1.959600000000000000e+04 6.198000000000000000e+03
1.973800000000000000e+04 6.041000000000000000e+03
1.988000000000000000e+04 6.030000000000000000e+03
2.002200000000000000e+04 5.897000000000000000e+03
2.016400000000000000e+04 5.795000000000000000e+03
2.030600000000000000e+04 5.667000000000000000e+03
2.044800000000000000e+04 5.581000000000000000e+03
2.059000000000000000e+04 5.383000000000000000e+03
2.073200000000000000e+04 5.385000000000000000e+03
2.087400000000000000e+04 5.257000000000000000e+03
2.101600000000000000e+04 4.986000000000000000e+03
2.115800000000000000e+04 4.744000000000000000e+03
2.130000000000000000e+04 4.748000000000000000e+03
2.144200000000000000e+04 4.518000000000000000e+03
2.158400000000000000e+04 4.321000000000000000e+03
2.172600000000000000e+04 4.231000000000000000e+03
2.186800000000000000e+04 4.088000000000000000e+03
2.201000000000000000e+04 3.924000000000000000e+03
2.215200000000000000e+04 3.812000000000000000e+03
2.229400000000000000e+04 3.534000000000000000e+03
2.243600000000000000e+04 3.496000000000000000e+03
2.257800000000000000e+04 3.174000000000000000e+03
2.272000000000000000e+04 3.087000000000000000e+03
2.286200000000000000e+04 3.043000000000000000e+03
2.300400000000000000e+04 2.880000000000000000e+03
2.314600000000000000e+04 2.804000000000000000e+03
2.328800000000000000e+04 2.812000000000000000e+03
2.343000000000000000e+04 2.694000000000000000e+03
2.357200000000000000e+04 2.630000000000000000e+03
2.371400000000000000e+04 2.501000000000000000e+03
2.385600000000000000e+04 2.433000000000000000e+03
2.399800000000000000e+04 2.385000000000000000e+03
2.414000000000000000e+04 2.372000000000000000e+03
2.428200000000000000e+04 2.288000000000000000e+03
2.442400000000000000e+04 2.407000000000000000e+03
2.456600000000000000e+04 2.400000000000000000e+03
2.470800000000000000e+04 2.317000000000000000e+03
2.485000000000000000e+04 2.431000000000000000e+03
2.499200000000000000e+04 2.458000000000000000e+03
2.513400000000000000e+04 2.572000000000000000e+03
2.527600000000000000e+04 2.580000000000000000e+03
2.541800000000000000e+04 2.578000000000000000e+03
2.556000000000000000e+04 2.813000000000000000e+03
2.570200000000000000e+04 2.805000000000000000e+03
2.584400000000000000e+04 2.976000000000000000e+03
2.598600000000000000e+04 3.135000000000000000e+03
2.612800000000000000e+04 3.362000000000000000e+03
2.627000000000000000e+04 3.550000000000000000e+03
2.641200000000000000e+04 3.622000000000000000e+03
2.655400000000000000e+04 3.759000000000000000e+03
2.669600000000000000e+04 3.952000000000000000e+03
2.683800000000000000e+04 4.165000000000000000e+03
2.698000000000000000e+04 4.566000000000000000e+03
2.712200000000000000e+04 4.581000000000000000e+03
2.726400000000000000e+04 4.685000000000000000e+03
2.740600000000000000e+04 4.796000000000000000e+03
2.754800000000000000e+04 5.027000000000000000e+03
2.769000000000000000e+04 5.117000000000000000e+03
2.783200000000000000e+04 5.196000000000000000e+03
2.797400000000000000e+04 5.485000000000000000e+03
2.811600000000000000e+04 5.709000000000000000e+03
2.825800000000000000e+04 5.699000000000000000e+03
2.840000000000000000e+04 5.853000000000000000e+03
