0.000000000000000000e+00 1.313500000000000000e+04
5.000000000000000000e+03 1.340900000000000000e+04
1.000000000000000000e+04 1.358500000000000000e+04
1.500000000000000000e+04 1.354100000000000000e+04
2.000000000000000000e+04 1.408800000000000000e+04
2.500000000000000000e+04 1.425200000000000000e+04
3.000000000000000000e+04 1.403200000000000000e+04
3.500000000000000000e+04 1.422900000000000000e+04
4.000000000000000000e+04 1.436000000000000000e+04
4.500000000000000000e+04 1.456600000000000000e+04
5.000000000000000000e+04 1.453200000000000000e+04
5.500000000000000000e+04 1.499100000000000000e+04
6.000000000000000000e+04 1.480600000000000000e+04
6.500000000000000000e+04 1.469200000000000000e+04
7.000000000000000000e+04 1.489200000000000000e+04
7.500000000000000000e+04 1.512000000000000000e+04
8.000000000000000000e+04 1.499100000000000000e+04
8.500000000000000000e+04 1.501000000000000000e+04
9.000000000000000000e+04 1.521800000000000000e+04
9.500000000000000000e+04 1.506200000000000000e+04
1.000000000000000000e+05 1.493600000000000000e+04
1.050000000000000000e+05 1.501600000000000000e+04
1.100000000000000000e+05 1.480100000000000000e+04
1.150000000000000000e+05 1.489400000000000000e+04
1.200000000000000000e+05 1.489100000000000000e+04
1.250000000000000000e+05 1.482300000000000000e+04
1.300000000000000000e+05 1.459000000000000000e+04
1.350000000000000000e+05 1.490300000000000000e+04
1.400000000000000000e+05 1.440100000000000000e+04
1.450000000000000000e+05 1.467000000000000000e+04
1.500000000000000000e+05 1.439600000000000000e+04
1.550000000000000000e+05 1.430100000000000000e+04
1.600000000000000000e+05 1.424400000000000000e+04
1.650000000000000000e+05 1.411800000000000000e+04
1.700000000000000000e+05 1.385100000000000000e+04
1.750000000000000000e+05 1.383600000000000000e+04
1.800000000000000000e+05 1.341600000000000000e+04
1.850000000000000000e+05 1.325500000000000000e+04
1.900000000000000000e+05 1.321600000000000000e+04
1.950000000000000000e+05 1.300500000000000000e+04
2.000000000000000000e+05 1.253200000000000000e+04
2.050000000000000000e+05 1.226200000000000000e+04
2.100000000000000000e+05 1.213800000000000000e+04
2.150000000000000000e+05 1.181000000000000000e+04
2.200000000000000000e+05 1.161400000000000000e+04
2.250000000000000000e+05 1.141900000000000000e+04
2.300000000000000000e+05 1.091800000000000000e+04
2.350000000000000000e+05 1.035800000000000000e+04
2.400000000000000000e+05 1.032100000000000000e+04
2.450000000000000000e+05 9.903000000000000000e+03
2.500000000000000000e+05 9.383000000000000000e+03
2.550000000000000000e+05 9.424000000000000000e+03
2.600000000000000000e+05 8.889000000000000000e+03
2.650000000000000000e+05 8.455000000000000000e+03
2.700000000000000000e+05 8.268000000000000000e+03
2.750000000000000000e+05 7.831000000000000000e+03
2.800000000000000000e+05 7.632000000000000000e+03
2.850000000000000000e+05 7.233000000000000000e+03
2.900000000000000000e+05 6.962000000000000000e+03
2.950000000000000000e+05 6.678000000000000000e+03
3.000000000000000000e+05 6.125000000000000000e+03
3.050000000000000000e+05 6.216000000000000000e+03
3.100000000000000000e+05 5.894000000000000000e+03
3.150000000000000000e+05 5.591000000000000000e+03
3.200000000000000000e+05 5.407000000000000000e+03
3.250000000000000000e+05 5.449000000000000000e+03
3.300000000000000000e+05 5.297000000000000000e+03
3.350000000000000000e+05 5.053000000000000000e+03
3.400000000000000000e+05 5.104000000000000000e+03
3.450000000000000000e+05 5.079000000000000000e+03
3.500000000000000000e+05 5.138000000000000000e+03
3.550000000000000000e+05 5.067000000000000000e+03
3.600000000000000000e+05 5.236000000000000000e+03
3.650000000000000000e+05 5.269000000000000000e+03
3.700000000000000000e+05 5.528000000000000000e+03
3.750000000000000000e+05 5.616000000000000000e+03
3.800000000000000000e+05 5.753000000000000000e+03
3.850000000000000000e+05 5.915000000000000000e+03
3.900000000000000000e+05 6.194000000000000000e+03
3.950000000000000000e+05 6.459000000000000000e+03
4.000000000000000000e+05 6.635000000000000000e+03
4.050000000000000000e+05 7.205000000000000000e+03
4.100000000000000000e+05 7.415000000000000000e+03
4.150000000000000000e+05 7.662000000000000000e+03
4.200000000000000000e+05 8.027000000000000000e+03
4.250000000000000000e+05 8.493000000000000000e+03
4.300000000000000000e+05 8.647000000000000000e+03
4.350000000000000000e+05 9.113000000000000000e+03
4.400000000000000000e+05 9.540000000000000000e+03
4.450000000000000000e+05 9.815000000000000000e+03
4.500000000000000000e+05 1.019400000000000000e+04
4.550000000000000000e+05 1.039500000000000000e+04
4.600000000000000000e+05 1.086000000000000000e+04
4.650000000000000000e+05 1.104600000000000000e+04
4.700000000000000000e+05 1.156800000000000000e+04
4.750000000000000000e+05 1.186300000000000000e+04
4.800000000000000000e+05 1.225300000000000000e+04
4.850000000000000000e+05 1.236200000000000000e+04
4.900000000000000000e+05 1.265400000000000000e+04
4.950000000000000000e+05 1.282900000000000000e+04
5.000000000000000000e+05 1.294700000000000000e+04
5.050000000000000000e+05 1.328300000000000000e+04
5.100000000000000000e+05 1.372800000000000000e+04
5.150000000000000000e+05 1.366700000000000000e+04
5.200000000000000000e+05 1.385200000000000000e+04
5.250000000000000000e+05 1.380600000000000000e+04
5.300000000000000000e+05 1.409400000000000000e+04
5.350000000000000000e+05 1.445600000000000000e+04
5.400000000000000000e+05 1.423100000000000000e+04
5.450000000000000000e+05 1.436200000000000000e+04
5.500000000000000000e+05 1.473200000000000000e+04
5.550000000000000000e+05 1.493600000000000000e+04
5.600000000000000000e+05 1.470000000000000000e+04
5.650000000000000000e+05 1.481600000000000000e+04
5.700000000000000000e+05 1.507200000000000000e+04
5.750000000000000000e+05 1.497800000000000000e+04
5.800000000000000000e+05 1.505100000000000000e+04
5.850000000000000000e+05 1.525400000000000000e+04
5.900000000000000000e+05 1.492700000000000000e+04
5.950000000000000000e+05 1.522800000000000000e+04
6.000000000000000000e+05 1.510500000000000000e+04
6.050000000000000000e+05 1.493900000000000000e+04
6.100000000000000000e+05 1.497500000000000000e+04
6.150000000000000000e+05 1.486500000000000000e+04
6.200000000000000000e+05 1.507700000000000000e+04
6.250000000000000000e+05 1.481700000000000000e+04
6.300000000000000000e+05 1.477300000000000000e+04
6.350000000000000000e+05 1.495400000000000000e+04
6.400000000000000000e+05 1.471000000000000000e+04
6.450000000000000000e+05 1.480400000000000000e+04
6.500000000000000000e+05 1.453700000000000000e+04
6.550000000000000000e+05 1.436200000000000000e+04
6.600000000000000000e+05 1.436200000000000000e+04
6.650000000000000000e+05 1.425000000000000000e+04
6.700000000000000000e+05 1.376200000000000000e+04
6.750000000000000000e+05 1.367400000000000000e+04
6.800000000000000000e+05 1.367900000000000000e+04
6.850000000000000000e+05 1.324300000000000000e+04
6.900000000000000000e+05 1.334500000000000000e+04
6.950000000000000000e+05 1.317300000000000000e+04
7.000000000000000000e+05 1.270700000000000000e+04
7.050000000000000000e+05 1.249600000000000000e+04
7.100000000000000000e+05 1.200900000000000000e+04
7.150000000000000000e+05 1.189000000000000000e+04
7.200000000000000000e+05 1.162600000000000000e+04
7.250000000000000000e+05 1.141100000000000000e+04
7.300000000000000000e+05 1.108800000000000000e+04
7.350000000000000000e+05 1.064900000000000000e+04
7.400000000000000000e+05 1.037600000000000000e+04
7.450000000000000000e+05 9.973000000000000000e+03
7.500000000000000000e+05 9.618000000000000000e+03
7.550000000000000000e+05 9.269000000000000000e+03
7.600000000000000000e+05 8.808000000000000000e+03
7.650000000000000000e+05 8.573000000000000000e+03
7.700000000000000000e+05 8.122000000000000000e+03
7.750000000000000000e+05 7.794000000000000000e+03
7.800000000000000000e+05 7.429000000000000000e+03
7.850000000000000000e+05 7.289000000000000000e+03
7.900000000000000000e+05 6.915000000000000000e+03
7.950000000000000000e+05 6.712000000000000000e+03
8.000000000000000000e+05 6.403000000000000000e+03
8.050000000000000000e+05 6.011000000000000000e+03
8.100000000000000000e+05 6.037000000000000000e+03
8.150000000000000000e+05 5.654000000000000000e+03
8.200000000000000000e+05 5.582000000000000000e+03
8.250000000000000000e+05 5.433000000000000000e+03
8.300000000000000000e+05 5.221000000000000000e+03
8.350000000000000000e+05 5.145000000000000000e+03
8.400000000000000000e+05 4.967000000000000000e+03
8.450000000000000000e+05 5.029000000000000000e+03
8.500000000000000000e+05 4.947000000000000000e+03
8.550000000000000000e+05 5.135000000000000000e+03
8.600000000000000000e+05 5.120000000000000000e+03
8.650000000000000000e+05 5.240000000000000000e+03
8.700000000000000000e+05 5.383000000000000000e+03
8.750000000000000000e+05 5.523000000000000000e+03
8.800000000000000000e+05 5.796000000000000000e+03
8.850000000000000000e+05 6.094000000000000000e+03
8.900000000000000000e+05 6.234000000000000000e+03
8.950000000000000000e+05 6.473000000000000000e+03
9.000000000000000000e+05 6.687000000000000000e+03
9.050000000000000000e+05 7.107000000000000000e+03
9.100000000000000000e+05 7.232000000000000000e+03
9.150000000000000000e+05 7.669000000000000000e+03
9.200000000000000000e+05 8.048000000000000000e+03
9.250000000000000000e+05 8.570000000000000000e+03
9.300000000000000000e+05 8.582000000000000000e+03
9.350000000000000000e+05 9.197000000000000000e+03
9.400000000000000000e+05 9.557000000000000000e+03
9.450000000000000000e+05 9.947000000000000000e+03
9.500000000000000000e+05 1.023800000000000000e+04
9.550000000000000000e+05 1.069600000000000000e+04
9.600000000000000000e+05 1.114700000000000000e+04
9.650000000000000000e+05 1.107600000000000000e+04
9.700000000000000000e+05 1.164200000000000000e+04
9.750000000000000000e+05 1.181200000000000000e+04
9.800000000000000000e+05 1.214000000000000000e+04
9.850000000000000000e+05 1.246400000000000000e+04
9.900000000000000000e+05 1.278800000000000000e+04
9.950000000000000000e+05 1.290300000000000000e+04
