0.000000000000000000e+00 5.986000000000000000e+03
5.000000000000000000e+01 6.089000000000000000e+03
1.000000000000000000e+02 6.287000000000000000e+03
1.500000000000000000e+02 6.521000000000000000e+03
2.000000000000000000e+02 6.530000000000000000e+03
2.500000000000000000e+02 6.633000000000000000e+03
3.000000000000000000e+02 6.996000000000000000e+03
3.500000000000000000e+02 6.986000000000000000e+03
4.000000000000000000e+02 6.956000000000000000e+03
4.500000000000000000e+02 7.144000000000000000e+03
5.000000000000000000e+02 6.874000000000000000e+03
5.500000000000000000e+02 7.268000000000000000e+03
6.000000000000000000e+02 7.343000000000000000e+03
6.500000000000000000e+02 7.388000000000000000e+03
7.000000000000000000e+02 7.468000000000000000e+03
7.500000000000000000e+02 7.356000000000000000e+03
8.000000000000000000e+02 7.464000000000000000e+03
8.500000000000000000e+02 7.397000000000000000e+03
9.000000000000000000e+02 7.445000000000000000e+03
9.500000000000000000e+02 7.360000000000000000e+03
1.000000000000000000e+03 7.409000000000000000e+03
1.050000000000000000e+03 7.562000000000000000e+03
1.100000000000000000e+03 7.372000000000000000e+03
1.150000000000000000e+03 7.343000000000000000e+03
1.200000000000000000e+03 7.376000000000000000e+03
1.250000000000000000e+03 7.330000000000000000e+03
1.300000000000000000e+03 7.286000000000000000e+03
1.350000000000000000e+03 7.505000000000000000e+03
1.400000000000000000e+03 7.410000000000000000e+03
1.450000000000000000e+03 7.096000000000000000e+03
1.500000000000000000e+03 7.242000000000000000e+03
1.550000000000000000e+03 7.180000000000000000e+03
1.600000000000000000e+03 7.089000000000000000e+03
1.650000000000000000e+03 7.068000000000000000e+03
1.700000000000000000e+03 6.896000000000000000e+03
1.750000000000000000e+03 6.790000000000000000e+03
1.800000000000000000e+03 6.761000000000000000e+03
1.850000000000000000e+03 6.763000000000000000e+03
1.900000000000000000e+03 6.716000000000000000e+03
1.950000000000000000e+03 6.436000000000000000e+03
2.000000000000000000e+03 6.302000000000000000e+03
2.050000000000000000e+03 6.199000000000000000e+03
2.100000000000000000e+03 6.231000000000000000e+03
2.150000000000000000e+03 6.191000000000000000e+03
2.200000000000000000e+03 5.969000000000000000e+03
2.250000000000000000e+03 5.820000000000000000e+03
2.300000000000000000e+03 5.755000000000000000e+03
2.350000000000000000e+03 5.445000000000000000e+03
2.400000000000000000e+03 5.257000000000000000e+03
2.450000000000000000e+03 5.135000000000000000e+03
2.500000000000000000e+03 5.145000000000000000e+03
2.550000000000000000e+03 4.888000000000000000e+03
2.600000000000000000e+03 4.565000000000000000e+03
2.650000000000000000e+03 4.509000000000000000e+03
2.700000000000000000e+03 4.478000000000000000e+03
2.750000000000000000e+03 4.163000000000000000e+03
2.800000000000000000e+03 4.123000000000000000e+03
2.850000000000000000e+03 3.927000000000000000e+03
2.900000000000000000e+03 3.918000000000000000e+03
2.950000000000000000e+03 3.736000000000000000e+03
3.000000000000000000e+03 3.519000000000000000e+03
3.050000000000000000e+03 3.403000000000000000e+03
3.100000000000000000e+03 3.264000000000000000e+03
3.150000000000000000e+03 3.190000000000000000e+03
3.200000000000000000e+03 3.041000000000000000e+03
3.250000000000000000e+03 2.922000000000000000e+03
3.300000000000000000e+03 2.939000000000000000e+03
3.350000000000000000e+03 2.799000000000000000e+03
3.400000000000000000e+03 2.708000000000000000e+03
3.450000000000000000e+03 2.653000000000000000e+03
3.500000000000000000e+03 2.646000000000000000e+03
3.550000000000000000e+03 2.625000000000000000e+03
3.600000000000000000e+03 2.598000000000000000e+03
3.650000000000000000e+03 2.626000000000000000e+03
3.700000000000000000e+03 2.610000000000000000e+03
3.750000000000000000e+03 2.669000000000000000e+03
3.800000000000000000e+03 2.651000000000000000e+03
3.850000000000000000e+03 2.631000000000000000e+03
3.900000000000000000e+03 2.604000000000000000e+03
3.950000000000000000e+03 2.859000000000000000e+03
4.000000000000000000e+03 2.845000000000000000e+03
4.050000000000000000e+03 2.941000000000000000e+03
4.100000000000000000e+03 2.910000000000000000e+03
4.150000000000000000e+03 3.186000000000000000e+03
4.200000000000000000e+03 3.415000000000000000e+03
4.250000000000000000e+03 3.494000000000000000e+03
4.300000000000000000e+03 3.625000000000000000e+03
4.350000000000000000e+03 3.755000000000000000e+03
4.400000000000000000e+03 4.085000000000000000e+03
4.450000000000000000e+03 4.224000000000000000e+03
4.500000000000000000e+03 4.189000000000000000e+03
4.550000000000000000e+03 4.521000000000000000e+03
4.600000000000000000e+03 4.638000000000000000e+03
4.650000000000000000e+03 5.032000000000000000e+03
4.700000000000000000e+03 5.033000000000000000e+03
4.750000000000000000e+03 5.314000000000000000e+03
4.800000000000000000e+03 5.507000000000000000e+03
4.850000000000000000e+03 5.539000000000000000e+03
4.900000000000000000e+03 5.782000000000000000e+03
4.950000000000000000e+03 6.016000000000000000e+03
5.000000000000000000e+03 6.060000000000000000e+03
5.050000000000000000e+03 6.236000000000000000e+03
5.100000000000000000e+03 6.293000000000000000e+03
5.150000000000000000e+03 6.390000000000000000e+03
5.200000000000000000e+03 6.587000000000000000e+03
5.250000000000000000e+03 6.712000000000000000e+03
5.300000000000000000e+03 6.697000000000000000e+03
5.350000000000000000e+03 7.089000000000000000e+03
5.400000000000000000e+03 7.001000000000000000e+03
5.450000000000000000e+03 7.002000000000000000e+03
5.500000000000000000e+03 7.105000000000000000e+03
5.550000000000000000e+03 7.110000000000000000e+03
5.600000000000000000e+03 7.229000000000000000e+03
5.650000000000000000e+03 7.147000000000000000e+03
5.700000000000000000e+03 7.223000000000000000e+03
5.750000000000000000e+03 7.361000000000000000e+03
5.800000000000000000e+03 7.274000000000000000e+03
5.850000000000000000e+03 7.490000000000000000e+03
5.900000000000000000e+03 7.595000000000000000e+03
5.950000000000000000e+03 7.278000000000000000e+03
6.000000000000000000e+03 7.445000000000000000e+03
6.050000000000000000e+03 7.541000000000000000e+03
6.100000000000000000e+03 7.369000000000000000e+03
6.150000000000000000e+03 7.502000000000000000e+03
6.200000000000000000e+03 7.563000000000000000e+03
6.250000000000000000e+03 7.472000000000000000e+03
6.300000000000000000e+03 7.487000000000000000e+03
6.350000000000000000e+03 7.233000000000000000e+03
6.400000000000000000e+03 7.409000000000000000e+03
6.450000000000000000e+03 7.215000000000000000e+03
6.500000000000000000e+03 7.068000000000000000e+03
6.550000000000000000e+03 7.096000000000000000e+03
6.600000000000000000e+03 7.119000000000000000e+03
6.650000000000000000e+03 7.085000000000000000e+03
6.700000000000000000e+03 7.018000000000000000e+03
6.750000000000000000e+03 7.075000000000000000e+03
6.800000000000000000e+03 6.904000000000000000e+03
6.850000000000000000e+03 6.808000000000000000e+03
6.900000000000000000e+03 6.735000000000000000e+03
6.950000000000000000e+03 6.534000000000000000e+03
7.000000000000000000e+03 6.448000000000000000e+03
7.050000000000000000e+03 6.191000000000000000e+03
7.100000000000000000e+03 6.177000000000000000e+03
7.150000000000000000e+03 6.120000000000000000e+03
7.200000000000000000e+03 6.015000000000000000e+03
7.250000000000000000e+03 5.633000000000000000e+03
7.300000000000000000e+03 5.500000000000000000e+03
7.350000000000000000e+03 5.364000000000000000e+03
7.400000000000000000e+03 5.512000000000000000e+03
7.450000000000000000e+03 5.202000000000000000e+03
7.500000000000000000e+03 5.051000000000000000e+03
7.550000000000000000e+03 4.878000000000000000e+03
7.600000000000000000e+03 4.833000000000000000e+03
7.650000000000000000e+03 4.418000000000000000e+03
7.700000000000000000e+03 4.270000000000000000e+03
7.750000000000000000e+03 4.107000000000000000e+03
7.800000000000000000e+03 4.099000000000000000e+03
7.850000000000000000e+03 3.893000000000000000e+03
7.900000000000000000e+03 3.782000000000000000e+03
7.950000000000000000e+03 3.701000000000000000e+03
8.000000000000000000e+03 3.539000000000000000e+03
8.050000000000000000e+03 3.380000000000000000e+03
8.100000000000000000e+03 3.210000000000000000e+03
8.150000000000000000e+03 3.228000000000000000e+03
8.200000000000000000e+03 3.067000000000000000e+03
8.250000000000000000e+03 2.953000000000000000e+03
8.300000000000000000e+03 2.824000000000000000e+03
8.350000000000000000e+03 2.792000000000000000e+03
8.400000000000000000e+03 2.759000000000000000e+03
8.450000000000000000e+03 2.644000000000000000e+03
8.500000000000000000e+03 2.651000000000000000e+03
8.550000000000000000e+03 2.544000000000000000e+03
8.600000000000000000e+03 2.573000000000000000e+03
8.650000000000000000e+03 2.526000000000000000e+03
8.700000000000000000e+03 2.566000000000000000e+03
8.750000000000000000e+03 2.550000000000000000e+03
8.800000000000000000e+03 2.646000000000000000e+03
8.850000000000000000e+03 2.659000000000000000e+03
8.900000000000000000e+03 2.785000000000000000e+03
8.950000000000000000e+03 2.816000000000000000e+03
9.000000000000000000e+03 2.828000000000000000e+03
9.050000000000000000e+03 3.006000000000000000e+03
9.100000000000000000e+03 3.063000000000000000e+03
9.150000000000000000e+03 3.133000000000000000e+03
9.200000000000000000e+03 3.322000000000000000e+03
9.250000000000000000e+03 3.569000000000000000e+03
9.300000000000000000e+03 3.726000000000000000e+03
9.350000000000000000e+03 3.821000000000000000e+03
9.400000000000000000e+03 4.002000000000000000e+03
9.450000000000000000e+03 4.161000000000000000e+03
9.500000000000000000e+03 4.393000000000000000e+03
9.550000000000000000e+03 4.592000000000000000e+03
9.600000000000000000e+03 4.714000000000000000e+03
9.650000000000000000e+03 4.967000000000000000e+03
9.700000000000000000e+03 5.057000000000000000e+03
9.750000000000000000e+03 5.295000000000000000e+03
9.800000000000000000e+03 5.524000000000000000e+03
9.850000000000000000e+03 5.584000000000000000e+03
9.900000000000000000e+03 5.762000000000000000e+03
9.950000000000000000e+03 5.997000000000000000e+03
