0.000000000000000000e+00 5.325000000000000000e+03
1.400000000000000000e+01 5.463000000000000000e+03
2.800000000000000000e+01 5.646000000000000000e+03
4.200000000000000000e+01 5.723000000000000000e+03
5.600000000000000000e+01 5.710000000000000000e+03
7.000000000000000000e+01 6.028000000000000000e+03
8.400000000000000000e+01 6.164000000000000000e+03
9.800000000000000000e+01 6.237000000000000000e+03
1.120000000000000000e+02 6.439000000000000000e+03
1.260000000000000000e+02 6.533000000000000000e+03
1.400000000000000000e+02 6.671000000000000000e+03
1.540000000000000000e+02 6.710000000000000000e+03
1.680000000000000000e+02 6.812000000000000000e+03
1.820000000000000000e+02 6.802000000000000000e+03
1.960000000000000000e+02 6.930000000000000000e+03
2.100000000000000000e+02 6.942000000000000000e+03
2.240000000000000000e+02 7.024000000000000000e+03
2.380000000000000000e+02 7.080000000000000000e+03
2.520000000000000000e+02 7.142000000000000000e+03
2.660000000000000000e+02 7.008000000000000000e+03
2.800000000000000000e+02 7.194000000000000000e+03
2.940000000000000000e+02 7.207000000000000000e+03
3.080000000000000000e+02 7.262000000000000000e+03
3.220000000000000000e+02 7.112000000000000000e+03
3.360000000000000000e+02 7.347000000000000000e+03
3.500000000000000000e+02 7.212000000000000000e+03
3.640000000000000000e+02 7.265000000000000000e+03
3.780000000000000000e+02 7.222000000000000000e+03
3.920000000000000000e+02 7.271000000000000000e+03
4.060000000000000000e+02 7.120000000000000000e+03
4.200000000000000000e+02 7.174000000000000000e+03
4.340000000000000000e+02 7.154000000000000000e+03
4.480000000000000000e+02 7.214000000000000000e+03
4.620000000000000000e+02 7.146000000000000000e+03
4.760000000000000000e+02 7.057000000000000000e+03
4.900000000000000000e+02 6.814000000000000000e+03
5.040000000000000000e+02 7.063000000000000000e+03
5.180000000000000000e+02 6.995000000000000000e+03
5.320000000000000000e+02 6.819000000000000000e+03
5.460000000000000000e+02 6.764000000000000000e+03
5.600000000000000000e+02 6.768000000000000000e+03
5.740000000000000000e+02 6.759000000000000000e+03
5.880000000000000000e+02 6.609000000000000000e+03
6.020000000000000000e+02 6.418000000000000000e+03
6.160000000000000000e+02 6.435000000000000000e+03
6.300000000000000000e+02 6.443000000000000000e+03
6.440000000000000000e+02 6.355000000000000000e+03
6.580000000000000000e+02 6.101000000000000000e+03
6.720000000000000000e+02 6.064000000000000000e+03
6.860000000000000000e+02 5.985000000000000000e+03
7.000000000000000000e+02 5.731000000000000000e+03
7.140000000000000000e+02 5.808000000000000000e+03
7.280000000000000000e+02 5.699000000000000000e+03
7.420000000000000000e+02 5.603000000000000000e+03
7.560000000000000000e+02 5.416000000000000000e+03
7.700000000000000000e+02 5.303000000000000000e+03
7.840000000000000000e+02 5.136000000000000000e+03
7.980000000000000000e+02 5.053000000000000000e+03
8.120000000000000000e+02 5.018000000000000000e+03
8.260000000000000000e+02 4.839000000000000000e+03
8.400000000000000000e+02 4.491000000000000000e+03
8.540000000000000000e+02 4.537000000000000000e+03
8.680000000000000000e+02 4.498000000000000000e+03
8.820000000000000000e+02 4.340000000000000000e+03
8.960000000000000000e+02 4.269000000000000000e+03
9.100000000000000000e+02 4.152000000000000000e+03
9.240000000000000000e+02 4.105000000000000000e+03
9.380000000000000000e+02 3.839000000000000000e+03
9.520000000000000000e+02 3.924000000000000000e+03
9.660000000000000000e+02 3.788000000000000000e+03
9.800000000000000000e+02 3.737000000000000000e+03
9.940000000000000000e+02 3.784000000000000000e+03
1.008000000000000000e+03 3.599000000000000000e+03
1.022000000000000000e+03 3.445000000000000000e+03
1.036000000000000000e+03 3.461000000000000000e+03
1.050000000000000000e+03 3.384000000000000000e+03
1.064000000000000000e+03 3.478000000000000000e+03
1.078000000000000000e+03 3.321000000000000000e+03
1.092000000000000000e+03 3.298000000000000000e+03
1.106000000000000000e+03 3.313000000000000000e+03
1.120000000000000000e+03 3.302000000000000000e+03
1.134000000000000000e+03 3.194000000000000000e+03
1.148000000000000000e+03 3.353000000000000000e+03
1.162000000000000000e+03 3.486000000000000000e+03
1.176000000000000000e+03 3.401000000000000000e+03
1.190000000000000000e+03 3.459000000000000000e+03
1.204000000000000000e+03 3.474000000000000000e+03
1.218000000000000000e+03 3.550000000000000000e+03
1.232000000000000000e+03 3.578000000000000000e+03
1.246000000000000000e+03 3.724000000000000000e+03
1.260000000000000000e+03 3.823000000000000000e+03
1.274000000000000000e+03 3.873000000000000000e+03
1.288000000000000000e+03 4.120000000000000000e+03
1.302000000000000000e+03 4.105000000000000000e+03
1.316000000000000000e+03 4.350000000000000000e+03
1.330000000000000000e+03 4.394000000000000000e+03
1.344000000000000000e+03 4.745000000000000000e+03
1.358000000000000000e+03 4.696000000000000000e+03
1.372000000000000000e+03 4.867000000000000000e+03
1.386000000000000000e+03 4.962000000000000000e+03
1.400000000000000000e+03 5.103000000000000000e+03
1.414000000000000000e+03 5.149000000000000000e+03
1.428000000000000000e+03 5.458000000000000000e+03
1.442000000000000000e+03 5.560000000000000000e+03
1.456000000000000000e+03 5.640000000000000000e+03
1.470000000000000000e+03 5.940000000000000000e+03
1.484000000000000000e+03 5.911000000000000000e+03
1.498000000000000000e+03 5.995000000000000000e+03
1.512000000000000000e+03 6.094000000000000000e+03
1.526000000000000000e+03 6.240000000000000000e+03
1.540000000000000000e+03 6.403000000000000000e+03
1.554000000000000000e+03 6.470000000000000000e+03
1.568000000000000000e+03 6.783000000000000000e+03
1.582000000000000000e+03 6.725000000000000000e+03
1.596000000000000000e+03 6.673000000000000000e+03
1.610000000000000000e+03 6.753000000000000000e+03
1.624000000000000000e+03 7.105000000000000000e+03
1.638000000000000000e+03 6.890000000000000000e+03
1.652000000000000000e+03 7.245000000000000000e+03
1.666000000000000000e+03 7.240000000000000000e+03
1.680000000000000000e+03 7.108000000000000000e+03
1.694000000000000000e+03 7.325000000000000000e+03
1.708000000000000000e+03 7.143000000000000000e+03
1.722000000000000000e+03 7.109000000000000000e+03
1.736000000000000000e+03 7.347000000000000000e+03
1.750000000000000000e+03 7.105000000000000000e+03
1.764000000000000000e+03 7.487000000000000000e+03
1.778000000000000000e+03 7.170000000000000000e+03
1.792000000000000000e+03 7.348000000000000000e+03
1.806000000000000000e+03 7.383000000000000000e+03
1.820000000000000000e+03 7.243000000000000000e+03
1.834000000000000000e+03 7.187000000000000000e+03
1.848000000000000000e+03 7.249000000000000000e+03
1.862000000000000000e+03 7.199000000000000000e+03
1.876000000000000000e+03 7.234000000000000000e+03
1.890000000000000000e+03 7.088000000000000000e+03
1.904000000000000000e+03 7.011000000000000000e+03
1.918000000000000000e+03 7.070000000000000000e+03
1.932000000000000000e+03 7.012000000000000000e+03
1.946000000000000000e+03 7.072000000000000000e+03
1.960000000000000000e+03 7.000000000000000000e+03
1.974000000000000000e+03 6.916000000000000000e+03
1.988000000000000000e+03 6.820000000000000000e+03
2.002000000000000000e+03 6.598000000000000000e+03
2.016000000000000000e+03 6.705000000000000000e+03
2.030000000000000000e+03 6.618000000000000000e+03
2.044000000000000000e+03 6.467000000000000000e+03
2.058000000000000000e+03 6.489000000000000000e+03
2.072000000000000000e+03 6.351000000000000000e+03
2.086000000000000000e+03 6.095000000000000000e+03
2.100000000000000000e+03 6.059000000000000000e+03
2.114000000000000000e+03 5.829000000000000000e+03
2.128000000000000000e+03 5.855000000000000000e+03
2.142000000000000000e+03 5.622000000000000000e+03
2.156000000000000000e+03 5.526000000000000000e+03
2.170000000000000000e+03 5.505000000000000000e+03
2.184000000000000000e+03 5.526000000000000000e+03
2.198000000000000000e+03 5.294000000000000000e+03
2.212000000000000000e+03 5.126000000000000000e+03
2.226000000000000000e+03 5.131000000000000000e+03
2.240000000000000000e+03 4.998000000000000000e+03
2.254000000000000000e+03 4.664000000000000000e+03
2.268000000000000000e+03 4.747000000000000000e+03
2.282000000000000000e+03 4.509000000000000000e+03
2.296000000000000000e+03 4.260000000000000000e+03
2.310000000000000000e+03 4.324000000000000000e+03
2.324000000000000000e+03 4.210000000000000000e+03
2.338000000000000000e+03 4.148000000000000000e+03
2.352000000000000000e+03 4.060000000000000000e+03
2.366000000000000000e+03 3.911000000000000000e+03
2.380000000000000000e+03 3.873000000000000000e+03
2.394000000000000000e+03 3.767000000000000000e+03
2.408000000000000000e+03 3.781000000000000000e+03
2.422000000000000000e+03 3.638000000000000000e+03
2.436000000000000000e+03 3.680000000000000000e+03
2.450000000000000000e+03 3.614000000000000000e+03
2.464000000000000000e+03 3.386000000000000000e+03
2.478000000000000000e+03 3.491000000000000000e+03
2.492000000000000000e+03 3.478000000000000000e+03
2.506000000000000000e+03 3.376000000000000000e+03
2.520000000000000000e+03 3.256000000000000000e+03
2.534000000000000000e+03 3.392000000000000000e+03
2.548000000000000000e+03 3.238000000000000000e+03
2.562000000000000000e+03 3.270000000000000000e+03
2.576000000000000000e+03 3.292000000000000000e+03
2.590000000000000000e+03 3.266000000000000000e+03
2.604000000000000000e+03 3.360000000000000000e+03
2.618000000000000000e+03 3.440000000000000000e+03
2.632000000000000000e+03 3.505000000000000000e+03
2.646000000000000000e+03 3.658000000000000000e+03
2.660000000000000000e+03 3.624000000000000000e+03
2.674000000000000000e+03 3.784000000000000000e+03
2.688000000000000000e+03 3.915000000000000000e+03
2.702000000000000000e+03 3.984000000000000000e+03
2.716000000000000000e+03 4.146000000000000000e+03
2.730000000000000000e+03 4.122000000000000000e+03
2.744000000000000000e+03 4.180000000000000000e+03
2.758000000000000000e+03 4.310000000000000000e+03
2.772000000000000000e+03 4.614000000000000000e+03
2.786000000000000000e+03 4.767000000000000000e+03
2.800000000000000000e+03 4.799000000000000000e+03
2.814000000000000000e+03 4.876000000000000000e+03
2.828000000000000000e+03 5.084000000000000000e+03
2.842000000000000000e+03 5.307000000000000000e+03
