0.000000000000000000e+00 6.322000000000000000e+03
1.000000000000000000e+02 6.413000000000000000e+03
2.000000000000000000e+02 6.611000000000000000e+03
3.000000000000000000e+02 6.556000000000000000e+03
4.000000000000000000e+02 6.741000000000000000e+03
5.000000000000000000e+02 6.971000000000000000e+03
6.000000000000000000e+02 6.828000000000000000e+03
7.000000000000000000e+02 6.846000000000000000e+03
8.000000000000000000e+02 7.042000000000000000e+03
9.000000000000000000e+02 7.088000000000000000e+03
1.000000000000000000e+03 7.226000000000000000e+03
1.100000000000000000e+03 7.185000000000000000e+03
1.200000000000000000e+03 7.307000000000000000e+03
1.300000000000000000e+03 7.258000000000000000e+03
1.400000000000000000e+03 7.319000000000000000e+03
1.500000000000000000e+03 7.172000000000000000e+03
1.600000000000000000e+03 7.437000000000000000e+03
1.700000000000000000e+03 7.490000000000000000e+03
1.800000000000000000e+03 7.331000000000000000e+03
1.900000000000000000e+03 7.552000000000000000e+03
2.000000000000000000e+03 7.383000000000000000e+03
2.100000000000000000e+03 7.240000000000000000e+03
2.200000000000000000e+03 7.470000000000000000e+03
2.300000000000000000e+03 7.260000000000000000e+03
2.400000000000000000e+03 7.499000000000000000e+03
2.500000000000000000e+03 7.169000000000000000e+03
2.600000000000000000e+03 7.288000000000000000e+03
2.700000000000000000e+03 7.254000000000000000e+03
2.800000000000000000e+03 7.090000000000000000e+03
2.900000000000000000e+03 7.204000000000000000e+03
3.000000000000000000e+03 7.065000000000000000e+03
3.100000000000000000e+03 7.009000000000000000e+03
3.200000000000000000e+03 7.177000000000000000e+03
3.300000000000000000e+03 7.146000000000000000e+03
3.400000000000000000e+03 6.928000000000000000e+03
3.500000000000000000e+03 6.788000000000000000e+03
3.600000000000000000e+03 6.703000000000000000e+03
3.700000000000000000e+03 6.606000000000000000e+03
3.800000000000000000e+03 6.681000000000000000e+03
3.900000000000000000e+03 6.287000000000000000e+03
4.000000000000000000e+03 6.441000000000000000e+03
4.100000000000000000e+03 6.172000000000000000e+03
4.200000000000000000e+03 5.962000000000000000e+03
4.300000000000000000e+03 5.952000000000000000e+03
4.400000000000000000e+03 5.915000000000000000e+03
4.500000000000000000e+03 5.652000000000000000e+03
4.600000000000000000e+03 5.606000000000000000e+03
4.700000000000000000e+03 5.391000000000000000e+03
4.800000000000000000e+03 5.235000000000000000e+03
4.900000000000000000e+03 5.065000000000000000e+03
5.000000000000000000e+03 5.001000000000000000e+03
5.100000000000000000e+03 4.690000000000000000e+03
5.200000000000000000e+03 4.655000000000000000e+03
5.300000000000000000e+03 4.275000000000000000e+03
5.400000000000000000e+03 4.172000000000000000e+03
5.500000000000000000e+03 4.076000000000000000e+03
5.600000000000000000e+03 3.809000000000000000e+03
5.700000000000000000e+03 3.675000000000000000e+03
5.800000000000000000e+03 3.605000000000000000e+03
5.900000000000000000e+03 3.378000000000000000e+03
6.000000000000000000e+03 3.220000000000000000e+03
6.100000000000000000e+03 3.254000000000000000e+03
6.200000000000000000e+03 2.997000000000000000e+03
6.300000000000000000e+03 2.926000000000000000e+03
6.400000000000000000e+03 2.920000000000000000e+03
6.500000000000000000e+03 2.823000000000000000e+03
6.600000000000000000e+03 2.749000000000000000e+03
6.700000000000000000e+03 2.616000000000000000e+03
6.800000000000000000e+03 2.509000000000000000e+03
6.900000000000000000e+03 2.486000000000000000e+03
7.000000000000000000e+03 2.493000000000000000e+03
7.100000000000000000e+03 2.422000000000000000e+03
7.200000000000000000e+03 2.444000000000000000e+03
7.300000000000000000e+03 2.478000000000000000e+03
7.400000000000000000e+03 2.492000000000000000e+03
7.500000000000000000e+03 2.527000000000000000e+03
7.600000000000000000e+03 2.672000000000000000e+03
7.700000000000000000e+03 2.658000000000000000e+03
7.800000000000000000e+03 2.725000000000000000e+03
7.900000000000000000e+03 2.944000000000000000e+03
8.000000000000000000e+03 3.074000000000000000e+03
8.100000000000000000e+03 3.179000000000000000e+03
8.200000000000000000e+03 3.280000000000000000e+03
8.300000000000000000e+03 3.394000000000000000e+03
8.400000000000000000e+03 3.538000000000000000e+03
8.500000000000000000e+03 3.716000000000000000e+03
8.600000000000000000e+03 3.850000000000000000e+03
8.700000000000000000e+03 4.119000000000000000e+03
8.800000000000000000e+03 4.344000000000000000e+03
8.900000000000000000e+03 4.418000000000000000e+03
9.000000000000000000e+03 4.602000000000000000e+03
9.100000000000000000e+03 4.867000000000000000e+03
9.200000000000000000e+03 5.116000000000000000e+03
9.300000000000000000e+03 5.265000000000000000e+03
9.400000000000000000e+03 5.355000000000000000e+03
9.500000000000000000e+03 5.515000000000000000e+03
9.600000000000000000e+03 5.698000000000000000e+03
9.700000000000000000e+03 5.870000000000000000e+03
9.800000000000000000e+03 6.086000000000000000e+03
9.900000000000000000e+03 6.168000000000000000e+03
1.000000000000000000e+04 6.426000000000000000e+03
1.010000000000000000e+04 6.318000000000000000e+03
1.020000000000000000e+04 6.561000000000000000e+03
1.030000000000000000e+04 6.579000000000000000e+03
1.040000000000000000e+04 6.777000000000000000e+03
1.050000000000000000e+04 7.055000000000000000e+03
1.060000000000000000e+04 6.744000000000000000e+03
1.070000000000000000e+04 7.028000000000000000e+03
1.080000000000000000e+04 6.946000000000000000e+03
1.090000000000000000e+04 7.158000000000000000e+03
1.100000000000000000e+04 7.267000000000000000e+03
1.110000000000000000e+04 7.275000000000000000e+03
1.120000000000000000e+04 7.394000000000000000e+03
1.130000000000000000e+04 7.179000000000000000e+03
1.140000000000000000e+04 7.316000000000000000e+03
1.150000000000000000e+04 7.290000000000000000e+03
1.160000000000000000e+04 7.333000000000000000e+03
1.170000000000000000e+04 7.423000000000000000e+03
1.180000000000000000e+04 7.388000000000000000e+03
1.190000000000000000e+04 7.278000000000000000e+03
1.200000000000000000e+04 7.441000000000000000e+03
1.210000000000000000e+04 7.412000000000000000e+03
1.220000000000000000e+04 7.226000000000000000e+03
1.230000000000000000e+04 7.329000000000000000e+03
1.240000000000000000e+04 7.409000000000000000e+03
1.250000000000000000e+04 7.233000000000000000e+03
1.260000000000000000e+04 7.231000000000000000e+03
1.270000000000000000e+04 7.223000000000000000e+03
1.280000000000000000e+04 6.994000000000000000e+03
1.290000000000000000e+04 7.199000000000000000e+03
1.300000000000000000e+04 7.015000000000000000e+03
1.310000000000000000e+04 7.188000000000000000e+03
1.320000000000000000e+04 7.057000000000000000e+03
1.330000000000000000e+04 6.953000000000000000e+03
1.340000000000000000e+04 7.069000000000000000e+03
1.350000000000000000e+04 6.786000000000000000e+03
1.360000000000000000e+04 6.810000000000000000e+03
1.370000000000000000e+04 6.451000000000000000e+03
1.380000000000000000e+04 6.468000000000000000e+03
1.390000000000000000e+04 6.550000000000000000e+03
1.400000000000000000e+04 6.399000000000000000e+03
1.410000000000000000e+04 6.282000000000000000e+03
1.420000000000000000e+04 6.055000000000000000e+03
1.430000000000000000e+04 5.951000000000000000e+03
1.440000000000000000e+04 5.909000000000000000e+03
1.450000000000000000e+04 5.478000000000000000e+03
1.460000000000000000e+04 5.556000000000000000e+03
1.470000000000000000e+04 5.445000000000000000e+03
1.480000000000000000e+04 5.300000000000000000e+03
1.490000000000000000e+04 4.952000000000000000e+03
1.500000000000000000e+04 4.867000000000000000e+03
1.510000000000000000e+04 4.679000000000000000e+03
1.520000000000000000e+04 4.459000000000000000e+03
1.530000000000000000e+04 4.302000000000000000e+03
1.540000000000000000e+04 4.247000000000000000e+03
1.550000000000000000e+04 3.965000000000000000e+03
1.560000000000000000e+04 3.908000000000000000e+03
1.570000000000000000e+04 3.616000000000000000e+03
1.580000000000000000e+04 3.525000000000000000e+03
1.590000000000000000e+04 3.579000000000000000e+03
1.600000000000000000e+04 3.205000000000000000e+03
1.610000000000000000e+04 3.129000000000000000e+03
1.620000000000000000e+04 3.077000000000000000e+03
1.630000000000000000e+04 2.884000000000000000e+03
1.640000000000000000e+04 2.891000000000000000e+03
1.650000000000000000e+04 2.707000000000000000e+03
1.660000000000000000e+04 2.635000000000000000e+03
1.670000000000000000e+04 2.557000000000000000e+03
1.680000000000000000e+04 2.593000000000000000e+03
1.690000000000000000e+04 2.502000000000000000e+03
1.700000000000000000e+04 2.453000000000000000e+03
1.710000000000000000e+04 2.427000000000000000e+03
1.720000000000000000e+04 2.465000000000000000e+03
1.730000000000000000e+04 2.436000000000000000e+03
1.740000000000000000e+04 2.580000000000000000e+03
1.750000000000000000e+04 2.516000000000000000e+03
1.760000000000000000e+04 2.635000000000000000e+03
1.770000000000000000e+04 2.613000000000000000e+03
1.780000000000000000e+04 2.751000000000000000e+03
1.790000000000000000e+04 2.811000000000000000e+03
1.800000000000000000e+04 3.068000000000000000e+03
1.810000000000000000e+04 3.169000000000000000e+03
1.820000000000000000e+04 3.262000000000000000e+03
1.830000000000000000e+04 3.391000000000000000e+03
1.840000000000000000e+04 3.609000000000000000e+03
1.850000000000000000e+04 3.698000000000000000e+03
1.860000000000000000e+04 3.907000000000000000e+03
1.870000000000000000e+04 4.004000000000000000e+03
1.880000000000000000e+04 4.319000000000000000e+03
1.890000000000000000e+04 4.581000000000000000e+03
1.900000000000000000e+04 4.644000000000000000e+03
1.910000000000000000e+04 4.937000000000000000e+03
1.920000000000000000e+04 4.972000000000000000e+03
1.930000000000000000e+04 5.177000000000000000e+03
1.940000000000000000e+04 5.337000000000000000e+03
1.950000000000000000e+04 5.450000000000000000e+03
1.960000000000000000e+04 5.736000000000000000e+03
1.970000000000000000e+04 5.929000000000000000e+03
1.980000000000000000e+04 6.001000000000000000e+03
1.990000000000000000e+04 6.136000000000000000e+03
