0.000000000000000000e+00 7.024000000000000000e+03
2.000000000000000000e+02 7.254000000000000000e+03
4.000000000000000000e+02 7.573000000000000000e+03
6.000000000000000000e+02 7.689000000000000000e+03
8.000000000000000000e+02 7.792000000000000000e+03
1.000000000000000000e+03 7.730000000000000000e+03
1.200000000000000000e+03 7.903000000000000000e+03
1.400000000000000000e+03 7.979000000000000000e+03
1.600000000000000000e+03 8.111000000000000000e+03
1.800000000000000000e+03 8.057000000000000000e+03
2.000000000000000000e+03 8.221000000000000000e+03
2.200000000000000000e+03 8.263000000000000000e+03
2.400000000000000000e+03 8.227000000000000000e+03
2.600000000000000000e+03 8.368000000000000000e+03
2.800000000000000000e+03 8.019000000000000000e+03
3.000000000000000000e+03 8.180000000000000000e+03
3.200000000000000000e+03 8.361000000000000000e+03
3.400000000000000000e+03 8.358000000000000000e+03
3.600000000000000000e+03 8.377000000000000000e+03
3.800000000000000000e+03 8.438000000000000000e+03
4.000000000000000000e+03 8.471000000000000000e+03
4.200000000000000000e+03 8.335000000000000000e+03
4.400000000000000000e+03 8.268000000000000000e+03
4.600000000000000000e+03 8.246000000000000000e+03
4.800000000000000000e+03 8.134000000000000000e+03
5.000000000000000000e+03 8.260000000000000000e+03
5.200000000000000000e+03 8.191000000000000000e+03
5.400000000000000000e+03 8.317000000000000000e+03
5.600000000000000000e+03 8.069000000000000000e+03
5.800000000000000000e+03 8.017000000000000000e+03
6.000000000000000000e+03 8.055000000000000000e+03
6.200000000000000000e+03 8.056000000000000000e+03
6.400000000000000000e+03 8.070000000000000000e+03
6.600000000000000000e+03 7.869000000000000000e+03
6.800000000000000000e+03 7.674000000000000000e+03
7.000000000000000000e+03 7.591000000000000000e+03
7.200000000000000000e+03 7.631000000000000000e+03
7.400000000000000000e+03 7.382000000000000000e+03
7.600000000000000000e+03 7.383000000000000000e+03
7.800000000000000000e+03 7.162000000000000000e+03
8.000000000000000000e+03 7.252000000000000000e+03
8.200000000000000000e+03 7.000000000000000000e+03
8.400000000000000000e+03 6.751000000000000000e+03
8.600000000000000000e+03 6.487000000000000000e+03
8.800000000000000000e+03 6.336000000000000000e+03
9.000000000000000000e+03 6.318000000000000000e+03
9.200000000000000000e+03 6.157000000000000000e+03
9.400000000000000000e+03 5.961000000000000000e+03
9.600000000000000000e+03 5.718000000000000000e+03
9.800000000000000000e+03 5.437000000000000000e+03
1.000000000000000000e+04 5.372000000000000000e+03
1.020000000000000000e+04 5.242000000000000000e+03
1.040000000000000000e+04 5.087000000000000000e+03
1.060000000000000000e+04 4.837000000000000000e+03
1.080000000000000000e+04 4.650000000000000000e+03
1.100000000000000000e+04 4.374000000000000000e+03
1.120000000000000000e+04 4.343000000000000000e+03
1.140000000000000000e+04 4.047000000000000000e+03
1.160000000000000000e+04 4.061000000000000000e+03
1.180000000000000000e+04 3.809000000000000000e+03
1.200000000000000000e+04 3.687000000000000000e+03
1.220000000000000000e+04 3.459000000000000000e+03
1.240000000000000000e+04 3.403000000000000000e+03
1.260000000000000000e+04 3.287000000000000000e+03
1.280000000000000000e+04 3.233000000000000000e+03
1.300000000000000000e+04 3.033000000000000000e+03
1.320000000000000000e+04 2.921000000000000000e+03
1.340000000000000000e+04 2.870000000000000000e+03
1.360000000000000000e+04 2.924000000000000000e+03
1.380000000000000000e+04 2.855000000000000000e+03
1.400000000000000000e+04 2.799000000000000000e+03
1.420000000000000000e+04 2.850000000000000000e+03
1.440000000000000000e+04 2.813000000000000000e+03
1.460000000000000000e+04 2.876000000000000000e+03
1.480000000000000000e+04 2.962000000000000000e+03
1.500000000000000000e+04 3.027000000000000000e+03
1.520000000000000000e+04 3.076000000000000000e+03
1.540000000000000000e+04 3.192000000000000000e+03
1.560000000000000000e+04 3.371000000000000000e+03
1.580000000000000000e+04 3.442000000000000000e+03
1.600000000000000000e+04 3.724000000000000000e+03
1.620000000000000000e+04 3.723000000000000000e+03
1.640000000000000000e+04 3.988000000000000000e+03
1.660000000000000000e+04 4.141000000000000000e+03
1.680000000000000000e+04 4.329000000000000000e+03
1.700000000000000000e+04 4.513000000000000000e+03
1.720000000000000000e+04 4.662000000000000000e+03
1.740000000000000000e+04 4.904000000000000000e+03
1.760000000000000000e+04 5.089000000000000000e+03
1.780000000000000000e+04 5.278000000000000000e+03
1.800000000000000000e+04 5.632000000000000000e+03
1.820000000000000000e+04 5.743000000000000000e+03
1.840000000000000000e+04 5.897000000000000000e+03
1.860000000000000000e+04 6.141000000000000000e+03
1.880000000000000000e+04 6.400000000000000000e+03
1.900000000000000000e+04 6.654000000000000000e+03
1.920000000000000000e+04 6.742000000000000000e+03
1.940000000000000000e+04 6.856000000000000000e+03
1.960000000000000000e+04 6.844000000000000000e+03
1.980000000000000000e+04 7.115000000000000000e+03
2.000000000000000000e+04 7.302000000000000000e+03
2.020000000000000000e+04 7.356000000000000000e+03
2.040000000000000000e+04 7.560000000000000000e+03
2.060000000000000000e+04 7.522000000000000000e+03
2.080000000000000000e+04 7.527000000000000000e+03
2.100000000000000000e+04 7.756000000000000000e+03
2.120000000000000000e+04 7.901000000000000000e+03
2.140000000000000000e+04 8.025000000000000000e+03
2.160000000000000000e+04 8.094000000000000000e+03
2.180000000000000000e+04 8.073000000000000000e+03
2.200000000000000000e+04 8.104000000000000000e+03
2.220000000000000000e+04 8.145000000000000000e+03
2.240000000000000000e+04 8.489000000000000000e+03
2.260000000000000000e+04 8.334000000000000000e+03
2.280000000000000000e+04 8.091000000000000000e+03
2.300000000000000000e+04 8.354000000000000000e+03
2.320000000000000000e+04 8.328000000000000000e+03
2.340000000000000000e+04 8.278000000000000000e+03
2.360000000000000000e+04 8.337000000000000000e+03
2.380000000000000000e+04 8.274000000000000000e+03
2.400000000000000000e+04 8.272000000000000000e+03
2.420000000000000000e+04 8.280000000000000000e+03
2.440000000000000000e+04 8.360000000000000000e+03
2.460000000000000000e+04 8.359000000000000000e+03
2.480000000000000000e+04 8.487000000000000000e+03
2.500000000000000000e+04 8.270000000000000000e+03
2.520000000000000000e+04 8.184000000000000000e+03
2.540000000000000000e+04 8.002000000000000000e+03
2.560000000000000000e+04 8.037000000000000000e+03
2.580000000000000000e+04 8.122000000000000000e+03
2.600000000000000000e+04 7.998000000000000000e+03
2.620000000000000000e+04 7.924000000000000000e+03
2.640000000000000000e+04 7.884000000000000000e+03
2.660000000000000000e+04 7.763000000000000000e+03
2.680000000000000000e+04 7.818000000000000000e+03
2.700000000000000000e+04 7.753000000000000000e+03
2.720000000000000000e+04 7.652000000000000000e+03
2.740000000000000000e+04 7.550000000000000000e+03
2.760000000000000000e+04 7.296000000000000000e+03
2.780000000000000000e+04 7.405000000000000000e+03
2.800000000000000000e+04 7.039000000000000000e+03
2.820000000000000000e+04 6.977000000000000000e+03
2.840000000000000000e+04 6.672000000000000000e+03
2.860000000000000000e+04 6.552000000000000000e+03
2.880000000000000000e+04 6.526000000000000000e+03
2.900000000000000000e+04 6.360000000000000000e+03
2.920000000000000000e+04 6.174000000000000000e+03
2.940000000000000000e+04 6.016000000000000000e+03
2.960000000000000000e+04 5.722000000000000000e+03
2.980000000000000000e+04 5.485000000000000000e+03
3.000000000000000000e+04 5.226000000000000000e+03
3.020000000000000000e+04 5.171000000000000000e+03
3.040000000000000000e+04 5.158000000000000000e+03
3.060000000000000000e+04 4.828000000000000000e+03
3.080000000000000000e+04 4.700000000000000000e+03
3.100000000000000000e+04 4.479000000000000000e+03
3.120000000000000000e+04 4.260000000000000000e+03
3.140000000000000000e+04 4.048000000000000000e+03
3.160000000000000000e+04 3.893000000000000000e+03
3.180000000000000000e+04 3.875000000000000000e+03
3.200000000000000000e+04 3.610000000000000000e+03
3.220000000000000000e+04 3.522000000000000000e+03
3.240000000000000000e+04 3.432000000000000000e+03
3.260000000000000000e+04 3.265000000000000000e+03
3.280000000000000000e+04 3.165000000000000000e+03
3.300000000000000000e+04 3.075000000000000000e+03
3.320000000000000000e+04 3.094000000000000000e+03
3.340000000000000000e+04 2.889000000000000000e+03
3.360000000000000000e+04 2.803000000000000000e+03
3.380000000000000000e+04 2.833000000000000000e+03
3.400000000000000000e+04 2.833000000000000000e+03
3.420000000000000000e+04 2.808000000000000000e+03
3.440000000000000000e+04 2.817000000000000000e+03
3.460000000000000000e+04 2.875000000000000000e+03
3.480000000000000000e+04 2.828000000000000000e+03
3.500000000000000000e+04 3.130000000000000000e+03
3.520000000000000000e+04 3.099000000000000000e+03
3.540000000000000000e+04 3.170000000000000000e+03
3.560000000000000000e+04 3.418000000000000000e+03
3.580000000000000000e+04 3.462000000000000000e+03
3.600000000000000000e+04 3.707000000000000000e+03
3.620000000000000000e+04 3.753000000000000000e+03
3.640000000000000000e+04 4.000000000000000000e+03
3.660000000000000000e+04 4.098000000000000000e+03
3.680000000000000000e+04 4.409000000000000000e+03
3.700000000000000000e+04 4.503000000000000000e+03
3.720000000000000000e+04 4.637000000000000000e+03
3.740000000000000000e+04 4.790000000000000000e+03
3.760000000000000000e+04 5.055000000000000000e+03
3.780000000000000000e+04 5.375000000000000000e+03
3.800000000000000000e+04 5.598000000000000000e+03
3.820000000000000000e+04 5.795000000000000000e+03
3.840000000000000000e+04 6.073000000000000000e+03
3.860000000000000000e+04 6.245000000000000000e+03
3.880000000000000000e+04 6.267000000000000000e+03
3.900000000000000000e+04 6.415000000000000000e+03
3.920000000000000000e+04 6.723000000000000000e+03
3.940000000000000000e+04 6.918000000000000000e+03
3.960000000000000000e+04 6.971000000000000000e+03
3.980000000000000000e+04 7.070000000000000000e+03
