0.000000000000000000e+00 6.433000000000000000e+03
5.000000000000000000e+02 6.387000000000000000e+03
1.000000000000000000e+03 6.787000000000000000e+03
1.500000000000000000e+03 6.504000000000000000e+03
2.000000000000000000e+03 6.634000000000000000e+03
2.500000000000000000e+03 6.647000000000000000e+03
3.000000000000000000e+03 6.896000000000000000e+03
3.500000000000000000e+03 7.113000000000000000e+03
4.000000000000000000e+03 7.136000000000000000e+03
4.500000000000000000e+03 7.039000000000000000e+03
5.000000000000000000e+03 7.221000000000000000e+03
5.500000000000000000e+03 7.037000000000000000e+03
6.000000000000000000e+03 7.084000000000000000e+03
6.500000000000000000e+03 7.058000000000000000e+03
7.000000000000000000e+03 7.066000000000000000e+03
7.500000000000000000e+03 7.241000000000000000e+03
8.000000000000000000e+03 7.213000000000000000e+03
8.500000000000000000e+03 7.374000000000000000e+03
9.000000000000000000e+03 7.424000000000000000e+03
9.500000000000000000e+03 7.312000000000000000e+03
1.000000000000000000e+04 7.341000000000000000e+03
1.050000000000000000e+04 7.196000000000000000e+03
1.100000000000000000e+04 7.200000000000000000e+03
1.150000000000000000e+04 7.402000000000000000e+03
1.200000000000000000e+04 7.123000000000000000e+03
1.250000000000000000e+04 7.350000000000000000e+03
1.300000000000000000e+04 7.118000000000000000e+03
1.350000000000000000e+04 6.969000000000000000e+03
1.400000000000000000e+04 7.026000000000000000e+03
1.450000000000000000e+04 7.235000000000000000e+03
1.500000000000000000e+04 7.019000000000000000e+03
1.550000000000000000e+04 7.016000000000000000e+03
1.600000000000000000e+04 6.931000000000000000e+03
1.650000000000000000e+04 6.799000000000000000e+03
1.700000000000000000e+04 6.774000000000000000e+03
1.750000000000000000e+04 6.678000000000000000e+03
1.800000000000000000e+04 6.622000000000000000e+03
1.850000000000000000e+04 6.510000000000000000e+03
1.900000000000000000e+04 6.337000000000000000e+03
1.950000000000000000e+04 6.169000000000000000e+03
2.000000000000000000e+04 6.013000000000000000e+03
2.050000000000000000e+04 6.085000000000000000e+03
2.100000000000000000e+04 5.879000000000000000e+03
2.150000000000000000e+04 5.769000000000000000e+03
2.200000000000000000e+04 5.571000000000000000e+03
2.250000000000000000e+04 5.420000000000000000e+03
2.300000000000000000e+04 5.276000000000000000e+03
2.350000000000000000e+04 5.156000000000000000e+03
2.400000000000000000e+04 4.848000000000000000e+03
2.450000000000000000e+04 4.745000000000000000e+03
2.500000000000000000e+04 4.574000000000000000e+03
2.550000000000000000e+04 4.439000000000000000e+03
2.600000000000000000e+04 4.394000000000000000e+03
2.650000000000000000e+04 4.069000000000000000e+03
2.700000000000000000e+04 4.040000000000000000e+03
2.750000000000000000e+04 3.881000000000000000e+03
2.800000000000000000e+04 3.645000000000000000e+03
2.850000000000000000e+04 3.471000000000000000e+03
2.900000000000000000e+04 3.370000000000000000e+03
2.950000000000000000e+04 3.121000000000000000e+03
3.000000000000000000e+04 3.047000000000000000e+03
3.050000000000000000e+04 3.034000000000000000e+03
3.100000000000000000e+04 2.848000000000000000e+03
3.150000000000000000e+04 2.834000000000000000e+03
3.200000000000000000e+04 2.605000000000000000e+03
3.250000000000000000e+04 2.640000000000000000e+03
3.300000000000000000e+04 2.527000000000000000e+03
3.350000000000000000e+04 2.436000000000000000e+03
3.400000000000000000e+04 2.358000000000000000e+03
3.450000000000000000e+04 2.385000000000000000e+03
3.500000000000000000e+04 2.332000000000000000e+03
3.550000000000000000e+04 2.443000000000000000e+03
3.600000000000000000e+04 2.452000000000000000e+03
3.650000000000000000e+04 2.502000000000000000e+03
3.700000000000000000e+04 2.575000000000000000e+03
3.750000000000000000e+04 2.620000000000000000e+03
3.800000000000000000e+04 2.662000000000000000e+03
3.850000000000000000e+04 2.830000000000000000e+03
3.900000000000000000e+04 2.931000000000000000e+03
3.950000000000000000e+04 3.190000000000000000e+03
4.000000000000000000e+04 3.238000000000000000e+03
4.050000000000000000e+04 3.381000000000000000e+03
4.100000000000000000e+04 3.433000000000000000e+03
4.150000000000000000e+04 3.673000000000000000e+03
4.200000000000000000e+04 3.894000000000000000e+03
4.250000000000000000e+04 3.897000000000000000e+03
4.300000000000000000e+04 4.233000000000000000e+03
4.350000000000000000e+04 4.428000000000000000e+03
4.400000000000000000e+04 4.557000000000000000e+03
4.450000000000000000e+04 4.742000000000000000e+03
4.500000000000000000e+04 4.943000000000000000e+03
4.550000000000000000e+04 5.043000000000000000e+03
4.600000000000000000e+04 5.219000000000000000e+03
4.650000000000000000e+04 5.343000000000000000e+03
4.700000000000000000e+04 5.438000000000000000e+03
4.750000000000000000e+04 5.725000000000000000e+03
4.800000000000000000e+04 5.987000000000000000e+03
4.850000000000000000e+04 5.936000000000000000e+03
4.900000000000000000e+04 6.256000000000000000e+03
4.950000000000000000e+04 6.382000000000000000e+03
5.000000000000000000e+04 6.475000000000000000e+03
5.050000000000000000e+04 6.507000000000000000e+03
5.100000000000000000e+04 6.579000000000000000e+03
5.150000000000000000e+04 6.605000000000000000e+03
5.200000000000000000e+04 6.721000000000000000e+03
5.250000000000000000e+04 6.750000000000000000e+03
5.300000000000000000e+04 6.949000000000000000e+03
5.350000000000000000e+04 6.995000000000000000e+03
5.400000000000000000e+04 7.075000000000000000e+03
5.450000000000000000e+04 7.103000000000000000e+03
5.500000000000000000e+04 7.134000000000000000e+03
5.550000000000000000e+04 7.146000000000000000e+03
5.600000000000000000e+04 7.148000000000000000e+03
5.650000000000000000e+04 7.172000000000000000e+03
5.700000000000000000e+04 7.211000000000000000e+03
5.750000000000000000e+04 7.163000000000000000e+03
5.800000000000000000e+04 7.279000000000000000e+03
5.850000000000000000e+04 7.292000000000000000e+03
5.900000000000000000e+04 7.414000000000000000e+03
5.950000000000000000e+04 7.421000000000000000e+03
6.000000000000000000e+04 7.364000000000000000e+03
6.050000000000000000e+04 7.263000000000000000e+03
6.100000000000000000e+04 7.222000000000000000e+03
6.150000000000000000e+04 7.327000000000000000e+03
6.200000000000000000e+04 7.085000000000000000e+03
6.250000000000000000e+04 7.237000000000000000e+03
6.300000000000000000e+04 7.271000000000000000e+03
6.350000000000000000e+04 7.036000000000000000e+03
6.400000000000000000e+04 7.236000000000000000e+03
6.450000000000000000e+04 7.067000000000000000e+03
6.500000000000000000e+04 7.013000000000000000e+03
6.550000000000000000e+04 7.024000000000000000e+03
6.600000000000000000e+04 6.954000000000000000e+03
6.650000000000000000e+04 6.896000000000000000e+03
6.700000000000000000e+04 6.654000000000000000e+03
6.750000000000000000e+04 6.549000000000000000e+03
6.800000000000000000e+04 6.506000000000000000e+03
6.850000000000000000e+04 6.377000000000000000e+03
6.900000000000000000e+04 6.366000000000000000e+03
6.950000000000000000e+04 6.014000000000000000e+03
7.000000000000000000e+04 6.060000000000000000e+03
7.050000000000000000e+04 5.987000000000000000e+03
7.100000000000000000e+04 6.054000000000000000e+03
7.150000000000000000e+04 5.811000000000000000e+03
7.200000000000000000e+04 5.609000000000000000e+03
7.250000000000000000e+04 5.477000000000000000e+03
7.300000000000000000e+04 5.255000000000000000e+03
7.350000000000000000e+04 5.116000000000000000e+03
7.400000000000000000e+04 4.980000000000000000e+03
7.450000000000000000e+04 4.761000000000000000e+03
7.500000000000000000e+04 4.619000000000000000e+03
7.550000000000000000e+04 4.390000000000000000e+03
7.600000000000000000e+04 4.166000000000000000e+03
7.650000000000000000e+04 4.157000000000000000e+03
7.700000000000000000e+04 3.920000000000000000e+03
7.750000000000000000e+04 3.893000000000000000e+03
7.800000000000000000e+04 3.718000000000000000e+03
7.850000000000000000e+04 3.484000000000000000e+03
7.900000000000000000e+04 3.226000000000000000e+03
7.950000000000000000e+04 3.120000000000000000e+03
8.000000000000000000e+04 3.025000000000000000e+03
8.050000000000000000e+04 2.923000000000000000e+03
8.100000000000000000e+04 2.868000000000000000e+03
8.150000000000000000e+04 2.667000000000000000e+03
8.200000000000000000e+04 2.595000000000000000e+03
8.250000000000000000e+04 2.533000000000000000e+03
8.300000000000000000e+04 2.538000000000000000e+03
8.350000000000000000e+04 2.442000000000000000e+03
8.400000000000000000e+04 2.413000000000000000e+03
8.450000000000000000e+04 2.417000000000000000e+03
8.500000000000000000e+04 2.313000000000000000e+03
8.550000000000000000e+04 2.349000000000000000e+03
8.600000000000000000e+04 2.447000000000000000e+03
8.650000000000000000e+04 2.489000000000000000e+03
8.700000000000000000e+04 2.482000000000000000e+03
8.750000000000000000e+04 2.632000000000000000e+03
8.800000000000000000e+04 2.626000000000000000e+03
8.850000000000000000e+04 2.756000000000000000e+03
8.900000000000000000e+04 2.974000000000000000e+03
8.950000000000000000e+04 2.984000000000000000e+03
9.000000000000000000e+04 3.182000000000000000e+03
9.050000000000000000e+04 3.346000000000000000e+03
9.100000000000000000e+04 3.585000000000000000e+03
9.150000000000000000e+04 3.578000000000000000e+03
9.200000000000000000e+04 3.695000000000000000e+03
9.250000000000000000e+04 3.842000000000000000e+03
9.300000000000000000e+04 4.264000000000000000e+03
9.350000000000000000e+04 4.303000000000000000e+03
9.400000000000000000e+04 4.505000000000000000e+03
9.450000000000000000e+04 4.806000000000000000e+03
9.500000000000000000e+04 4.948000000000000000e+03
9.550000000000000000e+04 4.997000000000000000e+03
9.600000000000000000e+04 5.199000000000000000e+03
9.650000000000000000e+04 5.419000000000000000e+03
9.700000000000000000e+04 5.683000000000000000e+03
9.750000000000000000e+04 5.721000000000000000e+03
9.800000000000000000e+04 5.942000000000000000e+03
9.850000000000000000e+04 6.116000000000000000e+03
9.900000000000000000e+04 6.271000000000000000e+03
9.950000000000000000e+04 6.355000000000000000e+03
