0.000000000000000000e+00 1.131300000000000000e+04
3.333000000000000000e+03 1.136300000000000000e+04
6.666000000000000000e+03 1.155400000000000000e+04
9.999000000000000000e+03 1.156700000000000000e+04
1.333200000000000000e+04 1.179200000000000000e+04
1.666500000000000000e+04 1.210800000000000000e+04
1.999800000000000000e+04 1.223900000000000000e+04
2.333100000000000000e+04 1.210800000000000000e+04
2.666400000000000000e+04 1.232200000000000000e+04
2.999700000000000000e+04 1.262500000000000000e+04
3.333000000000000000e+04 1.257100000000000000e+04
3.666300000000000000e+04 1.267600000000000000e+04
3.999600000000000000e+04 1.264000000000000000e+04
4.332900000000000000e+04 1.280400000000000000e+04
4.666200000000000000e+04 1.273800000000000000e+04
4.999500000000000000e+04 1.275100000000000000e+04
5.332800000000000000e+04 1.282800000000000000e+04
5.666100000000000000e+04 1.296100000000000000e+04
5.999400000000000000e+04 1.307200000000000000e+04
6.332700000000000000e+04 1.287600000000000000e+04
6.666000000000000000e+04 1.303500000000000000e+04
6.999300000000000000e+04 1.276000000000000000e+04
7.332600000000000000e+04 1.275300000000000000e+04
7.665900000000000000e+04 1.286700000000000000e+04
7.999200000000000000e+04 1.258300000000000000e+04
8.332500000000000000e+04 1.266500000000000000e+04
8.665800000000000000e+04 1.270500000000000000e+04
8.999100000000000000e+04 1.280700000000000000e+04
9.332400000000000000e+04 1.243400000000000000e+04
9.665700000000000000e+04 1.247700000000000000e+04
9.999000000000000000e+04 1.232400000000000000e+04
1.033230000000000000e+05 1.211000000000000000e+04
1.066560000000000000e+05 1.205100000000000000e+04
1.099890000000000000e+05 1.211200000000000000e+04
1.133220000000000000e+05 1.198000000000000000e+04
1.166550000000000000e+05 1.154700000000000000e+04
1.199880000000000000e+05 1.164800000000000000e+04
1.233210000000000000e+05 1.164500000000000000e+04
1.266540000000000000e+05 1.101800000000000000e+04
1.299870000000000000e+05 1.083500000000000000e+04
1.333200000000000000e+05 1.075500000000000000e+04
1.366530000000000000e+05 1.064600000000000000e+04
1.399860000000000000e+05 1.041800000000000000e+04
1.433190000000000000e+05 9.951000000000000000e+03
1.466520000000000000e+05 9.838000000000000000e+03
1.499850000000000000e+05 9.695000000000000000e+03
1.533180000000000000e+05 9.310000000000000000e+03
1.566510000000000000e+05 8.903000000000000000e+03
1.599840000000000000e+05 8.813000000000000000e+03
1.633170000000000000e+05 8.397000000000000000e+03
1.666500000000000000e+05 7.899000000000000000e+03
1.699830000000000000e+05 7.787000000000000000e+03
1.733160000000000000e+05 7.261000000000000000e+03
1.766490000000000000e+05 7.090000000000000000e+03
1.799820000000000000e+05 6.716000000000000000e+03
1.833150000000000000e+05 6.172000000000000000e+03
1.866480000000000000e+05 5.996000000000000000e+03
1.899810000000000000e+05 5.768000000000000000e+03
1.933140000000000000e+05 5.527000000000000000e+03
1.966470000000000000e+05 5.121000000000000000e+03
1.999800000000000000e+05 5.005000000000000000e+03
2.033130000000000000e+05 4.629000000000000000e+03
2.066460000000000000e+05 4.442000000000000000e+03
2.099790000000000000e+05 4.228000000000000000e+03
2.133120000000000000e+05 4.129000000000000000e+03
2.166450000000000000e+05 3.890000000000000000e+03
2.199780000000000000e+05 3.946000000000000000e+03
2.233110000000000000e+05 3.792000000000000000e+03
2.266440000000000000e+05 3.756000000000000000e+03
2.299770000000000000e+05 3.771000000000000000e+03
2.333100000000000000e+05 3.576000000000000000e+03
2.366430000000000000e+05 3.658000000000000000e+03
2.399760000000000000e+05 3.792000000000000000e+03
2.433090000000000000e+05 3.935000000000000000e+03
2.466420000000000000e+05 4.103000000000000000e+03
2.499750000000000000e+05 4.043000000000000000e+03
2.533080000000000000e+05 4.413000000000000000e+03
2.566410000000000000e+05 4.655000000000000000e+03
2.599740000000000000e+05 4.797000000000000000e+03
2.633070000000000000e+05 5.084000000000000000e+03
2.666400000000000000e+05 5.423000000000000000e+03
2.699730000000000000e+05 5.650000000000000000e+03
2.733060000000000000e+05 5.948000000000000000e+03
2.766390000000000000e+05 6.192000000000000000e+03
2.799720000000000000e+05 6.309000000000000000e+03
2.833050000000000000e+05 6.755000000000000000e+03
2.866380000000000000e+05 7.182000000000000000e+03
2.899710000000000000e+05 7.616000000000000000e+03
2.933040000000000000e+05 7.898000000000000000e+03
2.966370000000000000e+05 8.330000000000000000e+03
2.999700000000000000e+05 8.579000000000000000e+03
3.033030000000000000e+05 8.821000000000000000e+03
3.066360000000000000e+05 9.120000000000000000e+03
3.099690000000000000e+05 9.551000000000000000e+03
3.133020000000000000e+05 9.966000000000000000e+03
3.166350000000000000e+05 1.006600000000000000e+04
3.199680000000000000e+05 1.022100000000000000e+04
3.233010000000000000e+05 1.056700000000000000e+04
3.266340000000000000e+05 1.072600000000000000e+04
3.299670000000000000e+05 1.105400000000000000e+04
3.333000000000000000e+05 1.093300000000000000e+04
3.366330000000000000e+05 1.141800000000000000e+04
3.399660000000000000e+05 1.147100000000000000e+04
3.432990000000000000e+05 1.163100000000000000e+04
3.466320000000000000e+05 1.175300000000000000e+04
3.499650000000000000e+05 1.188600000000000000e+04
3.532980000000000000e+05 1.199000000000000000e+04
3.566310000000000000e+05 1.194400000000000000e+04
3.599640000000000000e+05 1.223500000000000000e+04
3.632970000000000000e+05 1.228800000000000000e+04
3.666300000000000000e+05 1.253400000000000000e+04
3.699630000000000000e+05 1.235000000000000000e+04
3.732960000000000000e+05 1.258300000000000000e+04
3.766290000000000000e+05 1.263600000000000000e+04
3.799620000000000000e+05 1.257600000000000000e+04
3.832950000000000000e+05 1.293100000000000000e+04
3.866280000000000000e+05 1.270300000000000000e+04
3.899610000000000000e+05 1.272500000000000000e+04
3.932940000000000000e+05 1.274100000000000000e+04
3.966270000000000000e+05 1.277300000000000000e+04
3.999600000000000000e+05 1.285900000000000000e+04
4.032930000000000000e+05 1.297000000000000000e+04
4.066260000000000000e+05 1.280800000000000000e+04
4.099590000000000000e+05 1.295100000000000000e+04
4.132920000000000000e+05 1.261200000000000000e+04
4.166250000000000000e+05 1.244500000000000000e+04
4.199580000000000000e+05 1.288100000000000000e+04
4.232910000000000000e+05 1.242300000000000000e+04
4.266240000000000000e+05 1.275600000000000000e+04
4.299570000000000000e+05 1.242700000000000000e+04
4.332900000000000000e+05 1.235200000000000000e+04
4.366230000000000000e+05 1.227900000000000000e+04
4.399560000000000000e+05 1.218300000000000000e+04
4.432890000000000000e+05 1.196200000000000000e+04
4.466220000000000000e+05 1.207600000000000000e+04
4.499550000000000000e+05 1.167900000000000000e+04
4.532880000000000000e+05 1.160100000000000000e+04
4.566210000000000000e+05 1.143900000000000000e+04
4.599540000000000000e+05 1.122300000000000000e+04
4.632870000000000000e+05 1.088400000000000000e+04
4.666200000000000000e+05 1.075400000000000000e+04
4.699530000000000000e+05 1.062900000000000000e+04
4.732860000000000000e+05 1.016200000000000000e+04
4.766190000000000000e+05 9.983000000000000000e+03
4.799520000000000000e+05 9.977000000000000000e+03
4.832850000000000000e+05 9.620000000000000000e+03
4.866180000000000000e+05 9.493000000000000000e+03
4.899510000000000000e+05 8.931000000000000000e+03
4.932840000000000000e+05 8.497000000000000000e+03
4.966170000000000000e+05 8.325000000000000000e+03
4.999500000000000000e+05 7.816000000000000000e+03
5.032830000000000000e+05 7.650000000000000000e+03
5.066160000000000000e+05 7.397000000000000000e+03
5.099490000000000000e+05 6.934000000000000000e+03
5.132820000000000000e+05 6.890000000000000000e+03
5.166150000000000000e+05 6.249000000000000000e+03
5.199480000000000000e+05 6.083000000000000000e+03
5.232810000000000000e+05 5.771000000000000000e+03
5.266140000000000000e+05 5.427000000000000000e+03
5.299470000000000000e+05 5.190000000000000000e+03
5.332800000000000000e+05 4.872000000000000000e+03
5.366130000000000000e+05 4.655000000000000000e+03
5.399460000000000000e+05 4.408000000000000000e+03
5.432790000000000000e+05 4.286000000000000000e+03
5.466120000000000000e+05 4.086000000000000000e+03
5.499450000000000000e+05 3.907000000000000000e+03
5.532780000000000000e+05 3.787000000000000000e+03
5.566110000000000000e+05 3.932000000000000000e+03
5.599440000000000000e+05 3.599000000000000000e+03
5.632770000000000000e+05 3.820000000000000000e+03
5.666100000000000000e+05 3.683000000000000000e+03
5.699430000000000000e+05 3.779000000000000000e+03
5.732760000000000000e+05 3.811000000000000000e+03
5.766090000000000000e+05 3.809000000000000000e+03
5.799420000000000000e+05 4.144000000000000000e+03
5.832750000000000000e+05 4.192000000000000000e+03
5.866080000000000000e+05 4.451000000000000000e+03
5.899410000000000000e+05 4.626000000000000000e+03
5.932740000000000000e+05 4.793000000000000000e+03
5.966070000000000000e+05 4.970000000000000000e+03
5.999400000000000000e+05 5.341000000000000000e+03
6.032730000000000000e+05 5.599000000000000000e+03
6.066060000000000000e+05 5.904000000000000000e+03
6.099390000000000000e+05 6.038000000000000000e+03
6.132720000000000000e+05 6.455000000000000000e+03
6.166050000000000000e+05 6.985000000000000000e+03
6.199380000000000000e+05 7.261000000000000000e+03
6.232710000000000000e+05 7.559000000000000000e+03
6.266040000000000000e+05 7.915000000000000000e+03
6.299370000000000000e+05 8.175000000000000000e+03
6.332700000000000000e+05 8.522000000000000000e+03
6.366030000000000000e+05 8.757000000000000000e+03
6.399360000000000000e+05 9.170000000000000000e+03
6.432690000000000000e+05 9.425000000000000000e+03
6.466020000000000000e+05 9.651000000000000000e+03
6.499350000000000000e+05 1.002000000000000000e+04
6.532680000000000000e+05 1.022800000000000000e+04
6.566010000000000000e+05 1.055900000000000000e+04
6.599340000000000000e+05 1.086400000000000000e+04
6.632670000000000000e+05 1.118300000000000000e+04
