0.000000000000000000e+00 5.756000000000000000e+03
3.300000000000000000e+01 6.072000000000000000e+03
6.600000000000000000e+01 6.315000000000000000e+03
9.900000000000000000e+01 6.155000000000000000e+03
1.320000000000000000e+02 6.418000000000000000e+03
1.650000000000000000e+02 6.496000000000000000e+03
1.980000000000000000e+02 6.408000000000000000e+03
2.310000000000000000e+02 6.459000000000000000e+03
2.640000000000000000e+02 6.791000000000000000e+03
2.970000000000000000e+02 6.720000000000000000e+03
3.300000000000000000e+02 6.590000000000000000e+03
3.630000000000000000e+02 6.665000000000000000e+03
3.960000000000000000e+02 6.588000000000000000e+03
4.290000000000000000e+02 6.910000000000000000e+03
4.620000000000000000e+02 6.854000000000000000e+03
4.950000000000000000e+02 6.973000000000000000e+03
5.280000000000000000e+02 6.985000000000000000e+03
5.610000000000000000e+02 6.957000000000000000e+03
5.940000000000000000e+02 6.998000000000000000e+03
6.270000000000000000e+02 6.916000000000000000e+03
6.600000000000000000e+02 7.117000000000000000e+03
6.930000000000000000e+02 6.884000000000000000e+03
7.260000000000000000e+02 6.875000000000000000e+03
7.590000000000000000e+02 6.858000000000000000e+03
7.920000000000000000e+02 6.853000000000000000e+03
8.250000000000000000e+02 6.820000000000000000e+03
8.580000000000000000e+02 6.841000000000000000e+03
8.910000000000000000e+02 6.773000000000000000e+03
9.240000000000000000e+02 6.885000000000000000e+03
9.570000000000000000e+02 6.969000000000000000e+03
9.900000000000000000e+02 6.693000000000000000e+03
1.023000000000000000e+03 6.718000000000000000e+03
1.056000000000000000e+03 6.495000000000000000e+03
1.089000000000000000e+03 6.640000000000000000e+03
1.122000000000000000e+03 6.511000000000000000e+03
1.155000000000000000e+03 6.473000000000000000e+03
1.188000000000000000e+03 6.291000000000000000e+03
1.221000000000000000e+03 6.104000000000000000e+03
1.254000000000000000e+03 6.118000000000000000e+03
1.287000000000000000e+03 6.161000000000000000e+03
1.320000000000000000e+03 6.181000000000000000e+03
1.353000000000000000e+03 5.897000000000000000e+03
1.386000000000000000e+03 5.848000000000000000e+03
1.419000000000000000e+03 5.779000000000000000e+03
1.452000000000000000e+03 5.614000000000000000e+03
1.485000000000000000e+03 5.615000000000000000e+03
1.518000000000000000e+03 5.257000000000000000e+03
1.551000000000000000e+03 5.193000000000000000e+03
1.584000000000000000e+03 5.104000000000000000e+03
1.617000000000000000e+03 4.853000000000000000e+03
1.650000000000000000e+03 4.742000000000000000e+03
1.683000000000000000e+03 4.511000000000000000e+03
1.716000000000000000e+03 4.484000000000000000e+03
1.749000000000000000e+03 4.354000000000000000e+03
1.782000000000000000e+03 4.203000000000000000e+03
1.815000000000000000e+03 3.930000000000000000e+03
1.848000000000000000e+03 3.830000000000000000e+03
1.881000000000000000e+03 3.804000000000000000e+03
1.914000000000000000e+03 3.514000000000000000e+03
1.947000000000000000e+03 3.366000000000000000e+03
1.980000000000000000e+03 3.188000000000000000e+03
2.013000000000000000e+03 3.102000000000000000e+03
2.046000000000000000e+03 2.963000000000000000e+03
2.079000000000000000e+03 2.890000000000000000e+03
2.112000000000000000e+03 2.766000000000000000e+03
2.145000000000000000e+03 2.495000000000000000e+03
2.178000000000000000e+03 2.538000000000000000e+03
2.211000000000000000e+03 2.465000000000000000e+03
2.244000000000000000e+03 2.369000000000000000e+03
2.277000000000000000e+03 2.302000000000000000e+03
2.310000000000000000e+03 2.343000000000000000e+03
2.343000000000000000e+03 2.263000000000000000e+03
2.376000000000000000e+03 2.307000000000000000e+03
2.409000000000000000e+03 2.225000000000000000e+03
2.442000000000000000e+03 2.184000000000000000e+03
2.475000000000000000e+03 2.205000000000000000e+03
2.508000000000000000e+03 2.258000000000000000e+03
2.541000000000000000e+03 2.322000000000000000e+03
2.574000000000000000e+03 2.320000000000000000e+03
2.607000000000000000e+03 2.460000000000000000e+03
2.640000000000000000e+03 2.418000000000000000e+03
2.673000000000000000e+03 2.654000000000000000e+03
2.706000000000000000e+03 2.835000000000000000e+03
2.739000000000000000e+03 2.938000000000000000e+03
2.772000000000000000e+03 3.066000000000000000e+03
2.805000000000000000e+03 3.326000000000000000e+03
2.838000000000000000e+03 3.492000000000000000e+03
2.871000000000000000e+03 3.493000000000000000e+03
2.904000000000000000e+03 3.641000000000000000e+03
2.937000000000000000e+03 3.934000000000000000e+03
2.970000000000000000e+03 4.130000000000000000e+03
3.003000000000000000e+03 4.316000000000000000e+03
3.036000000000000000e+03 4.366000000000000000e+03
3.069000000000000000e+03 4.662000000000000000e+03
3.102000000000000000e+03 4.817000000000000000e+03
3.135000000000000000e+03 4.947000000000000000e+03
3.168000000000000000e+03 5.209000000000000000e+03
3.201000000000000000e+03 5.303000000000000000e+03
3.234000000000000000e+03 5.590000000000000000e+03
3.267000000000000000e+03 5.801000000000000000e+03
3.300000000000000000e+03 5.658000000000000000e+03
3.333000000000000000e+03 5.970000000000000000e+03
3.366000000000000000e+03 6.067000000000000000e+03
3.399000000000000000e+03 5.965000000000000000e+03
3.432000000000000000e+03 6.201000000000000000e+03
3.465000000000000000e+03 6.227000000000000000e+03
3.498000000000000000e+03 6.256000000000000000e+03
3.531000000000000000e+03 6.394000000000000000e+03
3.564000000000000000e+03 6.552000000000000000e+03
3.597000000000000000e+03 6.522000000000000000e+03
3.630000000000000000e+03 6.665000000000000000e+03
3.663000000000000000e+03 6.769000000000000000e+03
3.696000000000000000e+03 6.709000000000000000e+03
3.729000000000000000e+03 6.782000000000000000e+03
3.762000000000000000e+03 6.939000000000000000e+03
3.795000000000000000e+03 6.801000000000000000e+03
3.828000000000000000e+03 6.974000000000000000e+03
3.861000000000000000e+03 7.064000000000000000e+03
3.894000000000000000e+03 6.865000000000000000e+03
3.927000000000000000e+03 6.758000000000000000e+03
3.960000000000000000e+03 6.973000000000000000e+03
3.993000000000000000e+03 7.019000000000000000e+03
4.026000000000000000e+03 6.910000000000000000e+03
4.059000000000000000e+03 7.007000000000000000e+03
4.092000000000000000e+03 6.995000000000000000e+03
4.125000000000000000e+03 6.935000000000000000e+03
4.158000000000000000e+03 6.931000000000000000e+03
4.191000000000000000e+03 6.750000000000000000e+03
4.224000000000000000e+03 7.014000000000000000e+03
4.257000000000000000e+03 6.881000000000000000e+03
4.290000000000000000e+03 6.780000000000000000e+03
4.323000000000000000e+03 6.948000000000000000e+03
4.356000000000000000e+03 6.764000000000000000e+03
4.389000000000000000e+03 6.566000000000000000e+03
4.422000000000000000e+03 6.702000000000000000e+03
4.455000000000000000e+03 6.559000000000000000e+03
4.488000000000000000e+03 6.540000000000000000e+03
4.521000000000000000e+03 6.512000000000000000e+03
4.554000000000000000e+03 6.360000000000000000e+03
4.587000000000000000e+03 6.267000000000000000e+03
4.620000000000000000e+03 6.285000000000000000e+03
4.653000000000000000e+03 6.089000000000000000e+03
4.686000000000000000e+03 6.023000000000000000e+03
4.719000000000000000e+03 5.839000000000000000e+03
4.752000000000000000e+03 5.606000000000000000e+03
4.785000000000000000e+03 5.568000000000000000e+03
4.818000000000000000e+03 5.445000000000000000e+03
4.851000000000000000e+03 5.361000000000000000e+03
4.884000000000000000e+03 5.217000000000000000e+03
4.917000000000000000e+03 5.159000000000000000e+03
4.950000000000000000e+03 4.878000000000000000e+03
4.983000000000000000e+03 4.901000000000000000e+03
5.016000000000000000e+03 4.687000000000000000e+03
5.049000000000000000e+03 4.540000000000000000e+03
5.082000000000000000e+03 4.297000000000000000e+03
5.115000000000000000e+03 4.112000000000000000e+03
5.148000000000000000e+03 3.942000000000000000e+03
5.181000000000000000e+03 3.788000000000000000e+03
5.214000000000000000e+03 3.606000000000000000e+03
5.247000000000000000e+03 3.423000000000000000e+03
5.280000000000000000e+03 3.293000000000000000e+03
5.313000000000000000e+03 3.340000000000000000e+03
5.346000000000000000e+03 3.101000000000000000e+03
5.379000000000000000e+03 2.943000000000000000e+03
5.412000000000000000e+03 2.855000000000000000e+03
5.445000000000000000e+03 2.779000000000000000e+03
5.478000000000000000e+03 2.702000000000000000e+03
5.511000000000000000e+03 2.540000000000000000e+03
5.544000000000000000e+03 2.378000000000000000e+03
5.577000000000000000e+03 2.407000000000000000e+03
5.610000000000000000e+03 2.298000000000000000e+03
5.643000000000000000e+03 2.269000000000000000e+03
5.676000000000000000e+03 2.245000000000000000e+03
5.709000000000000000e+03 2.202000000000000000e+03
5.742000000000000000e+03 2.226000000000000000e+03
5.775000000000000000e+03 2.153000000000000000e+03
5.808000000000000000e+03 2.211000000000000000e+03
5.841000000000000000e+03 2.178000000000000000e+03
5.874000000000000000e+03 2.250000000000000000e+03
5.907000000000000000e+03 2.354000000000000000e+03
5.940000000000000000e+03 2.518000000000000000e+03
5.973000000000000000e+03 2.543000000000000000e+03
6.006000000000000000e+03 2.734000000000000000e+03
6.039000000000000000e+03 2.763000000000000000e+03
6.072000000000000000e+03 2.997000000000000000e+03
6.105000000000000000e+03 2.931000000000000000e+03
6.138000000000000000e+03 3.187000000000000000e+03
6.171000000000000000e+03 3.304000000000000000e+03
6.204000000000000000e+03 3.696000000000000000e+03
6.237000000000000000e+03 3.737000000000000000e+03
6.270000000000000000e+03 3.914000000000000000e+03
6.303000000000000000e+03 4.056000000000000000e+03
6.336000000000000000e+03 4.450000000000000000e+03
6.369000000000000000e+03 4.493000000000000000e+03
6.402000000000000000e+03 4.603000000000000000e+03
6.435000000000000000e+03 4.975000000000000000e+03
6.468000000000000000e+03 4.958000000000000000e+03
6.501000000000000000e+03 5.335000000000000000e+03
6.534000000000000000e+03 5.443000000000000000e+03
6.567000000000000000e+03 5.604000000000000000e+03
6.600000000000000000e+03 5.553000000000000000e+03
6.633000000000000000e+03 5.815000000000000000e+03
