0.000000000000000000e+00 8.767000000000000000e+03
5.000000000000000000e+03 8.774000000000000000e+03
1.000000000000000000e+04 9.015000000000000000e+03
1.500000000000000000e+04 9.101000000000000000e+03
2.000000000000000000e+04 9.374000000000000000e+03
2.500000000000000000e+04 9.328000000000000000e+03
3.000000000000000000e+04 9.358000000000000000e+03
3.500000000000000000e+04 9.593000000000000000e+03
4.000000000000000000e+04 9.403000000000000000e+03
4.500000000000000000e+04 9.618000000000000000e+03
5.000000000000000000e+04 9.770000000000000000e+03
5.500000000000000000e+04 9.583000000000000000e+03
6.000000000000000000e+04 9.850000000000000000e+03
6.500000000000000000e+04 9.917000000000000000e+03
7.000000000000000000e+04 9.744000000000000000e+03
7.500000000000000000e+04 9.959000000000000000e+03
8.000000000000000000e+04 9.880000000000000000e+03
8.500000000000000000e+04 9.937000000000000000e+03
9.000000000000000000e+04 1.015900000000000000e+04
9.500000000000000000e+04 9.952000000000000000e+03
1.000000000000000000e+05 1.000800000000000000e+04
1.050000000000000000e+05 1.008400000000000000e+04
1.100000000000000000e+05 9.852000000000000000e+03
1.150000000000000000e+05 9.973000000000000000e+03
1.200000000000000000e+05 1.003600000000000000e+04
1.250000000000000000e+05 9.806000000000000000e+03
1.300000000000000000e+05 9.993000000000000000e+03
1.350000000000000000e+05 9.638000000000000000e+03
1.400000000000000000e+05 9.643000000000000000e+03
1.450000000000000000e+05 9.914000000000000000e+03
1.500000000000000000e+05 9.517000000000000000e+03
1.550000000000000000e+05 9.583000000000000000e+03
1.600000000000000000e+05 9.594000000000000000e+03
1.650000000000000000e+05 9.257000000000000000e+03
1.700000000000000000e+05 9.100000000000000000e+03
1.750000000000000000e+05 9.037000000000000000e+03
1.800000000000000000e+05 8.896000000000000000e+03
1.850000000000000000e+05 8.904000000000000000e+03
1.900000000000000000e+05 8.740000000000000000e+03
1.950000000000000000e+05 8.567000000000000000e+03
2.000000000000000000e+05 8.419000000000000000e+03
2.050000000000000000e+05 8.139000000000000000e+03
2.100000000000000000e+05 7.984000000000000000e+03
2.150000000000000000e+05 7.937000000000000000e+03
2.200000000000000000e+05 7.659000000000000000e+03
2.250000000000000000e+05 7.503000000000000000e+03
2.300000000000000000e+05 7.103000000000000000e+03
2.350000000000000000e+05 6.989000000000000000e+03
2.400000000000000000e+05 6.746000000000000000e+03
2.450000000000000000e+05 6.574000000000000000e+03
2.500000000000000000e+05 6.337000000000000000e+03
2.550000000000000000e+05 5.979000000000000000e+03
2.600000000000000000e+05 5.890000000000000000e+03
2.650000000000000000e+05 5.590000000000000000e+03
2.700000000000000000e+05 5.188000000000000000e+03
2.750000000000000000e+05 4.953000000000000000e+03
2.800000000000000000e+05 4.658000000000000000e+03
2.850000000000000000e+05 4.556000000000000000e+03
2.900000000000000000e+05 4.351000000000000000e+03
2.950000000000000000e+05 4.017000000000000000e+03
3.000000000000000000e+05 3.780000000000000000e+03
3.050000000000000000e+05 3.673000000000000000e+03
3.100000000000000000e+05 3.468000000000000000e+03
3.150000000000000000e+05 3.474000000000000000e+03
3.200000000000000000e+05 3.230000000000000000e+03
3.250000000000000000e+05 3.144000000000000000e+03
3.300000000000000000e+05 3.048000000000000000e+03
3.350000000000000000e+05 2.871000000000000000e+03
3.400000000000000000e+05 2.813000000000000000e+03
3.450000000000000000e+05 2.914000000000000000e+03
3.500000000000000000e+05 2.987000000000000000e+03
3.550000000000000000e+05 3.003000000000000000e+03
3.600000000000000000e+05 3.013000000000000000e+03
3.650000000000000000e+05 3.048000000000000000e+03
3.700000000000000000e+05 3.181000000000000000e+03
3.750000000000000000e+05 3.335000000000000000e+03
3.800000000000000000e+05 3.323000000000000000e+03
3.850000000000000000e+05 3.663000000000000000e+03
3.900000000000000000e+05 3.696000000000000000e+03
3.950000000000000000e+05 3.963000000000000000e+03
4.000000000000000000e+05 4.164000000000000000e+03
4.050000000000000000e+05 4.414000000000000000e+03
4.100000000000000000e+05 4.679000000000000000e+03
4.150000000000000000e+05 4.962000000000000000e+03
4.200000000000000000e+05 5.307000000000000000e+03
4.250000000000000000e+05 5.451000000000000000e+03
4.300000000000000000e+05 5.787000000000000000e+03
4.350000000000000000e+05 5.938000000000000000e+03
4.400000000000000000e+05 6.225000000000000000e+03
4.450000000000000000e+05 6.488000000000000000e+03
4.500000000000000000e+05 6.637000000000000000e+03
4.550000000000000000e+05 6.991000000000000000e+03
4.600000000000000000e+05 7.019000000000000000e+03
4.650000000000000000e+05 7.355000000000000000e+03
4.700000000000000000e+05 7.629000000000000000e+03
4.750000000000000000e+05 7.883000000000000000e+03
4.800000000000000000e+05 8.127000000000000000e+03
4.850000000000000000e+05 8.175000000000000000e+03
4.900000000000000000e+05 8.307000000000000000e+03
4.950000000000000000e+05 8.602000000000000000e+03
5.000000000000000000e+05 8.613000000000000000e+03
5.050000000000000000e+05 8.762000000000000000e+03
5.100000000000000000e+05 9.100000000000000000e+03
5.150000000000000000e+05 8.907000000000000000e+03
5.200000000000000000e+05 9.140000000000000000e+03
5.250000000000000000e+05 9.181000000000000000e+03
5.300000000000000000e+05 9.374000000000000000e+03
5.350000000000000000e+05 9.591000000000000000e+03
5.400000000000000000e+05 9.589000000000000000e+03
5.450000000000000000e+05 9.417000000000000000e+03
5.500000000000000000e+05 9.706000000000000000e+03
5.550000000000000000e+05 9.893000000000000000e+03
5.600000000000000000e+05 9.590000000000000000e+03
5.650000000000000000e+05 9.971000000000000000e+03
5.700000000000000000e+05 9.887000000000000000e+03
5.750000000000000000e+05 9.997000000000000000e+03
5.800000000000000000e+05 1.007800000000000000e+04
5.850000000000000000e+05 9.975000000000000000e+03
5.900000000000000000e+05 1.004000000000000000e+04
5.950000000000000000e+05 1.003700000000000000e+04
6.000000000000000000e+05 1.007300000000000000e+04
6.050000000000000000e+05 9.924000000000000000e+03
6.100000000000000000e+05 1.001000000000000000e+04
6.150000000000000000e+05 1.011500000000000000e+04
6.200000000000000000e+05 9.915000000000000000e+03
6.250000000000000000e+05 9.953000000000000000e+03
6.300000000000000000e+05 9.773000000000000000e+03
6.350000000000000000e+05 1.007100000000000000e+04
6.400000000000000000e+05 9.695000000000000000e+03
6.450000000000000000e+05 9.586000000000000000e+03
6.500000000000000000e+05 9.668000000000000000e+03
6.550000000000000000e+05 9.535000000000000000e+03
6.600000000000000000e+05 9.473000000000000000e+03
6.650000000000000000e+05 9.575000000000000000e+03
6.700000000000000000e+05 9.255000000000000000e+03
6.750000000000000000e+05 9.069000000000000000e+03
6.800000000000000000e+05 8.895000000000000000e+03
6.850000000000000000e+05 8.691000000000000000e+03
6.900000000000000000e+05 8.591000000000000000e+03
6.950000000000000000e+05 8.453000000000000000e+03
7.000000000000000000e+05 8.475000000000000000e+03
7.050000000000000000e+05 8.103000000000000000e+03
7.100000000000000000e+05 8.104000000000000000e+03
7.150000000000000000e+05 7.887000000000000000e+03
7.200000000000000000e+05 7.788000000000000000e+03
7.250000000000000000e+05 7.357000000000000000e+03
7.300000000000000000e+05 7.197000000000000000e+03
7.350000000000000000e+05 7.126000000000000000e+03
7.400000000000000000e+05 6.700000000000000000e+03
7.450000000000000000e+05 6.527000000000000000e+03
7.500000000000000000e+05 6.195000000000000000e+03
7.550000000000000000e+05 5.883000000000000000e+03
7.600000000000000000e+05 5.776000000000000000e+03
7.650000000000000000e+05 5.569000000000000000e+03
7.700000000000000000e+05 5.358000000000000000e+03
7.750000000000000000e+05 4.896000000000000000e+03
7.800000000000000000e+05 4.899000000000000000e+03
7.850000000000000000e+05 4.564000000000000000e+03
7.900000000000000000e+05 4.293000000000000000e+03
7.950000000000000000e+05 4.087000000000000000e+03
8.000000000000000000e+05 3.782000000000000000e+03
8.050000000000000000e+05 3.593000000000000000e+03
8.100000000000000000e+05 3.454000000000000000e+03
8.150000000000000000e+05 3.281000000000000000e+03
8.200000000000000000e+05 3.228000000000000000e+03
8.250000000000000000e+05 3.044000000000000000e+03
8.300000000000000000e+05 3.066000000000000000e+03
8.350000000000000000e+05 2.867000000000000000e+03
8.400000000000000000e+05 2.895000000000000000e+03
8.450000000000000000e+05 2.961000000000000000e+03
8.500000000000000000e+05 2.977000000000000000e+03
8.550000000000000000e+05 2.946000000000000000e+03
8.600000000000000000e+05 2.988000000000000000e+03
8.650000000000000000e+05 3.103000000000000000e+03
8.700000000000000000e+05 3.069000000000000000e+03
8.750000000000000000e+05 3.305000000000000000e+03
8.800000000000000000e+05 3.465000000000000000e+03
8.850000000000000000e+05 3.530000000000000000e+03
8.900000000000000000e+05 3.773000000000000000e+03
8.950000000000000000e+05 3.954000000000000000e+03
9.000000000000000000e+05 4.103000000000000000e+03
9.050000000000000000e+05 4.457000000000000000e+03
9.100000000000000000e+05 4.665000000000000000e+03
9.150000000000000000e+05 4.889000000000000000e+03
9.200000000000000000e+05 5.112000000000000000e+03
9.250000000000000000e+05 5.419000000000000000e+03
9.300000000000000000e+05 5.729000000000000000e+03
9.350000000000000000e+05 5.831000000000000000e+03
9.400000000000000000e+05 6.307000000000000000e+03
9.450000000000000000e+05 6.470000000000000000e+03
9.500000000000000000e+05 6.562000000000000000e+03
9.550000000000000000e+05 6.707000000000000000e+03
9.600000000000000000e+05 7.093000000000000000e+03
9.650000000000000000e+05 7.486000000000000000e+03
9.700000000000000000e+05 7.666000000000000000e+03
9.750000000000000000e+05 7.773000000000000000e+03
9.800000000000000000e+05 8.044000000000000000e+03
9.850000000000000000e+05 8.153000000000000000e+03
9.900000000000000000e+05 8.366000000000000000e+03
9.950000000000000000e+05 8.481000000000000000e+03
