0.000000000000000000e+00 4.088000000000000000e+03
1.400000000000000000e+01 4.365000000000000000e+03
2.800000000000000000e+01 4.515000000000000000e+03
4.200000000000000000e+01 4.539000000000000000e+03
5.600000000000000000e+01 4.752000000000000000e+03
7.000000000000000000e+01 4.879000000000000000e+03
8.400000000000000000e+01 4.925000000000000000e+03
9.800000000000000000e+01 5.039000000000000000e+03
1.120000000000000000e+02 4.980000000000000000e+03
1.260000000000000000e+02 5.085000000000000000e+03
1.400000000000000000e+02 5.327000000000000000e+03
1.540000000000000000e+02 5.363000000000000000e+03
1.680000000000000000e+02 5.497000000000000000e+03
1.820000000000000000e+02 5.341000000000000000e+03
1.960000000000000000e+02 5.654000000000000000e+03
2.100000000000000000e+02 5.415000000000000000e+03
2.240000000000000000e+02 5.611000000000000000e+03
2.380000000000000000e+02 5.659000000000000000e+03
2.520000000000000000e+02 5.625000000000000000e+03
2.660000000000000000e+02 5.671000000000000000e+03
2.800000000000000000e+02 5.637000000000000000e+03
2.940000000000000000e+02 5.728000000000000000e+03
3.080000000000000000e+02 5.795000000000000000e+03
3.220000000000000000e+02 5.746000000000000000e+03
3.360000000000000000e+02 5.774000000000000000e+03
3.500000000000000000e+02 5.670000000000000000e+03
3.640000000000000000e+02 5.590000000000000000e+03
3.780000000000000000e+02 5.649000000000000000e+03
3.920000000000000000e+02 5.711000000000000000e+03
4.060000000000000000e+02 5.583000000000000000e+03
4.200000000000000000e+02 5.641000000000000000e+03
4.340000000000000000e+02 5.677000000000000000e+03
4.480000000000000000e+02 5.622000000000000000e+03
4.620000000000000000e+02 5.495000000000000000e+03
4.760000000000000000e+02 5.319000000000000000e+03
4.900000000000000000e+02 5.469000000000000000e+03
5.040000000000000000e+02 5.518000000000000000e+03
5.180000000000000000e+02 5.385000000000000000e+03
5.320000000000000000e+02 5.238000000000000000e+03
5.460000000000000000e+02 5.369000000000000000e+03
5.600000000000000000e+02 5.199000000000000000e+03
5.740000000000000000e+02 5.218000000000000000e+03
5.880000000000000000e+02 5.030000000000000000e+03
6.020000000000000000e+02 4.956000000000000000e+03
6.160000000000000000e+02 4.931000000000000000e+03
6.300000000000000000e+02 4.708000000000000000e+03
6.440000000000000000e+02 4.701000000000000000e+03
6.580000000000000000e+02 4.568000000000000000e+03
6.720000000000000000e+02 4.608000000000000000e+03
6.860000000000000000e+02 4.385000000000000000e+03
7.000000000000000000e+02 4.250000000000000000e+03
7.140000000000000000e+02 4.043000000000000000e+03
7.280000000000000000e+02 3.999000000000000000e+03
7.420000000000000000e+02 4.007000000000000000e+03
7.560000000000000000e+02 3.800000000000000000e+03
7.700000000000000000e+02 3.780000000000000000e+03
7.840000000000000000e+02 3.565000000000000000e+03
7.980000000000000000e+02 3.557000000000000000e+03
8.120000000000000000e+02 3.346000000000000000e+03
8.260000000000000000e+02 3.209000000000000000e+03
8.400000000000000000e+02 3.046000000000000000e+03
8.540000000000000000e+02 2.925000000000000000e+03
8.680000000000000000e+02 2.937000000000000000e+03
8.820000000000000000e+02 2.795000000000000000e+03
8.960000000000000000e+02 2.564000000000000000e+03
9.100000000000000000e+02 2.679000000000000000e+03
9.240000000000000000e+02 2.490000000000000000e+03
9.380000000000000000e+02 2.334000000000000000e+03
9.520000000000000000e+02 2.363000000000000000e+03
9.660000000000000000e+02 2.283000000000000000e+03
9.800000000000000000e+02 2.170000000000000000e+03
9.940000000000000000e+02 2.234000000000000000e+03
1.008000000000000000e+03 2.081000000000000000e+03
1.022000000000000000e+03 2.093000000000000000e+03
1.036000000000000000e+03 1.894000000000000000e+03
1.050000000000000000e+03 1.899000000000000000e+03
1.064000000000000000e+03 1.878000000000000000e+03
1.078000000000000000e+03 1.877000000000000000e+03
1.092000000000000000e+03 1.800000000000000000e+03
1.106000000000000000e+03 1.925000000000000000e+03
1.120000000000000000e+03 1.858000000000000000e+03
1.134000000000000000e+03 1.979000000000000000e+03
1.148000000000000000e+03 1.887000000000000000e+03
1.162000000000000000e+03 1.959000000000000000e+03
1.176000000000000000e+03 2.001000000000000000e+03
1.190000000000000000e+03 2.061000000000000000e+03
1.204000000000000000e+03 2.141000000000000000e+03
1.218000000000000000e+03 2.233000000000000000e+03
1.232000000000000000e+03 2.417000000000000000e+03
1.246000000000000000e+03 2.373000000000000000e+03
1.260000000000000000e+03 2.549000000000000000e+03
1.274000000000000000e+03 2.562000000000000000e+03
1.288000000000000000e+03 2.706000000000000000e+03
1.302000000000000000e+03 2.967000000000000000e+03
1.316000000000000000e+03 3.066000000000000000e+03
1.330000000000000000e+03 3.102000000000000000e+03
1.344000000000000000e+03 3.301000000000000000e+03
1.358000000000000000e+03 3.588000000000000000e+03
1.372000000000000000e+03 3.707000000000000000e+03
1.386000000000000000e+03 3.810000000000000000e+03
1.400000000000000000e+03 3.981000000000000000e+03
1.414000000000000000e+03 4.222000000000000000e+03
1.428000000000000000e+03 4.140000000000000000e+03
1.442000000000000000e+03 4.323000000000000000e+03
1.456000000000000000e+03 4.394000000000000000e+03
1.470000000000000000e+03 4.637000000000000000e+03
1.484000000000000000e+03 4.693000000000000000e+03
1.498000000000000000e+03 4.889000000000000000e+03
1.512000000000000000e+03 4.935000000000000000e+03
1.526000000000000000e+03 4.911000000000000000e+03
1.540000000000000000e+03 5.083000000000000000e+03
1.554000000000000000e+03 4.977000000000000000e+03
1.568000000000000000e+03 5.325000000000000000e+03
1.582000000000000000e+03 5.315000000000000000e+03
1.596000000000000000e+03 5.295000000000000000e+03
1.610000000000000000e+03 5.473000000000000000e+03
1.624000000000000000e+03 5.368000000000000000e+03
1.638000000000000000e+03 5.538000000000000000e+03
1.652000000000000000e+03 5.558000000000000000e+03
1.666000000000000000e+03 5.538000000000000000e+03
1.680000000000000000e+03 5.544000000000000000e+03
1.694000000000000000e+03 5.710000000000000000e+03
1.708000000000000000e+03 5.704000000000000000e+03
1.722000000000000000e+03 5.738000000000000000e+03
1.736000000000000000e+03 5.797000000000000000e+03
1.750000000000000000e+03 5.708000000000000000e+03
1.764000000000000000e+03 5.682000000000000000e+03
1.778000000000000000e+03 5.733000000000000000e+03
1.792000000000000000e+03 5.701000000000000000e+03
1.806000000000000000e+03 5.827000000000000000e+03
1.820000000000000000e+03 5.711000000000000000e+03
1.834000000000000000e+03 5.681000000000000000e+03
1.848000000000000000e+03 5.574000000000000000e+03
1.862000000000000000e+03 5.691000000000000000e+03
1.876000000000000000e+03 5.711000000000000000e+03
1.890000000000000000e+03 5.574000000000000000e+03
1.904000000000000000e+03 5.579000000000000000e+03
1.918000000000000000e+03 5.482000000000000000e+03
1.932000000000000000e+03 5.438000000000000000e+03
1.946000000000000000e+03 5.330000000000000000e+03
1.960000000000000000e+03 5.146000000000000000e+03
1.974000000000000000e+03 5.377000000000000000e+03
1.988000000000000000e+03 5.281000000000000000e+03
2.002000000000000000e+03 5.124000000000000000e+03
2.016000000000000000e+03 5.001000000000000000e+03
2.030000000000000000e+03 4.930000000000000000e+03
2.044000000000000000e+03 4.816000000000000000e+03
2.058000000000000000e+03 4.784000000000000000e+03
2.072000000000000000e+03 4.711000000000000000e+03
2.086000000000000000e+03 4.554000000000000000e+03
2.100000000000000000e+03 4.347000000000000000e+03
2.114000000000000000e+03 4.346000000000000000e+03
2.128000000000000000e+03 4.249000000000000000e+03
2.142000000000000000e+03 4.147000000000000000e+03
2.156000000000000000e+03 4.009000000000000000e+03
2.170000000000000000e+03 3.861000000000000000e+03
2.184000000000000000e+03 3.787000000000000000e+03
2.198000000000000000e+03 3.617000000000000000e+03
2.212000000000000000e+03 3.481000000000000000e+03
2.226000000000000000e+03 3.469000000000000000e+03
2.240000000000000000e+03 3.322000000000000000e+03
2.254000000000000000e+03 3.185000000000000000e+03
2.268000000000000000e+03 3.101000000000000000e+03
2.282000000000000000e+03 3.017000000000000000e+03
2.296000000000000000e+03 2.792000000000000000e+03
2.310000000000000000e+03 2.749000000000000000e+03
2.324000000000000000e+03 2.597000000000000000e+03
2.338000000000000000e+03 2.462000000000000000e+03
2.352000000000000000e+03 2.537000000000000000e+03
2.366000000000000000e+03 2.359000000000000000e+03
2.380000000000000000e+03 2.292000000000000000e+03
2.394000000000000000e+03 2.233000000000000000e+03
2.408000000000000000e+03 2.140000000000000000e+03
2.422000000000000000e+03 2.165000000000000000e+03
2.436000000000000000e+03 2.045000000000000000e+03
2.450000000000000000e+03 2.057000000000000000e+03
2.464000000000000000e+03 1.992000000000000000e+03
2.478000000000000000e+03 1.910000000000000000e+03
2.492000000000000000e+03 1.937000000000000000e+03
2.506000000000000000e+03 1.954000000000000000e+03
2.520000000000000000e+03 1.890000000000000000e+03
2.534000000000000000e+03 1.854000000000000000e+03
2.548000000000000000e+03 1.815000000000000000e+03
2.562000000000000000e+03 1.919000000000000000e+03
2.576000000000000000e+03 1.869000000000000000e+03
2.590000000000000000e+03 1.877000000000000000e+03
2.604000000000000000e+03 1.960000000000000000e+03
2.618000000000000000e+03 2.107000000000000000e+03
2.632000000000000000e+03 2.032000000000000000e+03
2.646000000000000000e+03 2.237000000000000000e+03
2.660000000000000000e+03 2.312000000000000000e+03
2.674000000000000000e+03 2.355000000000000000e+03
2.688000000000000000e+03 2.519000000000000000e+03
2.702000000000000000e+03 2.548000000000000000e+03
2.716000000000000000e+03 2.801000000000000000e+03
2.730000000000000000e+03 2.817000000000000000e+03
2.744000000000000000e+03 3.022000000000000000e+03
2.758000000000000000e+03 3.090000000000000000e+03
2.772000000000000000e+03 3.252000000000000000e+03
2.786000000000000000e+03 3.478000000000000000e+03
2.800000000000000000e+03 3.578000000000000000e+03
2.814000000000000000e+03 3.666000000000000000e+03
2.828000000000000000e+03 3.920000000000000000e+03
2.842000000000000000e+03 3.943000000000000000e+03
