0.000000000000000000e+00 7.023000000000000000e+03
3.330000000000000000e+02 7.039000000000000000e+03
6.660000000000000000e+02 7.241000000000000000e+03
9.990000000000000000e+02 7.342000000000000000e+03
1.332000000000000000e+03 7.314000000000000000e+03
1.665000000000000000e+03 7.370000000000000000e+03
1.998000000000000000e+03 7.587000000000000000e+03
2.331000000000000000e+03 7.676000000000000000e+03
2.664000000000000000e+03 7.820000000000000000e+03
2.997000000000000000e+03 7.825000000000000000e+03
3.330000000000000000e+03 7.803000000000000000e+03
3.663000000000000000e+03 7.783000000000000000e+03
3.996000000000000000e+03 7.848000000000000000e+03
4.329000000000000000e+03 7.995000000000000000e+03
4.662000000000000000e+03 7.772000000000000000e+03
4.995000000000000000e+03 7.928000000000000000e+03
5.328000000000000000e+03 7.875000000000000000e+03
5.661000000000000000e+03 8.029000000000000000e+03
5.994000000000000000e+03 7.877000000000000000e+03
6.327000000000000000e+03 7.992000000000000000e+03
6.660000000000000000e+03 7.988000000000000000e+03
6.993000000000000000e+03 7.918000000000000000e+03
7.326000000000000000e+03 7.857000000000000000e+03
7.659000000000000000e+03 8.033000000000000000e+03
7.992000000000000000e+03 8.097000000000000000e+03
8.325000000000000000e+03 7.887000000000000000e+03
8.658000000000000000e+03 7.874000000000000000e+03
8.991000000000000000e+03 8.013000000000000000e+03
9.324000000000000000e+03 7.885000000000000000e+03
9.657000000000000000e+03 7.753000000000000000e+03
9.990000000000000000e+03 7.765000000000000000e+03
1.032300000000000000e+04 7.528000000000000000e+03
1.065600000000000000e+04 7.480000000000000000e+03
1.098900000000000000e+04 7.440000000000000000e+03
1.132200000000000000e+04 7.243000000000000000e+03
1.165500000000000000e+04 7.353000000000000000e+03
1.198800000000000000e+04 7.329000000000000000e+03
1.232100000000000000e+04 7.209000000000000000e+03
1.265400000000000000e+04 7.106000000000000000e+03
1.298700000000000000e+04 6.911000000000000000e+03
1.332000000000000000e+04 6.770000000000000000e+03
1.365300000000000000e+04 6.659000000000000000e+03
1.398600000000000000e+04 6.571000000000000000e+03
1.431900000000000000e+04 6.472000000000000000e+03
1.465200000000000000e+04 6.045000000000000000e+03
1.498500000000000000e+04 5.975000000000000000e+03
1.531800000000000000e+04 5.963000000000000000e+03
1.565100000000000000e+04 5.699000000000000000e+03
1.598400000000000000e+04 5.406000000000000000e+03
1.631700000000000000e+04 5.304000000000000000e+03
1.665000000000000000e+04 5.051000000000000000e+03
1.698300000000000000e+04 4.993000000000000000e+03
1.731600000000000000e+04 4.755000000000000000e+03
1.764900000000000000e+04 4.481000000000000000e+03
1.798200000000000000e+04 4.264000000000000000e+03
1.831500000000000000e+04 4.050000000000000000e+03
1.864800000000000000e+04 3.787000000000000000e+03
1.898100000000000000e+04 3.695000000000000000e+03
1.931400000000000000e+04 3.551000000000000000e+03
1.964700000000000000e+04 3.338000000000000000e+03
1.998000000000000000e+04 3.228000000000000000e+03
2.031300000000000000e+04 3.028000000000000000e+03
2.064600000000000000e+04 2.833000000000000000e+03
2.097900000000000000e+04 2.767000000000000000e+03
2.131200000000000000e+04 2.679000000000000000e+03
2.164500000000000000e+04 2.591000000000000000e+03
2.197800000000000000e+04 2.628000000000000000e+03
2.231100000000000000e+04 2.447000000000000000e+03
2.264400000000000000e+04 2.464000000000000000e+03
2.297700000000000000e+04 2.364000000000000000e+03
2.331000000000000000e+04 2.428000000000000000e+03
2.364300000000000000e+04 2.400000000000000000e+03
2.397600000000000000e+04 2.458000000000000000e+03
2.430900000000000000e+04 2.419000000000000000e+03
2.464200000000000000e+04 2.553000000000000000e+03
2.497500000000000000e+04 2.661000000000000000e+03
2.530800000000000000e+04 2.741000000000000000e+03
2.564100000000000000e+04 2.915000000000000000e+03
2.597400000000000000e+04 3.117000000000000000e+03
2.630700000000000000e+04 3.205000000000000000e+03
2.664000000000000000e+04 3.324000000000000000e+03
2.697300000000000000e+04 3.544000000000000000e+03
2.730600000000000000e+04 3.784000000000000000e+03
2.763900000000000000e+04 3.829000000000000000e+03
2.797200000000000000e+04 4.277000000000000000e+03
2.830500000000000000e+04 4.362000000000000000e+03
2.863800000000000000e+04 4.605000000000000000e+03
2.897100000000000000e+04 4.765000000000000000e+03
2.930400000000000000e+04 4.776000000000000000e+03
2.963700000000000000e+04 5.248000000000000000e+03
2.997000000000000000e+04 5.412000000000000000e+03
3.030300000000000000e+04 5.656000000000000000e+03
3.063600000000000000e+04 5.793000000000000000e+03
3.096900000000000000e+04 6.000000000000000000e+03
3.130200000000000000e+04 6.113000000000000000e+03
3.163500000000000000e+04 6.385000000000000000e+03
3.196800000000000000e+04 6.381000000000000000e+03
3.230100000000000000e+04 6.703000000000000000e+03
3.263400000000000000e+04 6.760000000000000000e+03
3.296700000000000000e+04 6.858000000000000000e+03
3.330000000000000000e+04 6.935000000000000000e+03
3.363300000000000000e+04 7.112000000000000000e+03
3.396600000000000000e+04 7.226000000000000000e+03
3.429900000000000000e+04 7.453000000000000000e+03
3.463200000000000000e+04 7.503000000000000000e+03
3.496500000000000000e+04 7.624000000000000000e+03
3.529800000000000000e+04 7.747000000000000000e+03
3.563100000000000000e+04 7.675000000000000000e+03
3.596400000000000000e+04 7.796000000000000000e+03
3.629700000000000000e+04 7.578000000000000000e+03
3.663000000000000000e+04 7.731000000000000000e+03
3.696300000000000000e+04 7.909000000000000000e+03
3.729600000000000000e+04 7.887000000000000000e+03
3.762900000000000000e+04 7.750000000000000000e+03
3.796200000000000000e+04 7.865000000000000000e+03
3.829500000000000000e+04 7.946000000000000000e+03
3.862800000000000000e+04 8.006000000000000000e+03
3.896100000000000000e+04 7.862000000000000000e+03
3.929400000000000000e+04 8.114000000000000000e+03
3.962700000000000000e+04 7.976000000000000000e+03
3.996000000000000000e+04 7.941000000000000000e+03
4.029300000000000000e+04 8.019000000000000000e+03
4.062600000000000000e+04 7.961000000000000000e+03
4.095900000000000000e+04 7.857000000000000000e+03
4.129200000000000000e+04 7.843000000000000000e+03
4.162500000000000000e+04 7.924000000000000000e+03
4.195800000000000000e+04 7.743000000000000000e+03
4.229100000000000000e+04 7.787000000000000000e+03
4.262400000000000000e+04 7.908000000000000000e+03
4.295700000000000000e+04 7.902000000000000000e+03
4.329000000000000000e+04 7.797000000000000000e+03
4.362300000000000000e+04 7.576000000000000000e+03
4.395600000000000000e+04 7.740000000000000000e+03
4.428900000000000000e+04 7.455000000000000000e+03
4.462200000000000000e+04 7.272000000000000000e+03
4.495500000000000000e+04 7.267000000000000000e+03
4.528800000000000000e+04 7.141000000000000000e+03
4.562100000000000000e+04 7.192000000000000000e+03
4.595400000000000000e+04 7.037000000000000000e+03
4.628700000000000000e+04 6.776000000000000000e+03
4.662000000000000000e+04 6.984000000000000000e+03
4.695300000000000000e+04 6.665000000000000000e+03
4.728600000000000000e+04 6.384000000000000000e+03
4.761900000000000000e+04 6.316000000000000000e+03
4.795200000000000000e+04 6.261000000000000000e+03
4.828500000000000000e+04 6.055000000000000000e+03
4.861800000000000000e+04 5.877000000000000000e+03
4.895100000000000000e+04 5.841000000000000000e+03
4.928400000000000000e+04 5.475000000000000000e+03
4.961700000000000000e+04 5.394000000000000000e+03
4.995000000000000000e+04 5.147000000000000000e+03
5.028300000000000000e+04 4.948000000000000000e+03
5.061600000000000000e+04 4.811000000000000000e+03
5.094900000000000000e+04 4.536000000000000000e+03
5.128200000000000000e+04 4.483000000000000000e+03
5.161500000000000000e+04 4.168000000000000000e+03
5.194800000000000000e+04 3.924000000000000000e+03
5.228100000000000000e+04 3.616000000000000000e+03
5.261400000000000000e+04 3.559000000000000000e+03
5.294700000000000000e+04 3.467000000000000000e+03
5.328000000000000000e+04 3.170000000000000000e+03
5.361300000000000000e+04 3.103000000000000000e+03
5.394600000000000000e+04 2.966000000000000000e+03
5.427900000000000000e+04 2.719000000000000000e+03
5.461200000000000000e+04 2.675000000000000000e+03
5.494500000000000000e+04 2.657000000000000000e+03
5.527800000000000000e+04 2.482000000000000000e+03
5.561100000000000000e+04 2.531000000000000000e+03
5.594400000000000000e+04 2.415000000000000000e+03
5.627700000000000000e+04 2.472000000000000000e+03
5.661000000000000000e+04 2.415000000000000000e+03
5.694300000000000000e+04 2.302000000000000000e+03
5.727600000000000000e+04 2.394000000000000000e+03
5.760900000000000000e+04 2.429000000000000000e+03
5.794200000000000000e+04 2.598000000000000000e+03
5.827500000000000000e+04 2.648000000000000000e+03
5.860800000000000000e+04 2.775000000000000000e+03
5.894100000000000000e+04 2.848000000000000000e+03
5.927400000000000000e+04 2.943000000000000000e+03
5.960700000000000000e+04 3.111000000000000000e+03
5.994000000000000000e+04 3.338000000000000000e+03
6.027300000000000000e+04 3.528000000000000000e+03
6.060600000000000000e+04 3.726000000000000000e+03
6.093900000000000000e+04 3.979000000000000000e+03
6.127200000000000000e+04 4.265000000000000000e+03
6.160500000000000000e+04 4.454000000000000000e+03
6.193800000000000000e+04 4.633000000000000000e+03
6.227100000000000000e+04 4.829000000000000000e+03
6.260400000000000000e+04 4.856000000000000000e+03
6.293700000000000000e+04 5.138000000000000000e+03
6.327000000000000000e+04 5.374000000000000000e+03
6.360300000000000000e+04 5.514000000000000000e+03
6.393600000000000000e+04 5.701000000000000000e+03
6.426900000000000000e+04 5.997000000000000000e+03
6.460200000000000000e+04 6.231000000000000000e+03
6.493500000000000000e+04 6.221000000000000000e+03
6.526800000000000000e+04 6.471000000000000000e+03
6.560100000000000000e+04 6.423000000000000000e+03
6.593400000000000000e+04 6.831000000000000000e+03
6.626700000000000000e+04 6.984000000000000000e+03
