0.000000000000000000e+00 5.840000000000000000e+03
2.000000000000000000e+01 6.268000000000000000e+03
4.000000000000000000e+01 6.111000000000000000e+03
6.000000000000000000e+01 6.425000000000000000e+03
8.000000000000000000e+01 6.511000000000000000e+03
1.000000000000000000e+02 6.700000000000000000e+03
1.200000000000000000e+02 6.805000000000000000e+03
1.400000000000000000e+02 6.737000000000000000e+03
1.600000000000000000e+02 6.849000000000000000e+03
1.800000000000000000e+02 6.914000000000000000e+03
2.000000000000000000e+02 7.050000000000000000e+03
2.200000000000000000e+02 7.034000000000000000e+03
2.400000000000000000e+02 7.209000000000000000e+03
2.600000000000000000e+02 7.483000000000000000e+03
2.800000000000000000e+02 7.359000000000000000e+03
3.000000000000000000e+02 7.103000000000000000e+03
3.200000000000000000e+02 7.185000000000000000e+03
3.400000000000000000e+02 7.249000000000000000e+03
3.600000000000000000e+02 7.241000000000000000e+03
3.800000000000000000e+02 7.393000000000000000e+03
4.000000000000000000e+02 7.346000000000000000e+03
4.200000000000000000e+02 7.202000000000000000e+03
4.400000000000000000e+02 7.335000000000000000e+03
4.600000000000000000e+02 7.324000000000000000e+03
4.800000000000000000e+02 7.258000000000000000e+03
5.000000000000000000e+02 7.252000000000000000e+03
5.200000000000000000e+02 7.403000000000000000e+03
5.400000000000000000e+02 7.397000000000000000e+03
5.600000000000000000e+02 7.264000000000000000e+03
5.800000000000000000e+02 7.283000000000000000e+03
6.000000000000000000e+02 7.169000000000000000e+03
6.200000000000000000e+02 7.052000000000000000e+03
6.400000000000000000e+02 6.955000000000000000e+03
6.600000000000000000e+02 7.050000000000000000e+03
6.800000000000000000e+02 6.861000000000000000e+03
7.000000000000000000e+02 6.928000000000000000e+03
7.200000000000000000e+02 6.750000000000000000e+03
7.400000000000000000e+02 6.735000000000000000e+03
7.600000000000000000e+02 6.687000000000000000e+03
7.800000000000000000e+02 6.703000000000000000e+03
8.000000000000000000e+02 6.497000000000000000e+03
8.200000000000000000e+02 6.436000000000000000e+03
8.400000000000000000e+02 6.184000000000000000e+03
8.600000000000000000e+02 6.206000000000000000e+03
8.800000000000000000e+02 6.070000000000000000e+03
9.000000000000000000e+02 5.866000000000000000e+03
9.200000000000000000e+02 5.703000000000000000e+03
9.400000000000000000e+02 5.750000000000000000e+03
9.600000000000000000e+02 5.555000000000000000e+03
9.800000000000000000e+02 5.443000000000000000e+03
1.000000000000000000e+03 5.301000000000000000e+03
1.020000000000000000e+03 4.933000000000000000e+03
1.040000000000000000e+03 4.843000000000000000e+03
1.060000000000000000e+03 4.732000000000000000e+03
1.080000000000000000e+03 4.591000000000000000e+03
1.100000000000000000e+03 4.397000000000000000e+03
1.120000000000000000e+03 4.280000000000000000e+03
1.140000000000000000e+03 4.046000000000000000e+03
1.160000000000000000e+03 3.875000000000000000e+03
1.180000000000000000e+03 3.758000000000000000e+03
1.200000000000000000e+03 3.692000000000000000e+03
1.220000000000000000e+03 3.582000000000000000e+03
1.240000000000000000e+03 3.281000000000000000e+03
1.260000000000000000e+03 3.279000000000000000e+03
1.280000000000000000e+03 3.137000000000000000e+03
1.300000000000000000e+03 2.993000000000000000e+03
1.320000000000000000e+03 2.919000000000000000e+03
1.340000000000000000e+03 2.825000000000000000e+03
1.360000000000000000e+03 2.761000000000000000e+03
1.380000000000000000e+03 2.607000000000000000e+03
1.400000000000000000e+03 2.543000000000000000e+03
1.420000000000000000e+03 2.593000000000000000e+03
1.440000000000000000e+03 2.504000000000000000e+03
1.460000000000000000e+03 2.470000000000000000e+03
1.480000000000000000e+03 2.388000000000000000e+03
1.500000000000000000e+03 2.475000000000000000e+03
1.520000000000000000e+03 2.421000000000000000e+03
1.540000000000000000e+03 2.588000000000000000e+03
1.560000000000000000e+03 2.517000000000000000e+03
1.580000000000000000e+03 2.654000000000000000e+03
1.600000000000000000e+03 2.801000000000000000e+03
1.620000000000000000e+03 2.779000000000000000e+03
1.640000000000000000e+03 2.907000000000000000e+03
1.660000000000000000e+03 3.091000000000000000e+03
1.680000000000000000e+03 3.235000000000000000e+03
1.700000000000000000e+03 3.251000000000000000e+03
1.720000000000000000e+03 3.501000000000000000e+03
1.740000000000000000e+03 3.728000000000000000e+03
1.760000000000000000e+03 3.834000000000000000e+03
1.780000000000000000e+03 3.931000000000000000e+03
1.800000000000000000e+03 4.288000000000000000e+03
1.820000000000000000e+03 4.375000000000000000e+03
1.840000000000000000e+03 4.727000000000000000e+03
1.860000000000000000e+03 4.802000000000000000e+03
1.880000000000000000e+03 5.016000000000000000e+03
1.900000000000000000e+03 5.342000000000000000e+03
1.920000000000000000e+03 5.346000000000000000e+03
1.940000000000000000e+03 5.567000000000000000e+03
1.960000000000000000e+03 5.532000000000000000e+03
1.980000000000000000e+03 5.813000000000000000e+03
2.000000000000000000e+03 5.999000000000000000e+03
2.020000000000000000e+03 6.089000000000000000e+03
2.040000000000000000e+03 6.315000000000000000e+03
2.060000000000000000e+03 6.358000000000000000e+03
2.080000000000000000e+03 6.426000000000000000e+03
2.100000000000000000e+03 6.645000000000000000e+03
2.120000000000000000e+03 6.682000000000000000e+03
2.140000000000000000e+03 6.828000000000000000e+03
2.160000000000000000e+03 6.969000000000000000e+03
2.180000000000000000e+03 6.967000000000000000e+03
2.200000000000000000e+03 6.948000000000000000e+03
2.220000000000000000e+03 7.091000000000000000e+03
2.240000000000000000e+03 7.144000000000000000e+03
2.260000000000000000e+03 7.295000000000000000e+03
2.280000000000000000e+03 7.157000000000000000e+03
2.300000000000000000e+03 7.125000000000000000e+03
2.320000000000000000e+03 7.402000000000000000e+03
2.340000000000000000e+03 7.293000000000000000e+03
2.360000000000000000e+03 7.409000000000000000e+03
2.380000000000000000e+03 7.231000000000000000e+03
2.400000000000000000e+03 7.470000000000000000e+03
2.420000000000000000e+03 7.218000000000000000e+03
2.440000000000000000e+03 7.424000000000000000e+03
2.460000000000000000e+03 7.332000000000000000e+03
2.480000000000000000e+03 7.367000000000000000e+03
2.500000000000000000e+03 7.344000000000000000e+03
2.520000000000000000e+03 7.453000000000000000e+03
2.540000000000000000e+03 7.209000000000000000e+03
2.560000000000000000e+03 7.196000000000000000e+03
2.580000000000000000e+03 7.165000000000000000e+03
2.600000000000000000e+03 7.255000000000000000e+03
2.620000000000000000e+03 7.237000000000000000e+03
2.640000000000000000e+03 6.986000000000000000e+03
2.660000000000000000e+03 7.097000000000000000e+03
2.680000000000000000e+03 7.026000000000000000e+03
2.700000000000000000e+03 6.987000000000000000e+03
2.720000000000000000e+03 6.808000000000000000e+03
2.740000000000000000e+03 6.833000000000000000e+03
2.760000000000000000e+03 6.766000000000000000e+03
2.780000000000000000e+03 6.686000000000000000e+03
2.800000000000000000e+03 6.569000000000000000e+03
2.820000000000000000e+03 6.443000000000000000e+03
2.840000000000000000e+03 6.202000000000000000e+03
2.860000000000000000e+03 6.025000000000000000e+03
2.880000000000000000e+03 5.997000000000000000e+03
2.900000000000000000e+03 5.794000000000000000e+03
2.920000000000000000e+03 5.821000000000000000e+03
2.940000000000000000e+03 5.540000000000000000e+03
2.960000000000000000e+03 5.511000000000000000e+03
2.980000000000000000e+03 5.470000000000000000e+03
3.000000000000000000e+03 5.239000000000000000e+03
3.020000000000000000e+03 5.043000000000000000e+03
3.040000000000000000e+03 4.955000000000000000e+03
3.060000000000000000e+03 4.689000000000000000e+03
3.080000000000000000e+03 4.502000000000000000e+03
3.100000000000000000e+03 4.305000000000000000e+03
3.120000000000000000e+03 4.251000000000000000e+03
3.140000000000000000e+03 4.094000000000000000e+03
3.160000000000000000e+03 3.786000000000000000e+03
3.180000000000000000e+03 3.700000000000000000e+03
3.200000000000000000e+03 3.591000000000000000e+03
3.220000000000000000e+03 3.464000000000000000e+03
3.240000000000000000e+03 3.296000000000000000e+03
3.260000000000000000e+03 3.298000000000000000e+03
3.280000000000000000e+03 3.070000000000000000e+03
3.300000000000000000e+03 2.987000000000000000e+03
3.320000000000000000e+03 2.984000000000000000e+03
3.340000000000000000e+03 2.866000000000000000e+03
3.360000000000000000e+03 2.789000000000000000e+03
3.380000000000000000e+03 2.695000000000000000e+03
3.400000000000000000e+03 2.524000000000000000e+03
3.420000000000000000e+03 2.573000000000000000e+03
3.440000000000000000e+03 2.565000000000000000e+03
3.460000000000000000e+03 2.477000000000000000e+03
3.480000000000000000e+03 2.450000000000000000e+03
3.500000000000000000e+03 2.367000000000000000e+03
3.520000000000000000e+03 2.437000000000000000e+03
3.540000000000000000e+03 2.434000000000000000e+03
3.560000000000000000e+03 2.560000000000000000e+03
3.580000000000000000e+03 2.577000000000000000e+03
3.600000000000000000e+03 2.693000000000000000e+03
3.620000000000000000e+03 2.808000000000000000e+03
3.640000000000000000e+03 2.840000000000000000e+03
3.660000000000000000e+03 3.046000000000000000e+03
3.680000000000000000e+03 3.260000000000000000e+03
3.700000000000000000e+03 3.381000000000000000e+03
3.720000000000000000e+03 3.642000000000000000e+03
3.740000000000000000e+03 3.712000000000000000e+03
3.760000000000000000e+03 3.974000000000000000e+03
3.780000000000000000e+03 4.154000000000000000e+03
3.800000000000000000e+03 4.302000000000000000e+03
3.820000000000000000e+03 4.399000000000000000e+03
3.840000000000000000e+03 4.557000000000000000e+03
3.860000000000000000e+03 4.893000000000000000e+03
3.880000000000000000e+03 5.034000000000000000e+03
3.900000000000000000e+03 5.269000000000000000e+03
3.920000000000000000e+03 5.451000000000000000e+03
3.940000000000000000e+03 5.642000000000000000e+03
3.960000000000000000e+03 5.767000000000000000e+03
3.980000000000000000e+03 5.912000000000000000e+03
