0.000000000000000000e+00 5.649000000000000000e+03
1.420000000000000000e+02 5.668000000000000000e+03
2.840000000000000000e+02 5.758000000000000000e+03
4.260000000000000000e+02 5.844000000000000000e+03
5.680000000000000000e+02 6.004000000000000000e+03
7.100000000000000000e+02 5.996000000000000000e+03
8.520000000000000000e+02 6.189000000000000000e+03
9.940000000000000000e+02 6.135000000000000000e+03
1.136000000000000000e+03 6.256000000000000000e+03
1.278000000000000000e+03 6.167000000000000000e+03
1.420000000000000000e+03 6.245000000000000000e+03
1.562000000000000000e+03 6.365000000000000000e+03
1.704000000000000000e+03 6.333000000000000000e+03
1.846000000000000000e+03 6.368000000000000000e+03
1.988000000000000000e+03 6.443000000000000000e+03
2.130000000000000000e+03 6.355000000000000000e+03
2.272000000000000000e+03 6.465000000000000000e+03
2.414000000000000000e+03 6.353000000000000000e+03
2.556000000000000000e+03 6.316000000000000000e+03
2.698000000000000000e+03 6.478000000000000000e+03
2.840000000000000000e+03 6.547000000000000000e+03
2.982000000000000000e+03 6.475000000000000000e+03
3.124000000000000000e+03 6.512000000000000000e+03
3.266000000000000000e+03 6.395000000000000000e+03
3.408000000000000000e+03 6.390000000000000000e+03
3.550000000000000000e+03 6.506000000000000000e+03
3.692000000000000000e+03 6.485000000000000000e+03
3.834000000000000000e+03 6.291000000000000000e+03
3.976000000000000000e+03 6.511000000000000000e+03
4.118000000000000000e+03 6.406000000000000000e+03
4.260000000000000000e+03 6.320000000000000000e+03
4.402000000000000000e+03 6.242000000000000000e+03
4.544000000000000000e+03 6.152000000000000000e+03
4.686000000000000000e+03 6.141000000000000000e+03
4.828000000000000000e+03 5.948000000000000000e+03
4.970000000000000000e+03 5.997000000000000000e+03
5.112000000000000000e+03 5.946000000000000000e+03
5.254000000000000000e+03 5.797000000000000000e+03
5.396000000000000000e+03 5.646000000000000000e+03
5.538000000000000000e+03 5.592000000000000000e+03
5.680000000000000000e+03 5.366000000000000000e+03
5.822000000000000000e+03 5.444000000000000000e+03
5.964000000000000000e+03 5.239000000000000000e+03
6.106000000000000000e+03 5.312000000000000000e+03
6.248000000000000000e+03 5.134000000000000000e+03
6.390000000000000000e+03 5.037000000000000000e+03
6.532000000000000000e+03 4.882000000000000000e+03
6.674000000000000000e+03 4.744000000000000000e+03
6.816000000000000000e+03 4.549000000000000000e+03
6.958000000000000000e+03 4.386000000000000000e+03
7.100000000000000000e+03 4.305000000000000000e+03
7.242000000000000000e+03 4.214000000000000000e+03
7.384000000000000000e+03 4.056000000000000000e+03
7.526000000000000000e+03 3.811000000000000000e+03
7.668000000000000000e+03 3.718000000000000000e+03
7.810000000000000000e+03 3.522000000000000000e+03
7.952000000000000000e+03 3.561000000000000000e+03
8.094000000000000000e+03 3.330000000000000000e+03
8.236000000000000000e+03 3.217000000000000000e+03
8.378000000000000000e+03 3.091000000000000000e+03
8.520000000000000000e+03 2.925000000000000000e+03
8.662000000000000000e+03 2.799000000000000000e+03
8.804000000000000000e+03 2.721000000000000000e+03
8.946000000000000000e+03 2.609000000000000000e+03
9.088000000000000000e+03 2.507000000000000000e+03
9.230000000000000000e+03 2.427000000000000000e+03
9.372000000000000000e+03 2.468000000000000000e+03
9.514000000000000000e+03 2.225000000000000000e+03
9.656000000000000000e+03 2.263000000000000000e+03
9.798000000000000000e+03 2.183000000000000000e+03
9.940000000000000000e+03 2.161000000000000000e+03
1.008200000000000000e+04 2.080000000000000000e+03
1.022400000000000000e+04 2.181000000000000000e+03
1.036600000000000000e+04 2.115000000000000000e+03
1.050800000000000000e+04 2.233000000000000000e+03
1.065000000000000000e+04 2.249000000000000000e+03
1.079200000000000000e+04 2.298000000000000000e+03
1.093400000000000000e+04 2.484000000000000000e+03
1.107600000000000000e+04 2.470000000000000000e+03
1.121800000000000000e+04 2.581000000000000000e+03
1.136000000000000000e+04 2.655000000000000000e+03
1.150200000000000000e+04 2.781000000000000000e+03
1.164400000000000000e+04 2.878000000000000000e+03
1.178600000000000000e+04 3.000000000000000000e+03
1.192800000000000000e+04 3.278000000000000000e+03
1.207000000000000000e+04 3.362000000000000000e+03
1.221200000000000000e+04 3.584000000000000000e+03
1.235400000000000000e+04 3.800000000000000000e+03
1.249600000000000000e+04 3.892000000000000000e+03
1.263800000000000000e+04 3.993000000000000000e+03
1.278000000000000000e+04 4.159000000000000000e+03
1.292200000000000000e+04 4.294000000000000000e+03
1.306400000000000000e+04 4.436000000000000000e+03
1.320600000000000000e+04 4.700000000000000000e+03
1.334800000000000000e+04 4.779000000000000000e+03
1.349000000000000000e+04 4.811000000000000000e+03
1.363200000000000000e+04 5.037000000000000000e+03
1.377400000000000000e+04 5.195000000000000000e+03
1.391600000000000000e+04 5.313000000000000000e+03
1.405800000000000000e+04 5.338000000000000000e+03
1.420000000000000000e+04 5.553000000000000000e+03
1.434200000000000000e+04 5.635000000000000000e+03
1.448400000000000000e+04 5.897000000000000000e+03
1.462600000000000000e+04 5.815000000000000000e+03
1.476800000000000000e+04 5.995000000000000000e+03
1.491000000000000000e+04 5.967000000000000000e+03
1.505200000000000000e+04 6.008000000000000000e+03
1.519400000000000000e+04 6.012000000000000000e+03
1.533600000000000000e+04 6.146000000000000000e+03
1.547800000000000000e+04 6.232000000000000000e+03
1.562000000000000000e+04 6.221000000000000000e+03
1.576200000000000000e+04 6.234000000000000000e+03
1.590400000000000000e+04 6.480000000000000000e+03
1.604600000000000000e+04 6.253000000000000000e+03
1.618800000000000000e+04 6.559000000000000000e+03
1.633000000000000000e+04 6.259000000000000000e+03
1.647200000000000000e+04 6.500000000000000000e+03
1.661400000000000000e+04 6.437000000000000000e+03
1.675600000000000000e+04 6.311000000000000000e+03
1.689800000000000000e+04 6.429000000000000000e+03
1.704000000000000000e+04 6.404000000000000000e+03
1.718200000000000000e+04 6.310000000000000000e+03
1.732400000000000000e+04 6.493000000000000000e+03
1.746600000000000000e+04 6.305000000000000000e+03
1.760800000000000000e+04 6.549000000000000000e+03
1.775000000000000000e+04 6.440000000000000000e+03
1.789200000000000000e+04 6.413000000000000000e+03
1.803400000000000000e+04 6.338000000000000000e+03
1.817600000000000000e+04 6.333000000000000000e+03
1.831800000000000000e+04 6.323000000000000000e+03
1.846000000000000000e+04 6.299000000000000000e+03
1.860200000000000000e+04 6.353000000000000000e+03
1.874400000000000000e+04 6.323000000000000000e+03
1.888600000000000000e+04 6.220000000000000000e+03
1.902800000000000000e+04 6.269000000000000000e+03
1.917000000000000000e+04 6.019000000000000000e+03
1.931200000000000000e+04 5.811000000000000000e+03
1.945400000000000000e+04 5.869000000000000000e+03
1.959600000000000000e+04 5.778000000000000000e+03
1.973800000000000000e+04 5.678000000000000000e+03
1.988000000000000000e+04 5.662000000000000000e+03
2.002200000000000000e+04 5.487000000000000000e+03
2.016400000000000000e+04 5.376000000000000000e+03
2.030600000000000000e+04 5.292000000000000000e+03
2.044800000000000000e+04 5.104000000000000000e+03
2.059000000000000000e+04 5.028000000000000000e+03
2.073200000000000000e+04 5.086000000000000000e+03
2.087400000000000000e+04 4.722000000000000000e+03
2.101600000000000000e+04 4.688000000000000000e+03
2.115800000000000000e+04 4.561000000000000000e+03
2.130000000000000000e+04 4.398000000000000000e+03
2.144200000000000000e+04 4.358000000000000000e+03
2.158400000000000000e+04 3.982000000000000000e+03
2.172600000000000000e+04 3.934000000000000000e+03
2.186800000000000000e+04 3.794000000000000000e+03
2.201000000000000000e+04 3.653000000000000000e+03
2.215200000000000000e+04 3.485000000000000000e+03
2.229400000000000000e+04 3.317000000000000000e+03
2.243600000000000000e+04 3.233000000000000000e+03
2.257800000000000000e+04 3.123000000000000000e+03
2.272000000000000000e+04 3.004000000000000000e+03
2.286200000000000000e+04 2.744000000000000000e+03
2.300400000000000000e+04 2.746000000000000000e+03
2.314600000000000000e+04 2.671000000000000000e+03
2.328800000000000000e+04 2.485000000000000000e+03
2.343000000000000000e+04 2.563000000000000000e+03
2.357200000000000000e+04 2.413000000000000000e+03
2.371400000000000000e+04 2.354000000000000000e+03
2.385600000000000000e+04 2.294000000000000000e+03
2.399800000000000000e+04 2.257000000000000000e+03
2.414000000000000000e+04 2.205000000000000000e+03
2.428200000000000000e+04 2.205000000000000000e+03
2.442400000000000000e+04 2.284000000000000000e+03
2.456600000000000000e+04 2.135000000000000000e+03
2.470800000000000000e+04 2.235000000000000000e+03
2.485000000000000000e+04 2.160000000000000000e+03
2.499200000000000000e+04 2.304000000000000000e+03
2.513400000000000000e+04 2.346000000000000000e+03
2.527600000000000000e+04 2.367000000000000000e+03
2.541800000000000000e+04 2.577000000000000000e+03
2.556000000000000000e+04 2.630000000000000000e+03
2.570200000000000000e+04 2.676000000000000000e+03
2.584400000000000000e+04 2.754000000000000000e+03
2.598600000000000000e+04 2.872000000000000000e+03
2.612800000000000000e+04 3.080000000000000000e+03
2.627000000000000000e+04 3.329000000000000000e+03
2.641200000000000000e+04 3.422000000000000000e+03
2.655400000000000000e+04 3.517000000000000000e+03
2.669600000000000000e+04 3.735000000000000000e+03
2.683800000000000000e+04 3.988000000000000000e+03
2.698000000000000000e+04 4.033000000000000000e+03
2.712200000000000000e+04 4.185000000000000000e+03
2.726400000000000000e+04 4.450000000000000000e+03
2.740600000000000000e+04 4.538000000000000000e+03
2.754800000000000000e+04 4.793000000000000000e+03
2.769000000000000000e+04 4.796000000000000000e+03
2.783200000000000000e+04 5.074000000000000000e+03
2.797400000000000000e+04 5.167000000000000000e+03
2.811600000000000000e+04 5.306000000000000000e+03
2.825800000000000000e+04 5.412000000000000000e+03
2.840000000000000000e+04 5.461000000000000000e+03
