0.000000000000000000e+00 5.994000000000000000e+03
2.000000000000000000e+01 6.428000000000000000e+03
4.000000000000000000e+01 6.394000000000000000e+03
6.000000000000000000e+01 6.636000000000000000e+03
8.000000000000000000e+01 6.647000000000000000e+03
1.000000000000000000e+02 6.791000000000000000e+03
1.200000000000000000e+02 6.949000000000000000e+03
1.400000000000000000e+02 6.858000000000000000e+03
1.600000000000000000e+02 6.982000000000000000e+03
1.800000000000000000e+02 7.217000000000000000e+03
2.000000000000000000e+02 7.278000000000000000e+03
2.200000000000000000e+02 7.259000000000000000e+03
2.400000000000000000e+02 7.452000000000000000e+03
2.600000000000000000e+02 7.438000000000000000e+03
2.800000000000000000e+02 7.512000000000000000e+03
3.000000000000000000e+02 7.655000000000000000e+03
3.200000000000000000e+02 7.586000000000000000e+03
3.400000000000000000e+02 7.521000000000000000e+03
3.600000000000000000e+02 7.659000000000000000e+03
3.800000000000000000e+02 7.660000000000000000e+03
4.000000000000000000e+02 7.835000000000000000e+03
4.200000000000000000e+02 7.741000000000000000e+03
4.400000000000000000e+02 7.761000000000000000e+03
4.600000000000000000e+02 7.998000000000000000e+03
4.800000000000000000e+02 7.879000000000000000e+03
5.000000000000000000e+02 7.813000000000000000e+03
5.200000000000000000e+02 7.818000000000000000e+03
5.400000000000000000e+02 7.795000000000000000e+03
5.600000000000000000e+02 7.830000000000000000e+03
5.800000000000000000e+02 7.934000000000000000e+03
6.000000000000000000e+02 7.953000000000000000e+03
6.200000000000000000e+02 7.746000000000000000e+03
6.400000000000000000e+02 7.677000000000000000e+03
6.600000000000000000e+02 7.602000000000000000e+03
6.800000000000000000e+02 7.612000000000000000e+03
7.000000000000000000e+02 7.552000000000000000e+03
7.200000000000000000e+02 7.557000000000000000e+03
7.400000000000000000e+02 7.317000000000000000e+03
7.600000000000000000e+02 7.241000000000000000e+03
7.800000000000000000e+02 7.271000000000000000e+03
8.000000000000000000e+02 7.258000000000000000e+03
8.200000000000000000e+02 7.139000000000000000e+03
8.400000000000000000e+02 7.152000000000000000e+03
8.600000000000000000e+02 6.965000000000000000e+03
8.800000000000000000e+02 6.844000000000000000e+03
9.000000000000000000e+02 6.802000000000000000e+03
9.200000000000000000e+02 6.714000000000000000e+03
9.400000000000000000e+02 6.421000000000000000e+03
9.600000000000000000e+02 6.373000000000000000e+03
9.800000000000000000e+02 6.218000000000000000e+03
1.000000000000000000e+03 6.243000000000000000e+03
1.020000000000000000e+03 5.844000000000000000e+03
1.040000000000000000e+03 5.745000000000000000e+03
1.060000000000000000e+03 5.682000000000000000e+03
1.080000000000000000e+03 5.483000000000000000e+03
1.100000000000000000e+03 5.385000000000000000e+03
1.120000000000000000e+03 5.202000000000000000e+03
1.140000000000000000e+03 5.064000000000000000e+03
1.160000000000000000e+03 4.864000000000000000e+03
1.180000000000000000e+03 4.640000000000000000e+03
1.200000000000000000e+03 4.571000000000000000e+03
1.220000000000000000e+03 4.587000000000000000e+03
1.240000000000000000e+03 4.431000000000000000e+03
1.260000000000000000e+03 4.345000000000000000e+03
1.280000000000000000e+03 4.093000000000000000e+03
1.300000000000000000e+03 3.968000000000000000e+03
1.320000000000000000e+03 3.929000000000000000e+03
1.340000000000000000e+03 3.817000000000000000e+03
1.360000000000000000e+03 3.707000000000000000e+03
1.380000000000000000e+03 3.702000000000000000e+03
1.400000000000000000e+03 3.466000000000000000e+03
1.420000000000000000e+03 3.547000000000000000e+03
1.440000000000000000e+03 3.392000000000000000e+03
1.460000000000000000e+03 3.509000000000000000e+03
1.480000000000000000e+03 3.379000000000000000e+03
1.500000000000000000e+03 3.294000000000000000e+03
1.520000000000000000e+03 3.453000000000000000e+03
1.540000000000000000e+03 3.358000000000000000e+03
1.560000000000000000e+03 3.425000000000000000e+03
1.580000000000000000e+03 3.480000000000000000e+03
1.600000000000000000e+03 3.384000000000000000e+03
1.620000000000000000e+03 3.468000000000000000e+03
1.640000000000000000e+03 3.666000000000000000e+03
1.660000000000000000e+03 3.615000000000000000e+03
1.680000000000000000e+03 3.748000000000000000e+03
1.700000000000000000e+03 3.818000000000000000e+03
1.720000000000000000e+03 3.956000000000000000e+03
1.740000000000000000e+03 4.062000000000000000e+03
1.760000000000000000e+03 4.152000000000000000e+03
1.780000000000000000e+03 4.205000000000000000e+03
1.800000000000000000e+03 4.512000000000000000e+03
1.820000000000000000e+03 4.581000000000000000e+03
1.840000000000000000e+03 4.888000000000000000e+03
1.860000000000000000e+03 5.035000000000000000e+03
1.880000000000000000e+03 5.130000000000000000e+03
1.900000000000000000e+03 5.239000000000000000e+03
1.920000000000000000e+03 5.559000000000000000e+03
1.940000000000000000e+03 5.715000000000000000e+03
1.960000000000000000e+03 5.794000000000000000e+03
1.980000000000000000e+03 6.050000000000000000e+03
2.000000000000000000e+03 6.201000000000000000e+03
2.020000000000000000e+03 6.229000000000000000e+03
2.040000000000000000e+03 6.417000000000000000e+03
2.060000000000000000e+03 6.555000000000000000e+03
2.080000000000000000e+03 6.633000000000000000e+03
2.100000000000000000e+03 6.525000000000000000e+03
2.120000000000000000e+03 6.925000000000000000e+03
2.140000000000000000e+03 6.786000000000000000e+03
2.160000000000000000e+03 7.115000000000000000e+03
2.180000000000000000e+03 7.090000000000000000e+03
2.200000000000000000e+03 7.083000000000000000e+03
2.220000000000000000e+03 7.316000000000000000e+03
2.240000000000000000e+03 7.552000000000000000e+03
2.260000000000000000e+03 7.412000000000000000e+03
2.280000000000000000e+03 7.414000000000000000e+03
2.300000000000000000e+03 7.454000000000000000e+03
2.320000000000000000e+03 7.585000000000000000e+03
2.340000000000000000e+03 7.730000000000000000e+03
2.360000000000000000e+03 7.723000000000000000e+03
2.380000000000000000e+03 7.704000000000000000e+03
2.400000000000000000e+03 7.736000000000000000e+03
2.420000000000000000e+03 7.739000000000000000e+03
2.440000000000000000e+03 7.672000000000000000e+03
2.460000000000000000e+03 8.000000000000000000e+03
2.480000000000000000e+03 7.899000000000000000e+03
2.500000000000000000e+03 7.785000000000000000e+03
2.520000000000000000e+03 7.816000000000000000e+03
2.540000000000000000e+03 7.692000000000000000e+03
2.560000000000000000e+03 7.923000000000000000e+03
2.580000000000000000e+03 7.585000000000000000e+03
2.600000000000000000e+03 7.696000000000000000e+03
2.620000000000000000e+03 7.686000000000000000e+03
2.640000000000000000e+03 7.711000000000000000e+03
2.660000000000000000e+03 7.540000000000000000e+03
2.680000000000000000e+03 7.746000000000000000e+03
2.700000000000000000e+03 7.705000000000000000e+03
2.720000000000000000e+03 7.672000000000000000e+03
2.740000000000000000e+03 7.487000000000000000e+03
2.760000000000000000e+03 7.390000000000000000e+03
2.780000000000000000e+03 7.230000000000000000e+03
2.800000000000000000e+03 7.397000000000000000e+03
2.820000000000000000e+03 7.020000000000000000e+03
2.840000000000000000e+03 6.972000000000000000e+03
2.860000000000000000e+03 6.912000000000000000e+03
2.880000000000000000e+03 6.916000000000000000e+03
2.900000000000000000e+03 6.690000000000000000e+03
2.920000000000000000e+03 6.675000000000000000e+03
2.940000000000000000e+03 6.470000000000000000e+03
2.960000000000000000e+03 6.195000000000000000e+03
2.980000000000000000e+03 6.235000000000000000e+03
3.000000000000000000e+03 6.108000000000000000e+03
3.020000000000000000e+03 5.885000000000000000e+03
3.040000000000000000e+03 5.701000000000000000e+03
3.060000000000000000e+03 5.624000000000000000e+03
3.080000000000000000e+03 5.472000000000000000e+03
3.100000000000000000e+03 5.320000000000000000e+03
3.120000000000000000e+03 5.260000000000000000e+03
3.140000000000000000e+03 4.988000000000000000e+03
3.160000000000000000e+03 4.944000000000000000e+03
3.180000000000000000e+03 4.855000000000000000e+03
3.200000000000000000e+03 4.687000000000000000e+03
3.220000000000000000e+03 4.417000000000000000e+03
3.240000000000000000e+03 4.284000000000000000e+03
3.260000000000000000e+03 4.251000000000000000e+03
3.280000000000000000e+03 4.195000000000000000e+03
3.300000000000000000e+03 3.957000000000000000e+03
3.320000000000000000e+03 4.038000000000000000e+03
3.340000000000000000e+03 3.732000000000000000e+03
3.360000000000000000e+03 3.858000000000000000e+03
3.380000000000000000e+03 3.611000000000000000e+03
3.400000000000000000e+03 3.711000000000000000e+03
3.420000000000000000e+03 3.561000000000000000e+03
3.440000000000000000e+03 3.452000000000000000e+03
3.460000000000000000e+03 3.417000000000000000e+03
3.480000000000000000e+03 3.415000000000000000e+03
3.500000000000000000e+03 3.462000000000000000e+03
3.520000000000000000e+03 3.504000000000000000e+03
3.540000000000000000e+03 3.420000000000000000e+03
3.560000000000000000e+03 3.472000000000000000e+03
3.580000000000000000e+03 3.474000000000000000e+03
3.600000000000000000e+03 3.519000000000000000e+03
3.620000000000000000e+03 3.624000000000000000e+03
3.640000000000000000e+03 3.558000000000000000e+03
3.660000000000000000e+03 3.674000000000000000e+03
3.680000000000000000e+03 3.708000000000000000e+03
3.700000000000000000e+03 3.812000000000000000e+03
3.720000000000000000e+03 4.023000000000000000e+03
3.740000000000000000e+03 4.125000000000000000e+03
3.760000000000000000e+03 4.257000000000000000e+03
3.780000000000000000e+03 4.488000000000000000e+03
3.800000000000000000e+03 4.450000000000000000e+03
3.820000000000000000e+03 4.704000000000000000e+03
3.840000000000000000e+03 4.812000000000000000e+03
3.860000000000000000e+03 5.075000000000000000e+03
3.880000000000000000e+03 5.178000000000000000e+03
3.900000000000000000e+03 5.497000000000000000e+03
3.920000000000000000e+03 5.598000000000000000e+03
3.940000000000000000e+03 5.629000000000000000e+03
3.960000000000000000e+03 5.838000000000000000e+03
3.980000000000000000e+03 6.106000000000000000e+03
