0.000000000000000000e+00 4.870000000000000000e+03
1.000000000000000000e+02 5.027000000000000000e+03
2.000000000000000000e+02 5.085000000000000000e+03
3.000000000000000000e+02 5.160000000000000000e+03
4.000000000000000000e+02 5.296000000000000000e+03
5.000000000000000000e+02 5.268000000000000000e+03
6.000000000000000000e+02 5.451000000000000000e+03
7.000000000000000000e+02 5.451000000000000000e+03
8.000000000000000000e+02 5.398000000000000000e+03
9.000000000000000000e+02 5.547000000000000000e+03
1.000000000000000000e+03 5.663000000000000000e+03
1.100000000000000000e+03 5.729000000000000000e+03
1.200000000000000000e+03 5.572000000000000000e+03
1.300000000000000000e+03 5.605000000000000000e+03
1.400000000000000000e+03 5.654000000000000000e+03
1.500000000000000000e+03 5.591000000000000000e+03
1.600000000000000000e+03 5.666000000000000000e+03
1.700000000000000000e+03 5.754000000000000000e+03
1.800000000000000000e+03 5.729000000000000000e+03
1.900000000000000000e+03 5.787000000000000000e+03
2.000000000000000000e+03 5.535000000000000000e+03
2.100000000000000000e+03 5.723000000000000000e+03
2.200000000000000000e+03 5.731000000000000000e+03
2.300000000000000000e+03 5.544000000000000000e+03
2.400000000000000000e+03 5.494000000000000000e+03
2.500000000000000000e+03 5.775000000000000000e+03
2.600000000000000000e+03 5.609000000000000000e+03
2.700000000000000000e+03 5.593000000000000000e+03
2.800000000000000000e+03 5.640000000000000000e+03
2.900000000000000000e+03 5.609000000000000000e+03
3.000000000000000000e+03 5.590000000000000000e+03
3.100000000000000000e+03 5.520000000000000000e+03
3.200000000000000000e+03 5.506000000000000000e+03
3.300000000000000000e+03 5.401000000000000000e+03
3.400000000000000000e+03 5.403000000000000000e+03
3.500000000000000000e+03 5.276000000000000000e+03
3.600000000000000000e+03 5.158000000000000000e+03
3.700000000000000000e+03 5.255000000000000000e+03
3.800000000000000000e+03 4.922000000000000000e+03
3.900000000000000000e+03 5.008000000000000000e+03
4.000000000000000000e+03 4.982000000000000000e+03
4.100000000000000000e+03 4.841000000000000000e+03
4.200000000000000000e+03 4.732000000000000000e+03
4.300000000000000000e+03 4.591000000000000000e+03
4.400000000000000000e+03 4.517000000000000000e+03
4.500000000000000000e+03 4.486000000000000000e+03
4.600000000000000000e+03 4.112000000000000000e+03
4.700000000000000000e+03 4.153000000000000000e+03
4.800000000000000000e+03 4.029000000000000000e+03
4.900000000000000000e+03 4.045000000000000000e+03
5.000000000000000000e+03 3.787000000000000000e+03
5.100000000000000000e+03 3.778000000000000000e+03
5.200000000000000000e+03 3.526000000000000000e+03
5.300000000000000000e+03 3.412000000000000000e+03
5.400000000000000000e+03 3.247000000000000000e+03
5.500000000000000000e+03 3.233000000000000000e+03
5.600000000000000000e+03 3.076000000000000000e+03
5.700000000000000000e+03 2.938000000000000000e+03
5.800000000000000000e+03 2.784000000000000000e+03
5.900000000000000000e+03 2.701000000000000000e+03
6.000000000000000000e+03 2.617000000000000000e+03
6.100000000000000000e+03 2.480000000000000000e+03
6.200000000000000000e+03 2.348000000000000000e+03
6.300000000000000000e+03 2.261000000000000000e+03
6.400000000000000000e+03 2.246000000000000000e+03
6.500000000000000000e+03 2.174000000000000000e+03
6.600000000000000000e+03 2.077000000000000000e+03
6.700000000000000000e+03 2.036000000000000000e+03
6.800000000000000000e+03 1.969000000000000000e+03
6.900000000000000000e+03 1.955000000000000000e+03
7.000000000000000000e+03 1.812000000000000000e+03
7.100000000000000000e+03 1.898000000000000000e+03
7.200000000000000000e+03 1.938000000000000000e+03
7.300000000000000000e+03 1.951000000000000000e+03
7.400000000000000000e+03 1.957000000000000000e+03
7.500000000000000000e+03 1.914000000000000000e+03
7.600000000000000000e+03 1.939000000000000000e+03
7.700000000000000000e+03 2.103000000000000000e+03
7.800000000000000000e+03 2.157000000000000000e+03
7.900000000000000000e+03 2.171000000000000000e+03
8.000000000000000000e+03 2.308000000000000000e+03
8.100000000000000000e+03 2.498000000000000000e+03
8.200000000000000000e+03 2.559000000000000000e+03
8.300000000000000000e+03 2.590000000000000000e+03
8.400000000000000000e+03 2.744000000000000000e+03
8.500000000000000000e+03 2.967000000000000000e+03
8.600000000000000000e+03 3.060000000000000000e+03
8.700000000000000000e+03 3.165000000000000000e+03
8.800000000000000000e+03 3.387000000000000000e+03
8.900000000000000000e+03 3.404000000000000000e+03
9.000000000000000000e+03 3.790000000000000000e+03
9.100000000000000000e+03 3.719000000000000000e+03
9.200000000000000000e+03 3.948000000000000000e+03
9.300000000000000000e+03 4.013000000000000000e+03
9.400000000000000000e+03 4.243000000000000000e+03
9.500000000000000000e+03 4.486000000000000000e+03
9.600000000000000000e+03 4.450000000000000000e+03
9.700000000000000000e+03 4.584000000000000000e+03
9.800000000000000000e+03 4.677000000000000000e+03
9.900000000000000000e+03 4.832000000000000000e+03
1.000000000000000000e+04 4.871000000000000000e+03
1.010000000000000000e+04 4.953000000000000000e+03
1.020000000000000000e+04 5.136000000000000000e+03
1.030000000000000000e+04 5.147000000000000000e+03
1.040000000000000000e+04 5.257000000000000000e+03
1.050000000000000000e+04 5.381000000000000000e+03
1.060000000000000000e+04 5.281000000000000000e+03
1.070000000000000000e+04 5.437000000000000000e+03
1.080000000000000000e+04 5.543000000000000000e+03
1.090000000000000000e+04 5.553000000000000000e+03
1.100000000000000000e+04 5.602000000000000000e+03
1.110000000000000000e+04 5.618000000000000000e+03
1.120000000000000000e+04 5.491000000000000000e+03
1.130000000000000000e+04 5.650000000000000000e+03
1.140000000000000000e+04 5.638000000000000000e+03
1.150000000000000000e+04 5.628000000000000000e+03
1.160000000000000000e+04 5.549000000000000000e+03
1.170000000000000000e+04 5.589000000000000000e+03
1.180000000000000000e+04 5.639000000000000000e+03
1.190000000000000000e+04 5.676000000000000000e+03
1.200000000000000000e+04 5.573000000000000000e+03
1.210000000000000000e+04 5.639000000000000000e+03
1.220000000000000000e+04 5.788000000000000000e+03
1.230000000000000000e+04 5.726000000000000000e+03
1.240000000000000000e+04 5.627000000000000000e+03
1.250000000000000000e+04 5.578000000000000000e+03
1.260000000000000000e+04 5.631000000000000000e+03
1.270000000000000000e+04 5.684000000000000000e+03
1.280000000000000000e+04 5.660000000000000000e+03
1.290000000000000000e+04 5.529000000000000000e+03
1.300000000000000000e+04 5.662000000000000000e+03
1.310000000000000000e+04 5.477000000000000000e+03
1.320000000000000000e+04 5.550000000000000000e+03
1.330000000000000000e+04 5.242000000000000000e+03
1.340000000000000000e+04 5.345000000000000000e+03
1.350000000000000000e+04 5.492000000000000000e+03
1.360000000000000000e+04 5.081000000000000000e+03
1.370000000000000000e+04 5.169000000000000000e+03
1.380000000000000000e+04 5.225000000000000000e+03
1.390000000000000000e+04 4.996000000000000000e+03
1.400000000000000000e+04 4.986000000000000000e+03
1.410000000000000000e+04 4.868000000000000000e+03
1.420000000000000000e+04 4.729000000000000000e+03
1.430000000000000000e+04 4.617000000000000000e+03
1.440000000000000000e+04 4.494000000000000000e+03
1.450000000000000000e+04 4.348000000000000000e+03
1.460000000000000000e+04 4.265000000000000000e+03
1.470000000000000000e+04 4.304000000000000000e+03
1.480000000000000000e+04 4.065000000000000000e+03
1.490000000000000000e+04 4.005000000000000000e+03
1.500000000000000000e+04 3.769000000000000000e+03
1.510000000000000000e+04 3.756000000000000000e+03
1.520000000000000000e+04 3.498000000000000000e+03
1.530000000000000000e+04 3.414000000000000000e+03
1.540000000000000000e+04 3.360000000000000000e+03
1.550000000000000000e+04 3.097000000000000000e+03
1.560000000000000000e+04 3.029000000000000000e+03
1.570000000000000000e+04 2.897000000000000000e+03
1.580000000000000000e+04 2.732000000000000000e+03
1.590000000000000000e+04 2.771000000000000000e+03
1.600000000000000000e+04 2.462000000000000000e+03
1.610000000000000000e+04 2.444000000000000000e+03
1.620000000000000000e+04 2.447000000000000000e+03
1.630000000000000000e+04 2.385000000000000000e+03
1.640000000000000000e+04 2.261000000000000000e+03
1.650000000000000000e+04 2.247000000000000000e+03
1.660000000000000000e+04 1.957000000000000000e+03
1.670000000000000000e+04 2.003000000000000000e+03
1.680000000000000000e+04 1.992000000000000000e+03
1.690000000000000000e+04 1.834000000000000000e+03
1.700000000000000000e+04 1.880000000000000000e+03
1.710000000000000000e+04 1.948000000000000000e+03
1.720000000000000000e+04 1.828000000000000000e+03
1.730000000000000000e+04 1.865000000000000000e+03
1.740000000000000000e+04 1.974000000000000000e+03
1.750000000000000000e+04 1.941000000000000000e+03
1.760000000000000000e+04 1.921000000000000000e+03
1.770000000000000000e+04 2.089000000000000000e+03
1.780000000000000000e+04 2.134000000000000000e+03
1.790000000000000000e+04 2.187000000000000000e+03
1.800000000000000000e+04 2.257000000000000000e+03
1.810000000000000000e+04 2.412000000000000000e+03
1.820000000000000000e+04 2.580000000000000000e+03
1.830000000000000000e+04 2.672000000000000000e+03
1.840000000000000000e+04 2.786000000000000000e+03
1.850000000000000000e+04 2.944000000000000000e+03
1.860000000000000000e+04 3.027000000000000000e+03
1.870000000000000000e+04 3.250000000000000000e+03
1.880000000000000000e+04 3.374000000000000000e+03
1.890000000000000000e+04 3.468000000000000000e+03
1.900000000000000000e+04 3.629000000000000000e+03
1.910000000000000000e+04 3.714000000000000000e+03
1.920000000000000000e+04 3.939000000000000000e+03
1.930000000000000000e+04 4.240000000000000000e+03
1.940000000000000000e+04 4.349000000000000000e+03
1.950000000000000000e+04 4.366000000000000000e+03
1.960000000000000000e+04 4.447000000000000000e+03
1.970000000000000000e+04 4.550000000000000000e+03
1.980000000000000000e+04 4.728000000000000000e+03
1.990000000000000000e+04 4.809000000000000000e+03
