0.000000000000000000e+00 5.798000000000000000e+03
3.300000000000000000e+01 5.982000000000000000e+03
6.600000000000000000e+01 6.184000000000000000e+03
9.900000000000000000e+01 6.218000000000000000e+03
1.320000000000000000e+02 6.377000000000000000e+03
1.650000000000000000e+02 6.474000000000000000e+03
1.980000000000000000e+02 6.376000000000000000e+03
2.310000000000000000e+02 6.549000000000000000e+03
2.640000000000000000e+02 6.579000000000000000e+03
2.970000000000000000e+02 6.795000000000000000e+03
3.300000000000000000e+02 6.762000000000000000e+03
3.630000000000000000e+02 6.690000000000000000e+03
3.960000000000000000e+02 6.764000000000000000e+03
4.290000000000000000e+02 6.953000000000000000e+03
4.620000000000000000e+02 6.814000000000000000e+03
4.950000000000000000e+02 6.978000000000000000e+03
5.280000000000000000e+02 7.022000000000000000e+03
5.610000000000000000e+02 6.955000000000000000e+03
5.940000000000000000e+02 7.167000000000000000e+03
6.270000000000000000e+02 7.180000000000000000e+03
6.600000000000000000e+02 7.219000000000000000e+03
6.930000000000000000e+02 7.003000000000000000e+03
7.260000000000000000e+02 7.191000000000000000e+03
7.590000000000000000e+02 6.954000000000000000e+03
7.920000000000000000e+02 7.360000000000000000e+03
8.250000000000000000e+02 7.076000000000000000e+03
8.580000000000000000e+02 7.006000000000000000e+03
8.910000000000000000e+02 6.935000000000000000e+03
9.240000000000000000e+02 6.927000000000000000e+03
9.570000000000000000e+02 7.006000000000000000e+03
9.900000000000000000e+02 7.074000000000000000e+03
1.023000000000000000e+03 7.024000000000000000e+03
1.056000000000000000e+03 6.825000000000000000e+03
1.089000000000000000e+03 6.841000000000000000e+03
1.122000000000000000e+03 6.791000000000000000e+03
1.155000000000000000e+03 6.719000000000000000e+03
1.188000000000000000e+03 6.767000000000000000e+03
1.221000000000000000e+03 6.846000000000000000e+03
1.254000000000000000e+03 6.513000000000000000e+03
1.287000000000000000e+03 6.419000000000000000e+03
1.320000000000000000e+03 6.506000000000000000e+03
1.353000000000000000e+03 6.452000000000000000e+03
1.386000000000000000e+03 6.165000000000000000e+03
1.419000000000000000e+03 6.396000000000000000e+03
1.452000000000000000e+03 6.032000000000000000e+03
1.485000000000000000e+03 6.174000000000000000e+03
1.518000000000000000e+03 5.792000000000000000e+03
1.551000000000000000e+03 5.793000000000000000e+03
1.584000000000000000e+03 5.640000000000000000e+03
1.617000000000000000e+03 5.364000000000000000e+03
1.650000000000000000e+03 5.366000000000000000e+03
1.683000000000000000e+03 5.269000000000000000e+03
1.716000000000000000e+03 5.089000000000000000e+03
1.749000000000000000e+03 4.875000000000000000e+03
1.782000000000000000e+03 4.889000000000000000e+03
1.815000000000000000e+03 4.731000000000000000e+03
1.848000000000000000e+03 4.482000000000000000e+03
1.881000000000000000e+03 4.439000000000000000e+03
1.914000000000000000e+03 4.395000000000000000e+03
1.947000000000000000e+03 4.210000000000000000e+03
1.980000000000000000e+03 4.029000000000000000e+03
2.013000000000000000e+03 3.917000000000000000e+03
2.046000000000000000e+03 3.737000000000000000e+03
2.079000000000000000e+03 3.580000000000000000e+03
2.112000000000000000e+03 3.721000000000000000e+03
2.145000000000000000e+03 3.452000000000000000e+03
2.178000000000000000e+03 3.276000000000000000e+03
2.211000000000000000e+03 3.250000000000000000e+03
2.244000000000000000e+03 3.120000000000000000e+03
2.277000000000000000e+03 3.052000000000000000e+03
2.310000000000000000e+03 2.936000000000000000e+03
2.343000000000000000e+03 2.954000000000000000e+03
2.376000000000000000e+03 2.922000000000000000e+03
2.409000000000000000e+03 2.704000000000000000e+03
2.442000000000000000e+03 2.776000000000000000e+03
2.475000000000000000e+03 2.893000000000000000e+03
2.508000000000000000e+03 2.896000000000000000e+03
2.541000000000000000e+03 2.840000000000000000e+03
2.574000000000000000e+03 2.896000000000000000e+03
2.607000000000000000e+03 2.884000000000000000e+03
2.640000000000000000e+03 2.952000000000000000e+03
2.673000000000000000e+03 2.992000000000000000e+03
2.706000000000000000e+03 3.117000000000000000e+03
2.739000000000000000e+03 3.142000000000000000e+03
2.772000000000000000e+03 3.272000000000000000e+03
2.805000000000000000e+03 3.382000000000000000e+03
2.838000000000000000e+03 3.494000000000000000e+03
2.871000000000000000e+03 3.621000000000000000e+03
2.904000000000000000e+03 3.797000000000000000e+03
2.937000000000000000e+03 3.951000000000000000e+03
2.970000000000000000e+03 4.122000000000000000e+03
3.003000000000000000e+03 4.391000000000000000e+03
3.036000000000000000e+03 4.464000000000000000e+03
3.069000000000000000e+03 4.571000000000000000e+03
3.102000000000000000e+03 4.919000000000000000e+03
3.135000000000000000e+03 4.862000000000000000e+03
3.168000000000000000e+03 5.059000000000000000e+03
3.201000000000000000e+03 5.287000000000000000e+03
3.234000000000000000e+03 5.428000000000000000e+03
3.267000000000000000e+03 5.517000000000000000e+03
3.300000000000000000e+03 5.550000000000000000e+03
3.333000000000000000e+03 5.911000000000000000e+03
3.366000000000000000e+03 5.878000000000000000e+03
3.399000000000000000e+03 5.879000000000000000e+03
3.432000000000000000e+03 6.269000000000000000e+03
3.465000000000000000e+03 6.329000000000000000e+03
3.498000000000000000e+03 6.396000000000000000e+03
3.531000000000000000e+03 6.586000000000000000e+03
3.564000000000000000e+03 6.708000000000000000e+03
3.597000000000000000e+03 6.707000000000000000e+03
3.630000000000000000e+03 6.716000000000000000e+03
3.663000000000000000e+03 6.683000000000000000e+03
3.696000000000000000e+03 6.755000000000000000e+03
3.729000000000000000e+03 6.880000000000000000e+03
3.762000000000000000e+03 6.937000000000000000e+03
3.795000000000000000e+03 6.861000000000000000e+03
3.828000000000000000e+03 7.013000000000000000e+03
3.861000000000000000e+03 7.215000000000000000e+03
3.894000000000000000e+03 6.945000000000000000e+03
3.927000000000000000e+03 7.142000000000000000e+03
3.960000000000000000e+03 7.118000000000000000e+03
3.993000000000000000e+03 7.016000000000000000e+03
4.026000000000000000e+03 7.177000000000000000e+03
4.059000000000000000e+03 7.205000000000000000e+03
4.092000000000000000e+03 7.027000000000000000e+03
4.125000000000000000e+03 7.171000000000000000e+03
4.158000000000000000e+03 7.133000000000000000e+03
4.191000000000000000e+03 7.178000000000000000e+03
4.224000000000000000e+03 7.008000000000000000e+03
4.257000000000000000e+03 7.127000000000000000e+03
4.290000000000000000e+03 7.264000000000000000e+03
4.323000000000000000e+03 7.015000000000000000e+03
4.356000000000000000e+03 7.130000000000000000e+03
4.389000000000000000e+03 6.923000000000000000e+03
4.422000000000000000e+03 6.981000000000000000e+03
4.455000000000000000e+03 6.801000000000000000e+03
4.488000000000000000e+03 6.862000000000000000e+03
4.521000000000000000e+03 6.781000000000000000e+03
4.554000000000000000e+03 6.778000000000000000e+03
4.587000000000000000e+03 6.568000000000000000e+03
4.620000000000000000e+03 6.589000000000000000e+03
4.653000000000000000e+03 6.527000000000000000e+03
4.686000000000000000e+03 6.463000000000000000e+03
4.719000000000000000e+03 6.306000000000000000e+03
4.752000000000000000e+03 6.174000000000000000e+03
4.785000000000000000e+03 5.857000000000000000e+03
4.818000000000000000e+03 5.856000000000000000e+03
4.851000000000000000e+03 5.862000000000000000e+03
4.884000000000000000e+03 5.674000000000000000e+03
4.917000000000000000e+03 5.604000000000000000e+03
4.950000000000000000e+03 5.533000000000000000e+03
4.983000000000000000e+03 5.398000000000000000e+03
5.016000000000000000e+03 5.304000000000000000e+03
5.049000000000000000e+03 5.090000000000000000e+03
5.082000000000000000e+03 5.131000000000000000e+03
5.115000000000000000e+03 4.856000000000000000e+03
5.148000000000000000e+03 4.744000000000000000e+03
5.181000000000000000e+03 4.504000000000000000e+03
5.214000000000000000e+03 4.375000000000000000e+03
5.247000000000000000e+03 4.338000000000000000e+03
5.280000000000000000e+03 4.084000000000000000e+03
5.313000000000000000e+03 3.945000000000000000e+03
5.346000000000000000e+03 3.913000000000000000e+03
5.379000000000000000e+03 3.617000000000000000e+03
5.412000000000000000e+03 3.758000000000000000e+03
5.445000000000000000e+03 3.563000000000000000e+03
5.478000000000000000e+03 3.526000000000000000e+03
5.511000000000000000e+03 3.303000000000000000e+03
5.544000000000000000e+03 3.165000000000000000e+03
5.577000000000000000e+03 3.089000000000000000e+03
5.610000000000000000e+03 3.076000000000000000e+03
5.643000000000000000e+03 2.880000000000000000e+03
5.676000000000000000e+03 2.859000000000000000e+03
5.709000000000000000e+03 2.886000000000000000e+03
5.742000000000000000e+03 2.883000000000000000e+03
5.775000000000000000e+03 2.791000000000000000e+03
5.808000000000000000e+03 2.838000000000000000e+03
5.841000000000000000e+03 2.860000000000000000e+03
5.874000000000000000e+03 2.849000000000000000e+03
5.907000000000000000e+03 2.797000000000000000e+03
5.940000000000000000e+03 2.896000000000000000e+03
5.973000000000000000e+03 3.042000000000000000e+03
6.006000000000000000e+03 2.974000000000000000e+03
6.039000000000000000e+03 3.008000000000000000e+03
6.072000000000000000e+03 3.201000000000000000e+03
6.105000000000000000e+03 3.224000000000000000e+03
6.138000000000000000e+03 3.333000000000000000e+03
6.171000000000000000e+03 3.567000000000000000e+03
6.204000000000000000e+03 3.688000000000000000e+03
6.237000000000000000e+03 3.743000000000000000e+03
6.270000000000000000e+03 4.097000000000000000e+03
6.303000000000000000e+03 4.005000000000000000e+03
6.336000000000000000e+03 4.222000000000000000e+03
6.369000000000000000e+03 4.518000000000000000e+03
6.402000000000000000e+03 4.582000000000000000e+03
6.435000000000000000e+03 4.793000000000000000e+03
6.468000000000000000e+03 4.945000000000000000e+03
6.501000000000000000e+03 5.130000000000000000e+03
6.534000000000000000e+03 5.229000000000000000e+03
6.567000000000000000e+03 5.423000000000000000e+03
6.600000000000000000e+03 5.495000000000000000e+03
6.633000000000000000e+03 5.832000000000000000e+03
