0.000000000000000000e+00 4.957000000000000000e+03
1.400000000000000000e+01 5.180000000000000000e+03
2.800000000000000000e+01 5.618000000000000000e+03
4.200000000000000000e+01 5.574000000000000000e+03
5.600000000000000000e+01 5.683000000000000000e+03
7.000000000000000000e+01 5.882000000000000000e+03
8.400000000000000000e+01 5.998000000000000000e+03
9.800000000000000000e+01 6.088000000000000000e+03
1.120000000000000000e+02 6.037000000000000000e+03
1.260000000000000000e+02 6.175000000000000000e+03
1.400000000000000000e+02 6.359000000000000000e+03
1.540000000000000000e+02 6.327000000000000000e+03
1.680000000000000000e+02 6.342000000000000000e+03
1.820000000000000000e+02 6.495000000000000000e+03
1.960000000000000000e+02 6.515000000000000000e+03
2.100000000000000000e+02 6.687000000000000000e+03
2.240000000000000000e+02 6.673000000000000000e+03
2.380000000000000000e+02 6.773000000000000000e+03
2.520000000000000000e+02 6.717000000000000000e+03
2.660000000000000000e+02 6.782000000000000000e+03
2.800000000000000000e+02 6.679000000000000000e+03
2.940000000000000000e+02 6.758000000000000000e+03
3.080000000000000000e+02 6.824000000000000000e+03
3.220000000000000000e+02 6.951000000000000000e+03
3.360000000000000000e+02 6.726000000000000000e+03
3.500000000000000000e+02 6.817000000000000000e+03
3.640000000000000000e+02 6.791000000000000000e+03
3.780000000000000000e+02 6.814000000000000000e+03
3.920000000000000000e+02 7.029000000000000000e+03
4.060000000000000000e+02 6.835000000000000000e+03
4.200000000000000000e+02 6.894000000000000000e+03
4.340000000000000000e+02 6.841000000000000000e+03
4.480000000000000000e+02 6.683000000000000000e+03
4.620000000000000000e+02 6.736000000000000000e+03
4.760000000000000000e+02 6.724000000000000000e+03
4.900000000000000000e+02 6.625000000000000000e+03
5.040000000000000000e+02 6.755000000000000000e+03
5.180000000000000000e+02 6.592000000000000000e+03
5.320000000000000000e+02 6.690000000000000000e+03
5.460000000000000000e+02 6.363000000000000000e+03
5.600000000000000000e+02 6.397000000000000000e+03
5.740000000000000000e+02 6.401000000000000000e+03
5.880000000000000000e+02 6.142000000000000000e+03
6.020000000000000000e+02 6.131000000000000000e+03
6.160000000000000000e+02 6.034000000000000000e+03
6.300000000000000000e+02 6.039000000000000000e+03
6.440000000000000000e+02 5.818000000000000000e+03
6.580000000000000000e+02 5.743000000000000000e+03
6.720000000000000000e+02 5.839000000000000000e+03
6.860000000000000000e+02 5.664000000000000000e+03
7.000000000000000000e+02 5.415000000000000000e+03
7.140000000000000000e+02 5.360000000000000000e+03
7.280000000000000000e+02 5.344000000000000000e+03
7.420000000000000000e+02 5.227000000000000000e+03
7.560000000000000000e+02 5.046000000000000000e+03
7.700000000000000000e+02 5.118000000000000000e+03
7.840000000000000000e+02 5.027000000000000000e+03
7.980000000000000000e+02 4.723000000000000000e+03
8.120000000000000000e+02 4.682000000000000000e+03
8.260000000000000000e+02 4.575000000000000000e+03
8.400000000000000000e+02 4.450000000000000000e+03
8.540000000000000000e+02 4.310000000000000000e+03
8.680000000000000000e+02 4.271000000000000000e+03
8.820000000000000000e+02 4.258000000000000000e+03
8.960000000000000000e+02 4.115000000000000000e+03
9.100000000000000000e+02 3.994000000000000000e+03
9.240000000000000000e+02 3.762000000000000000e+03
9.380000000000000000e+02 3.774000000000000000e+03
9.520000000000000000e+02 3.765000000000000000e+03
9.660000000000000000e+02 3.745000000000000000e+03
9.800000000000000000e+02 3.536000000000000000e+03
9.940000000000000000e+02 3.490000000000000000e+03
1.008000000000000000e+03 3.514000000000000000e+03
1.022000000000000000e+03 3.303000000000000000e+03
1.036000000000000000e+03 3.307000000000000000e+03
1.050000000000000000e+03 3.199000000000000000e+03
1.064000000000000000e+03 3.243000000000000000e+03
1.078000000000000000e+03 3.280000000000000000e+03
1.092000000000000000e+03 3.239000000000000000e+03
1.106000000000000000e+03 3.166000000000000000e+03
1.120000000000000000e+03 3.110000000000000000e+03
1.134000000000000000e+03 3.346000000000000000e+03
1.148000000000000000e+03 3.172000000000000000e+03
1.162000000000000000e+03 3.177000000000000000e+03
1.176000000000000000e+03 3.130000000000000000e+03
1.190000000000000000e+03 3.294000000000000000e+03
1.204000000000000000e+03 3.362000000000000000e+03
1.218000000000000000e+03 3.328000000000000000e+03
1.232000000000000000e+03 3.460000000000000000e+03
1.246000000000000000e+03 3.610000000000000000e+03
1.260000000000000000e+03 3.679000000000000000e+03
1.274000000000000000e+03 3.818000000000000000e+03
1.288000000000000000e+03 3.848000000000000000e+03
1.302000000000000000e+03 4.082000000000000000e+03
1.316000000000000000e+03 4.146000000000000000e+03
1.330000000000000000e+03 4.389000000000000000e+03
1.344000000000000000e+03 4.385000000000000000e+03
1.358000000000000000e+03 4.472000000000000000e+03
1.372000000000000000e+03 4.834000000000000000e+03
1.386000000000000000e+03 4.838000000000000000e+03
1.400000000000000000e+03 4.942000000000000000e+03
1.414000000000000000e+03 5.159000000000000000e+03
1.428000000000000000e+03 5.238000000000000000e+03
1.442000000000000000e+03 5.339000000000000000e+03
1.456000000000000000e+03 5.517000000000000000e+03
1.470000000000000000e+03 5.654000000000000000e+03
1.484000000000000000e+03 5.773000000000000000e+03
1.498000000000000000e+03 5.987000000000000000e+03
1.512000000000000000e+03 6.022000000000000000e+03
1.526000000000000000e+03 6.034000000000000000e+03
1.540000000000000000e+03 6.266000000000000000e+03
1.554000000000000000e+03 6.158000000000000000e+03
1.568000000000000000e+03 6.471000000000000000e+03
1.582000000000000000e+03 6.364000000000000000e+03
1.596000000000000000e+03 6.589000000000000000e+03
1.610000000000000000e+03 6.606000000000000000e+03
1.624000000000000000e+03 6.552000000000000000e+03
1.638000000000000000e+03 6.550000000000000000e+03
1.652000000000000000e+03 6.554000000000000000e+03
1.666000000000000000e+03 6.778000000000000000e+03
1.680000000000000000e+03 7.083000000000000000e+03
1.694000000000000000e+03 6.773000000000000000e+03
1.708000000000000000e+03 7.000000000000000000e+03
1.722000000000000000e+03 6.913000000000000000e+03
1.736000000000000000e+03 6.850000000000000000e+03
1.750000000000000000e+03 6.831000000000000000e+03
1.764000000000000000e+03 6.856000000000000000e+03
1.778000000000000000e+03 6.831000000000000000e+03
1.792000000000000000e+03 6.782000000000000000e+03
1.806000000000000000e+03 6.848000000000000000e+03
1.820000000000000000e+03 6.812000000000000000e+03
1.834000000000000000e+03 6.692000000000000000e+03
1.848000000000000000e+03 6.874000000000000000e+03
1.862000000000000000e+03 6.676000000000000000e+03
1.876000000000000000e+03 6.774000000000000000e+03
1.890000000000000000e+03 6.778000000000000000e+03
1.904000000000000000e+03 6.588000000000000000e+03
1.918000000000000000e+03 6.758000000000000000e+03
1.932000000000000000e+03 6.699000000000000000e+03
1.946000000000000000e+03 6.671000000000000000e+03
1.960000000000000000e+03 6.544000000000000000e+03
1.974000000000000000e+03 6.510000000000000000e+03
1.988000000000000000e+03 6.302000000000000000e+03
2.002000000000000000e+03 6.241000000000000000e+03
2.016000000000000000e+03 6.365000000000000000e+03
2.030000000000000000e+03 6.148000000000000000e+03
2.044000000000000000e+03 6.071000000000000000e+03
2.058000000000000000e+03 5.947000000000000000e+03
2.072000000000000000e+03 5.913000000000000000e+03
2.086000000000000000e+03 5.861000000000000000e+03
2.100000000000000000e+03 5.798000000000000000e+03
2.114000000000000000e+03 5.546000000000000000e+03
2.128000000000000000e+03 5.596000000000000000e+03
2.142000000000000000e+03 5.433000000000000000e+03
2.156000000000000000e+03 5.416000000000000000e+03
2.170000000000000000e+03 5.235000000000000000e+03
2.184000000000000000e+03 5.135000000000000000e+03
2.198000000000000000e+03 5.059000000000000000e+03
2.212000000000000000e+03 4.929000000000000000e+03
2.226000000000000000e+03 4.789000000000000000e+03
2.240000000000000000e+03 4.766000000000000000e+03
2.254000000000000000e+03 4.605000000000000000e+03
2.268000000000000000e+03 4.509000000000000000e+03
2.282000000000000000e+03 4.348000000000000000e+03
2.296000000000000000e+03 4.225000000000000000e+03
2.310000000000000000e+03 4.102000000000000000e+03
2.324000000000000000e+03 4.083000000000000000e+03
2.338000000000000000e+03 4.090000000000000000e+03
2.352000000000000000e+03 3.937000000000000000e+03
2.366000000000000000e+03 3.822000000000000000e+03
2.380000000000000000e+03 3.707000000000000000e+03
2.394000000000000000e+03 3.552000000000000000e+03
2.408000000000000000e+03 3.535000000000000000e+03
2.422000000000000000e+03 3.517000000000000000e+03
2.436000000000000000e+03 3.363000000000000000e+03
2.450000000000000000e+03 3.329000000000000000e+03
2.464000000000000000e+03 3.264000000000000000e+03
2.478000000000000000e+03 3.266000000000000000e+03
2.492000000000000000e+03 3.248000000000000000e+03
2.506000000000000000e+03 3.145000000000000000e+03
2.520000000000000000e+03 3.218000000000000000e+03
2.534000000000000000e+03 3.152000000000000000e+03
2.548000000000000000e+03 3.174000000000000000e+03
2.562000000000000000e+03 3.188000000000000000e+03
2.576000000000000000e+03 3.151000000000000000e+03
2.590000000000000000e+03 3.286000000000000000e+03
2.604000000000000000e+03 3.302000000000000000e+03
2.618000000000000000e+03 3.359000000000000000e+03
2.632000000000000000e+03 3.279000000000000000e+03
2.646000000000000000e+03 3.490000000000000000e+03
2.660000000000000000e+03 3.426000000000000000e+03
2.674000000000000000e+03 3.692000000000000000e+03
2.688000000000000000e+03 3.844000000000000000e+03
2.702000000000000000e+03 3.762000000000000000e+03
2.716000000000000000e+03 3.830000000000000000e+03
2.730000000000000000e+03 3.999000000000000000e+03
2.744000000000000000e+03 4.276000000000000000e+03
2.758000000000000000e+03 4.306000000000000000e+03
2.772000000000000000e+03 4.497000000000000000e+03
2.786000000000000000e+03 4.561000000000000000e+03
2.800000000000000000e+03 4.623000000000000000e+03
2.814000000000000000e+03 4.923000000000000000e+03
2.828000000000000000e+03 4.991000000000000000e+03
2.842000000000000000e+03 5.176000000000000000e+03
