0.000000000000000000e+00 6.643000000000000000e+03
3.330000000000000000e+02 6.684000000000000000e+03
6.660000000000000000e+02 6.846000000000000000e+03
9.990000000000000000e+02 6.871000000000000000e+03
1.332000000000000000e+03 7.068000000000000000e+03
1.665000000000000000e+03 7.124000000000000000e+03
1.998000000000000000e+03 7.214000000000000000e+03
2.331000000000000000e+03 7.194000000000000000e+03
2.664000000000000000e+03 7.292000000000000000e+03
2.997000000000000000e+03 7.391000000000000000e+03
3.330000000000000000e+03 7.735000000000000000e+03
3.663000000000000000e+03 7.349000000000000000e+03
3.996000000000000000e+03 7.495000000000000000e+03
4.329000000000000000e+03 7.607000000000000000e+03
4.662000000000000000e+03 7.460000000000000000e+03
4.995000000000000000e+03 7.632000000000000000e+03
5.328000000000000000e+03 7.468000000000000000e+03
5.661000000000000000e+03 7.634000000000000000e+03
5.994000000000000000e+03 7.487000000000000000e+03
6.327000000000000000e+03 7.635000000000000000e+03
6.660000000000000000e+03 7.774000000000000000e+03
6.993000000000000000e+03 7.622000000000000000e+03
7.326000000000000000e+03 7.604000000000000000e+03
7.659000000000000000e+03 7.329000000000000000e+03
7.992000000000000000e+03 7.630000000000000000e+03
8.325000000000000000e+03 7.611000000000000000e+03
8.658000000000000000e+03 7.432000000000000000e+03
8.991000000000000000e+03 7.541000000000000000e+03
9.324000000000000000e+03 7.417000000000000000e+03
9.657000000000000000e+03 7.400000000000000000e+03
9.990000000000000000e+03 7.545000000000000000e+03
1.032300000000000000e+04 7.361000000000000000e+03
1.065600000000000000e+04 7.376000000000000000e+03
1.098900000000000000e+04 7.176000000000000000e+03
1.132200000000000000e+04 7.202000000000000000e+03
1.165500000000000000e+04 6.938000000000000000e+03
1.198800000000000000e+04 7.096000000000000000e+03
1.232100000000000000e+04 6.784000000000000000e+03
1.265400000000000000e+04 6.754000000000000000e+03
1.298700000000000000e+04 6.620000000000000000e+03
1.332000000000000000e+04 6.515000000000000000e+03
1.365300000000000000e+04 6.432000000000000000e+03
1.398600000000000000e+04 6.357000000000000000e+03
1.431900000000000000e+04 6.113000000000000000e+03
1.465200000000000000e+04 6.039000000000000000e+03
1.498500000000000000e+04 5.934000000000000000e+03
1.531800000000000000e+04 5.790000000000000000e+03
1.565100000000000000e+04 5.547000000000000000e+03
1.598400000000000000e+04 5.385000000000000000e+03
1.631700000000000000e+04 5.165000000000000000e+03
1.665000000000000000e+04 4.967000000000000000e+03
1.698300000000000000e+04 4.881000000000000000e+03
1.731600000000000000e+04 4.697000000000000000e+03
1.764900000000000000e+04 4.604000000000000000e+03
1.798200000000000000e+04 4.248000000000000000e+03
1.831500000000000000e+04 4.256000000000000000e+03
1.864800000000000000e+04 3.905000000000000000e+03
1.898100000000000000e+04 3.885000000000000000e+03
1.931400000000000000e+04 3.620000000000000000e+03
1.964700000000000000e+04 3.555000000000000000e+03
1.998000000000000000e+04 3.393000000000000000e+03
2.031300000000000000e+04 3.143000000000000000e+03
2.064600000000000000e+04 3.124000000000000000e+03
2.097900000000000000e+04 3.016000000000000000e+03
2.131200000000000000e+04 2.963000000000000000e+03
2.164500000000000000e+04 2.834000000000000000e+03
2.197800000000000000e+04 2.823000000000000000e+03
2.231100000000000000e+04 2.723000000000000000e+03
2.264400000000000000e+04 2.666000000000000000e+03
2.297700000000000000e+04 2.645000000000000000e+03
2.331000000000000000e+04 2.745000000000000000e+03
2.364300000000000000e+04 2.682000000000000000e+03
2.397600000000000000e+04 2.733000000000000000e+03
2.430900000000000000e+04 2.761000000000000000e+03
2.464200000000000000e+04 2.729000000000000000e+03
2.497500000000000000e+04 2.904000000000000000e+03
2.530800000000000000e+04 2.984000000000000000e+03
2.564100000000000000e+04 3.080000000000000000e+03
2.597400000000000000e+04 3.228000000000000000e+03
2.630700000000000000e+04 3.295000000000000000e+03
2.664000000000000000e+04 3.483000000000000000e+03
2.697300000000000000e+04 3.695000000000000000e+03
2.730600000000000000e+04 3.726000000000000000e+03
2.763900000000000000e+04 4.025000000000000000e+03
2.797200000000000000e+04 4.254000000000000000e+03
2.830500000000000000e+04 4.260000000000000000e+03
2.863800000000000000e+04 4.449000000000000000e+03
2.897100000000000000e+04 4.766000000000000000e+03
2.930400000000000000e+04 4.812000000000000000e+03
2.963700000000000000e+04 5.073000000000000000e+03
2.997000000000000000e+04 5.254000000000000000e+03
3.030300000000000000e+04 5.427000000000000000e+03
3.063600000000000000e+04 5.591000000000000000e+03
3.096900000000000000e+04 5.784000000000000000e+03
3.130200000000000000e+04 5.835000000000000000e+03
3.163500000000000000e+04 6.075000000000000000e+03
3.196800000000000000e+04 6.224000000000000000e+03
3.230100000000000000e+04 6.316000000000000000e+03
3.263400000000000000e+04 6.537000000000000000e+03
3.296700000000000000e+04 6.512000000000000000e+03
3.330000000000000000e+04 6.774000000000000000e+03
3.363300000000000000e+04 6.915000000000000000e+03
3.396600000000000000e+04 6.965000000000000000e+03
3.429900000000000000e+04 6.856000000000000000e+03
3.463200000000000000e+04 6.969000000000000000e+03
3.496500000000000000e+04 7.089000000000000000e+03
3.529800000000000000e+04 7.059000000000000000e+03
3.563100000000000000e+04 7.230000000000000000e+03
3.596400000000000000e+04 7.393000000000000000e+03
3.629700000000000000e+04 7.143000000000000000e+03
3.663000000000000000e+04 7.429000000000000000e+03
3.696300000000000000e+04 7.660000000000000000e+03
3.729600000000000000e+04 7.451000000000000000e+03
3.762900000000000000e+04 7.557000000000000000e+03
3.796200000000000000e+04 7.585000000000000000e+03
3.829500000000000000e+04 7.484000000000000000e+03
3.862800000000000000e+04 7.712000000000000000e+03
3.896100000000000000e+04 7.488000000000000000e+03
3.929400000000000000e+04 7.572000000000000000e+03
3.962700000000000000e+04 7.454000000000000000e+03
3.996000000000000000e+04 7.616000000000000000e+03
4.029300000000000000e+04 7.623000000000000000e+03
4.062600000000000000e+04 7.390000000000000000e+03
4.095900000000000000e+04 7.577000000000000000e+03
4.129200000000000000e+04 7.585000000000000000e+03
4.162500000000000000e+04 7.580000000000000000e+03
4.195800000000000000e+04 7.546000000000000000e+03
4.229100000000000000e+04 7.396000000000000000e+03
4.262400000000000000e+04 7.384000000000000000e+03
4.295700000000000000e+04 7.404000000000000000e+03
4.329000000000000000e+04 7.446000000000000000e+03
4.362300000000000000e+04 7.435000000000000000e+03
4.395600000000000000e+04 7.339000000000000000e+03
4.428900000000000000e+04 7.362000000000000000e+03
4.462200000000000000e+04 7.155000000000000000e+03
4.495500000000000000e+04 6.869000000000000000e+03
4.528800000000000000e+04 7.058000000000000000e+03
4.562100000000000000e+04 6.881000000000000000e+03
4.595400000000000000e+04 6.682000000000000000e+03
4.628700000000000000e+04 6.790000000000000000e+03
4.662000000000000000e+04 6.570000000000000000e+03
4.695300000000000000e+04 6.526000000000000000e+03
4.728600000000000000e+04 6.299000000000000000e+03
4.761900000000000000e+04 6.241000000000000000e+03
4.795200000000000000e+04 6.067000000000000000e+03
4.828500000000000000e+04 5.929000000000000000e+03
4.861800000000000000e+04 5.821000000000000000e+03
4.895100000000000000e+04 5.666000000000000000e+03
4.928400000000000000e+04 5.391000000000000000e+03
4.961700000000000000e+04 5.325000000000000000e+03
4.995000000000000000e+04 5.063000000000000000e+03
5.028300000000000000e+04 4.950000000000000000e+03
5.061600000000000000e+04 4.691000000000000000e+03
5.094900000000000000e+04 4.554000000000000000e+03
5.128200000000000000e+04 4.397000000000000000e+03
5.161500000000000000e+04 4.205000000000000000e+03
5.194800000000000000e+04 4.020000000000000000e+03
5.228100000000000000e+04 3.811000000000000000e+03
5.261400000000000000e+04 3.714000000000000000e+03
5.294700000000000000e+04 3.611000000000000000e+03
5.328000000000000000e+04 3.458000000000000000e+03
5.361300000000000000e+04 3.348000000000000000e+03
5.394600000000000000e+04 3.256000000000000000e+03
5.427900000000000000e+04 3.010000000000000000e+03
5.461200000000000000e+04 2.927000000000000000e+03
5.494500000000000000e+04 2.778000000000000000e+03
5.527800000000000000e+04 2.840000000000000000e+03
5.561100000000000000e+04 2.755000000000000000e+03
5.594400000000000000e+04 2.618000000000000000e+03
5.627700000000000000e+04 2.672000000000000000e+03
5.661000000000000000e+04 2.623000000000000000e+03
5.694300000000000000e+04 2.650000000000000000e+03
5.727600000000000000e+04 2.644000000000000000e+03
5.760900000000000000e+04 2.664000000000000000e+03
5.794200000000000000e+04 2.747000000000000000e+03
5.827500000000000000e+04 2.834000000000000000e+03
5.860800000000000000e+04 2.876000000000000000e+03
5.894100000000000000e+04 3.090000000000000000e+03
5.927400000000000000e+04 3.226000000000000000e+03
5.960700000000000000e+04 3.402000000000000000e+03
5.994000000000000000e+04 3.525000000000000000e+03
6.027300000000000000e+04 3.586000000000000000e+03
6.060600000000000000e+04 3.672000000000000000e+03
6.093900000000000000e+04 3.924000000000000000e+03
6.127200000000000000e+04 4.072000000000000000e+03
6.160500000000000000e+04 4.312000000000000000e+03
6.193800000000000000e+04 4.459000000000000000e+03
6.227100000000000000e+04 4.720000000000000000e+03
6.260400000000000000e+04 4.832000000000000000e+03
6.293700000000000000e+04 5.086000000000000000e+03
6.327000000000000000e+04 5.319000000000000000e+03
6.360300000000000000e+04 5.445000000000000000e+03
6.393600000000000000e+04 5.561000000000000000e+03
6.426900000000000000e+04 5.762000000000000000e+03
6.460200000000000000e+04 5.906000000000000000e+03
6.493500000000000000e+04 6.024000000000000000e+03
6.526800000000000000e+04 6.183000000000000000e+03
6.560100000000000000e+04 6.300000000000000000e+03
6.593400000000000000e+04 6.539000000000000000e+03
6.626700000000000000e+04 6.726000000000000000e+03
