0.000000000000000000e+00 5.256000000000000000e+03
5.000000000000000000e+01 5.244000000000000000e+03
1.000000000000000000e+02 5.479000000000000000e+03
1.500000000000000000e+02 5.678000000000000000e+03
2.000000000000000000e+02 5.702000000000000000e+03
2.500000000000000000e+02 5.861000000000000000e+03
3.000000000000000000e+02 5.840000000000000000e+03
3.500000000000000000e+02 5.913000000000000000e+03
4.000000000000000000e+02 5.882000000000000000e+03
4.500000000000000000e+02 6.010000000000000000e+03
5.000000000000000000e+02 6.202000000000000000e+03
5.500000000000000000e+02 6.240000000000000000e+03
6.000000000000000000e+02 6.194000000000000000e+03
6.500000000000000000e+02 6.151000000000000000e+03
7.000000000000000000e+02 6.382000000000000000e+03
7.500000000000000000e+02 6.296000000000000000e+03
8.000000000000000000e+02 6.274000000000000000e+03
8.500000000000000000e+02 6.219000000000000000e+03
9.000000000000000000e+02 6.457000000000000000e+03
9.500000000000000000e+02 6.311000000000000000e+03
1.000000000000000000e+03 6.258000000000000000e+03
1.050000000000000000e+03 6.315000000000000000e+03
1.100000000000000000e+03 6.521000000000000000e+03
1.150000000000000000e+03 6.382000000000000000e+03
1.200000000000000000e+03 6.284000000000000000e+03
1.250000000000000000e+03 6.248000000000000000e+03
1.300000000000000000e+03 6.349000000000000000e+03
1.350000000000000000e+03 6.278000000000000000e+03
1.400000000000000000e+03 6.078000000000000000e+03
1.450000000000000000e+03 6.241000000000000000e+03
1.500000000000000000e+03 6.165000000000000000e+03
1.550000000000000000e+03 6.083000000000000000e+03
1.600000000000000000e+03 6.055000000000000000e+03
1.650000000000000000e+03 6.008000000000000000e+03
1.700000000000000000e+03 5.924000000000000000e+03
1.750000000000000000e+03 5.795000000000000000e+03
1.800000000000000000e+03 5.736000000000000000e+03
1.850000000000000000e+03 5.723000000000000000e+03
1.900000000000000000e+03 5.766000000000000000e+03
1.950000000000000000e+03 5.510000000000000000e+03
2.000000000000000000e+03 5.575000000000000000e+03
2.050000000000000000e+03 5.430000000000000000e+03
2.100000000000000000e+03 5.217000000000000000e+03
2.150000000000000000e+03 5.129000000000000000e+03
2.200000000000000000e+03 5.037000000000000000e+03
2.250000000000000000e+03 4.850000000000000000e+03
2.300000000000000000e+03 4.879000000000000000e+03
2.350000000000000000e+03 4.692000000000000000e+03
2.400000000000000000e+03 4.693000000000000000e+03
2.450000000000000000e+03 4.403000000000000000e+03
2.500000000000000000e+03 4.323000000000000000e+03
2.550000000000000000e+03 4.331000000000000000e+03
2.600000000000000000e+03 3.974000000000000000e+03
2.650000000000000000e+03 3.967000000000000000e+03
2.700000000000000000e+03 3.773000000000000000e+03
2.750000000000000000e+03 3.629000000000000000e+03
2.800000000000000000e+03 3.451000000000000000e+03
2.850000000000000000e+03 3.482000000000000000e+03
2.900000000000000000e+03 3.352000000000000000e+03
2.950000000000000000e+03 3.124000000000000000e+03
3.000000000000000000e+03 2.982000000000000000e+03
3.050000000000000000e+03 3.017000000000000000e+03
3.100000000000000000e+03 2.846000000000000000e+03
3.150000000000000000e+03 2.687000000000000000e+03
3.200000000000000000e+03 2.641000000000000000e+03
3.250000000000000000e+03 2.535000000000000000e+03
3.300000000000000000e+03 2.497000000000000000e+03
3.350000000000000000e+03 2.459000000000000000e+03
3.400000000000000000e+03 2.395000000000000000e+03
3.450000000000000000e+03 2.224000000000000000e+03
3.500000000000000000e+03 2.280000000000000000e+03
3.550000000000000000e+03 2.170000000000000000e+03
3.600000000000000000e+03 2.169000000000000000e+03
3.650000000000000000e+03 2.159000000000000000e+03
3.700000000000000000e+03 2.186000000000000000e+03
3.750000000000000000e+03 2.159000000000000000e+03
3.800000000000000000e+03 2.200000000000000000e+03
3.850000000000000000e+03 2.280000000000000000e+03
3.900000000000000000e+03 2.276000000000000000e+03
3.950000000000000000e+03 2.307000000000000000e+03
4.000000000000000000e+03 2.456000000000000000e+03
4.050000000000000000e+03 2.499000000000000000e+03
4.100000000000000000e+03 2.492000000000000000e+03
4.150000000000000000e+03 2.858000000000000000e+03
4.200000000000000000e+03 2.896000000000000000e+03
4.250000000000000000e+03 2.974000000000000000e+03
4.300000000000000000e+03 3.093000000000000000e+03
4.350000000000000000e+03 3.329000000000000000e+03
4.400000000000000000e+03 3.482000000000000000e+03
4.450000000000000000e+03 3.604000000000000000e+03
4.500000000000000000e+03 3.689000000000000000e+03
4.550000000000000000e+03 3.906000000000000000e+03
4.600000000000000000e+03 4.059000000000000000e+03
4.650000000000000000e+03 4.345000000000000000e+03
4.700000000000000000e+03 4.522000000000000000e+03
4.750000000000000000e+03 4.563000000000000000e+03
4.800000000000000000e+03 4.639000000000000000e+03
4.850000000000000000e+03 4.865000000000000000e+03
4.900000000000000000e+03 4.966000000000000000e+03
4.950000000000000000e+03 5.118000000000000000e+03
5.000000000000000000e+03 5.090000000000000000e+03
5.050000000000000000e+03 5.433000000000000000e+03
5.100000000000000000e+03 5.627000000000000000e+03
5.150000000000000000e+03 5.538000000000000000e+03
5.200000000000000000e+03 5.656000000000000000e+03
5.250000000000000000e+03 5.707000000000000000e+03
5.300000000000000000e+03 5.791000000000000000e+03
5.350000000000000000e+03 5.913000000000000000e+03
5.400000000000000000e+03 6.020000000000000000e+03
5.450000000000000000e+03 6.014000000000000000e+03
5.500000000000000000e+03 6.216000000000000000e+03
5.550000000000000000e+03 6.067000000000000000e+03
5.600000000000000000e+03 6.200000000000000000e+03
5.650000000000000000e+03 6.145000000000000000e+03
5.700000000000000000e+03 6.280000000000000000e+03
5.750000000000000000e+03 6.176000000000000000e+03
5.800000000000000000e+03 6.146000000000000000e+03
5.850000000000000000e+03 6.258000000000000000e+03
5.900000000000000000e+03 6.322000000000000000e+03
5.950000000000000000e+03 6.214000000000000000e+03
6.000000000000000000e+03 6.378000000000000000e+03
6.050000000000000000e+03 6.276000000000000000e+03
6.100000000000000000e+03 6.301000000000000000e+03
6.150000000000000000e+03 6.348000000000000000e+03
6.200000000000000000e+03 6.254000000000000000e+03
6.250000000000000000e+03 6.324000000000000000e+03
6.300000000000000000e+03 6.242000000000000000e+03
6.350000000000000000e+03 6.281000000000000000e+03
6.400000000000000000e+03 6.155000000000000000e+03
6.450000000000000000e+03 6.199000000000000000e+03
6.500000000000000000e+03 6.160000000000000000e+03
6.550000000000000000e+03 6.201000000000000000e+03
6.600000000000000000e+03 6.118000000000000000e+03
6.650000000000000000e+03 6.092000000000000000e+03
6.700000000000000000e+03 5.868000000000000000e+03
6.750000000000000000e+03 5.991000000000000000e+03
6.800000000000000000e+03 5.786000000000000000e+03
6.850000000000000000e+03 5.832000000000000000e+03
6.900000000000000000e+03 5.641000000000000000e+03
6.950000000000000000e+03 5.651000000000000000e+03
7.000000000000000000e+03 5.556000000000000000e+03
7.050000000000000000e+03 5.478000000000000000e+03
7.100000000000000000e+03 5.337000000000000000e+03
7.150000000000000000e+03 5.126000000000000000e+03
7.200000000000000000e+03 5.073000000000000000e+03
7.250000000000000000e+03 4.933000000000000000e+03
7.300000000000000000e+03 4.862000000000000000e+03
7.350000000000000000e+03 4.738000000000000000e+03
7.400000000000000000e+03 4.716000000000000000e+03
7.450000000000000000e+03 4.575000000000000000e+03
7.500000000000000000e+03 4.301000000000000000e+03
7.550000000000000000e+03 4.142000000000000000e+03
7.600000000000000000e+03 4.123000000000000000e+03
7.650000000000000000e+03 3.899000000000000000e+03
7.700000000000000000e+03 3.791000000000000000e+03
7.750000000000000000e+03 3.702000000000000000e+03
7.800000000000000000e+03 3.486000000000000000e+03
7.850000000000000000e+03 3.443000000000000000e+03
7.900000000000000000e+03 3.296000000000000000e+03
7.950000000000000000e+03 3.177000000000000000e+03
8.000000000000000000e+03 2.992000000000000000e+03
8.050000000000000000e+03 2.936000000000000000e+03
8.100000000000000000e+03 2.794000000000000000e+03
8.150000000000000000e+03 2.663000000000000000e+03
8.200000000000000000e+03 2.636000000000000000e+03
8.250000000000000000e+03 2.614000000000000000e+03
8.300000000000000000e+03 2.373000000000000000e+03
8.350000000000000000e+03 2.451000000000000000e+03
8.400000000000000000e+03 2.266000000000000000e+03
8.450000000000000000e+03 2.245000000000000000e+03
8.500000000000000000e+03 2.211000000000000000e+03
8.550000000000000000e+03 2.244000000000000000e+03
8.600000000000000000e+03 2.268000000000000000e+03
8.650000000000000000e+03 2.221000000000000000e+03
8.700000000000000000e+03 2.170000000000000000e+03
8.750000000000000000e+03 2.255000000000000000e+03
8.800000000000000000e+03 2.194000000000000000e+03
8.850000000000000000e+03 2.179000000000000000e+03
8.900000000000000000e+03 2.290000000000000000e+03
8.950000000000000000e+03 2.397000000000000000e+03
9.000000000000000000e+03 2.418000000000000000e+03
9.050000000000000000e+03 2.532000000000000000e+03
9.100000000000000000e+03 2.632000000000000000e+03
9.150000000000000000e+03 2.718000000000000000e+03
9.200000000000000000e+03 2.811000000000000000e+03
9.250000000000000000e+03 2.953000000000000000e+03
9.300000000000000000e+03 3.205000000000000000e+03
9.350000000000000000e+03 3.265000000000000000e+03
9.400000000000000000e+03 3.427000000000000000e+03
9.450000000000000000e+03 3.667000000000000000e+03
9.500000000000000000e+03 3.765000000000000000e+03
9.550000000000000000e+03 3.950000000000000000e+03
9.600000000000000000e+03 4.189000000000000000e+03
9.650000000000000000e+03 4.326000000000000000e+03
9.700000000000000000e+03 4.361000000000000000e+03
9.750000000000000000e+03 4.604000000000000000e+03
9.800000000000000000e+03 4.690000000000000000e+03
9.850000000000000000e+03 4.863000000000000000e+03
9.900000000000000000e+03 4.983000000000000000e+03
9.950000000000000000e+03 5.111000000000000000e+03
