0.000000000000000000e+00 5.600000000000000000e+03
2.000000000000000000e+02 5.731000000000000000e+03
4.000000000000000000e+02 5.876000000000000000e+03
6.000000000000000000e+02 5.904000000000000000e+03
8.000000000000000000e+02 5.982000000000000000e+03
1.000000000000000000e+03 5.965000000000000000e+03
1.200000000000000000e+03 6.037000000000000000e+03
1.400000000000000000e+03 6.367000000000000000e+03
1.600000000000000000e+03 6.203000000000000000e+03
1.800000000000000000e+03 6.072000000000000000e+03
2.000000000000000000e+03 6.281000000000000000e+03
2.200000000000000000e+03 6.261000000000000000e+03
2.400000000000000000e+03 6.373000000000000000e+03
2.600000000000000000e+03 6.356000000000000000e+03
2.800000000000000000e+03 6.469000000000000000e+03
3.000000000000000000e+03 6.508000000000000000e+03
3.200000000000000000e+03 6.412000000000000000e+03
3.400000000000000000e+03 6.529000000000000000e+03
3.600000000000000000e+03 6.396000000000000000e+03
3.800000000000000000e+03 6.461000000000000000e+03
4.000000000000000000e+03 6.499000000000000000e+03
4.200000000000000000e+03 6.456000000000000000e+03
4.400000000000000000e+03 6.502000000000000000e+03
4.600000000000000000e+03 6.319000000000000000e+03
4.800000000000000000e+03 6.474000000000000000e+03
5.000000000000000000e+03 6.334000000000000000e+03
5.200000000000000000e+03 6.429000000000000000e+03
5.400000000000000000e+03 6.405000000000000000e+03
5.600000000000000000e+03 6.262000000000000000e+03
5.800000000000000000e+03 6.274000000000000000e+03
6.000000000000000000e+03 6.316000000000000000e+03
6.200000000000000000e+03 6.208000000000000000e+03
6.400000000000000000e+03 6.062000000000000000e+03
6.600000000000000000e+03 6.070000000000000000e+03
6.800000000000000000e+03 6.037000000000000000e+03
7.000000000000000000e+03 5.896000000000000000e+03
7.200000000000000000e+03 5.815000000000000000e+03
7.400000000000000000e+03 5.828000000000000000e+03
7.600000000000000000e+03 5.760000000000000000e+03
7.800000000000000000e+03 5.685000000000000000e+03
8.000000000000000000e+03 5.606000000000000000e+03
8.200000000000000000e+03 5.448000000000000000e+03
8.400000000000000000e+03 5.244000000000000000e+03
8.600000000000000000e+03 5.123000000000000000e+03
8.800000000000000000e+03 5.056000000000000000e+03
9.000000000000000000e+03 4.806000000000000000e+03
9.200000000000000000e+03 4.759000000000000000e+03
9.400000000000000000e+03 4.561000000000000000e+03
9.600000000000000000e+03 4.497000000000000000e+03
9.800000000000000000e+03 4.485000000000000000e+03
1.000000000000000000e+04 4.180000000000000000e+03
1.020000000000000000e+04 4.176000000000000000e+03
1.040000000000000000e+04 4.007000000000000000e+03
1.060000000000000000e+04 3.633000000000000000e+03
1.080000000000000000e+04 3.636000000000000000e+03
1.100000000000000000e+04 3.481000000000000000e+03
1.120000000000000000e+04 3.325000000000000000e+03
1.140000000000000000e+04 3.276000000000000000e+03
1.160000000000000000e+04 3.000000000000000000e+03
1.180000000000000000e+04 2.916000000000000000e+03
1.200000000000000000e+04 2.902000000000000000e+03
1.220000000000000000e+04 2.768000000000000000e+03
1.240000000000000000e+04 2.705000000000000000e+03
1.260000000000000000e+04 2.517000000000000000e+03
1.280000000000000000e+04 2.507000000000000000e+03
1.300000000000000000e+04 2.333000000000000000e+03
1.320000000000000000e+04 2.308000000000000000e+03
1.340000000000000000e+04 2.238000000000000000e+03
1.360000000000000000e+04 2.167000000000000000e+03
1.380000000000000000e+04 2.116000000000000000e+03
1.400000000000000000e+04 2.156000000000000000e+03
1.420000000000000000e+04 2.146000000000000000e+03
1.440000000000000000e+04 2.195000000000000000e+03
1.460000000000000000e+04 2.317000000000000000e+03
1.480000000000000000e+04 2.243000000000000000e+03
1.500000000000000000e+04 2.351000000000000000e+03
1.520000000000000000e+04 2.422000000000000000e+03
1.540000000000000000e+04 2.419000000000000000e+03
1.560000000000000000e+04 2.671000000000000000e+03
1.580000000000000000e+04 2.727000000000000000e+03
1.600000000000000000e+04 2.856000000000000000e+03
1.620000000000000000e+04 3.017000000000000000e+03
1.640000000000000000e+04 3.077000000000000000e+03
1.660000000000000000e+04 3.219000000000000000e+03
1.680000000000000000e+04 3.473000000000000000e+03
1.700000000000000000e+04 3.550000000000000000e+03
1.720000000000000000e+04 3.816000000000000000e+03
1.740000000000000000e+04 3.890000000000000000e+03
1.760000000000000000e+04 3.992000000000000000e+03
1.780000000000000000e+04 4.161000000000000000e+03
1.800000000000000000e+04 4.505000000000000000e+03
1.820000000000000000e+04 4.447000000000000000e+03
1.840000000000000000e+04 4.596000000000000000e+03
1.860000000000000000e+04 4.819000000000000000e+03
1.880000000000000000e+04 5.029000000000000000e+03
1.900000000000000000e+04 5.034000000000000000e+03
1.920000000000000000e+04 5.174000000000000000e+03
1.940000000000000000e+04 5.454000000000000000e+03
1.960000000000000000e+04 5.544000000000000000e+03
1.980000000000000000e+04 5.595000000000000000e+03
2.000000000000000000e+04 5.628000000000000000e+03
2.020000000000000000e+04 5.739000000000000000e+03
2.040000000000000000e+04 5.846000000000000000e+03
2.060000000000000000e+04 5.961000000000000000e+03
2.080000000000000000e+04 5.904000000000000000e+03
2.100000000000000000e+04 6.096000000000000000e+03
2.120000000000000000e+04 6.127000000000000000e+03
2.140000000000000000e+04 6.091000000000000000e+03
2.160000000000000000e+04 6.338000000000000000e+03
2.180000000000000000e+04 6.289000000000000000e+03
2.200000000000000000e+04 6.291000000000000000e+03
2.220000000000000000e+04 6.305000000000000000e+03
2.240000000000000000e+04 6.223000000000000000e+03
2.260000000000000000e+04 6.357000000000000000e+03
2.280000000000000000e+04 6.410000000000000000e+03
2.300000000000000000e+04 6.436000000000000000e+03
2.320000000000000000e+04 6.395000000000000000e+03
2.340000000000000000e+04 6.418000000000000000e+03
2.360000000000000000e+04 6.381000000000000000e+03
2.380000000000000000e+04 6.468000000000000000e+03
2.400000000000000000e+04 6.259000000000000000e+03
2.420000000000000000e+04 6.582000000000000000e+03
2.440000000000000000e+04 6.387000000000000000e+03
2.460000000000000000e+04 6.368000000000000000e+03
2.480000000000000000e+04 6.482000000000000000e+03
2.500000000000000000e+04 6.529000000000000000e+03
2.520000000000000000e+04 6.278000000000000000e+03
2.540000000000000000e+04 6.353000000000000000e+03
2.560000000000000000e+04 6.299000000000000000e+03
2.580000000000000000e+04 6.430000000000000000e+03
2.600000000000000000e+04 6.323000000000000000e+03
2.620000000000000000e+04 6.136000000000000000e+03
2.640000000000000000e+04 6.105000000000000000e+03
2.660000000000000000e+04 6.039000000000000000e+03
2.680000000000000000e+04 5.968000000000000000e+03
2.700000000000000000e+04 6.076000000000000000e+03
2.720000000000000000e+04 5.916000000000000000e+03
2.740000000000000000e+04 5.783000000000000000e+03
2.760000000000000000e+04 5.806000000000000000e+03
2.780000000000000000e+04 5.688000000000000000e+03
2.800000000000000000e+04 5.512000000000000000e+03
2.820000000000000000e+04 5.368000000000000000e+03
2.840000000000000000e+04 5.375000000000000000e+03
2.860000000000000000e+04 5.310000000000000000e+03
2.880000000000000000e+04 5.002000000000000000e+03
2.900000000000000000e+04 5.007000000000000000e+03
2.920000000000000000e+04 4.880000000000000000e+03
2.940000000000000000e+04 4.602000000000000000e+03
2.960000000000000000e+04 4.573000000000000000e+03
2.980000000000000000e+04 4.405000000000000000e+03
3.000000000000000000e+04 4.343000000000000000e+03
3.020000000000000000e+04 4.105000000000000000e+03
3.040000000000000000e+04 3.921000000000000000e+03
3.060000000000000000e+04 3.893000000000000000e+03
3.080000000000000000e+04 3.666000000000000000e+03
3.100000000000000000e+04 3.536000000000000000e+03
3.120000000000000000e+04 3.240000000000000000e+03
3.140000000000000000e+04 3.263000000000000000e+03
3.160000000000000000e+04 3.090000000000000000e+03
3.180000000000000000e+04 2.986000000000000000e+03
3.200000000000000000e+04 2.989000000000000000e+03
3.220000000000000000e+04 2.840000000000000000e+03
3.240000000000000000e+04 2.738000000000000000e+03
3.260000000000000000e+04 2.636000000000000000e+03
3.280000000000000000e+04 2.510000000000000000e+03
3.300000000000000000e+04 2.281000000000000000e+03
3.320000000000000000e+04 2.302000000000000000e+03
3.340000000000000000e+04 2.198000000000000000e+03
3.360000000000000000e+04 2.255000000000000000e+03
3.380000000000000000e+04 2.159000000000000000e+03
3.400000000000000000e+04 2.233000000000000000e+03
3.420000000000000000e+04 2.182000000000000000e+03
3.440000000000000000e+04 2.210000000000000000e+03
3.460000000000000000e+04 2.310000000000000000e+03
3.480000000000000000e+04 2.238000000000000000e+03
3.500000000000000000e+04 2.401000000000000000e+03
3.520000000000000000e+04 2.384000000000000000e+03
3.540000000000000000e+04 2.495000000000000000e+03
3.560000000000000000e+04 2.560000000000000000e+03
3.580000000000000000e+04 2.632000000000000000e+03
3.600000000000000000e+04 2.810000000000000000e+03
3.620000000000000000e+04 2.917000000000000000e+03
3.640000000000000000e+04 3.085000000000000000e+03
3.660000000000000000e+04 3.150000000000000000e+03
3.680000000000000000e+04 3.316000000000000000e+03
3.700000000000000000e+04 3.513000000000000000e+03
3.720000000000000000e+04 3.851000000000000000e+03
3.740000000000000000e+04 3.938000000000000000e+03
3.760000000000000000e+04 3.987000000000000000e+03
3.780000000000000000e+04 4.126000000000000000e+03
3.800000000000000000e+04 4.440000000000000000e+03
3.820000000000000000e+04 4.637000000000000000e+03
3.840000000000000000e+04 4.549000000000000000e+03
3.860000000000000000e+04 4.825000000000000000e+03
3.880000000000000000e+04 4.913000000000000000e+03
3.900000000000000000e+04 5.084000000000000000e+03
3.920000000000000000e+04 5.175000000000000000e+03
3.940000000000000000e+04 5.345000000000000000e+03
3.960000000000000000e+04 5.436000000000000000e+03
3.980000000000000000e+04 5.514000000000000000e+03
