0.000000000000000000e+00 7.085000000000000000e+03
1.000000000000000000e+03 7.209000000000000000e+03
2.000000000000000000e+03 7.244000000000000000e+03
3.000000000000000000e+03 7.699000000000000000e+03
4.000000000000000000e+03 7.481000000000000000e+03
5.000000000000000000e+03 7.557000000000000000e+03
6.000000000000000000e+03 7.607000000000000000e+03
7.000000000000000000e+03 7.639000000000000000e+03
8.000000000000000000e+03 7.786000000000000000e+03
9.000000000000000000e+03 7.927000000000000000e+03
1.000000000000000000e+04 7.836000000000000000e+03
1.100000000000000000e+04 7.754000000000000000e+03
1.200000000000000000e+04 7.894000000000000000e+03
1.300000000000000000e+04 8.062000000000000000e+03
1.400000000000000000e+04 7.952000000000000000e+03
1.500000000000000000e+04 8.105000000000000000e+03
1.600000000000000000e+04 8.135000000000000000e+03
1.700000000000000000e+04 8.107000000000000000e+03
1.800000000000000000e+04 8.053000000000000000e+03
1.900000000000000000e+04 8.051000000000000000e+03
2.000000000000000000e+04 8.103000000000000000e+03
2.100000000000000000e+04 7.915000000000000000e+03
2.200000000000000000e+04 7.955000000000000000e+03
2.300000000000000000e+04 8.064000000000000000e+03
2.400000000000000000e+04 7.963000000000000000e+03
2.500000000000000000e+04 8.140000000000000000e+03
2.600000000000000000e+04 7.930000000000000000e+03
2.700000000000000000e+04 8.013000000000000000e+03
2.800000000000000000e+04 7.927000000000000000e+03
2.900000000000000000e+04 7.934000000000000000e+03
3.000000000000000000e+04 7.820000000000000000e+03
3.100000000000000000e+04 7.767000000000000000e+03
3.200000000000000000e+04 7.723000000000000000e+03
3.300000000000000000e+04 7.567000000000000000e+03
3.400000000000000000e+04 7.624000000000000000e+03
3.500000000000000000e+04 7.386000000000000000e+03
3.600000000000000000e+04 7.589000000000000000e+03
3.700000000000000000e+04 7.246000000000000000e+03
3.800000000000000000e+04 7.089000000000000000e+03
3.900000000000000000e+04 6.956000000000000000e+03
4.000000000000000000e+04 6.903000000000000000e+03
4.100000000000000000e+04 6.791000000000000000e+03
4.200000000000000000e+04 6.577000000000000000e+03
4.300000000000000000e+04 6.496000000000000000e+03
4.400000000000000000e+04 6.488000000000000000e+03
4.500000000000000000e+04 6.279000000000000000e+03
4.600000000000000000e+04 5.874000000000000000e+03
4.700000000000000000e+04 5.841000000000000000e+03
4.800000000000000000e+04 5.546000000000000000e+03
4.900000000000000000e+04 5.428000000000000000e+03
5.000000000000000000e+04 5.366000000000000000e+03
5.100000000000000000e+04 5.057000000000000000e+03
5.200000000000000000e+04 5.021000000000000000e+03
5.300000000000000000e+04 4.781000000000000000e+03
5.400000000000000000e+04 4.481000000000000000e+03
5.500000000000000000e+04 4.425000000000000000e+03
5.600000000000000000e+04 4.320000000000000000e+03
5.700000000000000000e+04 4.115000000000000000e+03
5.800000000000000000e+04 3.958000000000000000e+03
5.900000000000000000e+04 3.781000000000000000e+03
6.000000000000000000e+04 3.645000000000000000e+03
6.100000000000000000e+04 3.392000000000000000e+03
6.200000000000000000e+04 3.263000000000000000e+03
6.300000000000000000e+04 3.221000000000000000e+03
6.400000000000000000e+04 3.189000000000000000e+03
6.500000000000000000e+04 3.028000000000000000e+03
6.600000000000000000e+04 2.877000000000000000e+03
6.700000000000000000e+04 2.878000000000000000e+03
6.800000000000000000e+04 2.930000000000000000e+03
6.900000000000000000e+04 2.840000000000000000e+03
7.000000000000000000e+04 2.904000000000000000e+03
7.100000000000000000e+04 2.902000000000000000e+03
7.200000000000000000e+04 2.938000000000000000e+03
7.300000000000000000e+04 3.015000000000000000e+03
7.400000000000000000e+04 3.055000000000000000e+03
7.500000000000000000e+04 3.183000000000000000e+03
7.600000000000000000e+04 3.201000000000000000e+03
7.700000000000000000e+04 3.321000000000000000e+03
7.800000000000000000e+04 3.510000000000000000e+03
7.900000000000000000e+04 3.692000000000000000e+03
8.000000000000000000e+04 3.833000000000000000e+03
8.100000000000000000e+04 3.997000000000000000e+03
8.200000000000000000e+04 4.148000000000000000e+03
8.300000000000000000e+04 4.320000000000000000e+03
8.400000000000000000e+04 4.536000000000000000e+03
8.500000000000000000e+04 4.762000000000000000e+03
8.600000000000000000e+04 4.926000000000000000e+03
8.700000000000000000e+04 5.038000000000000000e+03
8.800000000000000000e+04 5.190000000000000000e+03
8.900000000000000000e+04 5.398000000000000000e+03
9.000000000000000000e+04 5.672000000000000000e+03
9.100000000000000000e+04 5.879000000000000000e+03
9.200000000000000000e+04 5.898000000000000000e+03
9.300000000000000000e+04 6.131000000000000000e+03
9.400000000000000000e+04 6.336000000000000000e+03
9.500000000000000000e+04 6.603000000000000000e+03
9.600000000000000000e+04 6.579000000000000000e+03
9.700000000000000000e+04 6.794000000000000000e+03
9.800000000000000000e+04 6.860000000000000000e+03
9.900000000000000000e+04 6.977000000000000000e+03
1.000000000000000000e+05 7.323000000000000000e+03
1.010000000000000000e+05 7.429000000000000000e+03
1.020000000000000000e+05 7.187000000000000000e+03
1.030000000000000000e+05 7.420000000000000000e+03
1.040000000000000000e+05 7.354000000000000000e+03
1.050000000000000000e+05 7.498000000000000000e+03
1.060000000000000000e+05 7.618000000000000000e+03
1.070000000000000000e+05 7.672000000000000000e+03
1.080000000000000000e+05 7.791000000000000000e+03
1.090000000000000000e+05 7.815000000000000000e+03
1.100000000000000000e+05 7.944000000000000000e+03
1.110000000000000000e+05 7.871000000000000000e+03
1.120000000000000000e+05 8.101000000000000000e+03
1.130000000000000000e+05 8.074000000000000000e+03
1.140000000000000000e+05 8.148000000000000000e+03
1.150000000000000000e+05 8.050000000000000000e+03
1.160000000000000000e+05 8.008000000000000000e+03
1.170000000000000000e+05 8.193000000000000000e+03
1.180000000000000000e+05 8.042000000000000000e+03
1.190000000000000000e+05 8.061000000000000000e+03
1.200000000000000000e+05 8.107000000000000000e+03
1.210000000000000000e+05 7.943000000000000000e+03
1.220000000000000000e+05 8.083000000000000000e+03
1.230000000000000000e+05 7.969000000000000000e+03
1.240000000000000000e+05 7.988000000000000000e+03
1.250000000000000000e+05 8.023000000000000000e+03
1.260000000000000000e+05 7.900000000000000000e+03
1.270000000000000000e+05 7.880000000000000000e+03
1.280000000000000000e+05 7.890000000000000000e+03
1.290000000000000000e+05 7.938000000000000000e+03
1.300000000000000000e+05 7.803000000000000000e+03
1.310000000000000000e+05 7.740000000000000000e+03
1.320000000000000000e+05 7.634000000000000000e+03
1.330000000000000000e+05 7.648000000000000000e+03
1.340000000000000000e+05 7.762000000000000000e+03
1.350000000000000000e+05 7.344000000000000000e+03
1.360000000000000000e+05 7.434000000000000000e+03
1.370000000000000000e+05 7.206000000000000000e+03
1.380000000000000000e+05 7.139000000000000000e+03
1.390000000000000000e+05 6.927000000000000000e+03
1.400000000000000000e+05 6.941000000000000000e+03
1.410000000000000000e+05 6.772000000000000000e+03
1.420000000000000000e+05 6.618000000000000000e+03
1.430000000000000000e+05 6.372000000000000000e+03
1.440000000000000000e+05 6.351000000000000000e+03
1.450000000000000000e+05 6.220000000000000000e+03
1.460000000000000000e+05 6.087000000000000000e+03
1.470000000000000000e+05 5.839000000000000000e+03
1.480000000000000000e+05 5.619000000000000000e+03
1.490000000000000000e+05 5.629000000000000000e+03
1.500000000000000000e+05 5.399000000000000000e+03
1.510000000000000000e+05 5.100000000000000000e+03
1.520000000000000000e+05 4.868000000000000000e+03
1.530000000000000000e+05 4.681000000000000000e+03
1.540000000000000000e+05 4.589000000000000000e+03
1.550000000000000000e+05 4.433000000000000000e+03
1.560000000000000000e+05 4.135000000000000000e+03
1.570000000000000000e+05 4.163000000000000000e+03
1.580000000000000000e+05 3.876000000000000000e+03
1.590000000000000000e+05 3.751000000000000000e+03
1.600000000000000000e+05 3.635000000000000000e+03
1.610000000000000000e+05 3.360000000000000000e+03
1.620000000000000000e+05 3.260000000000000000e+03
1.630000000000000000e+05 3.272000000000000000e+03
1.640000000000000000e+05 3.177000000000000000e+03
1.650000000000000000e+05 3.045000000000000000e+03
1.660000000000000000e+05 2.998000000000000000e+03
1.670000000000000000e+05 2.841000000000000000e+03
1.680000000000000000e+05 2.925000000000000000e+03
1.690000000000000000e+05 2.933000000000000000e+03
1.700000000000000000e+05 2.833000000000000000e+03
1.710000000000000000e+05 2.829000000000000000e+03
1.720000000000000000e+05 2.872000000000000000e+03
1.730000000000000000e+05 2.944000000000000000e+03
1.740000000000000000e+05 3.166000000000000000e+03
1.750000000000000000e+05 3.117000000000000000e+03
1.760000000000000000e+05 3.230000000000000000e+03
1.770000000000000000e+05 3.368000000000000000e+03
1.780000000000000000e+05 3.585000000000000000e+03
1.790000000000000000e+05 3.683000000000000000e+03
1.800000000000000000e+05 3.842000000000000000e+03
1.810000000000000000e+05 3.978000000000000000e+03
1.820000000000000000e+05 4.117000000000000000e+03
1.830000000000000000e+05 4.290000000000000000e+03
1.840000000000000000e+05 4.412000000000000000e+03
1.850000000000000000e+05 4.685000000000000000e+03
1.860000000000000000e+05 4.938000000000000000e+03
1.870000000000000000e+05 5.074000000000000000e+03
1.880000000000000000e+05 5.171000000000000000e+03
1.890000000000000000e+05 5.470000000000000000e+03
1.900000000000000000e+05 5.568000000000000000e+03
1.910000000000000000e+05 5.851000000000000000e+03
1.920000000000000000e+05 6.076000000000000000e+03
1.930000000000000000e+05 6.291000000000000000e+03
1.940000000000000000e+05 6.273000000000000000e+03
1.950000000000000000e+05 6.471000000000000000e+03
1.960000000000000000e+05 6.794000000000000000e+03
1.970000000000000000e+05 6.754000000000000000e+03
1.980000000000000000e+05 6.911000000000000000e+03
1.990000000000000000e+05 7.116000000000000000e+03
