0.000000000000000000e+00 6.722000000000000000e+03
1.428000000000000000e+03 6.829000000000000000e+03
2.856000000000000000e+03 6.768000000000000000e+03
4.284000000000000000e+03 6.915000000000000000e+03
5.712000000000000000e+03 7.085000000000000000e+03
7.140000000000000000e+03 7.038000000000000000e+03
8.568000000000000000e+03 7.370000000000000000e+03
9.996000000000000000e+03 7.412000000000000000e+03
1.142400000000000000e+04 7.472000000000000000e+03
1.285200000000000000e+04 7.397000000000000000e+03
1.428000000000000000e+04 7.273000000000000000e+03
1.570800000000000000e+04 7.523000000000000000e+03
1.713600000000000000e+04 7.658000000000000000e+03
1.856400000000000000e+04 7.577000000000000000e+03
1.999200000000000000e+04 7.424000000000000000e+03
2.142000000000000000e+04 7.504000000000000000e+03
2.284800000000000000e+04 7.640000000000000000e+03
2.427600000000000000e+04 7.629000000000000000e+03
2.570400000000000000e+04 7.671000000000000000e+03
2.713200000000000000e+04 7.665000000000000000e+03
2.856000000000000000e+04 7.610000000000000000e+03
2.998800000000000000e+04 7.696000000000000000e+03
3.141600000000000000e+04 7.646000000000000000e+03
3.284400000000000000e+04 7.663000000000000000e+03
3.427200000000000000e+04 7.507000000000000000e+03
3.570000000000000000e+04 7.536000000000000000e+03
3.712800000000000000e+04 7.589000000000000000e+03
3.855600000000000000e+04 7.338000000000000000e+03
3.998400000000000000e+04 7.443000000000000000e+03
4.141200000000000000e+04 7.575000000000000000e+03
4.284000000000000000e+04 7.229000000000000000e+03
4.426800000000000000e+04 7.221000000000000000e+03
4.569600000000000000e+04 7.243000000000000000e+03
4.712400000000000000e+04 7.236000000000000000e+03
4.855200000000000000e+04 7.038000000000000000e+03
4.998000000000000000e+04 7.009000000000000000e+03
5.140800000000000000e+04 7.132000000000000000e+03
5.283600000000000000e+04 6.881000000000000000e+03
5.426400000000000000e+04 6.683000000000000000e+03
5.569200000000000000e+04 6.626000000000000000e+03
5.712000000000000000e+04 6.339000000000000000e+03
5.854800000000000000e+04 6.387000000000000000e+03
5.997600000000000000e+04 6.175000000000000000e+03
6.140400000000000000e+04 6.036000000000000000e+03
6.283200000000000000e+04 5.983000000000000000e+03
6.426000000000000000e+04 5.768000000000000000e+03
6.568800000000000000e+04 5.630000000000000000e+03
6.711600000000000000e+04 5.418000000000000000e+03
6.854400000000000000e+04 5.253000000000000000e+03
6.997200000000000000e+04 5.115000000000000000e+03
7.140000000000000000e+04 4.942000000000000000e+03
7.282800000000000000e+04 4.614000000000000000e+03
7.425600000000000000e+04 4.576000000000000000e+03
7.568400000000000000e+04 4.326000000000000000e+03
7.711200000000000000e+04 4.076000000000000000e+03
7.854000000000000000e+04 4.018000000000000000e+03
7.996800000000000000e+04 3.809000000000000000e+03
8.139600000000000000e+04 3.666000000000000000e+03
8.282400000000000000e+04 3.512000000000000000e+03
8.425200000000000000e+04 3.239000000000000000e+03
8.568000000000000000e+04 3.116000000000000000e+03
8.710800000000000000e+04 3.164000000000000000e+03
8.853600000000000000e+04 2.957000000000000000e+03
8.996400000000000000e+04 2.806000000000000000e+03
9.139200000000000000e+04 2.739000000000000000e+03
9.282000000000000000e+04 2.668000000000000000e+03
9.424800000000000000e+04 2.745000000000000000e+03
9.567600000000000000e+04 2.530000000000000000e+03
9.710400000000000000e+04 2.527000000000000000e+03
9.853200000000000000e+04 2.581000000000000000e+03
9.996000000000000000e+04 2.528000000000000000e+03
1.013880000000000000e+05 2.560000000000000000e+03
1.028160000000000000e+05 2.577000000000000000e+03
1.042440000000000000e+05 2.709000000000000000e+03
1.056720000000000000e+05 2.762000000000000000e+03
1.071000000000000000e+05 2.778000000000000000e+03
1.085280000000000000e+05 2.997000000000000000e+03
1.099560000000000000e+05 2.933000000000000000e+03
1.113840000000000000e+05 3.043000000000000000e+03
1.128120000000000000e+05 3.319000000000000000e+03
1.142400000000000000e+05 3.425000000000000000e+03
1.156680000000000000e+05 3.622000000000000000e+03
1.170960000000000000e+05 3.774000000000000000e+03
1.185240000000000000e+05 3.917000000000000000e+03
1.199520000000000000e+05 4.189000000000000000e+03
1.213800000000000000e+05 4.326000000000000000e+03
1.228080000000000000e+05 4.443000000000000000e+03
1.242360000000000000e+05 4.712000000000000000e+03
1.256640000000000000e+05 4.817000000000000000e+03
1.270920000000000000e+05 5.182000000000000000e+03
1.285200000000000000e+05 5.162000000000000000e+03
1.299480000000000000e+05 5.425000000000000000e+03
1.313760000000000000e+05 5.591000000000000000e+03
1.328040000000000000e+05 5.700000000000000000e+03
1.342320000000000000e+05 5.853000000000000000e+03
1.356600000000000000e+05 6.022000000000000000e+03
1.370880000000000000e+05 6.236000000000000000e+03
1.385160000000000000e+05 6.297000000000000000e+03
1.399440000000000000e+05 6.549000000000000000e+03
1.413720000000000000e+05 6.581000000000000000e+03
1.428000000000000000e+05 6.677000000000000000e+03
1.442280000000000000e+05 6.744000000000000000e+03
1.456560000000000000e+05 6.840000000000000000e+03
1.470840000000000000e+05 6.984000000000000000e+03
1.485120000000000000e+05 7.074000000000000000e+03
1.499400000000000000e+05 7.099000000000000000e+03
1.513680000000000000e+05 6.915000000000000000e+03
1.527960000000000000e+05 7.342000000000000000e+03
1.542240000000000000e+05 7.461000000000000000e+03
1.556520000000000000e+05 7.335000000000000000e+03
1.570800000000000000e+05 7.463000000000000000e+03
1.585080000000000000e+05 7.316000000000000000e+03
1.599360000000000000e+05 7.300000000000000000e+03
1.613640000000000000e+05 7.455000000000000000e+03
1.627920000000000000e+05 7.664000000000000000e+03
1.642200000000000000e+05 7.597000000000000000e+03
1.656480000000000000e+05 7.550000000000000000e+03
1.670760000000000000e+05 7.402000000000000000e+03
1.685040000000000000e+05 7.682000000000000000e+03
1.699320000000000000e+05 7.735000000000000000e+03
1.713600000000000000e+05 7.645000000000000000e+03
1.727880000000000000e+05 7.597000000000000000e+03
1.742160000000000000e+05 7.597000000000000000e+03
1.756440000000000000e+05 7.658000000000000000e+03
1.770720000000000000e+05 7.391000000000000000e+03
1.785000000000000000e+05 7.623000000000000000e+03
1.799280000000000000e+05 7.569000000000000000e+03
1.813560000000000000e+05 7.559000000000000000e+03
1.827840000000000000e+05 7.586000000000000000e+03
1.842120000000000000e+05 7.438000000000000000e+03
1.856400000000000000e+05 7.330000000000000000e+03
1.870680000000000000e+05 7.151000000000000000e+03
1.884960000000000000e+05 7.012000000000000000e+03
1.899240000000000000e+05 7.062000000000000000e+03
1.913520000000000000e+05 7.037000000000000000e+03
1.927800000000000000e+05 6.977000000000000000e+03
1.942080000000000000e+05 6.845000000000000000e+03
1.956360000000000000e+05 6.839000000000000000e+03
1.970640000000000000e+05 6.631000000000000000e+03
1.984920000000000000e+05 6.502000000000000000e+03
1.999200000000000000e+05 6.477000000000000000e+03
2.013480000000000000e+05 6.283000000000000000e+03
2.027760000000000000e+05 6.148000000000000000e+03
2.042040000000000000e+05 6.100000000000000000e+03
2.056320000000000000e+05 5.759000000000000000e+03
2.070600000000000000e+05 5.725000000000000000e+03
2.084880000000000000e+05 5.755000000000000000e+03
2.099160000000000000e+05 5.358000000000000000e+03
2.113440000000000000e+05 5.219000000000000000e+03
2.127720000000000000e+05 5.141000000000000000e+03
2.142000000000000000e+05 5.067000000000000000e+03
2.156280000000000000e+05 4.561000000000000000e+03
2.170560000000000000e+05 4.550000000000000000e+03
2.184840000000000000e+05 4.410000000000000000e+03
2.199120000000000000e+05 4.273000000000000000e+03
2.213400000000000000e+05 4.114000000000000000e+03
2.227680000000000000e+05 3.733000000000000000e+03
2.241960000000000000e+05 3.619000000000000000e+03
2.256240000000000000e+05 3.559000000000000000e+03
2.270520000000000000e+05 3.395000000000000000e+03
2.284800000000000000e+05 3.201000000000000000e+03
2.299080000000000000e+05 3.083000000000000000e+03
2.313360000000000000e+05 2.988000000000000000e+03
2.327640000000000000e+05 2.786000000000000000e+03
2.341920000000000000e+05 2.787000000000000000e+03
2.356200000000000000e+05 2.641000000000000000e+03
2.370480000000000000e+05 2.626000000000000000e+03
2.384760000000000000e+05 2.609000000000000000e+03
2.399040000000000000e+05 2.579000000000000000e+03
2.413320000000000000e+05 2.564000000000000000e+03
2.427600000000000000e+05 2.530000000000000000e+03
2.441880000000000000e+05 2.549000000000000000e+03
2.456160000000000000e+05 2.657000000000000000e+03
2.470440000000000000e+05 2.748000000000000000e+03
2.484720000000000000e+05 2.630000000000000000e+03
2.499000000000000000e+05 2.703000000000000000e+03
2.513280000000000000e+05 2.917000000000000000e+03
2.527560000000000000e+05 2.927000000000000000e+03
2.541840000000000000e+05 3.034000000000000000e+03
2.556120000000000000e+05 3.329000000000000000e+03
2.570400000000000000e+05 3.411000000000000000e+03
2.584680000000000000e+05 3.604000000000000000e+03
2.598960000000000000e+05 3.884000000000000000e+03
2.613240000000000000e+05 3.777000000000000000e+03
2.627520000000000000e+05 4.085000000000000000e+03
2.641800000000000000e+05 4.392000000000000000e+03
2.656080000000000000e+05 4.552000000000000000e+03
2.670360000000000000e+05 4.622000000000000000e+03
2.684640000000000000e+05 4.805000000000000000e+03
2.698920000000000000e+05 5.052000000000000000e+03
2.713200000000000000e+05 5.092000000000000000e+03
2.727480000000000000e+05 5.354000000000000000e+03
2.741760000000000000e+05 5.374000000000000000e+03
2.756040000000000000e+05 5.664000000000000000e+03
2.770320000000000000e+05 6.008000000000000000e+03
2.784600000000000000e+05 6.057000000000000000e+03
2.798880000000000000e+05 6.150000000000000000e+03
2.813160000000000000e+05 6.224000000000000000e+03
2.827440000000000000e+05 6.418000000000000000e+03
2.841720000000000000e+05 6.615000000000000000e+03
