0.000000000000000000e+00 1.324900000000000000e+04
3.333000000000000000e+03 1.318600000000000000e+04
6.666000000000000000e+03 1.333200000000000000e+04
9.999000000000000000e+03 1.343800000000000000e+04
1.333200000000000000e+04 1.374700000000000000e+04
1.666500000000000000e+04 1.375400000000000000e+04
1.999800000000000000e+04 1.379100000000000000e+04
2.333100000000000000e+04 1.415700000000000000e+04
2.666400000000000000e+04 1.437000000000000000e+04
2.999700000000000000e+04 1.424200000000000000e+04
3.333000000000000000e+04 1.442400000000000000e+04
3.666300000000000000e+04 1.453500000000000000e+04
3.999600000000000000e+04 1.461900000000000000e+04
4.332900000000000000e+04 1.455100000000000000e+04
4.666200000000000000e+04 1.454100000000000000e+04
4.999500000000000000e+04 1.436800000000000000e+04
5.332800000000000000e+04 1.488400000000000000e+04
5.666100000000000000e+04 1.479100000000000000e+04
5.999400000000000000e+04 1.482400000000000000e+04
6.332700000000000000e+04 1.482000000000000000e+04
6.666000000000000000e+04 1.477300000000000000e+04
6.999300000000000000e+04 1.448900000000000000e+04
7.332600000000000000e+04 1.462000000000000000e+04
7.665900000000000000e+04 1.438100000000000000e+04
7.999200000000000000e+04 1.487400000000000000e+04
8.332500000000000000e+04 1.445700000000000000e+04
8.665800000000000000e+04 1.457600000000000000e+04
8.999100000000000000e+04 1.456900000000000000e+04
9.332400000000000000e+04 1.443000000000000000e+04
9.665700000000000000e+04 1.406600000000000000e+04
9.999000000000000000e+04 1.417200000000000000e+04
1.033230000000000000e+05 1.448900000000000000e+04
1.066560000000000000e+05 1.423600000000000000e+04
1.099890000000000000e+05 1.400300000000000000e+04
1.133220000000000000e+05 1.393800000000000000e+04
1.166550000000000000e+05 1.361000000000000000e+04
1.199880000000000000e+05 1.338500000000000000e+04
1.233210000000000000e+05 1.323000000000000000e+04
1.266540000000000000e+05 1.289400000000000000e+04
1.299870000000000000e+05 1.271900000000000000e+04
1.333200000000000000e+05 1.266900000000000000e+04
1.366530000000000000e+05 1.234500000000000000e+04
1.399860000000000000e+05 1.230100000000000000e+04
1.433190000000000000e+05 1.193900000000000000e+04
1.466520000000000000e+05 1.158500000000000000e+04
1.499850000000000000e+05 1.133300000000000000e+04
1.533180000000000000e+05 1.105900000000000000e+04
1.566510000000000000e+05 1.068900000000000000e+04
1.599840000000000000e+05 1.043500000000000000e+04
1.633170000000000000e+05 1.013900000000000000e+04
1.666500000000000000e+05 9.669000000000000000e+03
1.699830000000000000e+05 9.522000000000000000e+03
1.733160000000000000e+05 9.201000000000000000e+03
1.766490000000000000e+05 8.911000000000000000e+03
1.799820000000000000e+05 8.436000000000000000e+03
1.833150000000000000e+05 8.059000000000000000e+03
1.866480000000000000e+05 7.827000000000000000e+03
1.899810000000000000e+05 7.605000000000000000e+03
1.933140000000000000e+05 7.116000000000000000e+03
1.966470000000000000e+05 6.819000000000000000e+03
1.999800000000000000e+05 6.693000000000000000e+03
2.033130000000000000e+05 6.273000000000000000e+03
2.066460000000000000e+05 6.270000000000000000e+03
2.099790000000000000e+05 5.854000000000000000e+03
2.133120000000000000e+05 5.780000000000000000e+03
2.166450000000000000e+05 5.560000000000000000e+03
2.199780000000000000e+05 5.554000000000000000e+03
2.233110000000000000e+05 5.356000000000000000e+03
2.266440000000000000e+05 5.450000000000000000e+03
2.299770000000000000e+05 5.440000000000000000e+03
2.333100000000000000e+05 5.274000000000000000e+03
2.366430000000000000e+05 5.308000000000000000e+03
2.399760000000000000e+05 5.580000000000000000e+03
2.433090000000000000e+05 5.655000000000000000e+03
2.466420000000000000e+05 5.670000000000000000e+03
2.499750000000000000e+05 5.929000000000000000e+03
2.533080000000000000e+05 6.168000000000000000e+03
2.566410000000000000e+05 6.380000000000000000e+03
2.599740000000000000e+05 6.583000000000000000e+03
2.633070000000000000e+05 6.833000000000000000e+03
2.666400000000000000e+05 7.102000000000000000e+03
2.699730000000000000e+05 7.216000000000000000e+03
2.733060000000000000e+05 7.562000000000000000e+03
2.766390000000000000e+05 8.126000000000000000e+03
2.799720000000000000e+05 8.370000000000000000e+03
2.833050000000000000e+05 8.699000000000000000e+03
2.866380000000000000e+05 8.918000000000000000e+03
2.899710000000000000e+05 9.416000000000000000e+03
2.933040000000000000e+05 9.760000000000000000e+03
2.966370000000000000e+05 1.012600000000000000e+04
2.999700000000000000e+05 1.031000000000000000e+04
3.033030000000000000e+05 1.085700000000000000e+04
3.066360000000000000e+05 1.122800000000000000e+04
3.099690000000000000e+05 1.114700000000000000e+04
3.133020000000000000e+05 1.160400000000000000e+04
3.166350000000000000e+05 1.195500000000000000e+04
3.199680000000000000e+05 1.219700000000000000e+04
3.233010000000000000e+05 1.220600000000000000e+04
3.266340000000000000e+05 1.287100000000000000e+04
3.299670000000000000e+05 1.299000000000000000e+04
3.333000000000000000e+05 1.288400000000000000e+04
3.366330000000000000e+05 1.321900000000000000e+04
3.399660000000000000e+05 1.353400000000000000e+04
3.432990000000000000e+05 1.379500000000000000e+04
3.466320000000000000e+05 1.397100000000000000e+04
3.499650000000000000e+05 1.410300000000000000e+04
3.532980000000000000e+05 1.422400000000000000e+04
3.566310000000000000e+05 1.408800000000000000e+04
3.599640000000000000e+05 1.428700000000000000e+04
3.632970000000000000e+05 1.454100000000000000e+04
3.666300000000000000e+05 1.438000000000000000e+04
3.699630000000000000e+05 1.460200000000000000e+04
3.732960000000000000e+05 1.476500000000000000e+04
3.766290000000000000e+05 1.475600000000000000e+04
3.799620000000000000e+05 1.462600000000000000e+04
3.832950000000000000e+05 1.470400000000000000e+04
3.866280000000000000e+05 1.467000000000000000e+04
3.899610000000000000e+05 1.475500000000000000e+04
3.932940000000000000e+05 1.473300000000000000e+04
3.966270000000000000e+05 1.470700000000000000e+04
3.999600000000000000e+05 1.474200000000000000e+04
4.032930000000000000e+05 1.493900000000000000e+04
4.066260000000000000e+05 1.468600000000000000e+04
4.099590000000000000e+05 1.484500000000000000e+04
4.132920000000000000e+05 1.468400000000000000e+04
4.166250000000000000e+05 1.470400000000000000e+04
4.199580000000000000e+05 1.440700000000000000e+04
4.232910000000000000e+05 1.465600000000000000e+04
4.266240000000000000e+05 1.442300000000000000e+04
4.299570000000000000e+05 1.423000000000000000e+04
4.332900000000000000e+05 1.401600000000000000e+04
4.366230000000000000e+05 1.407300000000000000e+04
4.399560000000000000e+05 1.416000000000000000e+04
4.432890000000000000e+05 1.378600000000000000e+04
4.466220000000000000e+05 1.373800000000000000e+04
4.499550000000000000e+05 1.362800000000000000e+04
4.532880000000000000e+05 1.324900000000000000e+04
4.566210000000000000e+05 1.344500000000000000e+04
4.599540000000000000e+05 1.315700000000000000e+04
4.632870000000000000e+05 1.308500000000000000e+04
4.666200000000000000e+05 1.267800000000000000e+04
4.699530000000000000e+05 1.220300000000000000e+04
4.732860000000000000e+05 1.214100000000000000e+04
4.766190000000000000e+05 1.206400000000000000e+04
4.799520000000000000e+05 1.187500000000000000e+04
4.832850000000000000e+05 1.144300000000000000e+04
4.866180000000000000e+05 1.100100000000000000e+04
4.899510000000000000e+05 1.069600000000000000e+04
4.932840000000000000e+05 1.031000000000000000e+04
4.966170000000000000e+05 9.863000000000000000e+03
4.999500000000000000e+05 9.797000000000000000e+03
5.032830000000000000e+05 9.430000000000000000e+03
5.066160000000000000e+05 9.118000000000000000e+03
5.099490000000000000e+05 8.779000000000000000e+03
5.132820000000000000e+05 8.453000000000000000e+03
5.166150000000000000e+05 8.005000000000000000e+03
5.199480000000000000e+05 7.837000000000000000e+03
5.232810000000000000e+05 7.449000000000000000e+03
5.266140000000000000e+05 6.984000000000000000e+03
5.299470000000000000e+05 6.955000000000000000e+03
5.332800000000000000e+05 6.561000000000000000e+03
5.366130000000000000e+05 6.306000000000000000e+03
5.399460000000000000e+05 6.249000000000000000e+03
5.432790000000000000e+05 5.992000000000000000e+03
5.466120000000000000e+05 5.940000000000000000e+03
5.499450000000000000e+05 5.574000000000000000e+03
5.532780000000000000e+05 5.530000000000000000e+03
5.566110000000000000e+05 5.481000000000000000e+03
5.599440000000000000e+05 5.394000000000000000e+03
5.632770000000000000e+05 5.211000000000000000e+03
5.666100000000000000e+05 5.291000000000000000e+03
5.699430000000000000e+05 5.386000000000000000e+03
5.732760000000000000e+05 5.535000000000000000e+03
5.766090000000000000e+05 5.488000000000000000e+03
5.799420000000000000e+05 5.703000000000000000e+03
5.832750000000000000e+05 5.888000000000000000e+03
5.866080000000000000e+05 5.964000000000000000e+03
5.899410000000000000e+05 6.292000000000000000e+03
5.932740000000000000e+05 6.585000000000000000e+03
5.966070000000000000e+05 6.773000000000000000e+03
5.999400000000000000e+05 7.129000000000000000e+03
6.032730000000000000e+05 7.451000000000000000e+03
6.066060000000000000e+05 7.602000000000000000e+03
6.099390000000000000e+05 7.848000000000000000e+03
6.132720000000000000e+05 8.379000000000000000e+03
6.166050000000000000e+05 8.756000000000000000e+03
6.199380000000000000e+05 8.935000000000000000e+03
6.232710000000000000e+05 9.498000000000000000e+03
6.266040000000000000e+05 9.658000000000000000e+03
6.299370000000000000e+05 9.948000000000000000e+03
6.332700000000000000e+05 1.032200000000000000e+04
6.366030000000000000e+05 1.052500000000000000e+04
6.399360000000000000e+05 1.095600000000000000e+04
6.432690000000000000e+05 1.130100000000000000e+04
6.466020000000000000e+05 1.148800000000000000e+04
6.499350000000000000e+05 1.210300000000000000e+04
6.532680000000000000e+05 1.205100000000000000e+04
6.566010000000000000e+05 1.246000000000000000e+04
6.599340000000000000e+05 1.256800000000000000e+04
6.632670000000000000e+05 1.293800000000000000e+04
