0.000000000000000000e+00 1.862600000000000000e+04
1.000000000000000000e+04 1.916100000000000000e+04
2.000000000000000000e+04 1.901800000000000000e+04
3.000000000000000000e+04 1.932800000000000000e+04
4.000000000000000000e+04 1.941100000000000000e+04
5.000000000000000000e+04 1.954800000000000000e+04
6.000000000000000000e+04 1.967800000000000000e+04
7.000000000000000000e+04 1.966300000000000000e+04
8.000000000000000000e+04 1.979300000000000000e+04
9.000000000000000000e+04 1.980600000000000000e+04
1.000000000000000000e+05 2.000200000000000000e+04
1.100000000000000000e+05 1.969200000000000000e+04
1.200000000000000000e+05 2.012400000000000000e+04
1.300000000000000000e+05 2.045900000000000000e+04
1.400000000000000000e+05 2.024200000000000000e+04
1.500000000000000000e+05 1.996200000000000000e+04
1.600000000000000000e+05 2.014100000000000000e+04
1.700000000000000000e+05 2.025400000000000000e+04
1.800000000000000000e+05 2.000900000000000000e+04
1.900000000000000000e+05 2.009300000000000000e+04
2.000000000000000000e+05 2.028700000000000000e+04
2.100000000000000000e+05 2.007100000000000000e+04
2.200000000000000000e+05 2.007800000000000000e+04
2.300000000000000000e+05 2.010800000000000000e+04
2.400000000000000000e+05 1.991300000000000000e+04
2.500000000000000000e+05 2.005000000000000000e+04
2.600000000000000000e+05 1.989100000000000000e+04
2.700000000000000000e+05 1.970600000000000000e+04
2.800000000000000000e+05 1.956000000000000000e+04
2.900000000000000000e+05 1.959100000000000000e+04
3.000000000000000000e+05 1.954700000000000000e+04
3.100000000000000000e+05 1.914100000000000000e+04
3.200000000000000000e+05 1.929700000000000000e+04
3.300000000000000000e+05 1.861500000000000000e+04
3.400000000000000000e+05 1.865000000000000000e+04
3.500000000000000000e+05 1.839700000000000000e+04
3.600000000000000000e+05 1.829700000000000000e+04
3.700000000000000000e+05 1.817300000000000000e+04
3.800000000000000000e+05 1.770900000000000000e+04
3.900000000000000000e+05 1.754400000000000000e+04
4.000000000000000000e+05 1.722800000000000000e+04
4.100000000000000000e+05 1.663800000000000000e+04
4.200000000000000000e+05 1.629200000000000000e+04
4.300000000000000000e+05 1.609200000000000000e+04
4.400000000000000000e+05 1.577200000000000000e+04
4.500000000000000000e+05 1.514200000000000000e+04
4.600000000000000000e+05 1.483800000000000000e+04
4.700000000000000000e+05 1.448400000000000000e+04
4.800000000000000000e+05 1.385200000000000000e+04
4.900000000000000000e+05 1.346400000000000000e+04
5.000000000000000000e+05 1.311600000000000000e+04
5.100000000000000000e+05 1.262400000000000000e+04
5.200000000000000000e+05 1.187300000000000000e+04
5.300000000000000000e+05 1.136700000000000000e+04
5.400000000000000000e+05 1.097400000000000000e+04
5.500000000000000000e+05 1.054400000000000000e+04
5.600000000000000000e+05 1.013400000000000000e+04
5.700000000000000000e+05 9.518000000000000000e+03
5.800000000000000000e+05 9.313000000000000000e+03
5.900000000000000000e+05 8.679000000000000000e+03
6.000000000000000000e+05 8.196000000000000000e+03
6.100000000000000000e+05 7.990000000000000000e+03
6.200000000000000000e+05 7.463000000000000000e+03
6.300000000000000000e+05 7.215000000000000000e+03
6.400000000000000000e+05 7.177000000000000000e+03
6.500000000000000000e+05 6.797000000000000000e+03
6.600000000000000000e+05 6.737000000000000000e+03
6.700000000000000000e+05 6.460000000000000000e+03
6.800000000000000000e+05 6.568000000000000000e+03
6.900000000000000000e+05 6.535000000000000000e+03
7.000000000000000000e+05 6.441000000000000000e+03
7.100000000000000000e+05 6.550000000000000000e+03
7.200000000000000000e+05 6.636000000000000000e+03
7.300000000000000000e+05 6.750000000000000000e+03
7.400000000000000000e+05 7.002000000000000000e+03
7.500000000000000000e+05 7.216000000000000000e+03
7.600000000000000000e+05 7.250000000000000000e+03
7.700000000000000000e+05 7.750000000000000000e+03
7.800000000000000000e+05 8.459000000000000000e+03
7.900000000000000000e+05 8.581000000000000000e+03
8.000000000000000000e+05 9.051000000000000000e+03
8.100000000000000000e+05 9.274000000000000000e+03
8.200000000000000000e+05 9.679000000000000000e+03
8.300000000000000000e+05 1.008400000000000000e+04
8.400000000000000000e+05 1.079500000000000000e+04
8.500000000000000000e+05 1.131000000000000000e+04
8.600000000000000000e+05 1.163200000000000000e+04
8.700000000000000000e+05 1.222700000000000000e+04
8.800000000000000000e+05 1.271200000000000000e+04
8.900000000000000000e+05 1.324800000000000000e+04
9.000000000000000000e+05 1.383700000000000000e+04
9.100000000000000000e+05 1.412500000000000000e+04
9.200000000000000000e+05 1.468500000000000000e+04
9.300000000000000000e+05 1.504300000000000000e+04
9.400000000000000000e+05 1.545800000000000000e+04
9.500000000000000000e+05 1.619400000000000000e+04
9.600000000000000000e+05 1.647700000000000000e+04
9.700000000000000000e+05 1.656900000000000000e+04
9.800000000000000000e+05 1.684700000000000000e+04
9.900000000000000000e+05 1.723400000000000000e+04
1.000000000000000000e+06 1.782500000000000000e+04
1.010000000000000000e+06 1.802200000000000000e+04
1.020000000000000000e+06 1.809700000000000000e+04
1.030000000000000000e+06 1.865400000000000000e+04
1.040000000000000000e+06 1.836000000000000000e+04
1.050000000000000000e+06 1.872700000000000000e+04
1.060000000000000000e+06 1.923800000000000000e+04
1.070000000000000000e+06 1.908800000000000000e+04
1.080000000000000000e+06 1.936400000000000000e+04
1.090000000000000000e+06 1.943700000000000000e+04
1.100000000000000000e+06 1.951400000000000000e+04
1.110000000000000000e+06 1.971500000000000000e+04
1.120000000000000000e+06 1.978400000000000000e+04
1.130000000000000000e+06 1.974100000000000000e+04
1.140000000000000000e+06 2.015000000000000000e+04
1.150000000000000000e+06 1.998400000000000000e+04
1.160000000000000000e+06 1.995300000000000000e+04
1.170000000000000000e+06 2.035800000000000000e+04
1.180000000000000000e+06 2.007400000000000000e+04
1.190000000000000000e+06 1.999900000000000000e+04
1.200000000000000000e+06 2.025800000000000000e+04
1.210000000000000000e+06 2.022500000000000000e+04
1.220000000000000000e+06 1.986700000000000000e+04
1.230000000000000000e+06 2.004300000000000000e+04
1.240000000000000000e+06 2.017500000000000000e+04
1.250000000000000000e+06 2.006000000000000000e+04
1.260000000000000000e+06 1.984900000000000000e+04
1.270000000000000000e+06 1.987600000000000000e+04
1.280000000000000000e+06 1.981200000000000000e+04
1.290000000000000000e+06 1.959700000000000000e+04
1.300000000000000000e+06 1.933200000000000000e+04
1.310000000000000000e+06 1.949000000000000000e+04
1.320000000000000000e+06 1.912800000000000000e+04
1.330000000000000000e+06 1.872300000000000000e+04
1.340000000000000000e+06 1.860800000000000000e+04
1.350000000000000000e+06 1.846700000000000000e+04
1.360000000000000000e+06 1.822500000000000000e+04
1.370000000000000000e+06 1.793000000000000000e+04
1.380000000000000000e+06 1.743900000000000000e+04
1.390000000000000000e+06 1.750800000000000000e+04
1.400000000000000000e+06 1.704300000000000000e+04
1.410000000000000000e+06 1.672100000000000000e+04
1.420000000000000000e+06 1.629600000000000000e+04
1.430000000000000000e+06 1.607100000000000000e+04
1.440000000000000000e+06 1.558800000000000000e+04
1.450000000000000000e+06 1.542500000000000000e+04
1.460000000000000000e+06 1.475400000000000000e+04
1.470000000000000000e+06 1.429500000000000000e+04
1.480000000000000000e+06 1.395800000000000000e+04
1.490000000000000000e+06 1.323300000000000000e+04
1.500000000000000000e+06 1.292000000000000000e+04
1.510000000000000000e+06 1.232600000000000000e+04
1.520000000000000000e+06 1.192500000000000000e+04
1.530000000000000000e+06 1.137000000000000000e+04
1.540000000000000000e+06 1.093400000000000000e+04
1.550000000000000000e+06 1.033900000000000000e+04
1.560000000000000000e+06 9.866000000000000000e+03
1.570000000000000000e+06 9.649000000000000000e+03
1.580000000000000000e+06 9.217000000000000000e+03
1.590000000000000000e+06 8.502000000000000000e+03
1.600000000000000000e+06 8.254000000000000000e+03
1.610000000000000000e+06 7.845000000000000000e+03
1.620000000000000000e+06 7.520000000000000000e+03
1.630000000000000000e+06 7.410000000000000000e+03
1.640000000000000000e+06 7.170000000000000000e+03
1.650000000000000000e+06 6.985000000000000000e+03
1.660000000000000000e+06 6.709000000000000000e+03
1.670000000000000000e+06 6.467000000000000000e+03
1.680000000000000000e+06 6.499000000000000000e+03
1.690000000000000000e+06 6.469000000000000000e+03
1.700000000000000000e+06 6.370000000000000000e+03
1.710000000000000000e+06 6.557000000000000000e+03
1.720000000000000000e+06 6.723000000000000000e+03
1.730000000000000000e+06 6.629000000000000000e+03
1.740000000000000000e+06 6.790000000000000000e+03
1.750000000000000000e+06 7.304000000000000000e+03
1.760000000000000000e+06 7.422000000000000000e+03
1.770000000000000000e+06 7.768000000000000000e+03
1.780000000000000000e+06 8.191000000000000000e+03
1.790000000000000000e+06 8.336000000000000000e+03
1.800000000000000000e+06 8.865000000000000000e+03
1.810000000000000000e+06 9.322000000000000000e+03
1.820000000000000000e+06 9.744000000000000000e+03
1.830000000000000000e+06 1.026300000000000000e+04
1.840000000000000000e+06 1.044300000000000000e+04
1.850000000000000000e+06 1.115200000000000000e+04
1.860000000000000000e+06 1.172800000000000000e+04
1.870000000000000000e+06 1.212300000000000000e+04
1.880000000000000000e+06 1.248000000000000000e+04
1.890000000000000000e+06 1.352100000000000000e+04
1.900000000000000000e+06 1.349600000000000000e+04
1.910000000000000000e+06 1.399600000000000000e+04
1.920000000000000000e+06 1.461000000000000000e+04
1.930000000000000000e+06 1.508000000000000000e+04
1.940000000000000000e+06 1.544400000000000000e+04
1.950000000000000000e+06 1.603100000000000000e+04
1.960000000000000000e+06 1.606800000000000000e+04
1.970000000000000000e+06 1.657700000000000000e+04
1.980000000000000000e+06 1.679400000000000000e+04
1.990000000000000000e+06 1.698100000000000000e+04
