0.000000000000000000e+00 5.415000000000000000e+03
5.000000000000000000e+02 5.556000000000000000e+03
1.000000000000000000e+03 5.508000000000000000e+03
1.500000000000000000e+03 5.574000000000000000e+03
2.000000000000000000e+03 5.694000000000000000e+03
2.500000000000000000e+03 5.806000000000000000e+03
3.000000000000000000e+03 5.711000000000000000e+03
3.500000000000000000e+03 5.838000000000000000e+03
4.000000000000000000e+03 6.013000000000000000e+03
4.500000000000000000e+03 5.889000000000000000e+03
5.000000000000000000e+03 5.978000000000000000e+03
5.500000000000000000e+03 6.171000000000000000e+03
6.000000000000000000e+03 6.005000000000000000e+03
6.500000000000000000e+03 5.965000000000000000e+03
7.000000000000000000e+03 6.096000000000000000e+03
7.500000000000000000e+03 6.017000000000000000e+03
8.000000000000000000e+03 6.104000000000000000e+03
8.500000000000000000e+03 6.003000000000000000e+03
9.000000000000000000e+03 6.126000000000000000e+03
9.500000000000000000e+03 6.000000000000000000e+03
1.000000000000000000e+04 6.204000000000000000e+03
1.050000000000000000e+04 6.004000000000000000e+03
1.100000000000000000e+04 6.112000000000000000e+03
1.150000000000000000e+04 6.174000000000000000e+03
1.200000000000000000e+04 6.079000000000000000e+03
1.250000000000000000e+04 6.138000000000000000e+03
1.300000000000000000e+04 6.174000000000000000e+03
1.350000000000000000e+04 6.043000000000000000e+03
1.400000000000000000e+04 6.176000000000000000e+03
1.450000000000000000e+04 6.050000000000000000e+03
1.500000000000000000e+04 6.034000000000000000e+03
1.550000000000000000e+04 5.951000000000000000e+03
1.600000000000000000e+04 5.913000000000000000e+03
1.650000000000000000e+04 5.655000000000000000e+03
1.700000000000000000e+04 5.558000000000000000e+03
1.750000000000000000e+04 5.640000000000000000e+03
1.800000000000000000e+04 5.717000000000000000e+03
1.850000000000000000e+04 5.529000000000000000e+03
1.900000000000000000e+04 5.339000000000000000e+03
1.950000000000000000e+04 5.104000000000000000e+03
2.000000000000000000e+04 5.221000000000000000e+03
2.050000000000000000e+04 5.067000000000000000e+03
2.100000000000000000e+04 5.006000000000000000e+03
2.150000000000000000e+04 4.886000000000000000e+03
2.200000000000000000e+04 4.788000000000000000e+03
2.250000000000000000e+04 4.666000000000000000e+03
2.300000000000000000e+04 4.604000000000000000e+03
2.350000000000000000e+04 4.392000000000000000e+03
2.400000000000000000e+04 4.338000000000000000e+03
2.450000000000000000e+04 4.102000000000000000e+03
2.500000000000000000e+04 3.951000000000000000e+03
2.550000000000000000e+04 3.773000000000000000e+03
2.600000000000000000e+04 3.679000000000000000e+03
2.650000000000000000e+04 3.500000000000000000e+03
2.700000000000000000e+04 3.355000000000000000e+03
2.750000000000000000e+04 3.197000000000000000e+03
2.800000000000000000e+04 3.086000000000000000e+03
2.850000000000000000e+04 2.939000000000000000e+03
2.900000000000000000e+04 2.829000000000000000e+03
2.950000000000000000e+04 2.779000000000000000e+03
3.000000000000000000e+04 2.638000000000000000e+03
3.050000000000000000e+04 2.493000000000000000e+03
3.100000000000000000e+04 2.419000000000000000e+03
3.150000000000000000e+04 2.317000000000000000e+03
3.200000000000000000e+04 2.312000000000000000e+03
3.250000000000000000e+04 2.205000000000000000e+03
3.300000000000000000e+04 2.089000000000000000e+03
3.350000000000000000e+04 2.107000000000000000e+03
3.400000000000000000e+04 2.010000000000000000e+03
3.450000000000000000e+04 2.015000000000000000e+03
3.500000000000000000e+04 2.018000000000000000e+03
3.550000000000000000e+04 2.058000000000000000e+03
3.600000000000000000e+04 2.123000000000000000e+03
3.650000000000000000e+04 2.120000000000000000e+03
3.700000000000000000e+04 2.171000000000000000e+03
3.750000000000000000e+04 2.208000000000000000e+03
3.800000000000000000e+04 2.307000000000000000e+03
3.850000000000000000e+04 2.377000000000000000e+03
3.900000000000000000e+04 2.448000000000000000e+03
3.950000000000000000e+04 2.649000000000000000e+03
4.000000000000000000e+04 2.729000000000000000e+03
4.050000000000000000e+04 2.852000000000000000e+03
4.100000000000000000e+04 2.985000000000000000e+03
4.150000000000000000e+04 3.175000000000000000e+03
4.200000000000000000e+04 3.326000000000000000e+03
4.250000000000000000e+04 3.323000000000000000e+03
4.300000000000000000e+04 3.632000000000000000e+03
4.350000000000000000e+04 3.803000000000000000e+03
4.400000000000000000e+04 3.864000000000000000e+03
4.450000000000000000e+04 4.120000000000000000e+03
4.500000000000000000e+04 4.270000000000000000e+03
4.550000000000000000e+04 4.293000000000000000e+03
4.600000000000000000e+04 4.531000000000000000e+03
4.650000000000000000e+04 4.601000000000000000e+03
4.700000000000000000e+04 4.703000000000000000e+03
4.750000000000000000e+04 4.825000000000000000e+03
4.800000000000000000e+04 5.017000000000000000e+03
4.850000000000000000e+04 5.124000000000000000e+03
4.900000000000000000e+04 5.195000000000000000e+03
4.950000000000000000e+04 5.254000000000000000e+03
5.000000000000000000e+04 5.265000000000000000e+03
5.050000000000000000e+04 5.379000000000000000e+03
5.100000000000000000e+04 5.505000000000000000e+03
5.150000000000000000e+04 5.529000000000000000e+03
5.200000000000000000e+04 5.632000000000000000e+03
5.250000000000000000e+04 5.924000000000000000e+03
5.300000000000000000e+04 5.765000000000000000e+03
5.350000000000000000e+04 5.776000000000000000e+03
5.400000000000000000e+04 5.951000000000000000e+03
5.450000000000000000e+04 5.910000000000000000e+03
5.500000000000000000e+04 6.013000000000000000e+03
5.550000000000000000e+04 5.851000000000000000e+03
5.600000000000000000e+04 6.059000000000000000e+03
5.650000000000000000e+04 6.154000000000000000e+03
5.700000000000000000e+04 6.144000000000000000e+03
5.750000000000000000e+04 6.002000000000000000e+03
5.800000000000000000e+04 6.112000000000000000e+03
5.850000000000000000e+04 6.206000000000000000e+03
5.900000000000000000e+04 6.193000000000000000e+03
5.950000000000000000e+04 6.182000000000000000e+03
6.000000000000000000e+04 6.164000000000000000e+03
6.050000000000000000e+04 6.162000000000000000e+03
6.100000000000000000e+04 6.070000000000000000e+03
6.150000000000000000e+04 5.991000000000000000e+03
6.200000000000000000e+04 6.095000000000000000e+03
6.250000000000000000e+04 6.159000000000000000e+03
6.300000000000000000e+04 6.068000000000000000e+03
6.350000000000000000e+04 6.039000000000000000e+03
6.400000000000000000e+04 6.003000000000000000e+03
6.450000000000000000e+04 6.050000000000000000e+03
6.500000000000000000e+04 5.839000000000000000e+03
6.550000000000000000e+04 5.809000000000000000e+03
6.600000000000000000e+04 5.773000000000000000e+03
6.650000000000000000e+04 5.754000000000000000e+03
6.700000000000000000e+04 5.501000000000000000e+03
6.750000000000000000e+04 5.654000000000000000e+03
6.800000000000000000e+04 5.559000000000000000e+03
6.850000000000000000e+04 5.386000000000000000e+03
6.900000000000000000e+04 5.331000000000000000e+03
6.950000000000000000e+04 5.289000000000000000e+03
7.000000000000000000e+04 5.231000000000000000e+03
7.050000000000000000e+04 5.141000000000000000e+03
7.100000000000000000e+04 5.046000000000000000e+03
7.150000000000000000e+04 4.943000000000000000e+03
7.200000000000000000e+04 4.817000000000000000e+03
7.250000000000000000e+04 4.547000000000000000e+03
7.300000000000000000e+04 4.420000000000000000e+03
7.350000000000000000e+04 4.351000000000000000e+03
7.400000000000000000e+04 4.214000000000000000e+03
7.450000000000000000e+04 4.140000000000000000e+03
7.500000000000000000e+04 3.906000000000000000e+03
7.550000000000000000e+04 3.941000000000000000e+03
7.600000000000000000e+04 3.674000000000000000e+03
7.650000000000000000e+04 3.561000000000000000e+03
7.700000000000000000e+04 3.406000000000000000e+03
7.750000000000000000e+04 3.270000000000000000e+03
7.800000000000000000e+04 3.020000000000000000e+03
7.850000000000000000e+04 3.007000000000000000e+03
7.900000000000000000e+04 2.849000000000000000e+03
7.950000000000000000e+04 2.852000000000000000e+03
8.000000000000000000e+04 2.609000000000000000e+03
8.050000000000000000e+04 2.516000000000000000e+03
8.100000000000000000e+04 2.430000000000000000e+03
8.150000000000000000e+04 2.331000000000000000e+03
8.200000000000000000e+04 2.284000000000000000e+03
8.250000000000000000e+04 2.200000000000000000e+03
8.300000000000000000e+04 2.074000000000000000e+03
8.350000000000000000e+04 2.141000000000000000e+03
8.400000000000000000e+04 1.975000000000000000e+03
8.450000000000000000e+04 2.036000000000000000e+03
8.500000000000000000e+04 1.999000000000000000e+03
8.550000000000000000e+04 2.001000000000000000e+03
8.600000000000000000e+04 2.092000000000000000e+03
8.650000000000000000e+04 2.077000000000000000e+03
8.700000000000000000e+04 2.189000000000000000e+03
8.750000000000000000e+04 2.255000000000000000e+03
8.800000000000000000e+04 2.355000000000000000e+03
8.850000000000000000e+04 2.287000000000000000e+03
8.900000000000000000e+04 2.503000000000000000e+03
8.950000000000000000e+04 2.549000000000000000e+03
9.000000000000000000e+04 2.681000000000000000e+03
9.050000000000000000e+04 2.759000000000000000e+03
9.100000000000000000e+04 2.896000000000000000e+03
9.150000000000000000e+04 3.287000000000000000e+03
9.200000000000000000e+04 3.296000000000000000e+03
9.250000000000000000e+04 3.484000000000000000e+03
9.300000000000000000e+04 3.396000000000000000e+03
9.350000000000000000e+04 3.728000000000000000e+03
9.400000000000000000e+04 3.850000000000000000e+03
9.450000000000000000e+04 3.990000000000000000e+03
9.500000000000000000e+04 4.198000000000000000e+03
9.550000000000000000e+04 4.467000000000000000e+03
9.600000000000000000e+04 4.424000000000000000e+03
9.650000000000000000e+04 4.610000000000000000e+03
9.700000000000000000e+04 4.733000000000000000e+03
9.750000000000000000e+04 4.782000000000000000e+03
9.800000000000000000e+04 4.932000000000000000e+03
9.850000000000000000e+04 5.155000000000000000e+03
9.900000000000000000e+04 5.170000000000000000e+03
9.950000000000000000e+04 5.325000000000000000e+03
