0.000000000000000000e+00 1.058000000000000000e+04
2.000000000000000000e+01 1.093000000000000000e+04
4.000000000000000000e+01 1.121500000000000000e+04
6.000000000000000000e+01 1.161600000000000000e+04
8.000000000000000000e+01 1.183700000000000000e+04
1.000000000000000000e+02 1.212100000000000000e+04
1.200000000000000000e+02 1.240400000000000000e+04
1.400000000000000000e+02 1.264900000000000000e+04
1.600000000000000000e+02 1.288200000000000000e+04
1.800000000000000000e+02 1.293500000000000000e+04
2.000000000000000000e+02 1.312700000000000000e+04
2.200000000000000000e+02 1.321500000000000000e+04
2.400000000000000000e+02 1.349700000000000000e+04
2.600000000000000000e+02 1.388700000000000000e+04
2.800000000000000000e+02 1.361900000000000000e+04
3.000000000000000000e+02 1.409700000000000000e+04
3.200000000000000000e+02 1.383100000000000000e+04
3.400000000000000000e+02 1.410400000000000000e+04
3.600000000000000000e+02 1.416800000000000000e+04
3.800000000000000000e+02 1.394800000000000000e+04
4.000000000000000000e+02 1.445900000000000000e+04
4.200000000000000000e+02 1.447900000000000000e+04
4.400000000000000000e+02 1.435000000000000000e+04
4.600000000000000000e+02 1.453100000000000000e+04
4.800000000000000000e+02 1.460300000000000000e+04
5.000000000000000000e+02 1.449500000000000000e+04
5.200000000000000000e+02 1.458200000000000000e+04
5.400000000000000000e+02 1.455300000000000000e+04
5.600000000000000000e+02 1.444000000000000000e+04
5.800000000000000000e+02 1.426800000000000000e+04
6.000000000000000000e+02 1.467900000000000000e+04
6.200000000000000000e+02 1.452300000000000000e+04
6.400000000000000000e+02 1.431100000000000000e+04
6.600000000000000000e+02 1.417300000000000000e+04
6.800000000000000000e+02 1.421500000000000000e+04
7.000000000000000000e+02 1.401700000000000000e+04
7.200000000000000000e+02 1.419600000000000000e+04
7.400000000000000000e+02 1.390000000000000000e+04
7.600000000000000000e+02 1.384600000000000000e+04
7.800000000000000000e+02 1.389400000000000000e+04
8.000000000000000000e+02 1.347900000000000000e+04
8.200000000000000000e+02 1.330900000000000000e+04
8.400000000000000000e+02 1.323600000000000000e+04
8.600000000000000000e+02 1.291500000000000000e+04
8.800000000000000000e+02 1.275800000000000000e+04
9.000000000000000000e+02 1.267100000000000000e+04
9.200000000000000000e+02 1.234800000000000000e+04
9.400000000000000000e+02 1.195800000000000000e+04
9.600000000000000000e+02 1.180400000000000000e+04
9.800000000000000000e+02 1.164600000000000000e+04
1.000000000000000000e+03 1.127500000000000000e+04
1.020000000000000000e+03 1.117200000000000000e+04
1.040000000000000000e+03 1.086100000000000000e+04
1.060000000000000000e+03 1.050700000000000000e+04
1.080000000000000000e+03 1.029900000000000000e+04
1.100000000000000000e+03 1.015100000000000000e+04
1.120000000000000000e+03 9.640000000000000000e+03
1.140000000000000000e+03 9.323000000000000000e+03
1.160000000000000000e+03 9.239000000000000000e+03
1.180000000000000000e+03 8.865000000000000000e+03
1.200000000000000000e+03 8.617000000000000000e+03
1.220000000000000000e+03 8.288000000000000000e+03
1.240000000000000000e+03 8.128000000000000000e+03
1.260000000000000000e+03 7.805000000000000000e+03
1.280000000000000000e+03 7.620000000000000000e+03
1.300000000000000000e+03 7.346000000000000000e+03
1.320000000000000000e+03 7.237000000000000000e+03
1.340000000000000000e+03 6.876000000000000000e+03
1.360000000000000000e+03 6.829000000000000000e+03
1.380000000000000000e+03 6.569000000000000000e+03
1.400000000000000000e+03 6.498000000000000000e+03
1.420000000000000000e+03 6.356000000000000000e+03
1.440000000000000000e+03 6.372000000000000000e+03
1.460000000000000000e+03 6.164000000000000000e+03
1.480000000000000000e+03 6.022000000000000000e+03
1.500000000000000000e+03 5.860000000000000000e+03
1.520000000000000000e+03 5.919000000000000000e+03
1.540000000000000000e+03 5.831000000000000000e+03
1.560000000000000000e+03 5.960000000000000000e+03
1.580000000000000000e+03 5.907000000000000000e+03
1.600000000000000000e+03 5.946000000000000000e+03
1.620000000000000000e+03 6.070000000000000000e+03
1.640000000000000000e+03 5.982000000000000000e+03
1.660000000000000000e+03 6.107000000000000000e+03
1.680000000000000000e+03 6.366000000000000000e+03
1.700000000000000000e+03 6.428000000000000000e+03
1.720000000000000000e+03 6.561000000000000000e+03
1.740000000000000000e+03 6.923000000000000000e+03
1.760000000000000000e+03 7.038000000000000000e+03
1.780000000000000000e+03 7.256000000000000000e+03
1.800000000000000000e+03 7.500000000000000000e+03
1.820000000000000000e+03 7.882000000000000000e+03
1.840000000000000000e+03 8.244000000000000000e+03
1.860000000000000000e+03 8.613000000000000000e+03
1.880000000000000000e+03 8.932000000000000000e+03
1.900000000000000000e+03 9.303000000000000000e+03
1.920000000000000000e+03 9.435000000000000000e+03
1.940000000000000000e+03 9.563000000000000000e+03
1.960000000000000000e+03 9.964000000000000000e+03
1.980000000000000000e+03 1.034900000000000000e+04
2.000000000000000000e+03 1.068900000000000000e+04
2.020000000000000000e+03 1.092600000000000000e+04
2.040000000000000000e+03 1.116700000000000000e+04
2.060000000000000000e+03 1.166400000000000000e+04
2.080000000000000000e+03 1.189100000000000000e+04
2.100000000000000000e+03 1.205600000000000000e+04
2.120000000000000000e+03 1.243500000000000000e+04
2.140000000000000000e+03 1.257000000000000000e+04
2.160000000000000000e+03 1.295500000000000000e+04
2.180000000000000000e+03 1.281600000000000000e+04
2.200000000000000000e+03 1.323200000000000000e+04
2.220000000000000000e+03 1.346400000000000000e+04
2.240000000000000000e+03 1.343900000000000000e+04
2.260000000000000000e+03 1.348500000000000000e+04
2.280000000000000000e+03 1.372000000000000000e+04
2.300000000000000000e+03 1.389300000000000000e+04
2.320000000000000000e+03 1.397700000000000000e+04
2.340000000000000000e+03 1.395600000000000000e+04
2.360000000000000000e+03 1.390500000000000000e+04
2.380000000000000000e+03 1.441800000000000000e+04
2.400000000000000000e+03 1.458000000000000000e+04
2.420000000000000000e+03 1.428800000000000000e+04
2.440000000000000000e+03 1.455500000000000000e+04
2.460000000000000000e+03 1.424900000000000000e+04
2.480000000000000000e+03 1.429300000000000000e+04
2.500000000000000000e+03 1.456400000000000000e+04
2.520000000000000000e+03 1.460700000000000000e+04
2.540000000000000000e+03 1.457400000000000000e+04
2.560000000000000000e+03 1.458900000000000000e+04
2.580000000000000000e+03 1.448500000000000000e+04
2.600000000000000000e+03 1.440300000000000000e+04
2.620000000000000000e+03 1.445100000000000000e+04
2.640000000000000000e+03 1.434700000000000000e+04
2.660000000000000000e+03 1.434900000000000000e+04
2.680000000000000000e+03 1.415500000000000000e+04
2.700000000000000000e+03 1.404900000000000000e+04
2.720000000000000000e+03 1.390800000000000000e+04
2.740000000000000000e+03 1.393600000000000000e+04
2.760000000000000000e+03 1.377200000000000000e+04
2.780000000000000000e+03 1.339400000000000000e+04
2.800000000000000000e+03 1.341900000000000000e+04
2.820000000000000000e+03 1.321400000000000000e+04
2.840000000000000000e+03 1.324500000000000000e+04
2.860000000000000000e+03 1.284200000000000000e+04
2.880000000000000000e+03 1.245700000000000000e+04
2.900000000000000000e+03 1.251400000000000000e+04
2.920000000000000000e+03 1.227800000000000000e+04
2.940000000000000000e+03 1.219800000000000000e+04
2.960000000000000000e+03 1.179800000000000000e+04
2.980000000000000000e+03 1.160200000000000000e+04
3.000000000000000000e+03 1.106000000000000000e+04
3.020000000000000000e+03 1.090200000000000000e+04
3.040000000000000000e+03 1.076600000000000000e+04
3.060000000000000000e+03 1.069000000000000000e+04
3.080000000000000000e+03 1.029600000000000000e+04
3.100000000000000000e+03 9.926000000000000000e+03
3.120000000000000000e+03 9.742000000000000000e+03
3.140000000000000000e+03 9.265000000000000000e+03
3.160000000000000000e+03 9.034000000000000000e+03
3.180000000000000000e+03 8.724000000000000000e+03
3.200000000000000000e+03 8.485000000000000000e+03
3.220000000000000000e+03 8.260000000000000000e+03
3.240000000000000000e+03 8.187000000000000000e+03
3.260000000000000000e+03 7.977000000000000000e+03
3.280000000000000000e+03 7.578000000000000000e+03
3.300000000000000000e+03 7.492000000000000000e+03
3.320000000000000000e+03 7.151000000000000000e+03
3.340000000000000000e+03 7.063000000000000000e+03
3.360000000000000000e+03 6.732000000000000000e+03
3.380000000000000000e+03 6.640000000000000000e+03
3.400000000000000000e+03 6.381000000000000000e+03
3.420000000000000000e+03 6.346000000000000000e+03
3.440000000000000000e+03 6.233000000000000000e+03
3.460000000000000000e+03 6.237000000000000000e+03
3.480000000000000000e+03 6.137000000000000000e+03
3.500000000000000000e+03 6.024000000000000000e+03
3.520000000000000000e+03 5.877000000000000000e+03
3.540000000000000000e+03 5.932000000000000000e+03
3.560000000000000000e+03 5.884000000000000000e+03
3.580000000000000000e+03 5.918000000000000000e+03
3.600000000000000000e+03 5.912000000000000000e+03
3.620000000000000000e+03 6.021000000000000000e+03
3.640000000000000000e+03 6.085000000000000000e+03
3.660000000000000000e+03 6.144000000000000000e+03
3.680000000000000000e+03 6.242000000000000000e+03
3.700000000000000000e+03 6.382000000000000000e+03
3.720000000000000000e+03 6.639000000000000000e+03
3.740000000000000000e+03 6.673000000000000000e+03
3.760000000000000000e+03 6.981000000000000000e+03
3.780000000000000000e+03 7.314000000000000000e+03
3.800000000000000000e+03 7.548000000000000000e+03
3.820000000000000000e+03 7.869000000000000000e+03
3.840000000000000000e+03 8.406000000000000000e+03
3.860000000000000000e+03 8.685000000000000000e+03
3.880000000000000000e+03 8.894000000000000000e+03
3.900000000000000000e+03 9.226000000000000000e+03
3.920000000000000000e+03 9.528000000000000000e+03
3.940000000000000000e+03 9.642000000000000000e+03
3.960000000000000000e+03 1.020100000000000000e+04
3.980000000000000000e+03 1.033700000000000000e+04
