0.000000000000000000e+00 9.804000000000000000e+03
5.000000000000000000e+02 9.858000000000000000e+03
1.000000000000000000e+03 1.009800000000000000e+04
1.500000000000000000e+03 1.026700000000000000e+04
2.000000000000000000e+03 1.037700000000000000e+04
2.500000000000000000e+03 1.052000000000000000e+04
3.000000000000000000e+03 1.070300000000000000e+04
3.500000000000000000e+03 1.067100000000000000e+04
4.000000000000000000e+03 1.096800000000000000e+04
4.500000000000000000e+03 1.095200000000000000e+04
5.000000000000000000e+03 1.090200000000000000e+04
5.500000000000000000e+03 1.096000000000000000e+04
6.000000000000000000e+03 1.101600000000000000e+04
6.500000000000000000e+03 1.128500000000000000e+04
7.000000000000000000e+03 1.123400000000000000e+04
7.500000000000000000e+03 1.118600000000000000e+04
8.000000000000000000e+03 1.139700000000000000e+04
8.500000000000000000e+03 1.120200000000000000e+04
9.000000000000000000e+03 1.126100000000000000e+04
9.500000000000000000e+03 1.121100000000000000e+04
1.000000000000000000e+04 1.128600000000000000e+04
1.050000000000000000e+04 1.137300000000000000e+04
1.100000000000000000e+04 1.117700000000000000e+04
1.150000000000000000e+04 1.114100000000000000e+04
1.200000000000000000e+04 1.128000000000000000e+04
1.250000000000000000e+04 1.107200000000000000e+04
1.300000000000000000e+04 1.092500000000000000e+04
1.350000000000000000e+04 1.089000000000000000e+04
1.400000000000000000e+04 1.115000000000000000e+04
1.450000000000000000e+04 1.094300000000000000e+04
1.500000000000000000e+04 1.097400000000000000e+04
1.550000000000000000e+04 1.091000000000000000e+04
1.600000000000000000e+04 1.075500000000000000e+04
1.650000000000000000e+04 1.047400000000000000e+04
1.700000000000000000e+04 1.039600000000000000e+04
1.750000000000000000e+04 1.035100000000000000e+04
1.800000000000000000e+04 1.013800000000000000e+04
1.850000000000000000e+04 9.938000000000000000e+03
1.900000000000000000e+04 9.761000000000000000e+03
1.950000000000000000e+04 9.746000000000000000e+03
2.000000000000000000e+04 9.615000000000000000e+03
2.050000000000000000e+04 9.206000000000000000e+03
2.100000000000000000e+04 9.062000000000000000e+03
2.150000000000000000e+04 8.862000000000000000e+03
2.200000000000000000e+04 8.822000000000000000e+03
2.250000000000000000e+04 8.491000000000000000e+03
2.300000000000000000e+04 8.424000000000000000e+03
2.350000000000000000e+04 7.892000000000000000e+03
2.400000000000000000e+04 7.730000000000000000e+03
2.450000000000000000e+04 7.455000000000000000e+03
2.500000000000000000e+04 7.004000000000000000e+03
2.550000000000000000e+04 6.817000000000000000e+03
2.600000000000000000e+04 6.671000000000000000e+03
2.650000000000000000e+04 6.246000000000000000e+03
2.700000000000000000e+04 6.035000000000000000e+03
2.750000000000000000e+04 5.742000000000000000e+03
2.800000000000000000e+04 5.383000000000000000e+03
2.850000000000000000e+04 5.256000000000000000e+03
2.900000000000000000e+04 4.962000000000000000e+03
2.950000000000000000e+04 4.752000000000000000e+03
3.000000000000000000e+04 4.462000000000000000e+03
3.050000000000000000e+04 4.316000000000000000e+03
3.100000000000000000e+04 4.187000000000000000e+03
3.150000000000000000e+04 3.882000000000000000e+03
3.200000000000000000e+04 3.826000000000000000e+03
3.250000000000000000e+04 3.645000000000000000e+03
3.300000000000000000e+04 3.565000000000000000e+03
3.350000000000000000e+04 3.504000000000000000e+03
3.400000000000000000e+04 3.502000000000000000e+03
3.450000000000000000e+04 3.456000000000000000e+03
3.500000000000000000e+04 3.404000000000000000e+03
3.550000000000000000e+04 3.516000000000000000e+03
3.600000000000000000e+04 3.414000000000000000e+03
3.650000000000000000e+04 3.594000000000000000e+03
3.700000000000000000e+04 3.627000000000000000e+03
3.750000000000000000e+04 3.780000000000000000e+03
3.800000000000000000e+04 3.953000000000000000e+03
3.850000000000000000e+04 4.069000000000000000e+03
3.900000000000000000e+04 4.217000000000000000e+03
3.950000000000000000e+04 4.622000000000000000e+03
4.000000000000000000e+04 4.838000000000000000e+03
4.050000000000000000e+04 4.926000000000000000e+03
4.100000000000000000e+04 5.218000000000000000e+03
4.150000000000000000e+04 5.409000000000000000e+03
4.200000000000000000e+04 5.813000000000000000e+03
4.250000000000000000e+04 6.000000000000000000e+03
4.300000000000000000e+04 6.283000000000000000e+03
4.350000000000000000e+04 6.676000000000000000e+03
4.400000000000000000e+04 6.864000000000000000e+03
4.450000000000000000e+04 7.293000000000000000e+03
4.500000000000000000e+04 7.578000000000000000e+03
4.550000000000000000e+04 7.807000000000000000e+03
4.600000000000000000e+04 8.081000000000000000e+03
4.650000000000000000e+04 8.351000000000000000e+03
4.700000000000000000e+04 8.571000000000000000e+03
4.750000000000000000e+04 8.950000000000000000e+03
4.800000000000000000e+04 9.106000000000000000e+03
4.850000000000000000e+04 9.354000000000000000e+03
4.900000000000000000e+04 9.595000000000000000e+03
4.950000000000000000e+04 9.743000000000000000e+03
5.000000000000000000e+04 9.756000000000000000e+03
5.050000000000000000e+04 1.009900000000000000e+04
5.100000000000000000e+04 1.018400000000000000e+04
5.150000000000000000e+04 1.025200000000000000e+04
5.200000000000000000e+04 1.059500000000000000e+04
5.250000000000000000e+04 1.058700000000000000e+04
5.300000000000000000e+04 1.068500000000000000e+04
5.350000000000000000e+04 1.080600000000000000e+04
5.400000000000000000e+04 1.091500000000000000e+04
5.450000000000000000e+04 1.084100000000000000e+04
5.500000000000000000e+04 1.088600000000000000e+04
5.550000000000000000e+04 1.107000000000000000e+04
5.600000000000000000e+04 1.119000000000000000e+04
5.650000000000000000e+04 1.116100000000000000e+04
5.700000000000000000e+04 1.134700000000000000e+04
5.750000000000000000e+04 1.106100000000000000e+04
5.800000000000000000e+04 1.132900000000000000e+04
5.850000000000000000e+04 1.116400000000000000e+04
5.900000000000000000e+04 1.123700000000000000e+04
5.950000000000000000e+04 1.120900000000000000e+04
6.000000000000000000e+04 1.104300000000000000e+04
6.050000000000000000e+04 1.124400000000000000e+04
6.100000000000000000e+04 1.131300000000000000e+04
6.150000000000000000e+04 1.120200000000000000e+04
6.200000000000000000e+04 1.122300000000000000e+04
6.250000000000000000e+04 1.108600000000000000e+04
6.300000000000000000e+04 1.097000000000000000e+04
6.350000000000000000e+04 1.136100000000000000e+04
6.400000000000000000e+04 1.114100000000000000e+04
6.450000000000000000e+04 1.072000000000000000e+04
6.500000000000000000e+04 1.089700000000000000e+04
6.550000000000000000e+04 1.051100000000000000e+04
6.600000000000000000e+04 1.047900000000000000e+04
6.650000000000000000e+04 1.060700000000000000e+04
6.700000000000000000e+04 1.037400000000000000e+04
6.750000000000000000e+04 1.024300000000000000e+04
6.800000000000000000e+04 1.015100000000000000e+04
6.850000000000000000e+04 1.003500000000000000e+04
6.900000000000000000e+04 9.774000000000000000e+03
6.950000000000000000e+04 9.749000000000000000e+03
7.000000000000000000e+04 9.550000000000000000e+03
7.050000000000000000e+04 9.396000000000000000e+03
7.100000000000000000e+04 9.076000000000000000e+03
7.150000000000000000e+04 9.025000000000000000e+03
7.200000000000000000e+04 8.713000000000000000e+03
7.250000000000000000e+04 8.701000000000000000e+03
7.300000000000000000e+04 8.063000000000000000e+03
7.350000000000000000e+04 8.068000000000000000e+03
7.400000000000000000e+04 7.859000000000000000e+03
7.450000000000000000e+04 7.347000000000000000e+03
7.500000000000000000e+04 7.161000000000000000e+03
7.550000000000000000e+04 6.856000000000000000e+03
7.600000000000000000e+04 6.591000000000000000e+03
7.650000000000000000e+04 6.353000000000000000e+03
7.700000000000000000e+04 6.025000000000000000e+03
7.750000000000000000e+04 5.751000000000000000e+03
7.800000000000000000e+04 5.579000000000000000e+03
7.850000000000000000e+04 5.230000000000000000e+03
7.900000000000000000e+04 4.958000000000000000e+03
7.950000000000000000e+04 4.814000000000000000e+03
8.000000000000000000e+04 4.583000000000000000e+03
8.050000000000000000e+04 4.392000000000000000e+03
8.100000000000000000e+04 4.051000000000000000e+03
8.150000000000000000e+04 3.955000000000000000e+03
8.200000000000000000e+04 3.821000000000000000e+03
8.250000000000000000e+04 3.654000000000000000e+03
8.300000000000000000e+04 3.557000000000000000e+03
8.350000000000000000e+04 3.520000000000000000e+03
8.400000000000000000e+04 3.500000000000000000e+03
8.450000000000000000e+04 3.340000000000000000e+03
8.500000000000000000e+04 3.391000000000000000e+03
8.550000000000000000e+04 3.497000000000000000e+03
8.600000000000000000e+04 3.481000000000000000e+03
8.650000000000000000e+04 3.676000000000000000e+03
8.700000000000000000e+04 3.616000000000000000e+03
8.750000000000000000e+04 3.678000000000000000e+03
8.800000000000000000e+04 3.837000000000000000e+03
8.850000000000000000e+04 4.206000000000000000e+03
8.900000000000000000e+04 4.323000000000000000e+03
8.950000000000000000e+04 4.421000000000000000e+03
9.000000000000000000e+04 4.804000000000000000e+03
9.050000000000000000e+04 4.978000000000000000e+03
9.100000000000000000e+04 5.249000000000000000e+03
9.150000000000000000e+04 5.646000000000000000e+03
9.200000000000000000e+04 5.811000000000000000e+03
9.250000000000000000e+04 6.061000000000000000e+03
9.300000000000000000e+04 6.394000000000000000e+03
9.350000000000000000e+04 6.736000000000000000e+03
9.400000000000000000e+04 7.170000000000000000e+03
9.450000000000000000e+04 7.327000000000000000e+03
9.500000000000000000e+04 7.710000000000000000e+03
9.550000000000000000e+04 7.781000000000000000e+03
9.600000000000000000e+04 8.165000000000000000e+03
9.650000000000000000e+04 8.343000000000000000e+03
9.700000000000000000e+04 8.667000000000000000e+03
9.750000000000000000e+04 8.834000000000000000e+03
9.800000000000000000e+04 8.945000000000000000e+03
9.850000000000000000e+04 9.214000000000000000e+03
9.900000000000000000e+04 9.524000000000000000e+03
9.950000000000000000e+04 9.667000000000000000e+03
