0.000000000000000000e+00 1.246600000000000000e+04
5.000000000000000000e+01 1.279400000000000000e+04
1.000000000000000000e+02 1.299600000000000000e+04
1.500000000000000000e+02 1.330000000000000000e+04
2.000000000000000000e+02 1.341400000000000000e+04
2.500000000000000000e+02 1.382300000000000000e+04
3.000000000000000000e+02 1.381000000000000000e+04
3.500000000000000000e+02 1.426200000000000000e+04
4.000000000000000000e+02 1.405000000000000000e+04
4.500000000000000000e+02 1.464800000000000000e+04
5.000000000000000000e+02 1.460700000000000000e+04
5.500000000000000000e+02 1.468500000000000000e+04
6.000000000000000000e+02 1.476400000000000000e+04
6.500000000000000000e+02 1.482100000000000000e+04
7.000000000000000000e+02 1.517000000000000000e+04
7.500000000000000000e+02 1.517100000000000000e+04
8.000000000000000000e+02 1.528200000000000000e+04
8.500000000000000000e+02 1.530800000000000000e+04
9.000000000000000000e+02 1.519000000000000000e+04
9.500000000000000000e+02 1.509300000000000000e+04
1.000000000000000000e+03 1.525200000000000000e+04
1.050000000000000000e+03 1.544900000000000000e+04
1.100000000000000000e+03 1.541000000000000000e+04
1.150000000000000000e+03 1.515600000000000000e+04
1.200000000000000000e+03 1.506900000000000000e+04
1.250000000000000000e+03 1.512600000000000000e+04
1.300000000000000000e+03 1.512400000000000000e+04
1.350000000000000000e+03 1.525200000000000000e+04
1.400000000000000000e+03 1.489300000000000000e+04
1.450000000000000000e+03 1.483400000000000000e+04
1.500000000000000000e+03 1.488700000000000000e+04
1.550000000000000000e+03 1.470000000000000000e+04
1.600000000000000000e+03 1.465400000000000000e+04
1.650000000000000000e+03 1.453300000000000000e+04
1.700000000000000000e+03 1.444100000000000000e+04
1.750000000000000000e+03 1.413300000000000000e+04
1.800000000000000000e+03 1.417100000000000000e+04
1.850000000000000000e+03 1.365400000000000000e+04
1.900000000000000000e+03 1.363500000000000000e+04
1.950000000000000000e+03 1.347600000000000000e+04
2.000000000000000000e+03 1.316500000000000000e+04
2.050000000000000000e+03 1.315200000000000000e+04
2.100000000000000000e+03 1.257900000000000000e+04
2.150000000000000000e+03 1.242400000000000000e+04
2.200000000000000000e+03 1.215300000000000000e+04
2.250000000000000000e+03 1.189000000000000000e+04
2.300000000000000000e+03 1.160200000000000000e+04
2.350000000000000000e+03 1.139800000000000000e+04
2.400000000000000000e+03 1.103700000000000000e+04
2.450000000000000000e+03 1.078300000000000000e+04
2.500000000000000000e+03 1.028900000000000000e+04
2.550000000000000000e+03 1.025700000000000000e+04
2.600000000000000000e+03 9.921000000000000000e+03
2.650000000000000000e+03 9.267000000000000000e+03
2.700000000000000000e+03 9.257000000000000000e+03
2.750000000000000000e+03 8.658000000000000000e+03
2.800000000000000000e+03 8.417000000000000000e+03
2.850000000000000000e+03 8.175000000000000000e+03
2.900000000000000000e+03 7.831000000000000000e+03
2.950000000000000000e+03 7.573000000000000000e+03
3.000000000000000000e+03 7.238000000000000000e+03
3.050000000000000000e+03 6.935000000000000000e+03
3.100000000000000000e+03 6.767000000000000000e+03
3.150000000000000000e+03 6.397000000000000000e+03
3.200000000000000000e+03 6.217000000000000000e+03
3.250000000000000000e+03 5.890000000000000000e+03
3.300000000000000000e+03 5.773000000000000000e+03
3.350000000000000000e+03 5.711000000000000000e+03
3.400000000000000000e+03 5.528000000000000000e+03
3.450000000000000000e+03 5.345000000000000000e+03
3.500000000000000000e+03 5.212000000000000000e+03
3.550000000000000000e+03 5.182000000000000000e+03
3.600000000000000000e+03 5.089000000000000000e+03
3.650000000000000000e+03 5.056000000000000000e+03
3.700000000000000000e+03 5.083000000000000000e+03
3.750000000000000000e+03 5.082000000000000000e+03
3.800000000000000000e+03 5.109000000000000000e+03
3.850000000000000000e+03 5.213000000000000000e+03
3.900000000000000000e+03 5.282000000000000000e+03
3.950000000000000000e+03 5.375000000000000000e+03
4.000000000000000000e+03 5.565000000000000000e+03
4.050000000000000000e+03 5.806000000000000000e+03
4.100000000000000000e+03 6.050000000000000000e+03
4.150000000000000000e+03 6.244000000000000000e+03
4.200000000000000000e+03 6.660000000000000000e+03
4.250000000000000000e+03 6.712000000000000000e+03
4.300000000000000000e+03 7.103000000000000000e+03
4.350000000000000000e+03 7.565000000000000000e+03
4.400000000000000000e+03 8.063000000000000000e+03
4.450000000000000000e+03 8.434000000000000000e+03
4.500000000000000000e+03 8.830000000000000000e+03
4.550000000000000000e+03 9.315000000000000000e+03
4.600000000000000000e+03 9.539000000000000000e+03
4.650000000000000000e+03 1.027500000000000000e+04
4.700000000000000000e+03 1.029000000000000000e+04
4.750000000000000000e+03 1.066400000000000000e+04
4.800000000000000000e+03 1.122900000000000000e+04
4.850000000000000000e+03 1.138400000000000000e+04
4.900000000000000000e+03 1.175500000000000000e+04
4.950000000000000000e+03 1.210500000000000000e+04
5.000000000000000000e+03 1.254200000000000000e+04
5.050000000000000000e+03 1.277700000000000000e+04
5.100000000000000000e+03 1.290800000000000000e+04
5.150000000000000000e+03 1.318400000000000000e+04
5.200000000000000000e+03 1.336300000000000000e+04
5.250000000000000000e+03 1.388500000000000000e+04
5.300000000000000000e+03 1.407100000000000000e+04
5.350000000000000000e+03 1.397500000000000000e+04
5.400000000000000000e+03 1.424500000000000000e+04
5.450000000000000000e+03 1.462900000000000000e+04
5.500000000000000000e+03 1.476000000000000000e+04
5.550000000000000000e+03 1.476000000000000000e+04
5.600000000000000000e+03 1.484700000000000000e+04
5.650000000000000000e+03 1.480900000000000000e+04
5.700000000000000000e+03 1.528900000000000000e+04
5.750000000000000000e+03 1.516600000000000000e+04
5.800000000000000000e+03 1.509500000000000000e+04
5.850000000000000000e+03 1.514500000000000000e+04
5.900000000000000000e+03 1.526500000000000000e+04
5.950000000000000000e+03 1.519900000000000000e+04
6.000000000000000000e+03 1.526500000000000000e+04
6.050000000000000000e+03 1.499700000000000000e+04
6.100000000000000000e+03 1.501500000000000000e+04
6.150000000000000000e+03 1.525600000000000000e+04
6.200000000000000000e+03 1.505000000000000000e+04
6.250000000000000000e+03 1.504800000000000000e+04
6.300000000000000000e+03 1.513500000000000000e+04
6.350000000000000000e+03 1.508900000000000000e+04
6.400000000000000000e+03 1.488100000000000000e+04
6.450000000000000000e+03 1.498600000000000000e+04
6.500000000000000000e+03 1.501400000000000000e+04
6.550000000000000000e+03 1.453500000000000000e+04
6.600000000000000000e+03 1.446300000000000000e+04
6.650000000000000000e+03 1.452900000000000000e+04
6.700000000000000000e+03 1.447500000000000000e+04
6.750000000000000000e+03 1.404800000000000000e+04
6.800000000000000000e+03 1.399100000000000000e+04
6.850000000000000000e+03 1.393900000000000000e+04
6.900000000000000000e+03 1.357800000000000000e+04
6.950000000000000000e+03 1.345300000000000000e+04
7.000000000000000000e+03 1.324800000000000000e+04
7.050000000000000000e+03 1.284000000000000000e+04
7.100000000000000000e+03 1.273300000000000000e+04
7.150000000000000000e+03 1.242600000000000000e+04
7.200000000000000000e+03 1.234700000000000000e+04
7.250000000000000000e+03 1.182700000000000000e+04
7.300000000000000000e+03 1.166800000000000000e+04
7.350000000000000000e+03 1.129300000000000000e+04
7.400000000000000000e+03 1.111700000000000000e+04
7.450000000000000000e+03 1.072500000000000000e+04
7.500000000000000000e+03 1.032200000000000000e+04
7.550000000000000000e+03 1.003600000000000000e+04
7.600000000000000000e+03 9.711000000000000000e+03
7.650000000000000000e+03 9.386000000000000000e+03
7.700000000000000000e+03 9.158000000000000000e+03
7.750000000000000000e+03 8.703000000000000000e+03
7.800000000000000000e+03 8.546000000000000000e+03
7.850000000000000000e+03 8.144000000000000000e+03
7.900000000000000000e+03 7.853000000000000000e+03
7.950000000000000000e+03 7.609000000000000000e+03
8.000000000000000000e+03 7.203000000000000000e+03
8.050000000000000000e+03 6.956000000000000000e+03
8.100000000000000000e+03 6.720000000000000000e+03
8.150000000000000000e+03 6.430000000000000000e+03
8.200000000000000000e+03 6.330000000000000000e+03
8.250000000000000000e+03 6.005000000000000000e+03
8.300000000000000000e+03 5.855000000000000000e+03
8.350000000000000000e+03 5.674000000000000000e+03
8.400000000000000000e+03 5.503000000000000000e+03
8.450000000000000000e+03 5.302000000000000000e+03
8.500000000000000000e+03 5.108000000000000000e+03
8.550000000000000000e+03 5.077000000000000000e+03
8.600000000000000000e+03 5.063000000000000000e+03
8.650000000000000000e+03 4.963000000000000000e+03
8.700000000000000000e+03 5.033000000000000000e+03
8.750000000000000000e+03 4.944000000000000000e+03
8.800000000000000000e+03 5.085000000000000000e+03
8.850000000000000000e+03 5.274000000000000000e+03
8.900000000000000000e+03 5.310000000000000000e+03
8.950000000000000000e+03 5.520000000000000000e+03
9.000000000000000000e+03 5.531000000000000000e+03
9.050000000000000000e+03 5.726000000000000000e+03
9.100000000000000000e+03 6.011000000000000000e+03
9.150000000000000000e+03 6.171000000000000000e+03
9.200000000000000000e+03 6.677000000000000000e+03
9.250000000000000000e+03 6.855000000000000000e+03
9.300000000000000000e+03 7.155000000000000000e+03
9.350000000000000000e+03 7.447000000000000000e+03
9.400000000000000000e+03 7.920000000000000000e+03
9.450000000000000000e+03 8.179000000000000000e+03
9.500000000000000000e+03 8.848000000000000000e+03
9.550000000000000000e+03 9.308000000000000000e+03
9.600000000000000000e+03 9.583000000000000000e+03
9.650000000000000000e+03 9.888000000000000000e+03
9.700000000000000000e+03 1.043100000000000000e+04
9.750000000000000000e+03 1.086900000000000000e+04
9.800000000000000000e+03 1.126600000000000000e+04
9.850000000000000000e+03 1.134000000000000000e+04
9.900000000000000000e+03 1.164000000000000000e+04
9.950000000000000000e+03 1.211700000000000000e+04
