0.000000000000000000e+00 1.271000000000000000e+04
1.000000000000000000e+03 1.269700000000000000e+04
2.000000000000000000e+03 1.313600000000000000e+04
3.000000000000000000e+03 1.313300000000000000e+04
4.000000000000000000e+03 1.349800000000000000e+04
5.000000000000000000e+03 1.347400000000000000e+04
6.000000000000000000e+03 1.376700000000000000e+04
7.000000000000000000e+03 1.383800000000000000e+04
8.000000000000000000e+03 1.409600000000000000e+04
9.000000000000000000e+03 1.411200000000000000e+04
1.000000000000000000e+04 1.402400000000000000e+04
1.100000000000000000e+04 1.442700000000000000e+04
1.200000000000000000e+04 1.425500000000000000e+04
1.300000000000000000e+04 1.442200000000000000e+04
1.400000000000000000e+04 1.476600000000000000e+04
1.500000000000000000e+04 1.448500000000000000e+04
1.600000000000000000e+04 1.461800000000000000e+04
1.700000000000000000e+04 1.469800000000000000e+04
1.800000000000000000e+04 1.465800000000000000e+04
1.900000000000000000e+04 1.418900000000000000e+04
2.000000000000000000e+04 1.457800000000000000e+04
2.100000000000000000e+04 1.441900000000000000e+04
2.200000000000000000e+04 1.459600000000000000e+04
2.300000000000000000e+04 1.430100000000000000e+04
2.400000000000000000e+04 1.434000000000000000e+04
2.500000000000000000e+04 1.412500000000000000e+04
2.600000000000000000e+04 1.436400000000000000e+04
2.700000000000000000e+04 1.425200000000000000e+04
2.800000000000000000e+04 1.429100000000000000e+04
2.900000000000000000e+04 1.392400000000000000e+04
3.000000000000000000e+04 1.412600000000000000e+04
3.100000000000000000e+04 1.387800000000000000e+04
3.200000000000000000e+04 1.402200000000000000e+04
3.300000000000000000e+04 1.360600000000000000e+04
3.400000000000000000e+04 1.356600000000000000e+04
3.500000000000000000e+04 1.332400000000000000e+04
3.600000000000000000e+04 1.309500000000000000e+04
3.700000000000000000e+04 1.274200000000000000e+04
3.800000000000000000e+04 1.258900000000000000e+04
3.900000000000000000e+04 1.265900000000000000e+04
4.000000000000000000e+04 1.226300000000000000e+04
4.100000000000000000e+04 1.207300000000000000e+04
4.200000000000000000e+04 1.164000000000000000e+04
4.300000000000000000e+04 1.137900000000000000e+04
4.400000000000000000e+04 1.136900000000000000e+04
4.500000000000000000e+04 1.080300000000000000e+04
4.600000000000000000e+04 1.047800000000000000e+04
4.700000000000000000e+04 1.031700000000000000e+04
4.800000000000000000e+04 9.996000000000000000e+03
4.900000000000000000e+04 9.656000000000000000e+03
5.000000000000000000e+04 9.314000000000000000e+03
5.100000000000000000e+04 8.870000000000000000e+03
5.200000000000000000e+04 8.464000000000000000e+03
5.300000000000000000e+04 8.221000000000000000e+03
5.400000000000000000e+04 7.906000000000000000e+03
5.500000000000000000e+04 7.420000000000000000e+03
5.600000000000000000e+04 7.086000000000000000e+03
5.700000000000000000e+04 6.651000000000000000e+03
5.800000000000000000e+04 6.333000000000000000e+03
5.900000000000000000e+04 6.110000000000000000e+03
6.000000000000000000e+04 5.877000000000000000e+03
6.100000000000000000e+04 5.583000000000000000e+03
6.200000000000000000e+04 5.395000000000000000e+03
6.300000000000000000e+04 5.071000000000000000e+03
6.400000000000000000e+04 4.774000000000000000e+03
6.500000000000000000e+04 4.860000000000000000e+03
6.600000000000000000e+04 4.685000000000000000e+03
6.700000000000000000e+04 4.614000000000000000e+03
6.800000000000000000e+04 4.504000000000000000e+03
6.900000000000000000e+04 4.377000000000000000e+03
7.000000000000000000e+04 4.468000000000000000e+03
7.100000000000000000e+04 4.630000000000000000e+03
7.200000000000000000e+04 4.437000000000000000e+03
7.300000000000000000e+04 4.724000000000000000e+03
7.400000000000000000e+04 4.705000000000000000e+03
7.500000000000000000e+04 4.865000000000000000e+03
7.600000000000000000e+04 5.117000000000000000e+03
7.700000000000000000e+04 5.275000000000000000e+03
7.800000000000000000e+04 5.705000000000000000e+03
7.900000000000000000e+04 5.834000000000000000e+03
8.000000000000000000e+04 6.259000000000000000e+03
8.100000000000000000e+04 6.597000000000000000e+03
8.200000000000000000e+04 6.890000000000000000e+03
8.300000000000000000e+04 7.245000000000000000e+03
8.400000000000000000e+04 7.634000000000000000e+03
8.500000000000000000e+04 7.969000000000000000e+03
8.600000000000000000e+04 8.314000000000000000e+03
8.700000000000000000e+04 8.588000000000000000e+03
8.800000000000000000e+04 9.011000000000000000e+03
8.900000000000000000e+04 9.484000000000000000e+03
9.000000000000000000e+04 9.801000000000000000e+03
9.100000000000000000e+04 1.017100000000000000e+04
9.200000000000000000e+04 1.025300000000000000e+04
9.300000000000000000e+04 1.078300000000000000e+04
9.400000000000000000e+04 1.085400000000000000e+04
9.500000000000000000e+04 1.139100000000000000e+04
9.600000000000000000e+04 1.163200000000000000e+04
9.700000000000000000e+04 1.198400000000000000e+04
9.800000000000000000e+04 1.234400000000000000e+04
9.900000000000000000e+04 1.251000000000000000e+04
1.000000000000000000e+05 1.293100000000000000e+04
1.010000000000000000e+05 1.319600000000000000e+04
1.020000000000000000e+05 1.291000000000000000e+04
1.030000000000000000e+05 1.344300000000000000e+04
1.040000000000000000e+05 1.355600000000000000e+04
1.050000000000000000e+05 1.358200000000000000e+04
1.060000000000000000e+05 1.373800000000000000e+04
1.070000000000000000e+05 1.386100000000000000e+04
1.080000000000000000e+05 1.390300000000000000e+04
1.090000000000000000e+05 1.404900000000000000e+04
1.100000000000000000e+05 1.395200000000000000e+04
1.110000000000000000e+05 1.427100000000000000e+04
1.120000000000000000e+05 1.448000000000000000e+04
1.130000000000000000e+05 1.430000000000000000e+04
1.140000000000000000e+05 1.457100000000000000e+04
1.150000000000000000e+05 1.428800000000000000e+04
1.160000000000000000e+05 1.463500000000000000e+04
1.170000000000000000e+05 1.451000000000000000e+04
1.180000000000000000e+05 1.452300000000000000e+04
1.190000000000000000e+05 1.478600000000000000e+04
1.200000000000000000e+05 1.449000000000000000e+04
1.210000000000000000e+05 1.447600000000000000e+04
1.220000000000000000e+05 1.444700000000000000e+04
1.230000000000000000e+05 1.453700000000000000e+04
1.240000000000000000e+05 1.436500000000000000e+04
1.250000000000000000e+05 1.444600000000000000e+04
1.260000000000000000e+05 1.458300000000000000e+04
1.270000000000000000e+05 1.428100000000000000e+04
1.280000000000000000e+05 1.416700000000000000e+04
1.290000000000000000e+05 1.415500000000000000e+04
1.300000000000000000e+05 1.402900000000000000e+04
1.310000000000000000e+05 1.400700000000000000e+04
1.320000000000000000e+05 1.399500000000000000e+04
1.330000000000000000e+05 1.371900000000000000e+04
1.340000000000000000e+05 1.346500000000000000e+04
1.350000000000000000e+05 1.325800000000000000e+04
1.360000000000000000e+05 1.337000000000000000e+04
1.370000000000000000e+05 1.293100000000000000e+04
1.380000000000000000e+05 1.279300000000000000e+04
1.390000000000000000e+05 1.257000000000000000e+04
1.400000000000000000e+05 1.211100000000000000e+04
1.410000000000000000e+05 1.189000000000000000e+04
1.420000000000000000e+05 1.160700000000000000e+04
1.430000000000000000e+05 1.143500000000000000e+04
1.440000000000000000e+05 1.135100000000000000e+04
1.450000000000000000e+05 1.077300000000000000e+04
1.460000000000000000e+05 1.060500000000000000e+04
1.470000000000000000e+05 1.018200000000000000e+04
1.480000000000000000e+05 9.932000000000000000e+03
1.490000000000000000e+05 9.576000000000000000e+03
1.500000000000000000e+05 9.164000000000000000e+03
1.510000000000000000e+05 8.894000000000000000e+03
1.520000000000000000e+05 8.292000000000000000e+03
1.530000000000000000e+05 8.244000000000000000e+03
1.540000000000000000e+05 7.903000000000000000e+03
1.550000000000000000e+05 7.425000000000000000e+03
1.560000000000000000e+05 7.064000000000000000e+03
1.570000000000000000e+05 6.757000000000000000e+03
1.580000000000000000e+05 6.377000000000000000e+03
1.590000000000000000e+05 6.166000000000000000e+03
1.600000000000000000e+05 5.870000000000000000e+03
1.610000000000000000e+05 5.572000000000000000e+03
1.620000000000000000e+05 5.245000000000000000e+03
1.630000000000000000e+05 5.109000000000000000e+03
1.640000000000000000e+05 5.034000000000000000e+03
1.650000000000000000e+05 4.745000000000000000e+03
1.660000000000000000e+05 4.848000000000000000e+03
1.670000000000000000e+05 4.691000000000000000e+03
1.680000000000000000e+05 4.487000000000000000e+03
1.690000000000000000e+05 4.472000000000000000e+03
1.700000000000000000e+05 4.406000000000000000e+03
1.710000000000000000e+05 4.501000000000000000e+03
1.720000000000000000e+05 4.480000000000000000e+03
1.730000000000000000e+05 4.699000000000000000e+03
1.740000000000000000e+05 4.734000000000000000e+03
1.750000000000000000e+05 4.887000000000000000e+03
1.760000000000000000e+05 5.327000000000000000e+03
1.770000000000000000e+05 5.335000000000000000e+03
1.780000000000000000e+05 5.676000000000000000e+03
1.790000000000000000e+05 5.827000000000000000e+03
1.800000000000000000e+05 6.118000000000000000e+03
1.810000000000000000e+05 6.625000000000000000e+03
1.820000000000000000e+05 6.984000000000000000e+03
1.830000000000000000e+05 7.238000000000000000e+03
1.840000000000000000e+05 7.707000000000000000e+03
1.850000000000000000e+05 7.911000000000000000e+03
1.860000000000000000e+05 8.338000000000000000e+03
1.870000000000000000e+05 8.737000000000000000e+03
1.880000000000000000e+05 9.267000000000000000e+03
1.890000000000000000e+05 9.376000000000000000e+03
1.900000000000000000e+05 9.831000000000000000e+03
1.910000000000000000e+05 1.000000000000000000e+04
1.920000000000000000e+05 1.032600000000000000e+04
1.930000000000000000e+05 1.101100000000000000e+04
1.940000000000000000e+05 1.119000000000000000e+04
1.950000000000000000e+05 1.148900000000000000e+04
1.960000000000000000e+05 1.162500000000000000e+04
1.970000000000000000e+05 1.191900000000000000e+04
1.980000000000000000e+05 1.233400000000000000e+04
1.990000000000000000e+05 1.274000000000000000e+04
