0.000000000000000000e+00 9.501000000000000000e+03
1.400000000000000000e+01 9.929000000000000000e+03
2.800000000000000000e+01 1.023200000000000000e+04
4.200000000000000000e+01 1.046200000000000000e+04
5.600000000000000000e+01 1.084000000000000000e+04
7.000000000000000000e+01 1.096000000000000000e+04
8.400000000000000000e+01 1.125900000000000000e+04
9.800000000000000000e+01 1.141300000000000000e+04
1.120000000000000000e+02 1.167000000000000000e+04
1.260000000000000000e+02 1.182600000000000000e+04
1.400000000000000000e+02 1.193000000000000000e+04
1.540000000000000000e+02 1.217800000000000000e+04
1.680000000000000000e+02 1.211700000000000000e+04
1.820000000000000000e+02 1.231000000000000000e+04
1.960000000000000000e+02 1.268300000000000000e+04
2.100000000000000000e+02 1.268600000000000000e+04
2.240000000000000000e+02 1.308800000000000000e+04
2.380000000000000000e+02 1.278600000000000000e+04
2.520000000000000000e+02 1.301800000000000000e+04
2.660000000000000000e+02 1.317400000000000000e+04
2.800000000000000000e+02 1.311400000000000000e+04
2.940000000000000000e+02 1.322200000000000000e+04
3.080000000000000000e+02 1.340300000000000000e+04
3.220000000000000000e+02 1.316100000000000000e+04
3.360000000000000000e+02 1.320200000000000000e+04
3.500000000000000000e+02 1.326500000000000000e+04
3.640000000000000000e+02 1.327000000000000000e+04
3.780000000000000000e+02 1.334300000000000000e+04
3.920000000000000000e+02 1.355600000000000000e+04
4.060000000000000000e+02 1.328700000000000000e+04
4.200000000000000000e+02 1.325000000000000000e+04
4.340000000000000000e+02 1.343700000000000000e+04
4.480000000000000000e+02 1.285900000000000000e+04
4.620000000000000000e+02 1.305800000000000000e+04
4.760000000000000000e+02 1.308400000000000000e+04
4.900000000000000000e+02 1.308800000000000000e+04
5.040000000000000000e+02 1.265000000000000000e+04
5.180000000000000000e+02 1.281900000000000000e+04
5.320000000000000000e+02 1.268300000000000000e+04
5.460000000000000000e+02 1.248900000000000000e+04
5.600000000000000000e+02 1.247300000000000000e+04
5.740000000000000000e+02 1.238800000000000000e+04
5.880000000000000000e+02 1.212800000000000000e+04
6.020000000000000000e+02 1.216900000000000000e+04
6.160000000000000000e+02 1.185200000000000000e+04
6.300000000000000000e+02 1.183600000000000000e+04
6.440000000000000000e+02 1.157900000000000000e+04
6.580000000000000000e+02 1.134800000000000000e+04
6.720000000000000000e+02 1.135200000000000000e+04
6.860000000000000000e+02 1.110900000000000000e+04
7.000000000000000000e+02 1.082700000000000000e+04
7.140000000000000000e+02 1.082600000000000000e+04
7.280000000000000000e+02 1.036600000000000000e+04
7.420000000000000000e+02 1.020300000000000000e+04
7.560000000000000000e+02 9.827000000000000000e+03
7.700000000000000000e+02 9.894000000000000000e+03
7.840000000000000000e+02 9.411000000000000000e+03
7.980000000000000000e+02 9.186000000000000000e+03
8.120000000000000000e+02 9.122000000000000000e+03
8.260000000000000000e+02 8.989000000000000000e+03
8.400000000000000000e+02 8.629000000000000000e+03
8.540000000000000000e+02 8.439000000000000000e+03
8.680000000000000000e+02 8.183000000000000000e+03
8.820000000000000000e+02 8.069000000000000000e+03
8.960000000000000000e+02 7.863000000000000000e+03
9.100000000000000000e+02 7.644000000000000000e+03
9.240000000000000000e+02 7.513000000000000000e+03
9.380000000000000000e+02 7.315000000000000000e+03
9.520000000000000000e+02 7.018000000000000000e+03
9.660000000000000000e+02 7.166000000000000000e+03
9.800000000000000000e+02 6.855000000000000000e+03
9.940000000000000000e+02 6.605000000000000000e+03
1.008000000000000000e+03 6.567000000000000000e+03
1.022000000000000000e+03 6.311000000000000000e+03
1.036000000000000000e+03 6.406000000000000000e+03
1.050000000000000000e+03 6.145000000000000000e+03
1.064000000000000000e+03 6.150000000000000000e+03
1.078000000000000000e+03 6.106000000000000000e+03
1.092000000000000000e+03 6.114000000000000000e+03
1.106000000000000000e+03 5.982000000000000000e+03
1.120000000000000000e+03 6.038000000000000000e+03
1.134000000000000000e+03 5.957000000000000000e+03
1.148000000000000000e+03 5.968000000000000000e+03
1.162000000000000000e+03 6.196000000000000000e+03
1.176000000000000000e+03 6.075000000000000000e+03
1.190000000000000000e+03 6.207000000000000000e+03
1.204000000000000000e+03 6.184000000000000000e+03
1.218000000000000000e+03 6.401000000000000000e+03
1.232000000000000000e+03 6.360000000000000000e+03
1.246000000000000000e+03 6.577000000000000000e+03
1.260000000000000000e+03 6.805000000000000000e+03
1.274000000000000000e+03 7.018000000000000000e+03
1.288000000000000000e+03 7.233000000000000000e+03
1.302000000000000000e+03 7.325000000000000000e+03
1.316000000000000000e+03 7.774000000000000000e+03
1.330000000000000000e+03 7.770000000000000000e+03
1.344000000000000000e+03 8.159000000000000000e+03
1.358000000000000000e+03 8.359000000000000000e+03
1.372000000000000000e+03 8.766000000000000000e+03
1.386000000000000000e+03 9.016000000000000000e+03
1.400000000000000000e+03 9.166000000000000000e+03
1.414000000000000000e+03 9.547000000000000000e+03
1.428000000000000000e+03 9.692000000000000000e+03
1.442000000000000000e+03 9.962000000000000000e+03
1.456000000000000000e+03 1.012600000000000000e+04
1.470000000000000000e+03 1.067700000000000000e+04
1.484000000000000000e+03 1.093800000000000000e+04
1.498000000000000000e+03 1.089600000000000000e+04
1.512000000000000000e+03 1.139500000000000000e+04
1.526000000000000000e+03 1.146600000000000000e+04
1.540000000000000000e+03 1.163600000000000000e+04
1.554000000000000000e+03 1.208100000000000000e+04
1.568000000000000000e+03 1.214400000000000000e+04
1.582000000000000000e+03 1.211100000000000000e+04
1.596000000000000000e+03 1.226200000000000000e+04
1.610000000000000000e+03 1.246700000000000000e+04
1.624000000000000000e+03 1.249700000000000000e+04
1.638000000000000000e+03 1.272400000000000000e+04
1.652000000000000000e+03 1.288400000000000000e+04
1.666000000000000000e+03 1.302600000000000000e+04
1.680000000000000000e+03 1.300600000000000000e+04
1.694000000000000000e+03 1.334600000000000000e+04
1.708000000000000000e+03 1.326200000000000000e+04
1.722000000000000000e+03 1.355200000000000000e+04
1.736000000000000000e+03 1.315200000000000000e+04
1.750000000000000000e+03 1.359600000000000000e+04
1.764000000000000000e+03 1.349600000000000000e+04
1.778000000000000000e+03 1.330600000000000000e+04
1.792000000000000000e+03 1.341800000000000000e+04
1.806000000000000000e+03 1.300500000000000000e+04
1.820000000000000000e+03 1.335400000000000000e+04
1.834000000000000000e+03 1.318200000000000000e+04
1.848000000000000000e+03 1.334200000000000000e+04
1.862000000000000000e+03 1.308200000000000000e+04
1.876000000000000000e+03 1.316900000000000000e+04
1.890000000000000000e+03 1.302800000000000000e+04
1.904000000000000000e+03 1.329800000000000000e+04
1.918000000000000000e+03 1.279500000000000000e+04
1.932000000000000000e+03 1.289100000000000000e+04
1.946000000000000000e+03 1.276400000000000000e+04
1.960000000000000000e+03 1.261400000000000000e+04
1.974000000000000000e+03 1.256600000000000000e+04
1.988000000000000000e+03 1.246200000000000000e+04
2.002000000000000000e+03 1.234500000000000000e+04
2.016000000000000000e+03 1.234900000000000000e+04
2.030000000000000000e+03 1.200600000000000000e+04
2.044000000000000000e+03 1.186400000000000000e+04
2.058000000000000000e+03 1.174100000000000000e+04
2.072000000000000000e+03 1.155800000000000000e+04
2.086000000000000000e+03 1.130300000000000000e+04
2.100000000000000000e+03 1.102500000000000000e+04
2.114000000000000000e+03 1.092600000000000000e+04
2.128000000000000000e+03 1.095200000000000000e+04
2.142000000000000000e+03 1.057300000000000000e+04
2.156000000000000000e+03 1.015900000000000000e+04
2.170000000000000000e+03 1.005800000000000000e+04
2.184000000000000000e+03 9.835000000000000000e+03
2.198000000000000000e+03 9.591000000000000000e+03
2.212000000000000000e+03 9.501000000000000000e+03
2.226000000000000000e+03 9.290000000000000000e+03
2.240000000000000000e+03 8.842000000000000000e+03
2.254000000000000000e+03 8.704000000000000000e+03
2.268000000000000000e+03 8.584000000000000000e+03
2.282000000000000000e+03 8.406000000000000000e+03
2.296000000000000000e+03 8.312000000000000000e+03
2.310000000000000000e+03 7.769000000000000000e+03
2.324000000000000000e+03 7.721000000000000000e+03
2.338000000000000000e+03 7.818000000000000000e+03
2.352000000000000000e+03 7.399000000000000000e+03
2.366000000000000000e+03 7.245000000000000000e+03
2.380000000000000000e+03 7.156000000000000000e+03
2.394000000000000000e+03 6.793000000000000000e+03
2.408000000000000000e+03 6.852000000000000000e+03
2.422000000000000000e+03 6.793000000000000000e+03
2.436000000000000000e+03 6.517000000000000000e+03
2.450000000000000000e+03 6.369000000000000000e+03
2.464000000000000000e+03 6.193000000000000000e+03
2.478000000000000000e+03 6.308000000000000000e+03
2.492000000000000000e+03 6.185000000000000000e+03
2.506000000000000000e+03 6.149000000000000000e+03
2.520000000000000000e+03 6.022000000000000000e+03
2.534000000000000000e+03 5.993000000000000000e+03
2.548000000000000000e+03 6.070000000000000000e+03
2.562000000000000000e+03 5.899000000000000000e+03
2.576000000000000000e+03 5.916000000000000000e+03
2.590000000000000000e+03 5.916000000000000000e+03
2.604000000000000000e+03 5.999000000000000000e+03
2.618000000000000000e+03 6.095000000000000000e+03
2.632000000000000000e+03 6.185000000000000000e+03
2.646000000000000000e+03 6.253000000000000000e+03
2.660000000000000000e+03 6.420000000000000000e+03
2.674000000000000000e+03 6.328000000000000000e+03
2.688000000000000000e+03 6.917000000000000000e+03
2.702000000000000000e+03 6.940000000000000000e+03
2.716000000000000000e+03 7.172000000000000000e+03
2.730000000000000000e+03 7.336000000000000000e+03
2.744000000000000000e+03 7.435000000000000000e+03
2.758000000000000000e+03 7.839000000000000000e+03
2.772000000000000000e+03 8.091000000000000000e+03
2.786000000000000000e+03 8.404000000000000000e+03
2.800000000000000000e+03 8.686000000000000000e+03
2.814000000000000000e+03 8.955000000000000000e+03
2.828000000000000000e+03 9.186000000000000000e+03
2.842000000000000000e+03 9.429000000000000000e+03
