0.000000000000000000e+00 1.032100000000000000e+04
1.428000000000000000e+03 1.008200000000000000e+04
2.856000000000000000e+03 1.032900000000000000e+04
4.284000000000000000e+03 1.082100000000000000e+04
5.712000000000000000e+03 1.056200000000000000e+04
7.140000000000000000e+03 1.071600000000000000e+04
8.568000000000000000e+03 1.083300000000000000e+04
9.996000000000000000e+03 1.104000000000000000e+04
1.142400000000000000e+04 1.091100000000000000e+04
1.285200000000000000e+04 1.114200000000000000e+04
1.428000000000000000e+04 1.142800000000000000e+04
1.570800000000000000e+04 1.149700000000000000e+04
1.713600000000000000e+04 1.136400000000000000e+04
1.856400000000000000e+04 1.122800000000000000e+04
1.999200000000000000e+04 1.132500000000000000e+04
2.142000000000000000e+04 1.130800000000000000e+04
2.284800000000000000e+04 1.163800000000000000e+04
2.427600000000000000e+04 1.150100000000000000e+04
2.570400000000000000e+04 1.139900000000000000e+04
2.713200000000000000e+04 1.170400000000000000e+04
2.856000000000000000e+04 1.168900000000000000e+04
2.998800000000000000e+04 1.122100000000000000e+04
3.141600000000000000e+04 1.153000000000000000e+04
3.284400000000000000e+04 1.159900000000000000e+04
3.427200000000000000e+04 1.151900000000000000e+04
3.570000000000000000e+04 1.127400000000000000e+04
3.712800000000000000e+04 1.136100000000000000e+04
3.855600000000000000e+04 1.117900000000000000e+04
3.998400000000000000e+04 1.117900000000000000e+04
4.141200000000000000e+04 1.120000000000000000e+04
4.284000000000000000e+04 1.089900000000000000e+04
4.426800000000000000e+04 1.100300000000000000e+04
4.569600000000000000e+04 1.086700000000000000e+04
4.712400000000000000e+04 1.089300000000000000e+04
4.855200000000000000e+04 1.058100000000000000e+04
4.998000000000000000e+04 1.058400000000000000e+04
5.140800000000000000e+04 1.046900000000000000e+04
5.283600000000000000e+04 1.016600000000000000e+04
5.426400000000000000e+04 1.020800000000000000e+04
5.569200000000000000e+04 9.850000000000000000e+03
5.712000000000000000e+04 9.709000000000000000e+03
5.854800000000000000e+04 9.658000000000000000e+03
5.997600000000000000e+04 9.328000000000000000e+03
6.140400000000000000e+04 9.039000000000000000e+03
6.283200000000000000e+04 8.703000000000000000e+03
6.426000000000000000e+04 8.749000000000000000e+03
6.568800000000000000e+04 8.407000000000000000e+03
6.711600000000000000e+04 8.298000000000000000e+03
6.854400000000000000e+04 7.821000000000000000e+03
6.997200000000000000e+04 7.471000000000000000e+03
7.140000000000000000e+04 7.319000000000000000e+03
7.282800000000000000e+04 7.114000000000000000e+03
7.425600000000000000e+04 6.715000000000000000e+03
7.568400000000000000e+04 6.442000000000000000e+03
7.711200000000000000e+04 6.310000000000000000e+03
7.854000000000000000e+04 5.920000000000000000e+03
7.996800000000000000e+04 5.612000000000000000e+03
8.139600000000000000e+04 5.449000000000000000e+03
8.282400000000000000e+04 5.254000000000000000e+03
8.425200000000000000e+04 4.908000000000000000e+03
8.568000000000000000e+04 4.841000000000000000e+03
8.710800000000000000e+04 4.459000000000000000e+03
8.853600000000000000e+04 4.183000000000000000e+03
8.996400000000000000e+04 4.098000000000000000e+03
9.139200000000000000e+04 4.027000000000000000e+03
9.282000000000000000e+04 3.816000000000000000e+03
9.424800000000000000e+04 3.670000000000000000e+03
9.567600000000000000e+04 3.820000000000000000e+03
9.710400000000000000e+04 3.622000000000000000e+03
9.853200000000000000e+04 3.687000000000000000e+03
9.996000000000000000e+04 3.720000000000000000e+03
1.013880000000000000e+05 3.633000000000000000e+03
1.028160000000000000e+05 3.667000000000000000e+03
1.042440000000000000e+05 3.863000000000000000e+03
1.056720000000000000e+05 3.846000000000000000e+03
1.071000000000000000e+05 4.022000000000000000e+03
1.085280000000000000e+05 4.188000000000000000e+03
1.099560000000000000e+05 4.384000000000000000e+03
1.113840000000000000e+05 4.564000000000000000e+03
1.128120000000000000e+05 4.604000000000000000e+03
1.142400000000000000e+05 4.957000000000000000e+03
1.156680000000000000e+05 5.158000000000000000e+03
1.170960000000000000e+05 5.457000000000000000e+03
1.185240000000000000e+05 5.792000000000000000e+03
1.199520000000000000e+05 6.035000000000000000e+03
1.213800000000000000e+05 6.377000000000000000e+03
1.228080000000000000e+05 6.690000000000000000e+03
1.242360000000000000e+05 6.894000000000000000e+03
1.256640000000000000e+05 7.417000000000000000e+03
1.270920000000000000e+05 7.509000000000000000e+03
1.285200000000000000e+05 7.840000000000000000e+03
1.299480000000000000e+05 8.203000000000000000e+03
1.313760000000000000e+05 8.181000000000000000e+03
1.328040000000000000e+05 8.721000000000000000e+03
1.342320000000000000e+05 8.894000000000000000e+03
1.356600000000000000e+05 9.046000000000000000e+03
1.370880000000000000e+05 9.374000000000000000e+03
1.385160000000000000e+05 9.322000000000000000e+03
1.399440000000000000e+05 9.802000000000000000e+03
1.413720000000000000e+05 9.795000000000000000e+03
1.428000000000000000e+05 9.968000000000000000e+03
1.442280000000000000e+05 1.048200000000000000e+04
1.456560000000000000e+05 1.027100000000000000e+04
1.470840000000000000e+05 1.054900000000000000e+04
1.485120000000000000e+05 1.061100000000000000e+04
1.499400000000000000e+05 1.057600000000000000e+04
1.513680000000000000e+05 1.106000000000000000e+04
1.527960000000000000e+05 1.077200000000000000e+04
1.542240000000000000e+05 1.110000000000000000e+04
1.556520000000000000e+05 1.084200000000000000e+04
1.570800000000000000e+05 1.117900000000000000e+04
1.585080000000000000e+05 1.142200000000000000e+04
1.599360000000000000e+05 1.125800000000000000e+04
1.613640000000000000e+05 1.133500000000000000e+04
1.627920000000000000e+05 1.156700000000000000e+04
1.642200000000000000e+05 1.124800000000000000e+04
1.656480000000000000e+05 1.128900000000000000e+04
1.670760000000000000e+05 1.137400000000000000e+04
1.685040000000000000e+05 1.141700000000000000e+04
1.699320000000000000e+05 1.149000000000000000e+04
1.713600000000000000e+05 1.134000000000000000e+04
1.727880000000000000e+05 1.167500000000000000e+04
1.742160000000000000e+05 1.147400000000000000e+04
1.756440000000000000e+05 1.130800000000000000e+04
1.770720000000000000e+05 1.151500000000000000e+04
1.785000000000000000e+05 1.117700000000000000e+04
1.799280000000000000e+05 1.116800000000000000e+04
1.813560000000000000e+05 1.121000000000000000e+04
1.827840000000000000e+05 1.129000000000000000e+04
1.842120000000000000e+05 1.107400000000000000e+04
1.856400000000000000e+05 1.118000000000000000e+04
1.870680000000000000e+05 1.090200000000000000e+04
1.884960000000000000e+05 1.082400000000000000e+04
1.899240000000000000e+05 1.068700000000000000e+04
1.913520000000000000e+05 1.056600000000000000e+04
1.927800000000000000e+05 1.054200000000000000e+04
1.942080000000000000e+05 1.035900000000000000e+04
1.956360000000000000e+05 1.045900000000000000e+04
1.970640000000000000e+05 1.027700000000000000e+04
1.984920000000000000e+05 9.916000000000000000e+03
1.999200000000000000e+05 9.775000000000000000e+03
2.013480000000000000e+05 9.435000000000000000e+03
2.027760000000000000e+05 9.599000000000000000e+03
2.042040000000000000e+05 9.016000000000000000e+03
2.056320000000000000e+05 8.857000000000000000e+03
2.070600000000000000e+05 8.532000000000000000e+03
2.084880000000000000e+05 8.639000000000000000e+03
2.099160000000000000e+05 8.034000000000000000e+03
2.113440000000000000e+05 7.965000000000000000e+03
2.127720000000000000e+05 7.694000000000000000e+03
2.142000000000000000e+05 7.476000000000000000e+03
2.156280000000000000e+05 6.958000000000000000e+03
2.170560000000000000e+05 6.865000000000000000e+03
2.184840000000000000e+05 6.529000000000000000e+03
2.199120000000000000e+05 6.289000000000000000e+03
2.213400000000000000e+05 5.925000000000000000e+03
2.227680000000000000e+05 5.688000000000000000e+03
2.241960000000000000e+05 5.425000000000000000e+03
2.256240000000000000e+05 5.142000000000000000e+03
2.270520000000000000e+05 4.894000000000000000e+03
2.284800000000000000e+05 4.585000000000000000e+03
2.299080000000000000e+05 4.513000000000000000e+03
2.313360000000000000e+05 4.346000000000000000e+03
2.327640000000000000e+05 4.124000000000000000e+03
2.341920000000000000e+05 3.925000000000000000e+03
2.356200000000000000e+05 3.899000000000000000e+03
2.370480000000000000e+05 3.980000000000000000e+03
2.384760000000000000e+05 3.698000000000000000e+03
2.399040000000000000e+05 3.672000000000000000e+03
2.413320000000000000e+05 3.680000000000000000e+03
2.427600000000000000e+05 3.668000000000000000e+03
2.441880000000000000e+05 3.579000000000000000e+03
2.456160000000000000e+05 3.709000000000000000e+03
2.470440000000000000e+05 3.909000000000000000e+03
2.484720000000000000e+05 4.001000000000000000e+03
2.499000000000000000e+05 3.946000000000000000e+03
2.513280000000000000e+05 4.124000000000000000e+03
2.527560000000000000e+05 4.408000000000000000e+03
2.541840000000000000e+05 4.618000000000000000e+03
2.556120000000000000e+05 4.739000000000000000e+03
2.570400000000000000e+05 5.020000000000000000e+03
2.584680000000000000e+05 5.288000000000000000e+03
2.598960000000000000e+05 5.449000000000000000e+03
2.613240000000000000e+05 5.843000000000000000e+03
2.627520000000000000e+05 6.110000000000000000e+03
2.641800000000000000e+05 6.520000000000000000e+03
2.656080000000000000e+05 6.691000000000000000e+03
2.670360000000000000e+05 6.862000000000000000e+03
2.684640000000000000e+05 7.245000000000000000e+03
2.698920000000000000e+05 7.546000000000000000e+03
2.713200000000000000e+05 7.778000000000000000e+03
2.727480000000000000e+05 8.019000000000000000e+03
2.741760000000000000e+05 8.399000000000000000e+03
2.756040000000000000e+05 8.557000000000000000e+03
2.770320000000000000e+05 8.764000000000000000e+03
2.784600000000000000e+05 8.993000000000000000e+03
2.798880000000000000e+05 9.233000000000000000e+03
2.813160000000000000e+05 9.367000000000000000e+03
2.827440000000000000e+05 9.616000000000000000e+03
2.841720000000000000e+05 9.711000000000000000e+03
