0.000000000000000000e+00 1.568600000000000000e+04
2.000000000000000000e+03 1.568800000000000000e+04
4.000000000000000000e+03 1.590700000000000000e+04
6.000000000000000000e+03 1.621800000000000000e+04
8.000000000000000000e+03 1.651300000000000000e+04
1.000000000000000000e+04 1.646700000000000000e+04
1.200000000000000000e+04 1.689200000000000000e+04
1.400000000000000000e+04 1.690800000000000000e+04
1.600000000000000000e+04 1.730300000000000000e+04
1.800000000000000000e+04 1.733700000000000000e+04
2.000000000000000000e+04 1.715100000000000000e+04
2.200000000000000000e+04 1.759700000000000000e+04
2.400000000000000000e+04 1.766700000000000000e+04
2.600000000000000000e+04 1.756700000000000000e+04
2.800000000000000000e+04 1.768100000000000000e+04
3.000000000000000000e+04 1.778900000000000000e+04
3.200000000000000000e+04 1.765600000000000000e+04
3.400000000000000000e+04 1.792900000000000000e+04
3.600000000000000000e+04 1.797800000000000000e+04
3.800000000000000000e+04 1.790000000000000000e+04
4.000000000000000000e+04 1.756300000000000000e+04
4.200000000000000000e+04 1.804800000000000000e+04
4.400000000000000000e+04 1.771300000000000000e+04
4.600000000000000000e+04 1.777200000000000000e+04
4.800000000000000000e+04 1.793700000000000000e+04
5.000000000000000000e+04 1.767000000000000000e+04
5.200000000000000000e+04 1.762500000000000000e+04
5.400000000000000000e+04 1.748000000000000000e+04
5.600000000000000000e+04 1.741400000000000000e+04
5.800000000000000000e+04 1.716100000000000000e+04
6.000000000000000000e+04 1.729000000000000000e+04
6.200000000000000000e+04 1.681800000000000000e+04
6.400000000000000000e+04 1.658700000000000000e+04
6.600000000000000000e+04 1.671700000000000000e+04
6.800000000000000000e+04 1.639200000000000000e+04
7.000000000000000000e+04 1.617100000000000000e+04
7.200000000000000000e+04 1.593200000000000000e+04
7.400000000000000000e+04 1.581700000000000000e+04
7.600000000000000000e+04 1.534600000000000000e+04
7.800000000000000000e+04 1.514500000000000000e+04
8.000000000000000000e+04 1.482600000000000000e+04
8.200000000000000000e+04 1.474800000000000000e+04
8.400000000000000000e+04 1.426900000000000000e+04
8.600000000000000000e+04 1.400900000000000000e+04
8.800000000000000000e+04 1.354600000000000000e+04
9.000000000000000000e+04 1.327400000000000000e+04
9.200000000000000000e+04 1.288200000000000000e+04
9.400000000000000000e+04 1.242700000000000000e+04
9.600000000000000000e+04 1.218200000000000000e+04
9.800000000000000000e+04 1.157100000000000000e+04
1.000000000000000000e+05 1.117200000000000000e+04
1.020000000000000000e+05 1.074100000000000000e+04
1.040000000000000000e+05 1.030100000000000000e+04
1.060000000000000000e+05 9.982000000000000000e+03
1.080000000000000000e+05 9.338000000000000000e+03
1.100000000000000000e+05 8.832000000000000000e+03
1.120000000000000000e+05 8.721000000000000000e+03
1.140000000000000000e+05 8.353000000000000000e+03
1.160000000000000000e+05 7.760000000000000000e+03
1.180000000000000000e+05 7.306000000000000000e+03
1.200000000000000000e+05 6.994000000000000000e+03
1.220000000000000000e+05 6.563000000000000000e+03
1.240000000000000000e+05 6.315000000000000000e+03
1.260000000000000000e+05 6.246000000000000000e+03
1.280000000000000000e+05 5.931000000000000000e+03
1.300000000000000000e+05 5.812000000000000000e+03
1.320000000000000000e+05 5.629000000000000000e+03
1.340000000000000000e+05 5.380000000000000000e+03
1.360000000000000000e+05 5.415000000000000000e+03
1.380000000000000000e+05 5.422000000000000000e+03
1.400000000000000000e+05 5.457000000000000000e+03
1.420000000000000000e+05 5.360000000000000000e+03
1.440000000000000000e+05 5.554000000000000000e+03
1.460000000000000000e+05 5.831000000000000000e+03
1.480000000000000000e+05 5.631000000000000000e+03
1.500000000000000000e+05 6.178000000000000000e+03
1.520000000000000000e+05 6.321000000000000000e+03
1.540000000000000000e+05 6.669000000000000000e+03
1.560000000000000000e+05 6.967000000000000000e+03
1.580000000000000000e+05 7.270000000000000000e+03
1.600000000000000000e+05 7.697000000000000000e+03
1.620000000000000000e+05 7.854000000000000000e+03
1.640000000000000000e+05 8.377000000000000000e+03
1.660000000000000000e+05 8.956000000000000000e+03
1.680000000000000000e+05 9.132000000000000000e+03
1.700000000000000000e+05 9.522000000000000000e+03
1.720000000000000000e+05 1.021400000000000000e+04
1.740000000000000000e+05 1.044000000000000000e+04
1.760000000000000000e+05 1.098500000000000000e+04
1.780000000000000000e+05 1.148000000000000000e+04
1.800000000000000000e+05 1.197200000000000000e+04
1.820000000000000000e+05 1.229300000000000000e+04
1.840000000000000000e+05 1.280000000000000000e+04
1.860000000000000000e+05 1.303700000000000000e+04
1.880000000000000000e+05 1.370000000000000000e+04
1.900000000000000000e+05 1.400100000000000000e+04
1.920000000000000000e+05 1.426600000000000000e+04
1.940000000000000000e+05 1.467000000000000000e+04
1.960000000000000000e+05 1.484700000000000000e+04
1.980000000000000000e+05 1.535000000000000000e+04
2.000000000000000000e+05 1.554000000000000000e+04
2.020000000000000000e+05 1.590900000000000000e+04
2.040000000000000000e+05 1.565200000000000000e+04
2.060000000000000000e+05 1.632800000000000000e+04
2.080000000000000000e+05 1.634500000000000000e+04
2.100000000000000000e+05 1.686800000000000000e+04
2.120000000000000000e+05 1.684400000000000000e+04
2.140000000000000000e+05 1.689800000000000000e+04
2.160000000000000000e+05 1.732600000000000000e+04
2.180000000000000000e+05 1.718700000000000000e+04
2.200000000000000000e+05 1.725400000000000000e+04
2.220000000000000000e+05 1.772900000000000000e+04
2.240000000000000000e+05 1.766100000000000000e+04
2.260000000000000000e+05 1.777100000000000000e+04
2.280000000000000000e+05 1.786500000000000000e+04
2.300000000000000000e+05 1.781400000000000000e+04
2.320000000000000000e+05 1.768800000000000000e+04
2.340000000000000000e+05 1.760000000000000000e+04
2.360000000000000000e+05 1.785700000000000000e+04
2.380000000000000000e+05 1.761600000000000000e+04
2.400000000000000000e+05 1.782500000000000000e+04
2.420000000000000000e+05 1.798400000000000000e+04
2.440000000000000000e+05 1.788100000000000000e+04
2.460000000000000000e+05 1.767300000000000000e+04
2.480000000000000000e+05 1.762000000000000000e+04
2.500000000000000000e+05 1.759200000000000000e+04
2.520000000000000000e+05 1.757300000000000000e+04
2.540000000000000000e+05 1.726500000000000000e+04
2.560000000000000000e+05 1.725600000000000000e+04
2.580000000000000000e+05 1.745600000000000000e+04
2.600000000000000000e+05 1.734400000000000000e+04
2.620000000000000000e+05 1.697000000000000000e+04
2.640000000000000000e+05 1.688100000000000000e+04
2.660000000000000000e+05 1.677300000000000000e+04
2.680000000000000000e+05 1.661300000000000000e+04
2.700000000000000000e+05 1.605100000000000000e+04
2.720000000000000000e+05 1.623900000000000000e+04
2.740000000000000000e+05 1.589000000000000000e+04
2.760000000000000000e+05 1.580400000000000000e+04
2.780000000000000000e+05 1.557200000000000000e+04
2.800000000000000000e+05 1.512700000000000000e+04
2.820000000000000000e+05 1.482400000000000000e+04
2.840000000000000000e+05 1.413700000000000000e+04
2.860000000000000000e+05 1.389900000000000000e+04
2.880000000000000000e+05 1.358600000000000000e+04
2.900000000000000000e+05 1.336700000000000000e+04
2.920000000000000000e+05 1.306600000000000000e+04
2.940000000000000000e+05 1.263100000000000000e+04
2.960000000000000000e+05 1.193300000000000000e+04
2.980000000000000000e+05 1.158200000000000000e+04
3.000000000000000000e+05 1.107700000000000000e+04
3.020000000000000000e+05 1.069600000000000000e+04
3.040000000000000000e+05 1.015000000000000000e+04
3.060000000000000000e+05 9.729000000000000000e+03
3.080000000000000000e+05 9.457000000000000000e+03
3.100000000000000000e+05 8.995000000000000000e+03
3.120000000000000000e+05 8.876000000000000000e+03
3.140000000000000000e+05 8.230000000000000000e+03
3.160000000000000000e+05 7.800000000000000000e+03
3.180000000000000000e+05 7.441000000000000000e+03
3.200000000000000000e+05 7.031000000000000000e+03
3.220000000000000000e+05 6.532000000000000000e+03
3.240000000000000000e+05 6.230000000000000000e+03
3.260000000000000000e+05 6.223000000000000000e+03
3.280000000000000000e+05 5.991000000000000000e+03
3.300000000000000000e+05 5.727000000000000000e+03
3.320000000000000000e+05 5.538000000000000000e+03
3.340000000000000000e+05 5.421000000000000000e+03
3.360000000000000000e+05 5.435000000000000000e+03
3.380000000000000000e+05 5.282000000000000000e+03
3.400000000000000000e+05 5.391000000000000000e+03
3.420000000000000000e+05 5.412000000000000000e+03
3.440000000000000000e+05 5.502000000000000000e+03
3.460000000000000000e+05 5.678000000000000000e+03
3.480000000000000000e+05 5.749000000000000000e+03
3.500000000000000000e+05 6.045000000000000000e+03
3.520000000000000000e+05 6.388000000000000000e+03
3.540000000000000000e+05 6.716000000000000000e+03
3.560000000000000000e+05 6.840000000000000000e+03
3.580000000000000000e+05 7.078000000000000000e+03
3.600000000000000000e+05 7.616000000000000000e+03
3.620000000000000000e+05 7.986000000000000000e+03
3.640000000000000000e+05 8.407000000000000000e+03
3.660000000000000000e+05 8.884000000000000000e+03
3.680000000000000000e+05 9.248000000000000000e+03
3.700000000000000000e+05 9.662000000000000000e+03
3.720000000000000000e+05 1.011200000000000000e+04
3.740000000000000000e+05 1.046100000000000000e+04
3.760000000000000000e+05 1.126400000000000000e+04
3.780000000000000000e+05 1.160000000000000000e+04
3.800000000000000000e+05 1.195900000000000000e+04
3.820000000000000000e+05 1.255000000000000000e+04
3.840000000000000000e+05 1.292100000000000000e+04
3.860000000000000000e+05 1.311900000000000000e+04
3.880000000000000000e+05 1.366200000000000000e+04
3.900000000000000000e+05 1.419100000000000000e+04
3.920000000000000000e+05 1.441600000000000000e+04
3.940000000000000000e+05 1.481300000000000000e+04
3.960000000000000000e+05 1.510600000000000000e+04
3.980000000000000000e+05 1.521800000000000000e+04
