0.000000000000000000e+00 7.310000000000000000e+03
2.000000000000000000e+02 7.332000000000000000e+03
4.000000000000000000e+02 7.652000000000000000e+03
6.000000000000000000e+02 7.587000000000000000e+03
8.000000000000000000e+02 7.965000000000000000e+03
1.000000000000000000e+03 7.895000000000000000e+03
1.200000000000000000e+03 7.921000000000000000e+03
1.400000000000000000e+03 8.012000000000000000e+03
1.600000000000000000e+03 8.056000000000000000e+03
1.800000000000000000e+03 8.061000000000000000e+03
2.000000000000000000e+03 7.951000000000000000e+03
2.200000000000000000e+03 7.923000000000000000e+03
2.400000000000000000e+03 8.137000000000000000e+03
2.600000000000000000e+03 8.087000000000000000e+03
2.800000000000000000e+03 8.353000000000000000e+03
3.000000000000000000e+03 8.257000000000000000e+03
3.200000000000000000e+03 8.397000000000000000e+03
3.400000000000000000e+03 8.228000000000000000e+03
3.600000000000000000e+03 8.535000000000000000e+03
3.800000000000000000e+03 8.341000000000000000e+03
4.000000000000000000e+03 8.509000000000000000e+03
4.200000000000000000e+03 8.375000000000000000e+03
4.400000000000000000e+03 8.383000000000000000e+03
4.600000000000000000e+03 8.346000000000000000e+03
4.800000000000000000e+03 8.327000000000000000e+03
5.000000000000000000e+03 8.258000000000000000e+03
5.200000000000000000e+03 8.403000000000000000e+03
5.400000000000000000e+03 8.202000000000000000e+03
5.600000000000000000e+03 8.160000000000000000e+03
5.800000000000000000e+03 8.069000000000000000e+03
6.000000000000000000e+03 8.083000000000000000e+03
6.200000000000000000e+03 8.215000000000000000e+03
6.400000000000000000e+03 7.970000000000000000e+03
6.600000000000000000e+03 7.906000000000000000e+03
6.800000000000000000e+03 7.784000000000000000e+03
7.000000000000000000e+03 7.594000000000000000e+03
7.200000000000000000e+03 7.512000000000000000e+03
7.400000000000000000e+03 7.533000000000000000e+03
7.600000000000000000e+03 7.536000000000000000e+03
7.800000000000000000e+03 7.130000000000000000e+03
8.000000000000000000e+03 7.041000000000000000e+03
8.200000000000000000e+03 7.041000000000000000e+03
8.400000000000000000e+03 6.905000000000000000e+03
8.600000000000000000e+03 6.728000000000000000e+03
8.800000000000000000e+03 6.525000000000000000e+03
9.000000000000000000e+03 6.435000000000000000e+03
9.200000000000000000e+03 6.162000000000000000e+03
9.400000000000000000e+03 6.114000000000000000e+03
9.600000000000000000e+03 5.736000000000000000e+03
9.800000000000000000e+03 5.567000000000000000e+03
1.000000000000000000e+04 5.425000000000000000e+03
1.020000000000000000e+04 5.277000000000000000e+03
1.040000000000000000e+04 5.132000000000000000e+03
1.060000000000000000e+04 4.843000000000000000e+03
1.080000000000000000e+04 4.628000000000000000e+03
1.100000000000000000e+04 4.486000000000000000e+03
1.120000000000000000e+04 4.238000000000000000e+03
1.140000000000000000e+04 4.049000000000000000e+03
1.160000000000000000e+04 3.960000000000000000e+03
1.180000000000000000e+04 3.725000000000000000e+03
1.200000000000000000e+04 3.402000000000000000e+03
1.220000000000000000e+04 3.399000000000000000e+03
1.240000000000000000e+04 3.226000000000000000e+03
1.260000000000000000e+04 3.221000000000000000e+03
1.280000000000000000e+04 2.990000000000000000e+03
1.300000000000000000e+04 2.811000000000000000e+03
1.320000000000000000e+04 2.832000000000000000e+03
1.340000000000000000e+04 2.748000000000000000e+03
1.360000000000000000e+04 2.688000000000000000e+03
1.380000000000000000e+04 2.598000000000000000e+03
1.400000000000000000e+04 2.648000000000000000e+03
1.420000000000000000e+04 2.513000000000000000e+03
1.440000000000000000e+04 2.692000000000000000e+03
1.460000000000000000e+04 2.730000000000000000e+03
1.480000000000000000e+04 2.751000000000000000e+03
1.500000000000000000e+04 2.743000000000000000e+03
1.520000000000000000e+04 2.840000000000000000e+03
1.540000000000000000e+04 3.051000000000000000e+03
1.560000000000000000e+04 3.053000000000000000e+03
1.580000000000000000e+04 3.279000000000000000e+03
1.600000000000000000e+04 3.454000000000000000e+03
1.620000000000000000e+04 3.589000000000000000e+03
1.640000000000000000e+04 3.744000000000000000e+03
1.660000000000000000e+04 4.003000000000000000e+03
1.680000000000000000e+04 4.252000000000000000e+03
1.700000000000000000e+04 4.446000000000000000e+03
1.720000000000000000e+04 4.544000000000000000e+03
1.740000000000000000e+04 4.874000000000000000e+03
1.760000000000000000e+04 5.037000000000000000e+03
1.780000000000000000e+04 5.180000000000000000e+03
1.800000000000000000e+04 5.474000000000000000e+03
1.820000000000000000e+04 5.715000000000000000e+03
1.840000000000000000e+04 5.959000000000000000e+03
1.860000000000000000e+04 6.160000000000000000e+03
1.880000000000000000e+04 6.265000000000000000e+03
1.900000000000000000e+04 6.550000000000000000e+03
1.920000000000000000e+04 6.479000000000000000e+03
1.940000000000000000e+04 6.927000000000000000e+03
1.960000000000000000e+04 7.111000000000000000e+03
1.980000000000000000e+04 6.978000000000000000e+03
2.000000000000000000e+04 7.405000000000000000e+03
2.020000000000000000e+04 7.552000000000000000e+03
2.040000000000000000e+04 7.496000000000000000e+03
2.060000000000000000e+04 7.473000000000000000e+03
2.080000000000000000e+04 7.746000000000000000e+03
2.100000000000000000e+04 7.751000000000000000e+03
2.120000000000000000e+04 7.983000000000000000e+03
2.140000000000000000e+04 7.968000000000000000e+03
2.160000000000000000e+04 7.883000000000000000e+03
2.180000000000000000e+04 7.900000000000000000e+03
2.200000000000000000e+04 8.146000000000000000e+03
2.220000000000000000e+04 8.165000000000000000e+03
2.240000000000000000e+04 8.216000000000000000e+03
2.260000000000000000e+04 8.177000000000000000e+03
2.280000000000000000e+04 8.231000000000000000e+03
2.300000000000000000e+04 8.285000000000000000e+03
2.320000000000000000e+04 8.219000000000000000e+03
2.340000000000000000e+04 8.269000000000000000e+03
2.360000000000000000e+04 8.321000000000000000e+03
2.380000000000000000e+04 8.340000000000000000e+03
2.400000000000000000e+04 8.370000000000000000e+03
2.420000000000000000e+04 8.202000000000000000e+03
2.440000000000000000e+04 8.354000000000000000e+03
2.460000000000000000e+04 8.316000000000000000e+03
2.480000000000000000e+04 8.386000000000000000e+03
2.500000000000000000e+04 8.202000000000000000e+03
2.520000000000000000e+04 8.178000000000000000e+03
2.540000000000000000e+04 8.207000000000000000e+03
2.560000000000000000e+04 7.997000000000000000e+03
2.580000000000000000e+04 8.096000000000000000e+03
2.600000000000000000e+04 7.973000000000000000e+03
2.620000000000000000e+04 8.021000000000000000e+03
2.640000000000000000e+04 8.008000000000000000e+03
2.660000000000000000e+04 7.699000000000000000e+03
2.680000000000000000e+04 7.728000000000000000e+03
2.700000000000000000e+04 7.745000000000000000e+03
2.720000000000000000e+04 7.460000000000000000e+03
2.740000000000000000e+04 7.588000000000000000e+03
2.760000000000000000e+04 7.347000000000000000e+03
2.780000000000000000e+04 7.223000000000000000e+03
2.800000000000000000e+04 7.112000000000000000e+03
2.820000000000000000e+04 7.067000000000000000e+03
2.840000000000000000e+04 6.792000000000000000e+03
2.860000000000000000e+04 6.512000000000000000e+03
2.880000000000000000e+04 6.509000000000000000e+03
2.900000000000000000e+04 6.433000000000000000e+03
2.920000000000000000e+04 6.102000000000000000e+03
2.940000000000000000e+04 5.991000000000000000e+03
2.960000000000000000e+04 5.754000000000000000e+03
2.980000000000000000e+04 5.673000000000000000e+03
3.000000000000000000e+04 5.409000000000000000e+03
3.020000000000000000e+04 5.264000000000000000e+03
3.040000000000000000e+04 4.997000000000000000e+03
3.060000000000000000e+04 4.876000000000000000e+03
3.080000000000000000e+04 4.590000000000000000e+03
3.100000000000000000e+04 4.507000000000000000e+03
3.120000000000000000e+04 4.142000000000000000e+03
3.140000000000000000e+04 4.015000000000000000e+03
3.160000000000000000e+04 3.853000000000000000e+03
3.180000000000000000e+04 3.695000000000000000e+03
3.200000000000000000e+04 3.510000000000000000e+03
3.220000000000000000e+04 3.459000000000000000e+03
3.240000000000000000e+04 3.250000000000000000e+03
3.260000000000000000e+04 3.107000000000000000e+03
3.280000000000000000e+04 2.922000000000000000e+03
3.300000000000000000e+04 2.937000000000000000e+03
3.320000000000000000e+04 2.694000000000000000e+03
3.340000000000000000e+04 2.742000000000000000e+03
3.360000000000000000e+04 2.652000000000000000e+03
3.380000000000000000e+04 2.718000000000000000e+03
3.400000000000000000e+04 2.537000000000000000e+03
3.420000000000000000e+04 2.642000000000000000e+03
3.440000000000000000e+04 2.613000000000000000e+03
3.460000000000000000e+04 2.609000000000000000e+03
3.480000000000000000e+04 2.825000000000000000e+03
3.500000000000000000e+04 2.798000000000000000e+03
3.520000000000000000e+04 2.991000000000000000e+03
3.540000000000000000e+04 3.021000000000000000e+03
3.560000000000000000e+04 3.112000000000000000e+03
3.580000000000000000e+04 3.176000000000000000e+03
3.600000000000000000e+04 3.468000000000000000e+03
3.620000000000000000e+04 3.459000000000000000e+03
3.640000000000000000e+04 3.799000000000000000e+03
3.660000000000000000e+04 3.987000000000000000e+03
3.680000000000000000e+04 4.295000000000000000e+03
3.700000000000000000e+04 4.267000000000000000e+03
3.720000000000000000e+04 4.565000000000000000e+03
3.740000000000000000e+04 4.797000000000000000e+03
3.760000000000000000e+04 5.024000000000000000e+03
3.780000000000000000e+04 5.211000000000000000e+03
3.800000000000000000e+04 5.582000000000000000e+03
3.820000000000000000e+04 5.629000000000000000e+03
3.840000000000000000e+04 5.753000000000000000e+03
3.860000000000000000e+04 6.129000000000000000e+03
3.880000000000000000e+04 6.272000000000000000e+03
3.900000000000000000e+04 6.622000000000000000e+03
3.920000000000000000e+04 6.564000000000000000e+03
3.940000000000000000e+04 6.812000000000000000e+03
3.960000000000000000e+04 6.951000000000000000e+03
3.980000000000000000e+04 7.222000000000000000e+03
