0.000000000000000000e+00 3.895600000000000000e+04
1.000000000000000000e+04 4.031200000000000000e+04
2.000000000000000000e+04 4.083700000000000000e+04
3.000000000000000000e+04 4.122300000000000000e+04
4.000000000000000000e+04 4.121800000000000000e+04
5.000000000000000000e+04 4.259200000000000000e+04
6.000000000000000000e+04 4.276300000000000000e+04
7.000000000000000000e+04 4.310600000000000000e+04
8.000000000000000000e+04 4.341700000000000000e+04
9.000000000000000000e+04 4.383500000000000000e+04
1.000000000000000000e+05 4.426700000000000000e+04
1.100000000000000000e+05 4.413300000000000000e+04
1.200000000000000000e+05 4.429800000000000000e+04
1.300000000000000000e+05 4.426900000000000000e+04
1.400000000000000000e+05 4.448800000000000000e+04
1.500000000000000000e+05 4.491000000000000000e+04
1.600000000000000000e+05 4.489400000000000000e+04
1.700000000000000000e+05 4.479400000000000000e+04
1.800000000000000000e+05 4.537500000000000000e+04
1.900000000000000000e+05 4.452600000000000000e+04
2.000000000000000000e+05 4.535700000000000000e+04
2.100000000000000000e+05 4.529200000000000000e+04
2.200000000000000000e+05 4.513000000000000000e+04
2.300000000000000000e+05 4.462700000000000000e+04
2.400000000000000000e+05 4.456200000000000000e+04
2.500000000000000000e+05 4.452600000000000000e+04
2.600000000000000000e+05 4.442700000000000000e+04
2.700000000000000000e+05 4.416600000000000000e+04
2.800000000000000000e+05 4.380500000000000000e+04
2.900000000000000000e+05 4.381500000000000000e+04
3.000000000000000000e+05 4.307200000000000000e+04
3.100000000000000000e+05 4.297800000000000000e+04
3.200000000000000000e+05 4.242800000000000000e+04
3.300000000000000000e+05 4.234100000000000000e+04
3.400000000000000000e+05 4.165700000000000000e+04
3.500000000000000000e+05 4.118800000000000000e+04
3.600000000000000000e+05 4.054400000000000000e+04
3.700000000000000000e+05 3.994100000000000000e+04
3.800000000000000000e+05 3.932900000000000000e+04
3.900000000000000000e+05 3.881900000000000000e+04
4.000000000000000000e+05 3.774800000000000000e+04
4.100000000000000000e+05 3.723500000000000000e+04
4.200000000000000000e+05 3.628500000000000000e+04
4.300000000000000000e+05 3.528100000000000000e+04
4.400000000000000000e+05 3.451500000000000000e+04
4.500000000000000000e+05 3.336400000000000000e+04
4.600000000000000000e+05 3.271200000000000000e+04
4.700000000000000000e+05 3.152100000000000000e+04
4.800000000000000000e+05 3.047400000000000000e+04
4.900000000000000000e+05 2.914100000000000000e+04
5.000000000000000000e+05 2.836400000000000000e+04
5.100000000000000000e+05 2.718000000000000000e+04
5.200000000000000000e+05 2.578800000000000000e+04
5.300000000000000000e+05 2.494700000000000000e+04
5.400000000000000000e+05 2.377400000000000000e+04
5.500000000000000000e+05 2.234600000000000000e+04
5.600000000000000000e+05 2.155200000000000000e+04
5.700000000000000000e+05 2.058600000000000000e+04
5.800000000000000000e+05 1.928600000000000000e+04
5.900000000000000000e+05 1.865200000000000000e+04
6.000000000000000000e+05 1.769100000000000000e+04
6.100000000000000000e+05 1.696700000000000000e+04
6.200000000000000000e+05 1.590800000000000000e+04
6.300000000000000000e+05 1.506600000000000000e+04
6.400000000000000000e+05 1.474700000000000000e+04
6.500000000000000000e+05 1.433500000000000000e+04
6.600000000000000000e+05 1.393000000000000000e+04
6.700000000000000000e+05 1.386400000000000000e+04
6.800000000000000000e+05 1.351200000000000000e+04
6.900000000000000000e+05 1.346400000000000000e+04
7.000000000000000000e+05 1.334400000000000000e+04
7.100000000000000000e+05 1.351900000000000000e+04
7.200000000000000000e+05 1.382000000000000000e+04
7.300000000000000000e+05 1.427000000000000000e+04
7.400000000000000000e+05 1.478300000000000000e+04
7.500000000000000000e+05 1.513400000000000000e+04
7.600000000000000000e+05 1.551000000000000000e+04
7.700000000000000000e+05 1.623000000000000000e+04
7.800000000000000000e+05 1.728600000000000000e+04
7.900000000000000000e+05 1.809100000000000000e+04
8.000000000000000000e+05 1.909300000000000000e+04
8.100000000000000000e+05 2.006200000000000000e+04
8.200000000000000000e+05 2.094400000000000000e+04
8.300000000000000000e+05 2.201900000000000000e+04
8.400000000000000000e+05 2.314300000000000000e+04
8.500000000000000000e+05 2.432300000000000000e+04
8.600000000000000000e+05 2.534500000000000000e+04
8.700000000000000000e+05 2.684200000000000000e+04
8.800000000000000000e+05 2.757000000000000000e+04
8.900000000000000000e+05 2.854900000000000000e+04
9.000000000000000000e+05 3.020000000000000000e+04
9.100000000000000000e+05 3.076100000000000000e+04
9.200000000000000000e+05 3.244300000000000000e+04
9.300000000000000000e+05 3.315000000000000000e+04
9.400000000000000000e+05 3.427500000000000000e+04
9.500000000000000000e+05 3.513300000000000000e+04
9.600000000000000000e+05 3.594000000000000000e+04
9.700000000000000000e+05 3.695500000000000000e+04
9.800000000000000000e+05 3.735300000000000000e+04
9.900000000000000000e+05 3.807600000000000000e+04
1.000000000000000000e+06 3.895100000000000000e+04
1.010000000000000000e+06 3.997900000000000000e+04
1.020000000000000000e+06 3.991500000000000000e+04
1.030000000000000000e+06 4.101100000000000000e+04
1.040000000000000000e+06 4.161000000000000000e+04
1.050000000000000000e+06 4.188300000000000000e+04
1.060000000000000000e+06 4.247500000000000000e+04
1.070000000000000000e+06 4.356500000000000000e+04
1.080000000000000000e+06 4.308600000000000000e+04
1.090000000000000000e+06 4.334400000000000000e+04
1.100000000000000000e+06 4.434000000000000000e+04
1.110000000000000000e+06 4.380200000000000000e+04
1.120000000000000000e+06 4.420800000000000000e+04
1.130000000000000000e+06 4.425200000000000000e+04
1.140000000000000000e+06 4.470300000000000000e+04
1.150000000000000000e+06 4.452700000000000000e+04
1.160000000000000000e+06 4.474200000000000000e+04
1.170000000000000000e+06 4.516200000000000000e+04
1.180000000000000000e+06 4.491600000000000000e+04
1.190000000000000000e+06 4.492900000000000000e+04
1.200000000000000000e+06 4.499400000000000000e+04
1.210000000000000000e+06 4.452200000000000000e+04
1.220000000000000000e+06 4.491300000000000000e+04
1.230000000000000000e+06 4.471800000000000000e+04
1.240000000000000000e+06 4.459900000000000000e+04
1.250000000000000000e+06 4.446200000000000000e+04
1.260000000000000000e+06 4.402200000000000000e+04
1.270000000000000000e+06 4.430600000000000000e+04
1.280000000000000000e+06 4.406600000000000000e+04
1.290000000000000000e+06 4.395600000000000000e+04
1.300000000000000000e+06 4.343900000000000000e+04
1.310000000000000000e+06 4.310200000000000000e+04
1.320000000000000000e+06 4.268300000000000000e+04
1.330000000000000000e+06 4.209900000000000000e+04
1.340000000000000000e+06 4.178200000000000000e+04
1.350000000000000000e+06 4.129900000000000000e+04
1.360000000000000000e+06 4.046400000000000000e+04
1.370000000000000000e+06 4.009500000000000000e+04
1.380000000000000000e+06 3.905100000000000000e+04
1.390000000000000000e+06 3.881100000000000000e+04
1.400000000000000000e+06 3.783900000000000000e+04
1.410000000000000000e+06 3.696900000000000000e+04
1.420000000000000000e+06 3.615800000000000000e+04
1.430000000000000000e+06 3.524700000000000000e+04
1.440000000000000000e+06 3.438500000000000000e+04
1.450000000000000000e+06 3.348400000000000000e+04
1.460000000000000000e+06 3.270700000000000000e+04
1.470000000000000000e+06 3.168500000000000000e+04
1.480000000000000000e+06 3.042400000000000000e+04
1.490000000000000000e+06 2.919600000000000000e+04
1.500000000000000000e+06 2.819200000000000000e+04
1.510000000000000000e+06 2.734400000000000000e+04
1.520000000000000000e+06 2.588500000000000000e+04
1.530000000000000000e+06 2.501000000000000000e+04
1.540000000000000000e+06 2.373000000000000000e+04
1.550000000000000000e+06 2.276500000000000000e+04
1.560000000000000000e+06 2.174900000000000000e+04
1.570000000000000000e+06 2.054300000000000000e+04
1.580000000000000000e+06 1.962500000000000000e+04
1.590000000000000000e+06 1.873300000000000000e+04
1.600000000000000000e+06 1.764700000000000000e+04
1.610000000000000000e+06 1.688300000000000000e+04
1.620000000000000000e+06 1.601600000000000000e+04
1.630000000000000000e+06 1.558900000000000000e+04
1.640000000000000000e+06 1.462200000000000000e+04
1.650000000000000000e+06 1.429000000000000000e+04
1.660000000000000000e+06 1.398000000000000000e+04
1.670000000000000000e+06 1.369200000000000000e+04
1.680000000000000000e+06 1.364700000000000000e+04
1.690000000000000000e+06 1.352400000000000000e+04
1.700000000000000000e+06 1.342700000000000000e+04
1.710000000000000000e+06 1.354400000000000000e+04
1.720000000000000000e+06 1.382900000000000000e+04
1.730000000000000000e+06 1.410900000000000000e+04
1.740000000000000000e+06 1.439500000000000000e+04
1.750000000000000000e+06 1.532600000000000000e+04
1.760000000000000000e+06 1.557800000000000000e+04
1.770000000000000000e+06 1.630600000000000000e+04
1.780000000000000000e+06 1.749500000000000000e+04
1.790000000000000000e+06 1.797800000000000000e+04
1.800000000000000000e+06 1.880000000000000000e+04
1.810000000000000000e+06 2.008000000000000000e+04
1.820000000000000000e+06 2.105800000000000000e+04
1.830000000000000000e+06 2.203600000000000000e+04
1.840000000000000000e+06 2.288900000000000000e+04
1.850000000000000000e+06 2.413000000000000000e+04
1.860000000000000000e+06 2.532300000000000000e+04
1.870000000000000000e+06 2.669000000000000000e+04
1.880000000000000000e+06 2.758600000000000000e+04
1.890000000000000000e+06 2.881800000000000000e+04
1.900000000000000000e+06 3.021600000000000000e+04
1.910000000000000000e+06 3.081700000000000000e+04
1.920000000000000000e+06 3.217600000000000000e+04
1.930000000000000000e+06 3.329400000000000000e+04
1.940000000000000000e+06 3.403700000000000000e+04
1.950000000000000000e+06 3.514600000000000000e+04
1.960000000000000000e+06 3.572000000000000000e+04
1.970000000000000000e+06 3.653500000000000000e+04
1.980000000000000000e+06 3.773800000000000000e+04
1.990000000000000000e+06 3.821100000000000000e+04
