0.000000000000000000e+00 3.450000000000000000e+03
5.000000000000000000e+03 3.584000000000000000e+03
1.000000000000000000e+04 3.669000000000000000e+03
1.500000000000000000e+04 3.582000000000000000e+03
2.000000000000000000e+04 3.610000000000000000e+03
2.500000000000000000e+04 3.796000000000000000e+03
3.000000000000000000e+04 3.731000000000000000e+03
3.500000000000000000e+04 3.846000000000000000e+03
4.000000000000000000e+04 3.797000000000000000e+03
4.500000000000000000e+04 3.870000000000000000e+03
5.000000000000000000e+04 4.003000000000000000e+03
5.500000000000000000e+04 3.883000000000000000e+03
6.000000000000000000e+04 3.825000000000000000e+03
6.500000000000000000e+04 3.881000000000000000e+03
7.000000000000000000e+04 4.014000000000000000e+03
7.500000000000000000e+04 3.983000000000000000e+03
8.000000000000000000e+04 3.964000000000000000e+03
8.500000000000000000e+04 4.034000000000000000e+03
9.000000000000000000e+04 3.947000000000000000e+03
9.500000000000000000e+04 3.971000000000000000e+03
1.000000000000000000e+05 3.941000000000000000e+03
1.050000000000000000e+05 3.843000000000000000e+03
1.100000000000000000e+05 4.016000000000000000e+03
1.150000000000000000e+05 4.027000000000000000e+03
1.200000000000000000e+05 3.823000000000000000e+03
1.250000000000000000e+05 3.835000000000000000e+03
1.300000000000000000e+05 4.057000000000000000e+03
1.350000000000000000e+05 3.846000000000000000e+03
1.400000000000000000e+05 3.910000000000000000e+03
1.450000000000000000e+05 3.808000000000000000e+03
1.500000000000000000e+05 3.832000000000000000e+03
1.550000000000000000e+05 3.740000000000000000e+03
1.600000000000000000e+05 3.697000000000000000e+03
1.650000000000000000e+05 3.754000000000000000e+03
1.700000000000000000e+05 3.703000000000000000e+03
1.750000000000000000e+05 3.673000000000000000e+03
1.800000000000000000e+05 3.588000000000000000e+03
1.850000000000000000e+05 3.531000000000000000e+03
1.900000000000000000e+05 3.486000000000000000e+03
1.950000000000000000e+05 3.425000000000000000e+03
2.000000000000000000e+05 3.445000000000000000e+03
2.050000000000000000e+05 3.321000000000000000e+03
2.100000000000000000e+05 3.274000000000000000e+03
2.150000000000000000e+05 3.088000000000000000e+03
2.200000000000000000e+05 3.225000000000000000e+03
2.250000000000000000e+05 3.029000000000000000e+03
2.300000000000000000e+05 3.015000000000000000e+03
2.350000000000000000e+05 2.835000000000000000e+03
2.400000000000000000e+05 2.776000000000000000e+03
2.450000000000000000e+05 2.804000000000000000e+03
2.500000000000000000e+05 2.642000000000000000e+03
2.550000000000000000e+05 2.451000000000000000e+03
2.600000000000000000e+05 2.564000000000000000e+03
2.650000000000000000e+05 2.520000000000000000e+03
2.700000000000000000e+05 2.298000000000000000e+03
2.750000000000000000e+05 2.236000000000000000e+03
2.800000000000000000e+05 2.262000000000000000e+03
2.850000000000000000e+05 2.091000000000000000e+03
2.900000000000000000e+05 2.057000000000000000e+03
2.950000000000000000e+05 1.962000000000000000e+03
3.000000000000000000e+05 1.899000000000000000e+03
3.050000000000000000e+05 1.800000000000000000e+03
3.100000000000000000e+05 1.776000000000000000e+03
3.150000000000000000e+05 1.752000000000000000e+03
3.200000000000000000e+05 1.706000000000000000e+03
3.250000000000000000e+05 1.581000000000000000e+03
3.300000000000000000e+05 1.603000000000000000e+03
3.350000000000000000e+05 1.533000000000000000e+03
3.400000000000000000e+05 1.577000000000000000e+03
3.450000000000000000e+05 1.507000000000000000e+03
3.500000000000000000e+05 1.597000000000000000e+03
3.550000000000000000e+05 1.500000000000000000e+03
3.600000000000000000e+05 1.498000000000000000e+03
3.650000000000000000e+05 1.665000000000000000e+03
3.700000000000000000e+05 1.679000000000000000e+03
3.750000000000000000e+05 1.731000000000000000e+03
3.800000000000000000e+05 1.709000000000000000e+03
3.850000000000000000e+05 1.799000000000000000e+03
3.900000000000000000e+05 1.812000000000000000e+03
3.950000000000000000e+05 1.925000000000000000e+03
4.000000000000000000e+05 2.043000000000000000e+03
4.050000000000000000e+05 2.066000000000000000e+03
4.100000000000000000e+05 2.146000000000000000e+03
4.150000000000000000e+05 2.178000000000000000e+03
4.200000000000000000e+05 2.330000000000000000e+03
4.250000000000000000e+05 2.461000000000000000e+03
4.300000000000000000e+05 2.425000000000000000e+03
4.350000000000000000e+05 2.524000000000000000e+03
4.400000000000000000e+05 2.674000000000000000e+03
4.450000000000000000e+05 2.751000000000000000e+03
4.500000000000000000e+05 2.822000000000000000e+03
4.550000000000000000e+05 2.931000000000000000e+03
4.600000000000000000e+05 3.145000000000000000e+03
4.650000000000000000e+05 3.069000000000000000e+03
4.700000000000000000e+05 3.200000000000000000e+03
4.750000000000000000e+05 3.171000000000000000e+03
4.800000000000000000e+05 3.406000000000000000e+03
4.850000000000000000e+05 3.325000000000000000e+03
4.900000000000000000e+05 3.384000000000000000e+03
4.950000000000000000e+05 3.507000000000000000e+03
5.000000000000000000e+05 3.580000000000000000e+03
5.050000000000000000e+05 3.699000000000000000e+03
5.100000000000000000e+05 3.730000000000000000e+03
5.150000000000000000e+05 3.605000000000000000e+03
5.200000000000000000e+05 3.603000000000000000e+03
5.250000000000000000e+05 3.693000000000000000e+03
5.300000000000000000e+05 3.616000000000000000e+03
5.350000000000000000e+05 3.918000000000000000e+03
5.400000000000000000e+05 3.921000000000000000e+03
5.450000000000000000e+05 3.830000000000000000e+03
5.500000000000000000e+05 3.964000000000000000e+03
5.550000000000000000e+05 3.756000000000000000e+03
5.600000000000000000e+05 3.957000000000000000e+03
5.650000000000000000e+05 3.922000000000000000e+03
5.700000000000000000e+05 3.858000000000000000e+03
5.750000000000000000e+05 3.998000000000000000e+03
5.800000000000000000e+05 3.890000000000000000e+03
5.850000000000000000e+05 3.962000000000000000e+03
5.900000000000000000e+05 4.061000000000000000e+03
5.950000000000000000e+05 3.929000000000000000e+03
6.000000000000000000e+05 3.907000000000000000e+03
6.050000000000000000e+05 3.969000000000000000e+03
6.100000000000000000e+05 4.017000000000000000e+03
6.150000000000000000e+05 4.029000000000000000e+03
6.200000000000000000e+05 3.974000000000000000e+03
6.250000000000000000e+05 4.030000000000000000e+03
6.300000000000000000e+05 4.041000000000000000e+03
6.350000000000000000e+05 3.976000000000000000e+03
6.400000000000000000e+05 3.988000000000000000e+03
6.450000000000000000e+05 3.800000000000000000e+03
6.500000000000000000e+05 3.865000000000000000e+03
6.550000000000000000e+05 3.942000000000000000e+03
6.600000000000000000e+05 3.752000000000000000e+03
6.650000000000000000e+05 3.751000000000000000e+03
6.700000000000000000e+05 3.844000000000000000e+03
6.750000000000000000e+05 3.758000000000000000e+03
6.800000000000000000e+05 3.693000000000000000e+03
6.850000000000000000e+05 3.650000000000000000e+03
6.900000000000000000e+05 3.527000000000000000e+03
6.950000000000000000e+05 3.456000000000000000e+03
7.000000000000000000e+05 3.312000000000000000e+03
7.050000000000000000e+05 3.348000000000000000e+03
7.100000000000000000e+05 3.292000000000000000e+03
7.150000000000000000e+05 3.318000000000000000e+03
7.200000000000000000e+05 3.191000000000000000e+03
7.250000000000000000e+05 3.167000000000000000e+03
7.300000000000000000e+05 2.995000000000000000e+03
7.350000000000000000e+05 2.959000000000000000e+03
7.400000000000000000e+05 2.808000000000000000e+03
7.450000000000000000e+05 2.742000000000000000e+03
7.500000000000000000e+05 2.642000000000000000e+03
7.550000000000000000e+05 2.599000000000000000e+03
7.600000000000000000e+05 2.610000000000000000e+03
7.650000000000000000e+05 2.506000000000000000e+03
7.700000000000000000e+05 2.291000000000000000e+03
7.750000000000000000e+05 2.204000000000000000e+03
7.800000000000000000e+05 2.122000000000000000e+03
7.850000000000000000e+05 2.134000000000000000e+03
7.900000000000000000e+05 1.962000000000000000e+03
7.950000000000000000e+05 1.919000000000000000e+03
8.000000000000000000e+05 1.898000000000000000e+03
8.050000000000000000e+05 1.808000000000000000e+03
8.100000000000000000e+05 1.708000000000000000e+03
8.150000000000000000e+05 1.731000000000000000e+03
8.200000000000000000e+05 1.693000000000000000e+03
8.250000000000000000e+05 1.643000000000000000e+03
8.300000000000000000e+05 1.677000000000000000e+03
8.350000000000000000e+05 1.647000000000000000e+03
8.400000000000000000e+05 1.574000000000000000e+03
8.450000000000000000e+05 1.610000000000000000e+03
8.500000000000000000e+05 1.564000000000000000e+03
8.550000000000000000e+05 1.561000000000000000e+03
8.600000000000000000e+05 1.603000000000000000e+03
8.650000000000000000e+05 1.573000000000000000e+03
8.700000000000000000e+05 1.624000000000000000e+03
8.750000000000000000e+05 1.748000000000000000e+03
8.800000000000000000e+05 1.761000000000000000e+03
8.850000000000000000e+05 1.703000000000000000e+03
8.900000000000000000e+05 1.823000000000000000e+03
8.950000000000000000e+05 1.854000000000000000e+03
9.000000000000000000e+05 2.001000000000000000e+03
9.050000000000000000e+05 2.075000000000000000e+03
9.100000000000000000e+05 2.162000000000000000e+03
9.150000000000000000e+05 2.258000000000000000e+03
9.200000000000000000e+05 2.320000000000000000e+03
9.250000000000000000e+05 2.408000000000000000e+03
9.300000000000000000e+05 2.502000000000000000e+03
9.350000000000000000e+05 2.561000000000000000e+03
9.400000000000000000e+05 2.706000000000000000e+03
9.450000000000000000e+05 2.759000000000000000e+03
9.500000000000000000e+05 2.775000000000000000e+03
9.550000000000000000e+05 2.846000000000000000e+03
9.600000000000000000e+05 2.963000000000000000e+03
9.650000000000000000e+05 2.990000000000000000e+03
9.700000000000000000e+05 3.161000000000000000e+03
9.750000000000000000e+05 3.262000000000000000e+03
9.800000000000000000e+05 3.220000000000000000e+03
9.850000000000000000e+05 3.419000000000000000e+03
9.900000000000000000e+05 3.433000000000000000e+03
9.950000000000000000e+05 3.469000000000000000e+03
