0.000000000000000000e+00 2.163000000000000000e+03
2.000000000000000000e+02 2.175000000000000000e+03
4.000000000000000000e+02 2.239000000000000000e+03
6.000000000000000000e+02 2.207000000000000000e+03
8.000000000000000000e+02 2.267000000000000000e+03
1.000000000000000000e+03 2.278000000000000000e+03
1.200000000000000000e+03 2.277000000000000000e+03
1.400000000000000000e+03 2.289000000000000000e+03
1.600000000000000000e+03 2.286000000000000000e+03
1.800000000000000000e+03 2.403000000000000000e+03
2.000000000000000000e+03 2.397000000000000000e+03
2.200000000000000000e+03 2.363000000000000000e+03
2.400000000000000000e+03 2.326000000000000000e+03
2.600000000000000000e+03 2.413000000000000000e+03
2.800000000000000000e+03 2.362000000000000000e+03
3.000000000000000000e+03 2.448000000000000000e+03
3.200000000000000000e+03 2.429000000000000000e+03
3.400000000000000000e+03 2.496000000000000000e+03
3.600000000000000000e+03 2.414000000000000000e+03
3.800000000000000000e+03 2.379000000000000000e+03
4.000000000000000000e+03 2.500000000000000000e+03
4.200000000000000000e+03 2.444000000000000000e+03
4.400000000000000000e+03 2.386000000000000000e+03
4.600000000000000000e+03 2.451000000000000000e+03
4.800000000000000000e+03 2.404000000000000000e+03
5.000000000000000000e+03 2.378000000000000000e+03
5.200000000000000000e+03 2.430000000000000000e+03
5.400000000000000000e+03 2.539000000000000000e+03
5.600000000000000000e+03 2.240000000000000000e+03
5.800000000000000000e+03 2.409000000000000000e+03
6.000000000000000000e+03 2.354000000000000000e+03
6.200000000000000000e+03 2.309000000000000000e+03
6.400000000000000000e+03 2.379000000000000000e+03
6.600000000000000000e+03 2.320000000000000000e+03
6.800000000000000000e+03 2.374000000000000000e+03
7.000000000000000000e+03 2.267000000000000000e+03
7.200000000000000000e+03 2.264000000000000000e+03
7.400000000000000000e+03 2.248000000000000000e+03
7.600000000000000000e+03 2.156000000000000000e+03
7.800000000000000000e+03 2.077000000000000000e+03
8.000000000000000000e+03 2.062000000000000000e+03
8.200000000000000000e+03 2.013000000000000000e+03
8.400000000000000000e+03 1.986000000000000000e+03
8.600000000000000000e+03 2.039000000000000000e+03
8.800000000000000000e+03 1.944000000000000000e+03
9.000000000000000000e+03 1.910000000000000000e+03
9.200000000000000000e+03 1.892000000000000000e+03
9.400000000000000000e+03 1.732000000000000000e+03
9.600000000000000000e+03 1.703000000000000000e+03
9.800000000000000000e+03 1.720000000000000000e+03
1.000000000000000000e+04 1.651000000000000000e+03
1.020000000000000000e+04 1.568000000000000000e+03
1.040000000000000000e+04 1.516000000000000000e+03
1.060000000000000000e+04 1.503000000000000000e+03
1.080000000000000000e+04 1.471000000000000000e+03
1.100000000000000000e+04 1.412000000000000000e+03
1.120000000000000000e+04 1.324000000000000000e+03
1.140000000000000000e+04 1.320000000000000000e+03
1.160000000000000000e+04 1.275000000000000000e+03
1.180000000000000000e+04 1.216000000000000000e+03
1.200000000000000000e+04 1.152000000000000000e+03
1.220000000000000000e+04 1.107000000000000000e+03
1.240000000000000000e+04 1.097000000000000000e+03
1.260000000000000000e+04 1.041000000000000000e+03
1.280000000000000000e+04 9.940000000000000000e+02
1.300000000000000000e+04 9.400000000000000000e+02
1.320000000000000000e+04 9.920000000000000000e+02
1.340000000000000000e+04 9.940000000000000000e+02
1.360000000000000000e+04 9.060000000000000000e+02
1.380000000000000000e+04 8.930000000000000000e+02
1.400000000000000000e+04 8.980000000000000000e+02
1.420000000000000000e+04 9.100000000000000000e+02
1.440000000000000000e+04 8.330000000000000000e+02
1.460000000000000000e+04 9.900000000000000000e+02
1.480000000000000000e+04 9.370000000000000000e+02
1.500000000000000000e+04 9.910000000000000000e+02
1.520000000000000000e+04 1.033000000000000000e+03
1.540000000000000000e+04 1.021000000000000000e+03
1.560000000000000000e+04 1.063000000000000000e+03
1.580000000000000000e+04 1.110000000000000000e+03
1.600000000000000000e+04 1.146000000000000000e+03
1.620000000000000000e+04 1.144000000000000000e+03
1.640000000000000000e+04 1.239000000000000000e+03
1.660000000000000000e+04 1.274000000000000000e+03
1.680000000000000000e+04 1.391000000000000000e+03
1.700000000000000000e+04 1.369000000000000000e+03
1.720000000000000000e+04 1.411000000000000000e+03
1.740000000000000000e+04 1.559000000000000000e+03
1.760000000000000000e+04 1.679000000000000000e+03
1.780000000000000000e+04 1.611000000000000000e+03
1.800000000000000000e+04 1.694000000000000000e+03
1.820000000000000000e+04 1.764000000000000000e+03
1.840000000000000000e+04 1.772000000000000000e+03
1.860000000000000000e+04 1.948000000000000000e+03
1.880000000000000000e+04 1.947000000000000000e+03
1.900000000000000000e+04 1.941000000000000000e+03
1.920000000000000000e+04 1.933000000000000000e+03
1.940000000000000000e+04 2.040000000000000000e+03
1.960000000000000000e+04 2.086000000000000000e+03
1.980000000000000000e+04 2.204000000000000000e+03
2.000000000000000000e+04 2.144000000000000000e+03
2.020000000000000000e+04 2.183000000000000000e+03
2.040000000000000000e+04 2.199000000000000000e+03
2.060000000000000000e+04 2.168000000000000000e+03
2.080000000000000000e+04 2.249000000000000000e+03
2.100000000000000000e+04 2.323000000000000000e+03
2.120000000000000000e+04 2.321000000000000000e+03
2.140000000000000000e+04 2.288000000000000000e+03
2.160000000000000000e+04 2.328000000000000000e+03
2.180000000000000000e+04 2.391000000000000000e+03
2.200000000000000000e+04 2.307000000000000000e+03
2.220000000000000000e+04 2.302000000000000000e+03
2.240000000000000000e+04 2.371000000000000000e+03
2.260000000000000000e+04 2.321000000000000000e+03
2.280000000000000000e+04 2.364000000000000000e+03
2.300000000000000000e+04 2.402000000000000000e+03
2.320000000000000000e+04 2.365000000000000000e+03
2.340000000000000000e+04 2.443000000000000000e+03
2.360000000000000000e+04 2.392000000000000000e+03
2.380000000000000000e+04 2.416000000000000000e+03
2.400000000000000000e+04 2.464000000000000000e+03
2.420000000000000000e+04 2.437000000000000000e+03
2.440000000000000000e+04 2.460000000000000000e+03
2.460000000000000000e+04 2.361000000000000000e+03
2.480000000000000000e+04 2.368000000000000000e+03
2.500000000000000000e+04 2.372000000000000000e+03
2.520000000000000000e+04 2.351000000000000000e+03
2.540000000000000000e+04 2.381000000000000000e+03
2.560000000000000000e+04 2.391000000000000000e+03
2.580000000000000000e+04 2.430000000000000000e+03
2.600000000000000000e+04 2.367000000000000000e+03
2.620000000000000000e+04 2.323000000000000000e+03
2.640000000000000000e+04 2.252000000000000000e+03
2.660000000000000000e+04 2.315000000000000000e+03
2.680000000000000000e+04 2.267000000000000000e+03
2.700000000000000000e+04 2.269000000000000000e+03
2.720000000000000000e+04 2.270000000000000000e+03
2.740000000000000000e+04 2.194000000000000000e+03
2.760000000000000000e+04 2.099000000000000000e+03
2.780000000000000000e+04 2.091000000000000000e+03
2.800000000000000000e+04 2.061000000000000000e+03
2.820000000000000000e+04 2.038000000000000000e+03
2.840000000000000000e+04 1.944000000000000000e+03
2.860000000000000000e+04 2.013000000000000000e+03
2.880000000000000000e+04 1.880000000000000000e+03
2.900000000000000000e+04 1.842000000000000000e+03
2.920000000000000000e+04 1.900000000000000000e+03
2.940000000000000000e+04 1.770000000000000000e+03
2.960000000000000000e+04 1.722000000000000000e+03
2.980000000000000000e+04 1.782000000000000000e+03
3.000000000000000000e+04 1.674000000000000000e+03
3.020000000000000000e+04 1.585000000000000000e+03
3.040000000000000000e+04 1.541000000000000000e+03
3.060000000000000000e+04 1.539000000000000000e+03
3.080000000000000000e+04 1.429000000000000000e+03
3.100000000000000000e+04 1.353000000000000000e+03
3.120000000000000000e+04 1.292000000000000000e+03
3.140000000000000000e+04 1.250000000000000000e+03
3.160000000000000000e+04 1.267000000000000000e+03
3.180000000000000000e+04 1.207000000000000000e+03
3.200000000000000000e+04 1.132000000000000000e+03
3.220000000000000000e+04 1.074000000000000000e+03
3.240000000000000000e+04 1.064000000000000000e+03
3.260000000000000000e+04 1.040000000000000000e+03
3.280000000000000000e+04 9.730000000000000000e+02
3.300000000000000000e+04 9.990000000000000000e+02
3.320000000000000000e+04 9.510000000000000000e+02
3.340000000000000000e+04 9.390000000000000000e+02
3.360000000000000000e+04 9.510000000000000000e+02
3.380000000000000000e+04 9.090000000000000000e+02
3.400000000000000000e+04 9.570000000000000000e+02
3.420000000000000000e+04 9.230000000000000000e+02
3.440000000000000000e+04 9.450000000000000000e+02
3.460000000000000000e+04 9.480000000000000000e+02
3.480000000000000000e+04 9.710000000000000000e+02
3.500000000000000000e+04 9.560000000000000000e+02
3.520000000000000000e+04 1.041000000000000000e+03
3.540000000000000000e+04 1.085000000000000000e+03
3.560000000000000000e+04 1.001000000000000000e+03
3.580000000000000000e+04 1.078000000000000000e+03
3.600000000000000000e+04 1.131000000000000000e+03
3.620000000000000000e+04 1.273000000000000000e+03
3.640000000000000000e+04 1.263000000000000000e+03
3.660000000000000000e+04 1.317000000000000000e+03
3.680000000000000000e+04 1.286000000000000000e+03
3.700000000000000000e+04 1.409000000000000000e+03
3.720000000000000000e+04 1.510000000000000000e+03
3.740000000000000000e+04 1.514000000000000000e+03
3.760000000000000000e+04 1.602000000000000000e+03
3.780000000000000000e+04 1.665000000000000000e+03
3.800000000000000000e+04 1.658000000000000000e+03
3.820000000000000000e+04 1.750000000000000000e+03
3.840000000000000000e+04 1.820000000000000000e+03
3.860000000000000000e+04 1.825000000000000000e+03
3.880000000000000000e+04 1.883000000000000000e+03
3.900000000000000000e+04 1.937000000000000000e+03
3.920000000000000000e+04 1.958000000000000000e+03
3.940000000000000000e+04 2.002000000000000000e+03
3.960000000000000000e+04 2.082000000000000000e+03
3.980000000000000000e+04 2.050000000000000000e+03
