0.000000000000000000e+00 9.721000000000000000e+03
2.000000000000000000e+02 1.020100000000000000e+04
4.000000000000000000e+02 1.054600000000000000e+04
6.000000000000000000e+02 1.088800000000000000e+04
8.000000000000000000e+02 1.099900000000000000e+04
1.000000000000000000e+03 1.124400000000000000e+04
1.200000000000000000e+03 1.164100000000000000e+04
1.400000000000000000e+03 1.182600000000000000e+04
1.600000000000000000e+03 1.186000000000000000e+04
1.800000000000000000e+03 1.200600000000000000e+04
2.000000000000000000e+03 1.235500000000000000e+04
2.200000000000000000e+03 1.245500000000000000e+04
2.400000000000000000e+03 1.239100000000000000e+04
2.600000000000000000e+03 1.258200000000000000e+04
2.800000000000000000e+03 1.287800000000000000e+04
3.000000000000000000e+03 1.266500000000000000e+04
3.200000000000000000e+03 1.298600000000000000e+04
3.400000000000000000e+03 1.292400000000000000e+04
3.600000000000000000e+03 1.303100000000000000e+04
3.800000000000000000e+03 1.303000000000000000e+04
4.000000000000000000e+03 1.295300000000000000e+04
4.200000000000000000e+03 1.305400000000000000e+04
4.400000000000000000e+03 1.319000000000000000e+04
4.600000000000000000e+03 1.279500000000000000e+04
4.800000000000000000e+03 1.276300000000000000e+04
5.000000000000000000e+03 1.250300000000000000e+04
5.200000000000000000e+03 1.251000000000000000e+04
5.400000000000000000e+03 1.256800000000000000e+04
5.600000000000000000e+03 1.223500000000000000e+04
5.800000000000000000e+03 1.213400000000000000e+04
6.000000000000000000e+03 1.191700000000000000e+04
6.200000000000000000e+03 1.177400000000000000e+04
6.400000000000000000e+03 1.170100000000000000e+04
6.600000000000000000e+03 1.152700000000000000e+04
6.800000000000000000e+03 1.117600000000000000e+04
7.000000000000000000e+03 1.062400000000000000e+04
7.200000000000000000e+03 1.034800000000000000e+04
7.400000000000000000e+03 1.027900000000000000e+04
7.600000000000000000e+03 9.896000000000000000e+03
7.800000000000000000e+03 9.555000000000000000e+03
8.000000000000000000e+03 9.141000000000000000e+03
8.200000000000000000e+03 9.020000000000000000e+03
8.400000000000000000e+03 8.470000000000000000e+03
8.600000000000000000e+03 8.253000000000000000e+03
8.800000000000000000e+03 7.831000000000000000e+03
9.000000000000000000e+03 7.446000000000000000e+03
9.200000000000000000e+03 6.916000000000000000e+03
9.400000000000000000e+03 6.655000000000000000e+03
9.600000000000000000e+03 6.346000000000000000e+03
9.800000000000000000e+03 5.682000000000000000e+03
1.000000000000000000e+04 5.495000000000000000e+03
1.020000000000000000e+04 5.251000000000000000e+03
1.040000000000000000e+04 4.661000000000000000e+03
1.060000000000000000e+04 4.410000000000000000e+03
1.080000000000000000e+04 4.179000000000000000e+03
1.100000000000000000e+04 3.905000000000000000e+03
1.120000000000000000e+04 3.603000000000000000e+03
1.140000000000000000e+04 3.361000000000000000e+03
1.160000000000000000e+04 3.132000000000000000e+03
1.180000000000000000e+04 2.907000000000000000e+03
1.200000000000000000e+04 2.719000000000000000e+03
1.220000000000000000e+04 2.570000000000000000e+03
1.240000000000000000e+04 2.471000000000000000e+03
1.260000000000000000e+04 2.280000000000000000e+03
1.280000000000000000e+04 2.145000000000000000e+03
1.300000000000000000e+04 2.098000000000000000e+03
1.320000000000000000e+04 1.971000000000000000e+03
1.340000000000000000e+04 1.913000000000000000e+03
1.360000000000000000e+04 1.961000000000000000e+03
1.380000000000000000e+04 1.868000000000000000e+03
1.400000000000000000e+04 1.867000000000000000e+03
1.420000000000000000e+04 1.950000000000000000e+03
1.440000000000000000e+04 2.036000000000000000e+03
1.460000000000000000e+04 2.066000000000000000e+03
1.480000000000000000e+04 2.188000000000000000e+03
1.500000000000000000e+04 2.220000000000000000e+03
1.520000000000000000e+04 2.285000000000000000e+03
1.540000000000000000e+04 2.494000000000000000e+03
1.560000000000000000e+04 2.653000000000000000e+03
1.580000000000000000e+04 2.818000000000000000e+03
1.600000000000000000e+04 3.074000000000000000e+03
1.620000000000000000e+04 3.235000000000000000e+03
1.640000000000000000e+04 3.469000000000000000e+03
1.660000000000000000e+04 3.870000000000000000e+03
1.680000000000000000e+04 4.090000000000000000e+03
1.700000000000000000e+04 4.329000000000000000e+03
1.720000000000000000e+04 4.729000000000000000e+03
1.740000000000000000e+04 5.053000000000000000e+03
1.760000000000000000e+04 5.326000000000000000e+03
1.780000000000000000e+04 5.790000000000000000e+03
1.800000000000000000e+04 6.172000000000000000e+03
1.820000000000000000e+04 6.505000000000000000e+03
1.840000000000000000e+04 6.970000000000000000e+03
1.860000000000000000e+04 7.206000000000000000e+03
1.880000000000000000e+04 7.515000000000000000e+03
1.900000000000000000e+04 8.115000000000000000e+03
1.920000000000000000e+04 8.551000000000000000e+03
1.940000000000000000e+04 8.842000000000000000e+03
1.960000000000000000e+04 9.175000000000000000e+03
1.980000000000000000e+04 9.630000000000000000e+03
2.000000000000000000e+04 9.800000000000000000e+03
2.020000000000000000e+04 1.027900000000000000e+04
2.040000000000000000e+04 1.076400000000000000e+04
2.060000000000000000e+04 1.071900000000000000e+04
2.080000000000000000e+04 1.085100000000000000e+04
2.100000000000000000e+04 1.124200000000000000e+04
2.120000000000000000e+04 1.167000000000000000e+04
2.140000000000000000e+04 1.169500000000000000e+04
2.160000000000000000e+04 1.181600000000000000e+04
2.180000000000000000e+04 1.209600000000000000e+04
2.200000000000000000e+04 1.226000000000000000e+04
2.220000000000000000e+04 1.227100000000000000e+04
2.240000000000000000e+04 1.274900000000000000e+04
2.260000000000000000e+04 1.263500000000000000e+04
2.280000000000000000e+04 1.287700000000000000e+04
2.300000000000000000e+04 1.276500000000000000e+04
2.320000000000000000e+04 1.319000000000000000e+04
2.340000000000000000e+04 1.314800000000000000e+04
2.360000000000000000e+04 1.306200000000000000e+04
2.380000000000000000e+04 1.305500000000000000e+04
2.400000000000000000e+04 1.304400000000000000e+04
2.420000000000000000e+04 1.311400000000000000e+04
2.440000000000000000e+04 1.280600000000000000e+04
2.460000000000000000e+04 1.285700000000000000e+04
2.480000000000000000e+04 1.268600000000000000e+04
2.500000000000000000e+04 1.262900000000000000e+04
2.520000000000000000e+04 1.250700000000000000e+04
2.540000000000000000e+04 1.247700000000000000e+04
2.560000000000000000e+04 1.203700000000000000e+04
2.580000000000000000e+04 1.221900000000000000e+04
2.600000000000000000e+04 1.196100000000000000e+04
2.620000000000000000e+04 1.219500000000000000e+04
2.640000000000000000e+04 1.159200000000000000e+04
2.660000000000000000e+04 1.161700000000000000e+04
2.680000000000000000e+04 1.119500000000000000e+04
2.700000000000000000e+04 1.076400000000000000e+04
2.720000000000000000e+04 1.067400000000000000e+04
2.740000000000000000e+04 1.023400000000000000e+04
2.760000000000000000e+04 9.827000000000000000e+03
2.780000000000000000e+04 9.480000000000000000e+03
2.800000000000000000e+04 9.305000000000000000e+03
2.820000000000000000e+04 9.117000000000000000e+03
2.840000000000000000e+04 8.675000000000000000e+03
2.860000000000000000e+04 7.997000000000000000e+03
2.880000000000000000e+04 7.835000000000000000e+03
2.900000000000000000e+04 7.485000000000000000e+03
2.920000000000000000e+04 7.004000000000000000e+03
2.940000000000000000e+04 6.558000000000000000e+03
2.960000000000000000e+04 6.174000000000000000e+03
2.980000000000000000e+04 5.809000000000000000e+03
3.000000000000000000e+04 5.457000000000000000e+03
3.020000000000000000e+04 5.092000000000000000e+03
3.040000000000000000e+04 4.730000000000000000e+03
3.060000000000000000e+04 4.435000000000000000e+03
3.080000000000000000e+04 4.167000000000000000e+03
3.100000000000000000e+04 3.926000000000000000e+03
3.120000000000000000e+04 3.519000000000000000e+03
3.140000000000000000e+04 3.342000000000000000e+03
3.160000000000000000e+04 3.144000000000000000e+03
3.180000000000000000e+04 2.965000000000000000e+03
3.200000000000000000e+04 2.680000000000000000e+03
3.220000000000000000e+04 2.470000000000000000e+03
3.240000000000000000e+04 2.426000000000000000e+03
3.260000000000000000e+04 2.158000000000000000e+03
3.280000000000000000e+04 2.236000000000000000e+03
3.300000000000000000e+04 2.050000000000000000e+03
3.320000000000000000e+04 2.068000000000000000e+03
3.340000000000000000e+04 1.919000000000000000e+03
3.360000000000000000e+04 1.978000000000000000e+03
3.380000000000000000e+04 1.898000000000000000e+03
3.400000000000000000e+04 1.970000000000000000e+03
3.420000000000000000e+04 1.950000000000000000e+03
3.440000000000000000e+04 2.037000000000000000e+03
3.460000000000000000e+04 2.052000000000000000e+03
3.480000000000000000e+04 2.096000000000000000e+03
3.500000000000000000e+04 2.243000000000000000e+03
3.520000000000000000e+04 2.349000000000000000e+03
3.540000000000000000e+04 2.438000000000000000e+03
3.560000000000000000e+04 2.679000000000000000e+03
3.580000000000000000e+04 2.956000000000000000e+03
3.600000000000000000e+04 3.033000000000000000e+03
3.620000000000000000e+04 3.183000000000000000e+03
3.640000000000000000e+04 3.520000000000000000e+03
3.660000000000000000e+04 3.887000000000000000e+03
3.680000000000000000e+04 3.933000000000000000e+03
3.700000000000000000e+04 4.409000000000000000e+03
3.720000000000000000e+04 4.615000000000000000e+03
3.740000000000000000e+04 4.963000000000000000e+03
3.760000000000000000e+04 5.199000000000000000e+03
3.780000000000000000e+04 5.944000000000000000e+03
3.800000000000000000e+04 6.243000000000000000e+03
3.820000000000000000e+04 6.397000000000000000e+03
3.840000000000000000e+04 6.791000000000000000e+03
3.860000000000000000e+04 7.237000000000000000e+03
3.880000000000000000e+04 7.700000000000000000e+03
3.900000000000000000e+04 8.095000000000000000e+03
3.920000000000000000e+04 8.412000000000000000e+03
3.940000000000000000e+04 8.752000000000000000e+03
3.960000000000000000e+04 9.239000000000000000e+03
3.980000000000000000e+04 9.642000000000000000e+03
