0.000000000000000000e+00 1.016400000000000000e+04
3.300000000000000000e+01 1.080400000000000000e+04
6.600000000000000000e+01 1.091900000000000000e+04
9.900000000000000000e+01 1.125600000000000000e+04
1.320000000000000000e+02 1.157100000000000000e+04
1.650000000000000000e+02 1.175500000000000000e+04
1.980000000000000000e+02 1.188400000000000000e+04
2.310000000000000000e+02 1.193300000000000000e+04
2.640000000000000000e+02 1.250300000000000000e+04
2.970000000000000000e+02 1.245900000000000000e+04
3.300000000000000000e+02 1.282100000000000000e+04
3.630000000000000000e+02 1.317200000000000000e+04
3.960000000000000000e+02 1.331400000000000000e+04
4.290000000000000000e+02 1.312900000000000000e+04
4.620000000000000000e+02 1.330300000000000000e+04
4.950000000000000000e+02 1.360500000000000000e+04
5.280000000000000000e+02 1.349500000000000000e+04
5.610000000000000000e+02 1.352500000000000000e+04
5.940000000000000000e+02 1.334900000000000000e+04
6.270000000000000000e+02 1.366900000000000000e+04
6.600000000000000000e+02 1.349700000000000000e+04
6.930000000000000000e+02 1.329300000000000000e+04
7.260000000000000000e+02 1.354400000000000000e+04
7.590000000000000000e+02 1.342500000000000000e+04
7.920000000000000000e+02 1.341100000000000000e+04
8.250000000000000000e+02 1.356400000000000000e+04
8.580000000000000000e+02 1.308900000000000000e+04
8.910000000000000000e+02 1.309600000000000000e+04
9.240000000000000000e+02 1.274500000000000000e+04
9.570000000000000000e+02 1.261900000000000000e+04
9.900000000000000000e+02 1.247800000000000000e+04
1.023000000000000000e+03 1.242300000000000000e+04
1.056000000000000000e+03 1.199900000000000000e+04
1.089000000000000000e+03 1.198700000000000000e+04
1.122000000000000000e+03 1.190500000000000000e+04
1.155000000000000000e+03 1.117700000000000000e+04
1.188000000000000000e+03 1.100400000000000000e+04
1.221000000000000000e+03 1.080400000000000000e+04
1.254000000000000000e+03 1.046600000000000000e+04
1.287000000000000000e+03 1.015500000000000000e+04
1.320000000000000000e+03 9.866000000000000000e+03
1.353000000000000000e+03 9.391000000000000000e+03
1.386000000000000000e+03 9.067000000000000000e+03
1.419000000000000000e+03 8.691000000000000000e+03
1.452000000000000000e+03 8.253000000000000000e+03
1.485000000000000000e+03 7.797000000000000000e+03
1.518000000000000000e+03 7.393000000000000000e+03
1.551000000000000000e+03 7.013000000000000000e+03
1.584000000000000000e+03 6.662000000000000000e+03
1.617000000000000000e+03 6.315000000000000000e+03
1.650000000000000000e+03 5.953000000000000000e+03
1.683000000000000000e+03 5.553000000000000000e+03
1.716000000000000000e+03 5.069000000000000000e+03
1.749000000000000000e+03 4.835000000000000000e+03
1.782000000000000000e+03 4.569000000000000000e+03
1.815000000000000000e+03 4.178000000000000000e+03
1.848000000000000000e+03 3.829000000000000000e+03
1.881000000000000000e+03 3.642000000000000000e+03
1.914000000000000000e+03 3.387000000000000000e+03
1.947000000000000000e+03 3.169000000000000000e+03
1.980000000000000000e+03 2.922000000000000000e+03
2.013000000000000000e+03 2.714000000000000000e+03
2.046000000000000000e+03 2.594000000000000000e+03
2.079000000000000000e+03 2.471000000000000000e+03
2.112000000000000000e+03 2.280000000000000000e+03
2.145000000000000000e+03 2.196000000000000000e+03
2.178000000000000000e+03 2.102000000000000000e+03
2.211000000000000000e+03 2.089000000000000000e+03
2.244000000000000000e+03 1.956000000000000000e+03
2.277000000000000000e+03 1.987000000000000000e+03
2.310000000000000000e+03 2.036000000000000000e+03
2.343000000000000000e+03 2.093000000000000000e+03
2.376000000000000000e+03 2.024000000000000000e+03
2.409000000000000000e+03 2.036000000000000000e+03
2.442000000000000000e+03 2.123000000000000000e+03
2.475000000000000000e+03 2.162000000000000000e+03
2.508000000000000000e+03 2.373000000000000000e+03
2.541000000000000000e+03 2.484000000000000000e+03
2.574000000000000000e+03 2.570000000000000000e+03
2.607000000000000000e+03 2.747000000000000000e+03
2.640000000000000000e+03 2.915000000000000000e+03
2.673000000000000000e+03 3.183000000000000000e+03
2.706000000000000000e+03 3.492000000000000000e+03
2.739000000000000000e+03 3.843000000000000000e+03
2.772000000000000000e+03 3.957000000000000000e+03
2.805000000000000000e+03 4.335000000000000000e+03
2.838000000000000000e+03 4.539000000000000000e+03
2.871000000000000000e+03 4.785000000000000000e+03
2.904000000000000000e+03 5.245000000000000000e+03
2.937000000000000000e+03 5.569000000000000000e+03
2.970000000000000000e+03 6.033000000000000000e+03
3.003000000000000000e+03 6.358000000000000000e+03
3.036000000000000000e+03 6.737000000000000000e+03
3.069000000000000000e+03 7.198000000000000000e+03
3.102000000000000000e+03 7.706000000000000000e+03
3.135000000000000000e+03 8.064000000000000000e+03
3.168000000000000000e+03 8.352000000000000000e+03
3.201000000000000000e+03 8.821000000000000000e+03
3.234000000000000000e+03 9.219000000000000000e+03
3.267000000000000000e+03 9.532000000000000000e+03
3.300000000000000000e+03 9.872000000000000000e+03
3.333000000000000000e+03 1.033600000000000000e+04
3.366000000000000000e+03 1.060500000000000000e+04
3.399000000000000000e+03 1.099900000000000000e+04
3.432000000000000000e+03 1.120500000000000000e+04
3.465000000000000000e+03 1.144900000000000000e+04
3.498000000000000000e+03 1.158700000000000000e+04
3.531000000000000000e+03 1.187500000000000000e+04
3.564000000000000000e+03 1.215600000000000000e+04
3.597000000000000000e+03 1.254400000000000000e+04
3.630000000000000000e+03 1.252100000000000000e+04
3.663000000000000000e+03 1.278700000000000000e+04
3.696000000000000000e+03 1.291600000000000000e+04
3.729000000000000000e+03 1.295300000000000000e+04
3.762000000000000000e+03 1.321500000000000000e+04
3.795000000000000000e+03 1.324700000000000000e+04
3.828000000000000000e+03 1.336800000000000000e+04
3.861000000000000000e+03 1.355100000000000000e+04
3.894000000000000000e+03 1.347500000000000000e+04
3.927000000000000000e+03 1.338100000000000000e+04
3.960000000000000000e+03 1.353400000000000000e+04
3.993000000000000000e+03 1.353300000000000000e+04
4.026000000000000000e+03 1.348200000000000000e+04
4.059000000000000000e+03 1.336400000000000000e+04
4.092000000000000000e+03 1.358100000000000000e+04
4.125000000000000000e+03 1.314500000000000000e+04
4.158000000000000000e+03 1.307000000000000000e+04
4.191000000000000000e+03 1.328400000000000000e+04
4.224000000000000000e+03 1.314500000000000000e+04
4.257000000000000000e+03 1.319500000000000000e+04
4.290000000000000000e+03 1.285100000000000000e+04
4.323000000000000000e+03 1.250500000000000000e+04
4.356000000000000000e+03 1.229300000000000000e+04
4.389000000000000000e+03 1.220800000000000000e+04
4.422000000000000000e+03 1.188700000000000000e+04
4.455000000000000000e+03 1.192700000000000000e+04
4.488000000000000000e+03 1.153000000000000000e+04
4.521000000000000000e+03 1.112900000000000000e+04
4.554000000000000000e+03 1.083200000000000000e+04
4.587000000000000000e+03 1.031500000000000000e+04
4.620000000000000000e+03 1.018500000000000000e+04
4.653000000000000000e+03 1.002800000000000000e+04
4.686000000000000000e+03 9.426000000000000000e+03
4.719000000000000000e+03 9.041000000000000000e+03
4.752000000000000000e+03 8.678000000000000000e+03
4.785000000000000000e+03 8.263000000000000000e+03
4.818000000000000000e+03 7.944000000000000000e+03
4.851000000000000000e+03 7.410000000000000000e+03
4.884000000000000000e+03 7.140000000000000000e+03
4.917000000000000000e+03 6.850000000000000000e+03
4.950000000000000000e+03 6.433000000000000000e+03
4.983000000000000000e+03 5.891000000000000000e+03
5.016000000000000000e+03 5.571000000000000000e+03
5.049000000000000000e+03 5.238000000000000000e+03
5.082000000000000000e+03 4.854000000000000000e+03
5.115000000000000000e+03 4.584000000000000000e+03
5.148000000000000000e+03 4.127000000000000000e+03
5.181000000000000000e+03 3.831000000000000000e+03
5.214000000000000000e+03 3.453000000000000000e+03
5.247000000000000000e+03 3.314000000000000000e+03
5.280000000000000000e+03 3.009000000000000000e+03
5.313000000000000000e+03 2.938000000000000000e+03
5.346000000000000000e+03 2.822000000000000000e+03
5.379000000000000000e+03 2.539000000000000000e+03
5.412000000000000000e+03 2.438000000000000000e+03
5.445000000000000000e+03 2.210000000000000000e+03
5.478000000000000000e+03 2.195000000000000000e+03
5.511000000000000000e+03 2.049000000000000000e+03
5.544000000000000000e+03 2.058000000000000000e+03
5.577000000000000000e+03 2.009000000000000000e+03
5.610000000000000000e+03 1.923000000000000000e+03
5.643000000000000000e+03 2.000000000000000000e+03
5.676000000000000000e+03 1.986000000000000000e+03
5.709000000000000000e+03 2.044000000000000000e+03
5.742000000000000000e+03 2.082000000000000000e+03
5.775000000000000000e+03 2.178000000000000000e+03
5.808000000000000000e+03 2.224000000000000000e+03
5.841000000000000000e+03 2.323000000000000000e+03
5.874000000000000000e+03 2.587000000000000000e+03
5.907000000000000000e+03 2.651000000000000000e+03
5.940000000000000000e+03 2.872000000000000000e+03
5.973000000000000000e+03 2.981000000000000000e+03
6.006000000000000000e+03 3.157000000000000000e+03
6.039000000000000000e+03 3.510000000000000000e+03
6.072000000000000000e+03 3.698000000000000000e+03
6.105000000000000000e+03 3.898000000000000000e+03
6.138000000000000000e+03 4.254000000000000000e+03
6.171000000000000000e+03 4.597000000000000000e+03
6.204000000000000000e+03 5.015000000000000000e+03
6.237000000000000000e+03 5.427000000000000000e+03
6.270000000000000000e+03 5.600000000000000000e+03
6.303000000000000000e+03 6.161000000000000000e+03
6.336000000000000000e+03 6.399000000000000000e+03
6.369000000000000000e+03 6.819000000000000000e+03
6.402000000000000000e+03 7.199000000000000000e+03
6.435000000000000000e+03 7.564000000000000000e+03
6.468000000000000000e+03 7.993000000000000000e+03
6.501000000000000000e+03 8.323000000000000000e+03
6.534000000000000000e+03 8.988000000000000000e+03
6.567000000000000000e+03 9.161000000000000000e+03
6.600000000000000000e+03 9.590000000000000000e+03
6.633000000000000000e+03 1.001900000000000000e+04
