0.000000000000000000e+00 1.011800000000000000e+04
1.400000000000000000e+01 1.079700000000000000e+04
2.800000000000000000e+01 1.069500000000000000e+04
4.200000000000000000e+01 1.124400000000000000e+04
5.600000000000000000e+01 1.158500000000000000e+04
7.000000000000000000e+01 1.183600000000000000e+04
8.400000000000000000e+01 1.220300000000000000e+04
9.800000000000000000e+01 1.219600000000000000e+04
1.120000000000000000e+02 1.258900000000000000e+04
1.260000000000000000e+02 1.269100000000000000e+04
1.400000000000000000e+02 1.297800000000000000e+04
1.540000000000000000e+02 1.329600000000000000e+04
1.680000000000000000e+02 1.322600000000000000e+04
1.820000000000000000e+02 1.324200000000000000e+04
1.960000000000000000e+02 1.327900000000000000e+04
2.100000000000000000e+02 1.355500000000000000e+04
2.240000000000000000e+02 1.347900000000000000e+04
2.380000000000000000e+02 1.354600000000000000e+04
2.520000000000000000e+02 1.345300000000000000e+04
2.660000000000000000e+02 1.356700000000000000e+04
2.800000000000000000e+02 1.339800000000000000e+04
2.940000000000000000e+02 1.359300000000000000e+04
3.080000000000000000e+02 1.344000000000000000e+04
3.220000000000000000e+02 1.366400000000000000e+04
3.360000000000000000e+02 1.341200000000000000e+04
3.500000000000000000e+02 1.345700000000000000e+04
3.640000000000000000e+02 1.315400000000000000e+04
3.780000000000000000e+02 1.327300000000000000e+04
3.920000000000000000e+02 1.282800000000000000e+04
4.060000000000000000e+02 1.299200000000000000e+04
4.200000000000000000e+02 1.271000000000000000e+04
4.340000000000000000e+02 1.251200000000000000e+04
4.480000000000000000e+02 1.233400000000000000e+04
4.620000000000000000e+02 1.208500000000000000e+04
4.760000000000000000e+02 1.176600000000000000e+04
4.900000000000000000e+02 1.177700000000000000e+04
5.040000000000000000e+02 1.138100000000000000e+04
5.180000000000000000e+02 1.095800000000000000e+04
5.320000000000000000e+02 1.069000000000000000e+04
5.460000000000000000e+02 1.028900000000000000e+04
5.600000000000000000e+02 1.005000000000000000e+04
5.740000000000000000e+02 9.691000000000000000e+03
5.880000000000000000e+02 9.138000000000000000e+03
6.020000000000000000e+02 8.867000000000000000e+03
6.160000000000000000e+02 8.552000000000000000e+03
6.300000000000000000e+02 8.055000000000000000e+03
6.440000000000000000e+02 7.806000000000000000e+03
6.580000000000000000e+02 7.408000000000000000e+03
6.720000000000000000e+02 6.908000000000000000e+03
6.860000000000000000e+02 6.512000000000000000e+03
7.000000000000000000e+02 6.059000000000000000e+03
7.140000000000000000e+02 5.695000000000000000e+03
7.280000000000000000e+02 5.390000000000000000e+03
7.420000000000000000e+02 5.007000000000000000e+03
7.560000000000000000e+02 4.602000000000000000e+03
7.700000000000000000e+02 4.248000000000000000e+03
7.840000000000000000e+02 3.986000000000000000e+03
7.980000000000000000e+02 3.813000000000000000e+03
8.120000000000000000e+02 3.574000000000000000e+03
8.260000000000000000e+02 3.305000000000000000e+03
8.400000000000000000e+02 2.987000000000000000e+03
8.540000000000000000e+02 2.770000000000000000e+03
8.680000000000000000e+02 2.693000000000000000e+03
8.820000000000000000e+02 2.517000000000000000e+03
8.960000000000000000e+02 2.414000000000000000e+03
9.100000000000000000e+02 2.265000000000000000e+03
9.240000000000000000e+02 2.284000000000000000e+03
9.380000000000000000e+02 2.110000000000000000e+03
9.520000000000000000e+02 2.109000000000000000e+03
9.660000000000000000e+02 2.029000000000000000e+03
9.800000000000000000e+02 2.034000000000000000e+03
9.940000000000000000e+02 2.074000000000000000e+03
1.008000000000000000e+03 1.924000000000000000e+03
1.022000000000000000e+03 2.101000000000000000e+03
1.036000000000000000e+03 2.125000000000000000e+03
1.050000000000000000e+03 2.220000000000000000e+03
1.064000000000000000e+03 2.286000000000000000e+03
1.078000000000000000e+03 2.352000000000000000e+03
1.092000000000000000e+03 2.465000000000000000e+03
1.106000000000000000e+03 2.774000000000000000e+03
1.120000000000000000e+03 2.790000000000000000e+03
1.134000000000000000e+03 2.975000000000000000e+03
1.148000000000000000e+03 3.384000000000000000e+03
1.162000000000000000e+03 3.438000000000000000e+03
1.176000000000000000e+03 3.742000000000000000e+03
1.190000000000000000e+03 3.976000000000000000e+03
1.204000000000000000e+03 4.296000000000000000e+03
1.218000000000000000e+03 4.695000000000000000e+03
1.232000000000000000e+03 5.099000000000000000e+03
1.246000000000000000e+03 5.505000000000000000e+03
1.260000000000000000e+03 5.729000000000000000e+03
1.274000000000000000e+03 6.123000000000000000e+03
1.288000000000000000e+03 6.488000000000000000e+03
1.302000000000000000e+03 6.939000000000000000e+03
1.316000000000000000e+03 7.160000000000000000e+03
1.330000000000000000e+03 7.548000000000000000e+03
1.344000000000000000e+03 7.965000000000000000e+03
1.358000000000000000e+03 8.440000000000000000e+03
1.372000000000000000e+03 8.695000000000000000e+03
1.386000000000000000e+03 9.114000000000000000e+03
1.400000000000000000e+03 9.492000000000000000e+03
1.414000000000000000e+03 9.999000000000000000e+03
1.428000000000000000e+03 1.036600000000000000e+04
1.442000000000000000e+03 1.061900000000000000e+04
1.456000000000000000e+03 1.089900000000000000e+04
1.470000000000000000e+03 1.135700000000000000e+04
1.484000000000000000e+03 1.153200000000000000e+04
1.498000000000000000e+03 1.188200000000000000e+04
1.512000000000000000e+03 1.205500000000000000e+04
1.526000000000000000e+03 1.227000000000000000e+04
1.540000000000000000e+03 1.252800000000000000e+04
1.554000000000000000e+03 1.272400000000000000e+04
1.568000000000000000e+03 1.264800000000000000e+04
1.582000000000000000e+03 1.294100000000000000e+04
1.596000000000000000e+03 1.316900000000000000e+04
1.610000000000000000e+03 1.297800000000000000e+04
1.624000000000000000e+03 1.339700000000000000e+04
1.638000000000000000e+03 1.351500000000000000e+04
1.652000000000000000e+03 1.367500000000000000e+04
1.666000000000000000e+03 1.356600000000000000e+04
1.680000000000000000e+03 1.371900000000000000e+04
1.694000000000000000e+03 1.349900000000000000e+04
1.708000000000000000e+03 1.333100000000000000e+04
1.722000000000000000e+03 1.359200000000000000e+04
1.736000000000000000e+03 1.369500000000000000e+04
1.750000000000000000e+03 1.345100000000000000e+04
1.764000000000000000e+03 1.345100000000000000e+04
1.778000000000000000e+03 1.339500000000000000e+04
1.792000000000000000e+03 1.329000000000000000e+04
1.806000000000000000e+03 1.320100000000000000e+04
1.820000000000000000e+03 1.303500000000000000e+04
1.834000000000000000e+03 1.274800000000000000e+04
1.848000000000000000e+03 1.271600000000000000e+04
1.862000000000000000e+03 1.247600000000000000e+04
1.876000000000000000e+03 1.212800000000000000e+04
1.890000000000000000e+03 1.213400000000000000e+04
1.904000000000000000e+03 1.175400000000000000e+04
1.918000000000000000e+03 1.166600000000000000e+04
1.932000000000000000e+03 1.137700000000000000e+04
1.946000000000000000e+03 1.115800000000000000e+04
1.960000000000000000e+03 1.059800000000000000e+04
1.974000000000000000e+03 1.017000000000000000e+04
1.988000000000000000e+03 9.910000000000000000e+03
2.002000000000000000e+03 9.759000000000000000e+03
2.016000000000000000e+03 9.090000000000000000e+03
2.030000000000000000e+03 8.857000000000000000e+03
2.044000000000000000e+03 8.565000000000000000e+03
2.058000000000000000e+03 8.166000000000000000e+03
2.072000000000000000e+03 7.604000000000000000e+03
2.086000000000000000e+03 7.363000000000000000e+03
2.100000000000000000e+03 6.851000000000000000e+03
2.114000000000000000e+03 6.619000000000000000e+03
2.128000000000000000e+03 5.954000000000000000e+03
2.142000000000000000e+03 5.693000000000000000e+03
2.156000000000000000e+03 5.301000000000000000e+03
2.170000000000000000e+03 5.109000000000000000e+03
2.184000000000000000e+03 4.618000000000000000e+03
2.198000000000000000e+03 4.335000000000000000e+03
2.212000000000000000e+03 4.041000000000000000e+03
2.226000000000000000e+03 3.872000000000000000e+03
2.240000000000000000e+03 3.598000000000000000e+03
2.254000000000000000e+03 3.258000000000000000e+03
2.268000000000000000e+03 3.100000000000000000e+03
2.282000000000000000e+03 2.804000000000000000e+03
2.296000000000000000e+03 2.750000000000000000e+03
2.310000000000000000e+03 2.526000000000000000e+03
2.324000000000000000e+03 2.366000000000000000e+03
2.338000000000000000e+03 2.290000000000000000e+03
2.352000000000000000e+03 2.167000000000000000e+03
2.366000000000000000e+03 2.134000000000000000e+03
2.380000000000000000e+03 2.054000000000000000e+03
2.394000000000000000e+03 2.066000000000000000e+03
2.408000000000000000e+03 2.052000000000000000e+03
2.422000000000000000e+03 1.958000000000000000e+03
2.436000000000000000e+03 1.981000000000000000e+03
2.450000000000000000e+03 2.131000000000000000e+03
2.464000000000000000e+03 2.129000000000000000e+03
2.478000000000000000e+03 2.123000000000000000e+03
2.492000000000000000e+03 2.177000000000000000e+03
2.506000000000000000e+03 2.377000000000000000e+03
2.520000000000000000e+03 2.571000000000000000e+03
2.534000000000000000e+03 2.703000000000000000e+03
2.548000000000000000e+03 2.820000000000000000e+03
2.562000000000000000e+03 3.144000000000000000e+03
2.576000000000000000e+03 3.299000000000000000e+03
2.590000000000000000e+03 3.338000000000000000e+03
2.604000000000000000e+03 3.877000000000000000e+03
2.618000000000000000e+03 3.983000000000000000e+03
2.632000000000000000e+03 4.218000000000000000e+03
2.646000000000000000e+03 4.703000000000000000e+03
2.660000000000000000e+03 4.898000000000000000e+03
2.674000000000000000e+03 5.383000000000000000e+03
2.688000000000000000e+03 5.684000000000000000e+03
2.702000000000000000e+03 6.061000000000000000e+03
2.716000000000000000e+03 6.476000000000000000e+03
2.730000000000000000e+03 7.042000000000000000e+03
2.744000000000000000e+03 7.368000000000000000e+03
2.758000000000000000e+03 7.686000000000000000e+03
2.772000000000000000e+03 8.057000000000000000e+03
2.786000000000000000e+03 8.569000000000000000e+03
2.800000000000000000e+03 8.659000000000000000e+03
2.814000000000000000e+03 9.225000000000000000e+03
2.828000000000000000e+03 9.711000000000000000e+03
2.842000000000000000e+03 1.004600000000000000e+04
