0.000000000000000000e+00 1.029100000000000000e+04
1.000000000000000000e+02 1.069100000000000000e+04
2.000000000000000000e+02 1.084100000000000000e+04
3.000000000000000000e+02 1.113300000000000000e+04
4.000000000000000000e+02 1.147500000000000000e+04
5.000000000000000000e+02 1.153400000000000000e+04
6.000000000000000000e+02 1.181300000000000000e+04
7.000000000000000000e+02 1.214700000000000000e+04
8.000000000000000000e+02 1.237000000000000000e+04
9.000000000000000000e+02 1.255400000000000000e+04
1.000000000000000000e+03 1.275700000000000000e+04
1.100000000000000000e+03 1.285500000000000000e+04
1.200000000000000000e+03 1.298800000000000000e+04
1.300000000000000000e+03 1.299000000000000000e+04
1.400000000000000000e+03 1.326700000000000000e+04
1.500000000000000000e+03 1.334100000000000000e+04
1.600000000000000000e+03 1.343500000000000000e+04
1.700000000000000000e+03 1.334200000000000000e+04
1.800000000000000000e+03 1.324200000000000000e+04
1.900000000000000000e+03 1.338400000000000000e+04
2.000000000000000000e+03 1.342100000000000000e+04
2.100000000000000000e+03 1.326600000000000000e+04
2.200000000000000000e+03 1.332500000000000000e+04
2.300000000000000000e+03 1.329700000000000000e+04
2.400000000000000000e+03 1.338100000000000000e+04
2.500000000000000000e+03 1.321300000000000000e+04
2.600000000000000000e+03 1.287800000000000000e+04
2.700000000000000000e+03 1.288500000000000000e+04
2.800000000000000000e+03 1.266300000000000000e+04
2.900000000000000000e+03 1.266800000000000000e+04
3.000000000000000000e+03 1.240900000000000000e+04
3.100000000000000000e+03 1.208700000000000000e+04
3.200000000000000000e+03 1.204300000000000000e+04
3.300000000000000000e+03 1.190300000000000000e+04
3.400000000000000000e+03 1.146100000000000000e+04
3.500000000000000000e+03 1.115600000000000000e+04
3.600000000000000000e+03 1.085900000000000000e+04
3.700000000000000000e+03 1.058600000000000000e+04
3.800000000000000000e+03 1.032300000000000000e+04
3.900000000000000000e+03 1.004000000000000000e+04
4.000000000000000000e+03 9.664000000000000000e+03
4.100000000000000000e+03 9.246000000000000000e+03
4.200000000000000000e+03 8.979000000000000000e+03
4.300000000000000000e+03 8.543000000000000000e+03
4.400000000000000000e+03 7.928000000000000000e+03
4.500000000000000000e+03 7.712000000000000000e+03
4.600000000000000000e+03 7.274000000000000000e+03
4.700000000000000000e+03 6.945000000000000000e+03
4.800000000000000000e+03 6.463000000000000000e+03
4.900000000000000000e+03 6.105000000000000000e+03
5.000000000000000000e+03 5.585000000000000000e+03
5.100000000000000000e+03 5.287000000000000000e+03
5.200000000000000000e+03 4.836000000000000000e+03
5.300000000000000000e+03 4.534000000000000000e+03
5.400000000000000000e+03 4.384000000000000000e+03
5.500000000000000000e+03 3.921000000000000000e+03
5.600000000000000000e+03 3.660000000000000000e+03
5.700000000000000000e+03 3.453000000000000000e+03
5.800000000000000000e+03 3.164000000000000000e+03
5.900000000000000000e+03 3.044000000000000000e+03
6.000000000000000000e+03 2.827000000000000000e+03
6.100000000000000000e+03 2.632000000000000000e+03
6.200000000000000000e+03 2.458000000000000000e+03
6.300000000000000000e+03 2.314000000000000000e+03
6.400000000000000000e+03 2.102000000000000000e+03
6.500000000000000000e+03 2.174000000000000000e+03
6.600000000000000000e+03 2.071000000000000000e+03
6.700000000000000000e+03 1.988000000000000000e+03
6.800000000000000000e+03 2.014000000000000000e+03
6.900000000000000000e+03 1.899000000000000000e+03
7.000000000000000000e+03 1.995000000000000000e+03
7.100000000000000000e+03 1.966000000000000000e+03
7.200000000000000000e+03 2.053000000000000000e+03
7.300000000000000000e+03 2.215000000000000000e+03
7.400000000000000000e+03 2.173000000000000000e+03
7.500000000000000000e+03 2.335000000000000000e+03
7.600000000000000000e+03 2.356000000000000000e+03
7.700000000000000000e+03 2.542000000000000000e+03
7.800000000000000000e+03 2.710000000000000000e+03
7.900000000000000000e+03 2.942000000000000000e+03
8.000000000000000000e+03 3.204000000000000000e+03
8.100000000000000000e+03 3.259000000000000000e+03
8.200000000000000000e+03 3.637000000000000000e+03
8.300000000000000000e+03 3.853000000000000000e+03
8.400000000000000000e+03 4.114000000000000000e+03
8.500000000000000000e+03 4.635000000000000000e+03
8.600000000000000000e+03 4.877000000000000000e+03
8.700000000000000000e+03 5.207000000000000000e+03
8.800000000000000000e+03 5.469000000000000000e+03
8.900000000000000000e+03 5.979000000000000000e+03
9.000000000000000000e+03 6.353000000000000000e+03
9.100000000000000000e+03 6.915000000000000000e+03
9.200000000000000000e+03 7.044000000000000000e+03
9.300000000000000000e+03 7.541000000000000000e+03
9.400000000000000000e+03 7.887000000000000000e+03
9.500000000000000000e+03 8.365000000000000000e+03
9.600000000000000000e+03 8.772000000000000000e+03
9.700000000000000000e+03 9.047000000000000000e+03
9.800000000000000000e+03 9.568000000000000000e+03
9.900000000000000000e+03 9.847000000000000000e+03
1.000000000000000000e+04 1.033200000000000000e+04
1.010000000000000000e+04 1.042700000000000000e+04
1.020000000000000000e+04 1.083200000000000000e+04
1.030000000000000000e+04 1.129100000000000000e+04
1.040000000000000000e+04 1.138600000000000000e+04
1.050000000000000000e+04 1.191600000000000000e+04
1.060000000000000000e+04 1.188700000000000000e+04
1.070000000000000000e+04 1.198100000000000000e+04
1.080000000000000000e+04 1.226400000000000000e+04
1.090000000000000000e+04 1.257200000000000000e+04
1.100000000000000000e+04 1.275800000000000000e+04
1.110000000000000000e+04 1.273300000000000000e+04
1.120000000000000000e+04 1.301800000000000000e+04
1.130000000000000000e+04 1.289600000000000000e+04
1.140000000000000000e+04 1.311500000000000000e+04
1.150000000000000000e+04 1.332200000000000000e+04
1.160000000000000000e+04 1.343800000000000000e+04
1.170000000000000000e+04 1.322500000000000000e+04
1.180000000000000000e+04 1.316600000000000000e+04
1.190000000000000000e+04 1.325300000000000000e+04
1.200000000000000000e+04 1.353000000000000000e+04
1.210000000000000000e+04 1.335400000000000000e+04
1.220000000000000000e+04 1.333200000000000000e+04
1.230000000000000000e+04 1.322100000000000000e+04
1.240000000000000000e+04 1.348600000000000000e+04
1.250000000000000000e+04 1.323300000000000000e+04
1.260000000000000000e+04 1.300100000000000000e+04
1.270000000000000000e+04 1.308400000000000000e+04
1.280000000000000000e+04 1.291000000000000000e+04
1.290000000000000000e+04 1.255300000000000000e+04
1.300000000000000000e+04 1.231600000000000000e+04
1.310000000000000000e+04 1.235400000000000000e+04
1.320000000000000000e+04 1.194400000000000000e+04
1.330000000000000000e+04 1.179500000000000000e+04
1.340000000000000000e+04 1.135300000000000000e+04
1.350000000000000000e+04 1.107900000000000000e+04
1.360000000000000000e+04 1.076900000000000000e+04
1.370000000000000000e+04 1.059000000000000000e+04
1.380000000000000000e+04 1.005400000000000000e+04
1.390000000000000000e+04 9.696000000000000000e+03
1.400000000000000000e+04 9.677000000000000000e+03
1.410000000000000000e+04 9.085000000000000000e+03
1.420000000000000000e+04 8.703000000000000000e+03
1.430000000000000000e+04 8.307000000000000000e+03
1.440000000000000000e+04 8.215000000000000000e+03
1.450000000000000000e+04 7.722000000000000000e+03
1.460000000000000000e+04 6.990000000000000000e+03
1.470000000000000000e+04 6.893000000000000000e+03
1.480000000000000000e+04 6.558000000000000000e+03
1.490000000000000000e+04 6.121000000000000000e+03
1.500000000000000000e+04 5.594000000000000000e+03
1.510000000000000000e+04 5.397000000000000000e+03
1.520000000000000000e+04 4.861000000000000000e+03
1.530000000000000000e+04 4.546000000000000000e+03
1.540000000000000000e+04 4.404000000000000000e+03
1.550000000000000000e+04 3.944000000000000000e+03
1.560000000000000000e+04 3.794000000000000000e+03
1.570000000000000000e+04 3.499000000000000000e+03
1.580000000000000000e+04 3.245000000000000000e+03
1.590000000000000000e+04 2.891000000000000000e+03
1.600000000000000000e+04 2.864000000000000000e+03
1.610000000000000000e+04 2.612000000000000000e+03
1.620000000000000000e+04 2.479000000000000000e+03
1.630000000000000000e+04 2.363000000000000000e+03
1.640000000000000000e+04 2.198000000000000000e+03
1.650000000000000000e+04 2.084000000000000000e+03
1.660000000000000000e+04 2.158000000000000000e+03
1.670000000000000000e+04 1.935000000000000000e+03
1.680000000000000000e+04 1.967000000000000000e+03
1.690000000000000000e+04 2.015000000000000000e+03
1.700000000000000000e+04 1.975000000000000000e+03
1.710000000000000000e+04 2.133000000000000000e+03
1.720000000000000000e+04 2.132000000000000000e+03
1.730000000000000000e+04 2.117000000000000000e+03
1.740000000000000000e+04 2.247000000000000000e+03
1.750000000000000000e+04 2.214000000000000000e+03
1.760000000000000000e+04 2.414000000000000000e+03
1.770000000000000000e+04 2.565000000000000000e+03
1.780000000000000000e+04 2.743000000000000000e+03
1.790000000000000000e+04 2.880000000000000000e+03
1.800000000000000000e+04 3.114000000000000000e+03
1.810000000000000000e+04 3.296000000000000000e+03
1.820000000000000000e+04 3.624000000000000000e+03
1.830000000000000000e+04 3.886000000000000000e+03
1.840000000000000000e+04 4.173000000000000000e+03
1.850000000000000000e+04 4.435000000000000000e+03
1.860000000000000000e+04 4.941000000000000000e+03
1.870000000000000000e+04 5.209000000000000000e+03
1.880000000000000000e+04 5.587000000000000000e+03
1.890000000000000000e+04 5.872000000000000000e+03
1.900000000000000000e+04 6.501000000000000000e+03
1.910000000000000000e+04 6.828000000000000000e+03
1.920000000000000000e+04 7.057000000000000000e+03
1.930000000000000000e+04 7.482000000000000000e+03
1.940000000000000000e+04 7.819000000000000000e+03
1.950000000000000000e+04 8.188000000000000000e+03
1.960000000000000000e+04 8.783000000000000000e+03
1.970000000000000000e+04 9.301000000000000000e+03
1.980000000000000000e+04 9.327000000000000000e+03
1.990000000000000000e+04 9.976000000000000000e+03
