0.000000000000000000e+00 9.759000000000000000e+03
5.000000000000000000e+02 1.011800000000000000e+04
1.000000000000000000e+03 1.043300000000000000e+04
1.500000000000000000e+03 1.068100000000000000e+04
2.000000000000000000e+03 1.100100000000000000e+04
2.500000000000000000e+03 1.141000000000000000e+04
3.000000000000000000e+03 1.172000000000000000e+04
3.500000000000000000e+03 1.150900000000000000e+04
4.000000000000000000e+03 1.207500000000000000e+04
4.500000000000000000e+03 1.213900000000000000e+04
5.000000000000000000e+03 1.215600000000000000e+04
5.500000000000000000e+03 1.248800000000000000e+04
6.000000000000000000e+03 1.253600000000000000e+04
6.500000000000000000e+03 1.279900000000000000e+04
7.000000000000000000e+03 1.294000000000000000e+04
7.500000000000000000e+03 1.285500000000000000e+04
8.000000000000000000e+03 1.278700000000000000e+04
8.500000000000000000e+03 1.313900000000000000e+04
9.000000000000000000e+03 1.314900000000000000e+04
9.500000000000000000e+03 1.291100000000000000e+04
1.000000000000000000e+04 1.296200000000000000e+04
1.050000000000000000e+04 1.295600000000000000e+04
1.100000000000000000e+04 1.266400000000000000e+04
1.150000000000000000e+04 1.260800000000000000e+04
1.200000000000000000e+04 1.284100000000000000e+04
1.250000000000000000e+04 1.272000000000000000e+04
1.300000000000000000e+04 1.254000000000000000e+04
1.350000000000000000e+04 1.230700000000000000e+04
1.400000000000000000e+04 1.237300000000000000e+04
1.450000000000000000e+04 1.202900000000000000e+04
1.500000000000000000e+04 1.178600000000000000e+04
1.550000000000000000e+04 1.179400000000000000e+04
1.600000000000000000e+04 1.154300000000000000e+04
1.650000000000000000e+04 1.119400000000000000e+04
1.700000000000000000e+04 1.097200000000000000e+04
1.750000000000000000e+04 1.079200000000000000e+04
1.800000000000000000e+04 1.043300000000000000e+04
1.850000000000000000e+04 1.032600000000000000e+04
1.900000000000000000e+04 9.755000000000000000e+03
1.950000000000000000e+04 9.608000000000000000e+03
2.000000000000000000e+04 9.101000000000000000e+03
2.050000000000000000e+04 8.934000000000000000e+03
2.100000000000000000e+04 8.449000000000000000e+03
2.150000000000000000e+04 8.149000000000000000e+03
2.200000000000000000e+04 7.782000000000000000e+03
2.250000000000000000e+04 7.229000000000000000e+03
2.300000000000000000e+04 6.831000000000000000e+03
2.350000000000000000e+04 6.626000000000000000e+03
2.400000000000000000e+04 6.257000000000000000e+03
2.450000000000000000e+04 5.948000000000000000e+03
2.500000000000000000e+04 5.576000000000000000e+03
2.550000000000000000e+04 5.117000000000000000e+03
2.600000000000000000e+04 4.726000000000000000e+03
2.650000000000000000e+04 4.460000000000000000e+03
2.700000000000000000e+04 4.043000000000000000e+03
2.750000000000000000e+04 3.890000000000000000e+03
2.800000000000000000e+04 3.623000000000000000e+03
2.850000000000000000e+04 3.411000000000000000e+03
2.900000000000000000e+04 3.074000000000000000e+03
2.950000000000000000e+04 2.809000000000000000e+03
3.000000000000000000e+04 2.755000000000000000e+03
3.050000000000000000e+04 2.520000000000000000e+03
3.100000000000000000e+04 2.484000000000000000e+03
3.150000000000000000e+04 2.283000000000000000e+03
3.200000000000000000e+04 2.147000000000000000e+03
3.250000000000000000e+04 2.005000000000000000e+03
3.300000000000000000e+04 1.995000000000000000e+03
3.350000000000000000e+04 1.971000000000000000e+03
3.400000000000000000e+04 2.033000000000000000e+03
3.450000000000000000e+04 1.971000000000000000e+03
3.500000000000000000e+04 1.909000000000000000e+03
3.550000000000000000e+04 1.931000000000000000e+03
3.600000000000000000e+04 1.988000000000000000e+03
3.650000000000000000e+04 2.063000000000000000e+03
3.700000000000000000e+04 2.263000000000000000e+03
3.750000000000000000e+04 2.217000000000000000e+03
3.800000000000000000e+04 2.351000000000000000e+03
3.850000000000000000e+04 2.433000000000000000e+03
3.900000000000000000e+04 2.674000000000000000e+03
3.950000000000000000e+04 2.776000000000000000e+03
4.000000000000000000e+04 3.101000000000000000e+03
4.050000000000000000e+04 3.325000000000000000e+03
4.100000000000000000e+04 3.396000000000000000e+03
4.150000000000000000e+04 3.832000000000000000e+03
4.200000000000000000e+04 4.067000000000000000e+03
4.250000000000000000e+04 4.259000000000000000e+03
4.300000000000000000e+04 4.564000000000000000e+03
4.350000000000000000e+04 4.872000000000000000e+03
4.400000000000000000e+04 5.308000000000000000e+03
4.450000000000000000e+04 5.891000000000000000e+03
4.500000000000000000e+04 6.088000000000000000e+03
4.550000000000000000e+04 6.329000000000000000e+03
4.600000000000000000e+04 6.749000000000000000e+03
4.650000000000000000e+04 7.230000000000000000e+03
4.700000000000000000e+04 7.829000000000000000e+03
4.750000000000000000e+04 8.023000000000000000e+03
4.800000000000000000e+04 8.337000000000000000e+03
4.850000000000000000e+04 8.710000000000000000e+03
4.900000000000000000e+04 9.257000000000000000e+03
4.950000000000000000e+04 9.552000000000000000e+03
5.000000000000000000e+04 9.856000000000000000e+03
5.050000000000000000e+04 1.009600000000000000e+04
5.100000000000000000e+04 1.041700000000000000e+04
5.150000000000000000e+04 1.073100000000000000e+04
5.200000000000000000e+04 1.114700000000000000e+04
5.250000000000000000e+04 1.118800000000000000e+04
5.300000000000000000e+04 1.133600000000000000e+04
5.350000000000000000e+04 1.174400000000000000e+04
5.400000000000000000e+04 1.173800000000000000e+04
5.450000000000000000e+04 1.220600000000000000e+04
5.500000000000000000e+04 1.227900000000000000e+04
5.550000000000000000e+04 1.228000000000000000e+04
5.600000000000000000e+04 1.256300000000000000e+04
5.650000000000000000e+04 1.254400000000000000e+04
5.700000000000000000e+04 1.269000000000000000e+04
5.750000000000000000e+04 1.285300000000000000e+04
5.800000000000000000e+04 1.287800000000000000e+04
5.850000000000000000e+04 1.276100000000000000e+04
5.900000000000000000e+04 1.285700000000000000e+04
5.950000000000000000e+04 1.288600000000000000e+04
6.000000000000000000e+04 1.283800000000000000e+04
6.050000000000000000e+04 1.301500000000000000e+04
6.100000000000000000e+04 1.287500000000000000e+04
6.150000000000000000e+04 1.275100000000000000e+04
6.200000000000000000e+04 1.277000000000000000e+04
6.250000000000000000e+04 1.250500000000000000e+04
6.300000000000000000e+04 1.254100000000000000e+04
6.350000000000000000e+04 1.255900000000000000e+04
6.400000000000000000e+04 1.245900000000000000e+04
6.450000000000000000e+04 1.212900000000000000e+04
6.500000000000000000e+04 1.162900000000000000e+04
6.550000000000000000e+04 1.186500000000000000e+04
6.600000000000000000e+04 1.122900000000000000e+04
6.650000000000000000e+04 1.128700000000000000e+04
6.700000000000000000e+04 1.094400000000000000e+04
6.750000000000000000e+04 1.082400000000000000e+04
6.800000000000000000e+04 1.044300000000000000e+04
6.850000000000000000e+04 1.012400000000000000e+04
6.900000000000000000e+04 9.893000000000000000e+03
6.950000000000000000e+04 9.437000000000000000e+03
7.000000000000000000e+04 9.057000000000000000e+03
7.050000000000000000e+04 8.927000000000000000e+03
7.100000000000000000e+04 8.512000000000000000e+03
7.150000000000000000e+04 8.234000000000000000e+03
7.200000000000000000e+04 7.890000000000000000e+03
7.250000000000000000e+04 7.279000000000000000e+03
7.300000000000000000e+04 6.758000000000000000e+03
7.350000000000000000e+04 6.591000000000000000e+03
7.400000000000000000e+04 6.286000000000000000e+03
7.450000000000000000e+04 5.804000000000000000e+03
7.500000000000000000e+04 5.462000000000000000e+03
7.550000000000000000e+04 5.080000000000000000e+03
7.600000000000000000e+04 4.814000000000000000e+03
7.650000000000000000e+04 4.587000000000000000e+03
7.700000000000000000e+04 4.205000000000000000e+03
7.750000000000000000e+04 3.904000000000000000e+03
7.800000000000000000e+04 3.558000000000000000e+03
7.850000000000000000e+04 3.419000000000000000e+03
7.900000000000000000e+04 3.078000000000000000e+03
7.950000000000000000e+04 3.017000000000000000e+03
8.000000000000000000e+04 2.751000000000000000e+03
8.050000000000000000e+04 2.628000000000000000e+03
8.100000000000000000e+04 2.451000000000000000e+03
8.150000000000000000e+04 2.316000000000000000e+03
8.200000000000000000e+04 2.233000000000000000e+03
8.250000000000000000e+04 2.124000000000000000e+03
8.300000000000000000e+04 2.060000000000000000e+03
8.350000000000000000e+04 2.011000000000000000e+03
8.400000000000000000e+04 1.933000000000000000e+03
8.450000000000000000e+04 1.929000000000000000e+03
8.500000000000000000e+04 1.915000000000000000e+03
8.550000000000000000e+04 1.987000000000000000e+03
8.600000000000000000e+04 1.923000000000000000e+03
8.650000000000000000e+04 2.004000000000000000e+03
8.700000000000000000e+04 2.204000000000000000e+03
8.750000000000000000e+04 2.203000000000000000e+03
8.800000000000000000e+04 2.339000000000000000e+03
8.850000000000000000e+04 2.540000000000000000e+03
8.900000000000000000e+04 2.613000000000000000e+03
8.950000000000000000e+04 2.838000000000000000e+03
9.000000000000000000e+04 3.032000000000000000e+03
9.050000000000000000e+04 3.268000000000000000e+03
9.100000000000000000e+04 3.499000000000000000e+03
9.150000000000000000e+04 3.795000000000000000e+03
9.200000000000000000e+04 4.002000000000000000e+03
9.250000000000000000e+04 4.391000000000000000e+03
9.300000000000000000e+04 4.660000000000000000e+03
9.350000000000000000e+04 5.110000000000000000e+03
9.400000000000000000e+04 5.245000000000000000e+03
9.450000000000000000e+04 5.655000000000000000e+03
9.500000000000000000e+04 6.213000000000000000e+03
9.550000000000000000e+04 6.661000000000000000e+03
9.600000000000000000e+04 6.871000000000000000e+03
9.650000000000000000e+04 7.249000000000000000e+03
9.700000000000000000e+04 7.780000000000000000e+03
9.750000000000000000e+04 7.971000000000000000e+03
9.800000000000000000e+04 8.549000000000000000e+03
9.850000000000000000e+04 8.745000000000000000e+03
9.900000000000000000e+04 8.975000000000000000e+03
9.950000000000000000e+04 9.573000000000000000e+03
