0.000000000000000000e+00 1.123400000000000000e+04
1.000000000000000000e+03 1.185400000000000000e+04
2.000000000000000000e+03 1.193200000000000000e+04
3.000000000000000000e+03 1.219400000000000000e+04
4.000000000000000000e+03 1.259800000000000000e+04
5.000000000000000000e+03 1.283800000000000000e+04
6.000000000000000000e+03 1.322600000000000000e+04
7.000000000000000000e+03 1.361000000000000000e+04
8.000000000000000000e+03 1.349000000000000000e+04
9.000000000000000000e+03 1.377500000000000000e+04
1.000000000000000000e+04 1.391900000000000000e+04
1.100000000000000000e+04 1.391100000000000000e+04
1.200000000000000000e+04 1.450600000000000000e+04
1.300000000000000000e+04 1.431800000000000000e+04
1.400000000000000000e+04 1.452400000000000000e+04
1.500000000000000000e+04 1.488600000000000000e+04
1.600000000000000000e+04 1.449300000000000000e+04
1.700000000000000000e+04 1.487000000000000000e+04
1.800000000000000000e+04 1.464300000000000000e+04
1.900000000000000000e+04 1.500400000000000000e+04
2.000000000000000000e+04 1.476400000000000000e+04
2.100000000000000000e+04 1.488300000000000000e+04
2.200000000000000000e+04 1.476600000000000000e+04
2.300000000000000000e+04 1.474000000000000000e+04
2.400000000000000000e+04 1.445900000000000000e+04
2.500000000000000000e+04 1.435100000000000000e+04
2.600000000000000000e+04 1.430500000000000000e+04
2.700000000000000000e+04 1.408300000000000000e+04
2.800000000000000000e+04 1.414800000000000000e+04
2.900000000000000000e+04 1.380100000000000000e+04
3.000000000000000000e+04 1.355200000000000000e+04
3.100000000000000000e+04 1.351700000000000000e+04
3.200000000000000000e+04 1.341500000000000000e+04
3.300000000000000000e+04 1.315300000000000000e+04
3.400000000000000000e+04 1.263200000000000000e+04
3.500000000000000000e+04 1.238900000000000000e+04
3.600000000000000000e+04 1.212400000000000000e+04
3.700000000000000000e+04 1.177800000000000000e+04
3.800000000000000000e+04 1.139600000000000000e+04
3.900000000000000000e+04 1.086800000000000000e+04
4.000000000000000000e+04 1.063100000000000000e+04
4.100000000000000000e+04 1.013200000000000000e+04
4.200000000000000000e+04 9.716000000000000000e+03
4.300000000000000000e+04 9.176000000000000000e+03
4.400000000000000000e+04 8.916000000000000000e+03
4.500000000000000000e+04 8.373000000000000000e+03
4.600000000000000000e+04 8.014000000000000000e+03
4.700000000000000000e+04 7.496000000000000000e+03
4.800000000000000000e+04 7.139000000000000000e+03
4.900000000000000000e+04 6.652000000000000000e+03
5.000000000000000000e+04 6.318000000000000000e+03
5.100000000000000000e+04 5.946000000000000000e+03
5.200000000000000000e+04 5.485000000000000000e+03
5.300000000000000000e+04 5.075000000000000000e+03
5.400000000000000000e+04 4.774000000000000000e+03
5.500000000000000000e+04 4.508000000000000000e+03
5.600000000000000000e+04 3.993000000000000000e+03
5.700000000000000000e+04 3.897000000000000000e+03
5.800000000000000000e+04 3.546000000000000000e+03
5.900000000000000000e+04 3.363000000000000000e+03
6.000000000000000000e+04 3.098000000000000000e+03
6.100000000000000000e+04 2.869000000000000000e+03
6.200000000000000000e+04 2.658000000000000000e+03
6.300000000000000000e+04 2.683000000000000000e+03
6.400000000000000000e+04 2.337000000000000000e+03
6.500000000000000000e+04 2.359000000000000000e+03
6.600000000000000000e+04 2.286000000000000000e+03
6.700000000000000000e+04 2.322000000000000000e+03
6.800000000000000000e+04 2.243000000000000000e+03
6.900000000000000000e+04 2.278000000000000000e+03
7.000000000000000000e+04 2.140000000000000000e+03
7.100000000000000000e+04 2.280000000000000000e+03
7.200000000000000000e+04 2.219000000000000000e+03
7.300000000000000000e+04 2.352000000000000000e+03
7.400000000000000000e+04 2.542000000000000000e+03
7.500000000000000000e+04 2.575000000000000000e+03
7.600000000000000000e+04 2.759000000000000000e+03
7.700000000000000000e+04 2.814000000000000000e+03
7.800000000000000000e+04 3.046000000000000000e+03
7.900000000000000000e+04 3.229000000000000000e+03
8.000000000000000000e+04 3.496000000000000000e+03
8.100000000000000000e+04 3.795000000000000000e+03
8.200000000000000000e+04 3.981000000000000000e+03
8.300000000000000000e+04 4.218000000000000000e+03
8.400000000000000000e+04 4.565000000000000000e+03
8.500000000000000000e+04 4.973000000000000000e+03
8.600000000000000000e+04 5.343000000000000000e+03
8.700000000000000000e+04 5.901000000000000000e+03
8.800000000000000000e+04 6.081000000000000000e+03
8.900000000000000000e+04 6.588000000000000000e+03
9.000000000000000000e+04 6.974000000000000000e+03
9.100000000000000000e+04 7.438000000000000000e+03
9.200000000000000000e+04 8.016000000000000000e+03
9.300000000000000000e+04 8.214000000000000000e+03
9.400000000000000000e+04 9.023000000000000000e+03
9.500000000000000000e+04 9.257000000000000000e+03
9.600000000000000000e+04 9.581000000000000000e+03
9.700000000000000000e+04 1.012700000000000000e+04
9.800000000000000000e+04 1.049200000000000000e+04
9.900000000000000000e+04 1.076800000000000000e+04
1.000000000000000000e+05 1.136200000000000000e+04
1.010000000000000000e+05 1.167100000000000000e+04
1.020000000000000000e+05 1.203600000000000000e+04
1.030000000000000000e+05 1.245100000000000000e+04
1.040000000000000000e+05 1.277100000000000000e+04
1.050000000000000000e+05 1.289900000000000000e+04
1.060000000000000000e+05 1.310700000000000000e+04
1.070000000000000000e+05 1.359600000000000000e+04
1.080000000000000000e+05 1.376900000000000000e+04
1.090000000000000000e+05 1.385200000000000000e+04
1.100000000000000000e+05 1.398400000000000000e+04
1.110000000000000000e+05 1.429700000000000000e+04
1.120000000000000000e+05 1.425400000000000000e+04
1.130000000000000000e+05 1.442400000000000000e+04
1.140000000000000000e+05 1.465600000000000000e+04
1.150000000000000000e+05 1.468100000000000000e+04
1.160000000000000000e+05 1.469600000000000000e+04
1.170000000000000000e+05 1.441800000000000000e+04
1.180000000000000000e+05 1.487400000000000000e+04
1.190000000000000000e+05 1.481600000000000000e+04
1.200000000000000000e+05 1.498400000000000000e+04
1.210000000000000000e+05 1.468400000000000000e+04
1.220000000000000000e+05 1.461600000000000000e+04
1.230000000000000000e+05 1.449100000000000000e+04
1.240000000000000000e+05 1.462700000000000000e+04
1.250000000000000000e+05 1.438900000000000000e+04
1.260000000000000000e+05 1.436300000000000000e+04
1.270000000000000000e+05 1.426200000000000000e+04
1.280000000000000000e+05 1.402400000000000000e+04
1.290000000000000000e+05 1.394300000000000000e+04
1.300000000000000000e+05 1.351300000000000000e+04
1.310000000000000000e+05 1.351000000000000000e+04
1.320000000000000000e+05 1.342200000000000000e+04
1.330000000000000000e+05 1.287200000000000000e+04
1.340000000000000000e+05 1.285800000000000000e+04
1.350000000000000000e+05 1.221300000000000000e+04
1.360000000000000000e+05 1.200700000000000000e+04
1.370000000000000000e+05 1.172000000000000000e+04
1.380000000000000000e+05 1.137000000000000000e+04
1.390000000000000000e+05 1.097800000000000000e+04
1.400000000000000000e+05 1.067900000000000000e+04
1.410000000000000000e+05 1.030200000000000000e+04
1.420000000000000000e+05 9.617000000000000000e+03
1.430000000000000000e+05 9.177000000000000000e+03
1.440000000000000000e+05 8.810000000000000000e+03
1.450000000000000000e+05 8.471000000000000000e+03
1.460000000000000000e+05 8.093000000000000000e+03
1.470000000000000000e+05 7.407000000000000000e+03
1.480000000000000000e+05 7.194000000000000000e+03
1.490000000000000000e+05 6.635000000000000000e+03
1.500000000000000000e+05 6.363000000000000000e+03
1.510000000000000000e+05 5.915000000000000000e+03
1.520000000000000000e+05 5.571000000000000000e+03
1.530000000000000000e+05 5.029000000000000000e+03
1.540000000000000000e+05 4.711000000000000000e+03
1.550000000000000000e+05 4.499000000000000000e+03
1.560000000000000000e+05 4.076000000000000000e+03
1.570000000000000000e+05 3.869000000000000000e+03
1.580000000000000000e+05 3.588000000000000000e+03
1.590000000000000000e+05 3.267000000000000000e+03
1.600000000000000000e+05 3.060000000000000000e+03
1.610000000000000000e+05 2.872000000000000000e+03
1.620000000000000000e+05 2.872000000000000000e+03
1.630000000000000000e+05 2.557000000000000000e+03
1.640000000000000000e+05 2.386000000000000000e+03
1.650000000000000000e+05 2.355000000000000000e+03
1.660000000000000000e+05 2.346000000000000000e+03
1.670000000000000000e+05 2.313000000000000000e+03
1.680000000000000000e+05 2.280000000000000000e+03
1.690000000000000000e+05 2.156000000000000000e+03
1.700000000000000000e+05 2.141000000000000000e+03
1.710000000000000000e+05 2.211000000000000000e+03
1.720000000000000000e+05 2.329000000000000000e+03
1.730000000000000000e+05 2.377000000000000000e+03
1.740000000000000000e+05 2.475000000000000000e+03
1.750000000000000000e+05 2.548000000000000000e+03
1.760000000000000000e+05 2.752000000000000000e+03
1.770000000000000000e+05 2.875000000000000000e+03
1.780000000000000000e+05 3.055000000000000000e+03
1.790000000000000000e+05 3.182000000000000000e+03
1.800000000000000000e+05 3.523000000000000000e+03
1.810000000000000000e+05 3.848000000000000000e+03
1.820000000000000000e+05 3.905000000000000000e+03
1.830000000000000000e+05 4.253000000000000000e+03
1.840000000000000000e+05 4.622000000000000000e+03
1.850000000000000000e+05 4.991000000000000000e+03
1.860000000000000000e+05 5.375000000000000000e+03
1.870000000000000000e+05 5.695000000000000000e+03
1.880000000000000000e+05 6.321000000000000000e+03
1.890000000000000000e+05 6.363000000000000000e+03
1.900000000000000000e+05 6.916000000000000000e+03
1.910000000000000000e+05 7.485000000000000000e+03
1.920000000000000000e+05 7.832000000000000000e+03
1.930000000000000000e+05 8.412000000000000000e+03
1.940000000000000000e+05 8.703000000000000000e+03
1.950000000000000000e+05 9.143000000000000000e+03
1.960000000000000000e+05 9.863000000000000000e+03
1.970000000000000000e+05 9.931000000000000000e+03
1.980000000000000000e+05 1.036900000000000000e+04
1.990000000000000000e+05 1.097600000000000000e+04
