0.000000000000000000e+00 9.953000000000000000e+03
1.420000000000000000e+02 1.033100000000000000e+04
2.840000000000000000e+02 1.064900000000000000e+04
4.260000000000000000e+02 1.092800000000000000e+04
5.680000000000000000e+02 1.154800000000000000e+04
7.100000000000000000e+02 1.152900000000000000e+04
8.520000000000000000e+02 1.179600000000000000e+04
9.940000000000000000e+02 1.202800000000000000e+04
1.136000000000000000e+03 1.201300000000000000e+04
1.278000000000000000e+03 1.235500000000000000e+04
1.420000000000000000e+03 1.243200000000000000e+04
1.562000000000000000e+03 1.281700000000000000e+04
1.704000000000000000e+03 1.277700000000000000e+04
1.846000000000000000e+03 1.277400000000000000e+04
1.988000000000000000e+03 1.303000000000000000e+04
2.130000000000000000e+03 1.294000000000000000e+04
2.272000000000000000e+03 1.317000000000000000e+04
2.414000000000000000e+03 1.294200000000000000e+04
2.556000000000000000e+03 1.300700000000000000e+04
2.698000000000000000e+03 1.308500000000000000e+04
2.840000000000000000e+03 1.313500000000000000e+04
2.982000000000000000e+03 1.296900000000000000e+04
3.124000000000000000e+03 1.309700000000000000e+04
3.266000000000000000e+03 1.329200000000000000e+04
3.408000000000000000e+03 1.310200000000000000e+04
3.550000000000000000e+03 1.282500000000000000e+04
3.692000000000000000e+03 1.297800000000000000e+04
3.834000000000000000e+03 1.255200000000000000e+04
3.976000000000000000e+03 1.260200000000000000e+04
4.118000000000000000e+03 1.238300000000000000e+04
4.260000000000000000e+03 1.231000000000000000e+04
4.402000000000000000e+03 1.201400000000000000e+04
4.544000000000000000e+03 1.180200000000000000e+04
4.686000000000000000e+03 1.173300000000000000e+04
4.828000000000000000e+03 1.134800000000000000e+04
4.970000000000000000e+03 1.111800000000000000e+04
5.112000000000000000e+03 1.072300000000000000e+04
5.254000000000000000e+03 1.064800000000000000e+04
5.396000000000000000e+03 1.017200000000000000e+04
5.538000000000000000e+03 1.001200000000000000e+04
5.680000000000000000e+03 9.467000000000000000e+03
5.822000000000000000e+03 9.274000000000000000e+03
5.964000000000000000e+03 8.926000000000000000e+03
6.106000000000000000e+03 8.356000000000000000e+03
6.248000000000000000e+03 7.959000000000000000e+03
6.390000000000000000e+03 7.595000000000000000e+03
6.532000000000000000e+03 7.295000000000000000e+03
6.674000000000000000e+03 6.742000000000000000e+03
6.816000000000000000e+03 6.437000000000000000e+03
6.958000000000000000e+03 6.128000000000000000e+03
7.100000000000000000e+03 5.618000000000000000e+03
7.242000000000000000e+03 5.305000000000000000e+03
7.384000000000000000e+03 4.924000000000000000e+03
7.526000000000000000e+03 4.714000000000000000e+03
7.668000000000000000e+03 4.476000000000000000e+03
7.810000000000000000e+03 4.084000000000000000e+03
7.952000000000000000e+03 3.705000000000000000e+03
8.094000000000000000e+03 3.500000000000000000e+03
8.236000000000000000e+03 3.237000000000000000e+03
8.378000000000000000e+03 3.020000000000000000e+03
8.520000000000000000e+03 2.895000000000000000e+03
8.662000000000000000e+03 2.658000000000000000e+03
8.804000000000000000e+03 2.472000000000000000e+03
8.946000000000000000e+03 2.316000000000000000e+03
9.088000000000000000e+03 2.245000000000000000e+03
9.230000000000000000e+03 2.177000000000000000e+03
9.372000000000000000e+03 2.145000000000000000e+03
9.514000000000000000e+03 1.992000000000000000e+03
9.656000000000000000e+03 1.945000000000000000e+03
9.798000000000000000e+03 1.990000000000000000e+03
9.940000000000000000e+03 1.936000000000000000e+03
1.008200000000000000e+04 1.995000000000000000e+03
1.022400000000000000e+04 2.079000000000000000e+03
1.036600000000000000e+04 2.162000000000000000e+03
1.050800000000000000e+04 2.113000000000000000e+03
1.065000000000000000e+04 2.287000000000000000e+03
1.079200000000000000e+04 2.373000000000000000e+03
1.093400000000000000e+04 2.542000000000000000e+03
1.107600000000000000e+04 2.616000000000000000e+03
1.121800000000000000e+04 2.817000000000000000e+03
1.136000000000000000e+04 2.955000000000000000e+03
1.150200000000000000e+04 3.158000000000000000e+03
1.164400000000000000e+04 3.361000000000000000e+03
1.178600000000000000e+04 3.644000000000000000e+03
1.192800000000000000e+04 3.912000000000000000e+03
1.207000000000000000e+04 4.263000000000000000e+03
1.221200000000000000e+04 4.536000000000000000e+03
1.235400000000000000e+04 4.950000000000000000e+03
1.249600000000000000e+04 5.198000000000000000e+03
1.263800000000000000e+04 5.642000000000000000e+03
1.278000000000000000e+04 6.040000000000000000e+03
1.292200000000000000e+04 6.393000000000000000e+03
1.306400000000000000e+04 6.820000000000000000e+03
1.320600000000000000e+04 7.134000000000000000e+03
1.334800000000000000e+04 7.613000000000000000e+03
1.349000000000000000e+04 8.121000000000000000e+03
1.363200000000000000e+04 8.311000000000000000e+03
1.377400000000000000e+04 8.741000000000000000e+03
1.391600000000000000e+04 9.079000000000000000e+03
1.405800000000000000e+04 9.597000000000000000e+03
1.420000000000000000e+04 9.808000000000000000e+03
1.434200000000000000e+04 1.024600000000000000e+04
1.448400000000000000e+04 1.048400000000000000e+04
1.462600000000000000e+04 1.099100000000000000e+04
1.476800000000000000e+04 1.118400000000000000e+04
1.491000000000000000e+04 1.129700000000000000e+04
1.505200000000000000e+04 1.175200000000000000e+04
1.519400000000000000e+04 1.170300000000000000e+04
1.533600000000000000e+04 1.208500000000000000e+04
1.547800000000000000e+04 1.222500000000000000e+04
1.562000000000000000e+04 1.237900000000000000e+04
1.576200000000000000e+04 1.279500000000000000e+04
1.590400000000000000e+04 1.271900000000000000e+04
1.604600000000000000e+04 1.290300000000000000e+04
1.618800000000000000e+04 1.298400000000000000e+04
1.633000000000000000e+04 1.313200000000000000e+04
1.647200000000000000e+04 1.301600000000000000e+04
1.661400000000000000e+04 1.313400000000000000e+04
1.675600000000000000e+04 1.320100000000000000e+04
1.689800000000000000e+04 1.337300000000000000e+04
1.704000000000000000e+04 1.303600000000000000e+04
1.718200000000000000e+04 1.341000000000000000e+04
1.732400000000000000e+04 1.339500000000000000e+04
1.746600000000000000e+04 1.335800000000000000e+04
1.760800000000000000e+04 1.305900000000000000e+04
1.775000000000000000e+04 1.314000000000000000e+04
1.789200000000000000e+04 1.284500000000000000e+04
1.803400000000000000e+04 1.273900000000000000e+04
1.817600000000000000e+04 1.262000000000000000e+04
1.831800000000000000e+04 1.264800000000000000e+04
1.846000000000000000e+04 1.230300000000000000e+04
1.860200000000000000e+04 1.210700000000000000e+04
1.874400000000000000e+04 1.192200000000000000e+04
1.888600000000000000e+04 1.167400000000000000e+04
1.902800000000000000e+04 1.163000000000000000e+04
1.917000000000000000e+04 1.146800000000000000e+04
1.931200000000000000e+04 1.084500000000000000e+04
1.945400000000000000e+04 1.076500000000000000e+04
1.959600000000000000e+04 1.037000000000000000e+04
1.973800000000000000e+04 9.895000000000000000e+03
1.988000000000000000e+04 9.717000000000000000e+03
2.002200000000000000e+04 9.243000000000000000e+03
2.016400000000000000e+04 9.070000000000000000e+03
2.030600000000000000e+04 8.568000000000000000e+03
2.044800000000000000e+04 8.256000000000000000e+03
2.059000000000000000e+04 7.960000000000000000e+03
2.073200000000000000e+04 7.396000000000000000e+03
2.087400000000000000e+04 7.179000000000000000e+03
2.101600000000000000e+04 6.643000000000000000e+03
2.115800000000000000e+04 6.348000000000000000e+03
2.130000000000000000e+04 5.907000000000000000e+03
2.144200000000000000e+04 5.616000000000000000e+03
2.158400000000000000e+04 5.176000000000000000e+03
2.172600000000000000e+04 4.891000000000000000e+03
2.186800000000000000e+04 4.397000000000000000e+03
2.201000000000000000e+04 4.315000000000000000e+03
2.215200000000000000e+04 3.930000000000000000e+03
2.229400000000000000e+04 3.696000000000000000e+03
2.243600000000000000e+04 3.378000000000000000e+03
2.257800000000000000e+04 3.189000000000000000e+03
2.272000000000000000e+04 2.934000000000000000e+03
2.286200000000000000e+04 2.703000000000000000e+03
2.300400000000000000e+04 2.540000000000000000e+03
2.314600000000000000e+04 2.507000000000000000e+03
2.328800000000000000e+04 2.246000000000000000e+03
2.343000000000000000e+04 2.293000000000000000e+03
2.357200000000000000e+04 2.128000000000000000e+03
2.371400000000000000e+04 2.031000000000000000e+03
2.385600000000000000e+04 2.005000000000000000e+03
2.399800000000000000e+04 1.892000000000000000e+03
2.414000000000000000e+04 1.964000000000000000e+03
2.428200000000000000e+04 1.931000000000000000e+03
2.442400000000000000e+04 1.937000000000000000e+03
2.456600000000000000e+04 1.995000000000000000e+03
2.470800000000000000e+04 2.072000000000000000e+03
2.485000000000000000e+04 2.270000000000000000e+03
2.499200000000000000e+04 2.222000000000000000e+03
2.513400000000000000e+04 2.403000000000000000e+03
2.527600000000000000e+04 2.558000000000000000e+03
2.541800000000000000e+04 2.664000000000000000e+03
2.556000000000000000e+04 2.885000000000000000e+03
2.570200000000000000e+04 2.982000000000000000e+03
2.584400000000000000e+04 3.286000000000000000e+03
2.598600000000000000e+04 3.561000000000000000e+03
2.612800000000000000e+04 3.803000000000000000e+03
2.627000000000000000e+04 3.973000000000000000e+03
2.641200000000000000e+04 4.440000000000000000e+03
2.655400000000000000e+04 4.729000000000000000e+03
2.669600000000000000e+04 5.100000000000000000e+03
2.683800000000000000e+04 5.567000000000000000e+03
2.698000000000000000e+04 5.725000000000000000e+03
2.712200000000000000e+04 6.059000000000000000e+03
2.726400000000000000e+04 6.634000000000000000e+03
2.740600000000000000e+04 7.026000000000000000e+03
2.754800000000000000e+04 7.397000000000000000e+03
2.769000000000000000e+04 7.728000000000000000e+03
2.783200000000000000e+04 8.067000000000000000e+03
2.797400000000000000e+04 8.596000000000000000e+03
2.811600000000000000e+04 8.963000000000000000e+03
2.825800000000000000e+04 9.468000000000000000e+03
2.840000000000000000e+04 9.768000000000000000e+03
