0.000000000000000000e+00 1.045700000000000000e+04
3.330000000000000000e+02 1.089500000000000000e+04
6.660000000000000000e+02 1.111400000000000000e+04
9.990000000000000000e+02 1.125700000000000000e+04
1.332000000000000000e+03 1.150900000000000000e+04
1.665000000000000000e+03 1.194700000000000000e+04
1.998000000000000000e+03 1.214100000000000000e+04
2.331000000000000000e+03 1.265500000000000000e+04
2.664000000000000000e+03 1.258500000000000000e+04
2.997000000000000000e+03 1.275200000000000000e+04
3.330000000000000000e+03 1.317400000000000000e+04
3.663000000000000000e+03 1.326700000000000000e+04
3.996000000000000000e+03 1.328500000000000000e+04
4.329000000000000000e+03 1.347700000000000000e+04
4.662000000000000000e+03 1.358800000000000000e+04
4.995000000000000000e+03 1.374000000000000000e+04
5.328000000000000000e+03 1.351600000000000000e+04
5.661000000000000000e+03 1.378400000000000000e+04
5.994000000000000000e+03 1.376400000000000000e+04
6.327000000000000000e+03 1.373000000000000000e+04
6.660000000000000000e+03 1.370900000000000000e+04
6.993000000000000000e+03 1.376800000000000000e+04
7.326000000000000000e+03 1.361700000000000000e+04
7.659000000000000000e+03 1.350100000000000000e+04
7.992000000000000000e+03 1.360000000000000000e+04
8.325000000000000000e+03 1.336100000000000000e+04
8.658000000000000000e+03 1.373400000000000000e+04
8.991000000000000000e+03 1.325200000000000000e+04
9.324000000000000000e+03 1.312100000000000000e+04
9.657000000000000000e+03 1.297200000000000000e+04
9.990000000000000000e+03 1.269100000000000000e+04
1.032300000000000000e+04 1.256700000000000000e+04
1.065600000000000000e+04 1.251700000000000000e+04
1.098900000000000000e+04 1.210200000000000000e+04
1.132200000000000000e+04 1.167400000000000000e+04
1.165500000000000000e+04 1.136300000000000000e+04
1.198800000000000000e+04 1.124300000000000000e+04
1.232100000000000000e+04 1.103600000000000000e+04
1.265400000000000000e+04 1.063200000000000000e+04
1.298700000000000000e+04 1.032900000000000000e+04
1.332000000000000000e+04 9.644000000000000000e+03
1.365300000000000000e+04 9.480000000000000000e+03
1.398600000000000000e+04 8.840000000000000000e+03
1.431900000000000000e+04 8.553000000000000000e+03
1.465200000000000000e+04 8.073000000000000000e+03
1.498500000000000000e+04 7.846000000000000000e+03
1.531800000000000000e+04 7.334000000000000000e+03
1.565100000000000000e+04 6.999000000000000000e+03
1.598400000000000000e+04 6.538000000000000000e+03
1.631700000000000000e+04 6.217000000000000000e+03
1.665000000000000000e+04 5.851000000000000000e+03
1.698300000000000000e+04 5.477000000000000000e+03
1.731600000000000000e+04 5.097000000000000000e+03
1.764900000000000000e+04 4.721000000000000000e+03
1.798200000000000000e+04 4.403000000000000000e+03
1.831500000000000000e+04 4.062000000000000000e+03
1.864800000000000000e+04 3.820000000000000000e+03
1.898100000000000000e+04 3.619000000000000000e+03
1.931400000000000000e+04 3.340000000000000000e+03
1.964700000000000000e+04 3.153000000000000000e+03
1.998000000000000000e+04 2.905000000000000000e+03
2.031300000000000000e+04 2.677000000000000000e+03
2.064600000000000000e+04 2.507000000000000000e+03
2.097900000000000000e+04 2.362000000000000000e+03
2.131200000000000000e+04 2.208000000000000000e+03
2.164500000000000000e+04 2.265000000000000000e+03
2.197800000000000000e+04 2.137000000000000000e+03
2.231100000000000000e+04 2.139000000000000000e+03
2.264400000000000000e+04 2.064000000000000000e+03
2.297700000000000000e+04 2.103000000000000000e+03
2.331000000000000000e+04 2.081000000000000000e+03
2.364300000000000000e+04 2.045000000000000000e+03
2.397600000000000000e+04 2.116000000000000000e+03
2.430900000000000000e+04 2.152000000000000000e+03
2.464200000000000000e+04 2.177000000000000000e+03
2.497500000000000000e+04 2.388000000000000000e+03
2.530800000000000000e+04 2.487000000000000000e+03
2.564100000000000000e+04 2.644000000000000000e+03
2.597400000000000000e+04 2.766000000000000000e+03
2.630700000000000000e+04 2.904000000000000000e+03
2.664000000000000000e+04 3.276000000000000000e+03
2.697300000000000000e+04 3.433000000000000000e+03
2.730600000000000000e+04 3.626000000000000000e+03
2.763900000000000000e+04 3.935000000000000000e+03
2.797200000000000000e+04 4.265000000000000000e+03
2.830500000000000000e+04 4.531000000000000000e+03
2.863800000000000000e+04 4.904000000000000000e+03
2.897100000000000000e+04 5.368000000000000000e+03
2.930400000000000000e+04 5.825000000000000000e+03
2.963700000000000000e+04 6.023000000000000000e+03
2.997000000000000000e+04 6.591000000000000000e+03
3.030300000000000000e+04 6.909000000000000000e+03
3.063600000000000000e+04 7.289000000000000000e+03
3.096900000000000000e+04 7.583000000000000000e+03
3.130200000000000000e+04 8.107000000000000000e+03
3.163500000000000000e+04 8.548000000000000000e+03
3.196800000000000000e+04 8.872000000000000000e+03
3.230100000000000000e+04 9.374000000000000000e+03
3.263400000000000000e+04 9.828000000000000000e+03
3.296700000000000000e+04 1.004700000000000000e+04
3.330000000000000000e+04 1.045700000000000000e+04
3.363300000000000000e+04 1.073300000000000000e+04
3.396600000000000000e+04 1.107900000000000000e+04
3.429900000000000000e+04 1.158200000000000000e+04
3.463200000000000000e+04 1.167100000000000000e+04
3.496500000000000000e+04 1.191600000000000000e+04
3.529800000000000000e+04 1.224500000000000000e+04
3.563100000000000000e+04 1.245000000000000000e+04
3.596400000000000000e+04 1.253700000000000000e+04
3.629700000000000000e+04 1.291800000000000000e+04
3.663000000000000000e+04 1.280300000000000000e+04
3.696300000000000000e+04 1.310800000000000000e+04
3.729600000000000000e+04 1.328000000000000000e+04
3.762900000000000000e+04 1.332600000000000000e+04
3.796200000000000000e+04 1.362300000000000000e+04
3.829500000000000000e+04 1.363400000000000000e+04
3.862800000000000000e+04 1.364500000000000000e+04
3.896100000000000000e+04 1.382000000000000000e+04
3.929400000000000000e+04 1.358900000000000000e+04
3.962700000000000000e+04 1.380400000000000000e+04
3.996000000000000000e+04 1.366700000000000000e+04
4.029300000000000000e+04 1.380300000000000000e+04
4.062600000000000000e+04 1.370100000000000000e+04
4.095900000000000000e+04 1.360800000000000000e+04
4.129200000000000000e+04 1.355800000000000000e+04
4.162500000000000000e+04 1.356500000000000000e+04
4.195800000000000000e+04 1.337500000000000000e+04
4.229100000000000000e+04 1.320200000000000000e+04
4.262400000000000000e+04 1.315500000000000000e+04
4.295700000000000000e+04 1.309400000000000000e+04
4.329000000000000000e+04 1.276100000000000000e+04
4.362300000000000000e+04 1.268400000000000000e+04
4.395600000000000000e+04 1.229400000000000000e+04
4.428900000000000000e+04 1.211000000000000000e+04
4.462200000000000000e+04 1.166800000000000000e+04
4.495500000000000000e+04 1.154300000000000000e+04
4.528800000000000000e+04 1.129300000000000000e+04
4.562100000000000000e+04 1.102500000000000000e+04
4.595400000000000000e+04 1.057700000000000000e+04
4.628700000000000000e+04 1.022800000000000000e+04
4.662000000000000000e+04 1.006700000000000000e+04
4.695300000000000000e+04 9.470000000000000000e+03
4.728600000000000000e+04 9.166000000000000000e+03
4.761900000000000000e+04 8.742000000000000000e+03
4.795200000000000000e+04 8.327000000000000000e+03
4.828500000000000000e+04 7.803000000000000000e+03
4.861800000000000000e+04 7.468000000000000000e+03
4.895100000000000000e+04 7.191000000000000000e+03
4.928400000000000000e+04 6.630000000000000000e+03
4.961700000000000000e+04 6.227000000000000000e+03
4.995000000000000000e+04 5.957000000000000000e+03
5.028300000000000000e+04 5.384000000000000000e+03
5.061600000000000000e+04 5.162000000000000000e+03
5.094900000000000000e+04 4.695000000000000000e+03
5.128200000000000000e+04 4.490000000000000000e+03
5.161500000000000000e+04 4.112000000000000000e+03
5.194800000000000000e+04 3.880000000000000000e+03
5.228100000000000000e+04 3.556000000000000000e+03
5.261400000000000000e+04 3.404000000000000000e+03
5.294700000000000000e+04 3.065000000000000000e+03
5.328000000000000000e+04 2.953000000000000000e+03
5.361300000000000000e+04 2.756000000000000000e+03
5.394600000000000000e+04 2.584000000000000000e+03
5.427900000000000000e+04 2.359000000000000000e+03
5.461200000000000000e+04 2.326000000000000000e+03
5.494500000000000000e+04 2.231000000000000000e+03
5.527800000000000000e+04 2.139000000000000000e+03
5.561100000000000000e+04 2.148000000000000000e+03
5.594400000000000000e+04 1.932000000000000000e+03
5.627700000000000000e+04 2.129000000000000000e+03
5.661000000000000000e+04 2.043000000000000000e+03
5.694300000000000000e+04 2.058000000000000000e+03
5.727600000000000000e+04 2.101000000000000000e+03
5.760900000000000000e+04 2.146000000000000000e+03
5.794200000000000000e+04 2.244000000000000000e+03
5.827500000000000000e+04 2.379000000000000000e+03
5.860800000000000000e+04 2.494000000000000000e+03
5.894100000000000000e+04 2.611000000000000000e+03
5.927400000000000000e+04 2.785000000000000000e+03
5.960700000000000000e+04 2.974000000000000000e+03
5.994000000000000000e+04 3.158000000000000000e+03
6.027300000000000000e+04 3.307000000000000000e+03
6.060600000000000000e+04 3.705000000000000000e+03
6.093900000000000000e+04 3.898000000000000000e+03
6.127200000000000000e+04 4.258000000000000000e+03
6.160500000000000000e+04 4.527000000000000000e+03
6.193800000000000000e+04 4.953000000000000000e+03
6.227100000000000000e+04 5.201000000000000000e+03
6.260400000000000000e+04 5.705000000000000000e+03
6.293700000000000000e+04 5.881000000000000000e+03
6.327000000000000000e+04 6.349000000000000000e+03
6.360300000000000000e+04 6.820000000000000000e+03
6.393600000000000000e+04 7.233000000000000000e+03
6.426900000000000000e+04 7.852000000000000000e+03
6.460200000000000000e+04 8.037000000000000000e+03
6.493500000000000000e+04 8.499000000000000000e+03
6.526800000000000000e+04 8.931000000000000000e+03
6.560100000000000000e+04 9.302000000000000000e+03
6.593400000000000000e+04 9.689000000000000000e+03
6.626700000000000000e+04 1.012500000000000000e+04
