0.000000000000000000e+00 1.035600000000000000e+04
2.000000000000000000e+01 1.074000000000000000e+04
4.000000000000000000e+01 1.094900000000000000e+04
6.000000000000000000e+01 1.115800000000000000e+04
8.000000000000000000e+01 1.161000000000000000e+04
1.000000000000000000e+02 1.198200000000000000e+04
1.200000000000000000e+02 1.232700000000000000e+04
1.400000000000000000e+02 1.247600000000000000e+04
1.600000000000000000e+02 1.284300000000000000e+04
1.800000000000000000e+02 1.272800000000000000e+04
2.000000000000000000e+02 1.297800000000000000e+04
2.200000000000000000e+02 1.303500000000000000e+04
2.400000000000000000e+02 1.322800000000000000e+04
2.600000000000000000e+02 1.363700000000000000e+04
2.800000000000000000e+02 1.351500000000000000e+04
3.000000000000000000e+02 1.358300000000000000e+04
3.200000000000000000e+02 1.353300000000000000e+04
3.400000000000000000e+02 1.342200000000000000e+04
3.600000000000000000e+02 1.362400000000000000e+04
3.800000000000000000e+02 1.374800000000000000e+04
4.000000000000000000e+02 1.375900000000000000e+04
4.200000000000000000e+02 1.370800000000000000e+04
4.400000000000000000e+02 1.352800000000000000e+04
4.600000000000000000e+02 1.380000000000000000e+04
4.800000000000000000e+02 1.352100000000000000e+04
5.000000000000000000e+02 1.344100000000000000e+04
5.200000000000000000e+02 1.329700000000000000e+04
5.400000000000000000e+02 1.324300000000000000e+04
5.600000000000000000e+02 1.293700000000000000e+04
5.800000000000000000e+02 1.288100000000000000e+04
6.000000000000000000e+02 1.257300000000000000e+04
6.200000000000000000e+02 1.248900000000000000e+04
6.400000000000000000e+02 1.240600000000000000e+04
6.600000000000000000e+02 1.215500000000000000e+04
6.800000000000000000e+02 1.190700000000000000e+04
7.000000000000000000e+02 1.142300000000000000e+04
7.200000000000000000e+02 1.121900000000000000e+04
7.400000000000000000e+02 1.090900000000000000e+04
7.600000000000000000e+02 1.056800000000000000e+04
7.800000000000000000e+02 1.006300000000000000e+04
8.000000000000000000e+02 9.680000000000000000e+03
8.200000000000000000e+02 9.391000000000000000e+03
8.400000000000000000e+02 9.131000000000000000e+03
8.600000000000000000e+02 8.686000000000000000e+03
8.800000000000000000e+02 8.212000000000000000e+03
9.000000000000000000e+02 7.818000000000000000e+03
9.200000000000000000e+02 7.493000000000000000e+03
9.400000000000000000e+02 6.990000000000000000e+03
9.600000000000000000e+02 6.659000000000000000e+03
9.800000000000000000e+02 6.177000000000000000e+03
1.000000000000000000e+03 5.830000000000000000e+03
1.020000000000000000e+03 5.516000000000000000e+03
1.040000000000000000e+03 4.969000000000000000e+03
1.060000000000000000e+03 4.839000000000000000e+03
1.080000000000000000e+03 4.338000000000000000e+03
1.100000000000000000e+03 4.084000000000000000e+03
1.120000000000000000e+03 3.831000000000000000e+03
1.140000000000000000e+03 3.645000000000000000e+03
1.160000000000000000e+03 3.228000000000000000e+03
1.180000000000000000e+03 3.037000000000000000e+03
1.200000000000000000e+03 2.901000000000000000e+03
1.220000000000000000e+03 2.653000000000000000e+03
1.240000000000000000e+03 2.522000000000000000e+03
1.260000000000000000e+03 2.423000000000000000e+03
1.280000000000000000e+03 2.349000000000000000e+03
1.300000000000000000e+03 2.214000000000000000e+03
1.320000000000000000e+03 2.075000000000000000e+03
1.340000000000000000e+03 2.077000000000000000e+03
1.360000000000000000e+03 2.074000000000000000e+03
1.380000000000000000e+03 2.038000000000000000e+03
1.400000000000000000e+03 2.113000000000000000e+03
1.420000000000000000e+03 2.044000000000000000e+03
1.440000000000000000e+03 2.070000000000000000e+03
1.460000000000000000e+03 2.187000000000000000e+03
1.480000000000000000e+03 2.206000000000000000e+03
1.500000000000000000e+03 2.385000000000000000e+03
1.520000000000000000e+03 2.487000000000000000e+03
1.540000000000000000e+03 2.545000000000000000e+03
1.560000000000000000e+03 2.776000000000000000e+03
1.580000000000000000e+03 2.954000000000000000e+03
1.600000000000000000e+03 3.123000000000000000e+03
1.620000000000000000e+03 3.470000000000000000e+03
1.640000000000000000e+03 3.677000000000000000e+03
1.660000000000000000e+03 3.861000000000000000e+03
1.680000000000000000e+03 4.305000000000000000e+03
1.700000000000000000e+03 4.634000000000000000e+03
1.720000000000000000e+03 4.831000000000000000e+03
1.740000000000000000e+03 5.406000000000000000e+03
1.760000000000000000e+03 5.745000000000000000e+03
1.780000000000000000e+03 5.987000000000000000e+03
1.800000000000000000e+03 6.341000000000000000e+03
1.820000000000000000e+03 6.856000000000000000e+03
1.840000000000000000e+03 7.269000000000000000e+03
1.860000000000000000e+03 7.787000000000000000e+03
1.880000000000000000e+03 8.217000000000000000e+03
1.900000000000000000e+03 8.601000000000000000e+03
1.920000000000000000e+03 9.006000000000000000e+03
1.940000000000000000e+03 9.321000000000000000e+03
1.960000000000000000e+03 9.638000000000000000e+03
1.980000000000000000e+03 1.014500000000000000e+04
2.000000000000000000e+03 1.037000000000000000e+04
2.020000000000000000e+03 1.073100000000000000e+04
2.040000000000000000e+03 1.115400000000000000e+04
2.060000000000000000e+03 1.127000000000000000e+04
2.080000000000000000e+03 1.174800000000000000e+04
2.100000000000000000e+03 1.182300000000000000e+04
2.120000000000000000e+03 1.218700000000000000e+04
2.140000000000000000e+03 1.239200000000000000e+04
2.160000000000000000e+03 1.260900000000000000e+04
2.180000000000000000e+03 1.275200000000000000e+04
2.200000000000000000e+03 1.296800000000000000e+04
2.220000000000000000e+03 1.314200000000000000e+04
2.240000000000000000e+03 1.322500000000000000e+04
2.260000000000000000e+03 1.340300000000000000e+04
2.280000000000000000e+03 1.368600000000000000e+04
2.300000000000000000e+03 1.350700000000000000e+04
2.320000000000000000e+03 1.357500000000000000e+04
2.340000000000000000e+03 1.353200000000000000e+04
2.360000000000000000e+03 1.359300000000000000e+04
2.380000000000000000e+03 1.332900000000000000e+04
2.400000000000000000e+03 1.350500000000000000e+04
2.420000000000000000e+03 1.360700000000000000e+04
2.440000000000000000e+03 1.357200000000000000e+04
2.460000000000000000e+03 1.358700000000000000e+04
2.480000000000000000e+03 1.349800000000000000e+04
2.500000000000000000e+03 1.340800000000000000e+04
2.520000000000000000e+03 1.335600000000000000e+04
2.540000000000000000e+03 1.327600000000000000e+04
2.560000000000000000e+03 1.296500000000000000e+04
2.580000000000000000e+03 1.282700000000000000e+04
2.600000000000000000e+03 1.276600000000000000e+04
2.620000000000000000e+03 1.252000000000000000e+04
2.640000000000000000e+03 1.237200000000000000e+04
2.660000000000000000e+03 1.184500000000000000e+04
2.680000000000000000e+03 1.174600000000000000e+04
2.700000000000000000e+03 1.143900000000000000e+04
2.720000000000000000e+03 1.111800000000000000e+04
2.740000000000000000e+03 1.088900000000000000e+04
2.760000000000000000e+03 1.052600000000000000e+04
2.780000000000000000e+03 1.022900000000000000e+04
2.800000000000000000e+03 9.732000000000000000e+03
2.820000000000000000e+03 9.392000000000000000e+03
2.840000000000000000e+03 8.979000000000000000e+03
2.860000000000000000e+03 8.619000000000000000e+03
2.880000000000000000e+03 8.351000000000000000e+03
2.900000000000000000e+03 7.782000000000000000e+03
2.920000000000000000e+03 7.416000000000000000e+03
2.940000000000000000e+03 6.748000000000000000e+03
2.960000000000000000e+03 6.653000000000000000e+03
2.980000000000000000e+03 6.144000000000000000e+03
3.000000000000000000e+03 5.843000000000000000e+03
3.020000000000000000e+03 5.433000000000000000e+03
3.040000000000000000e+03 4.923000000000000000e+03
3.060000000000000000e+03 4.671000000000000000e+03
3.080000000000000000e+03 4.350000000000000000e+03
3.100000000000000000e+03 3.992000000000000000e+03
3.120000000000000000e+03 3.892000000000000000e+03
3.140000000000000000e+03 3.520000000000000000e+03
3.160000000000000000e+03 3.290000000000000000e+03
3.180000000000000000e+03 3.052000000000000000e+03
3.200000000000000000e+03 2.892000000000000000e+03
3.220000000000000000e+03 2.607000000000000000e+03
3.240000000000000000e+03 2.504000000000000000e+03
3.260000000000000000e+03 2.394000000000000000e+03
3.280000000000000000e+03 2.186000000000000000e+03
3.300000000000000000e+03 2.160000000000000000e+03
3.320000000000000000e+03 2.097000000000000000e+03
3.340000000000000000e+03 2.167000000000000000e+03
3.360000000000000000e+03 2.081000000000000000e+03
3.380000000000000000e+03 2.046000000000000000e+03
3.400000000000000000e+03 2.119000000000000000e+03
3.420000000000000000e+03 2.058000000000000000e+03
3.440000000000000000e+03 2.108000000000000000e+03
3.460000000000000000e+03 2.256000000000000000e+03
3.480000000000000000e+03 2.268000000000000000e+03
3.500000000000000000e+03 2.419000000000000000e+03
3.520000000000000000e+03 2.432000000000000000e+03
3.540000000000000000e+03 2.609000000000000000e+03
3.560000000000000000e+03 2.825000000000000000e+03
3.580000000000000000e+03 2.950000000000000000e+03
3.600000000000000000e+03 3.253000000000000000e+03
3.620000000000000000e+03 3.503000000000000000e+03
3.640000000000000000e+03 3.722000000000000000e+03
3.660000000000000000e+03 3.990000000000000000e+03
3.680000000000000000e+03 4.146000000000000000e+03
3.700000000000000000e+03 4.606000000000000000e+03
3.720000000000000000e+03 5.060000000000000000e+03
3.740000000000000000e+03 5.289000000000000000e+03
3.760000000000000000e+03 5.627000000000000000e+03
3.780000000000000000e+03 6.036000000000000000e+03
3.800000000000000000e+03 6.659000000000000000e+03
3.820000000000000000e+03 6.822000000000000000e+03
3.840000000000000000e+03 7.310000000000000000e+03
3.860000000000000000e+03 7.695000000000000000e+03
3.880000000000000000e+03 7.977000000000000000e+03
3.900000000000000000e+03 8.650000000000000000e+03
3.920000000000000000e+03 9.050000000000000000e+03
3.940000000000000000e+03 9.444000000000000000e+03
3.960000000000000000e+03 9.713000000000000000e+03
3.980000000000000000e+03 1.009400000000000000e+04
