0.000000000000000000e+00 1.204300000000000000e+04
1.428000000000000000e+03 1.256200000000000000e+04
2.856000000000000000e+03 1.268400000000000000e+04
4.284000000000000000e+03 1.301900000000000000e+04
5.712000000000000000e+03 1.321400000000000000e+04
7.140000000000000000e+03 1.371900000000000000e+04
8.568000000000000000e+03 1.422100000000000000e+04
9.996000000000000000e+03 1.439400000000000000e+04
1.142400000000000000e+04 1.454200000000000000e+04
1.285200000000000000e+04 1.479300000000000000e+04
1.428000000000000000e+04 1.485300000000000000e+04
1.570800000000000000e+04 1.513500000000000000e+04
1.713600000000000000e+04 1.521200000000000000e+04
1.856400000000000000e+04 1.556200000000000000e+04
1.999200000000000000e+04 1.536100000000000000e+04
2.142000000000000000e+04 1.545200000000000000e+04
2.284800000000000000e+04 1.566600000000000000e+04
2.427600000000000000e+04 1.583100000000000000e+04
2.570400000000000000e+04 1.590900000000000000e+04
2.713200000000000000e+04 1.605200000000000000e+04
2.856000000000000000e+04 1.565200000000000000e+04
2.998800000000000000e+04 1.566000000000000000e+04
3.141600000000000000e+04 1.561700000000000000e+04
3.284400000000000000e+04 1.550600000000000000e+04
3.427200000000000000e+04 1.537600000000000000e+04
3.570000000000000000e+04 1.535900000000000000e+04
3.712800000000000000e+04 1.537900000000000000e+04
3.855600000000000000e+04 1.533200000000000000e+04
3.998400000000000000e+04 1.483200000000000000e+04
4.141200000000000000e+04 1.465300000000000000e+04
4.284000000000000000e+04 1.452600000000000000e+04
4.426800000000000000e+04 1.428000000000000000e+04
4.569600000000000000e+04 1.412700000000000000e+04
4.712400000000000000e+04 1.369400000000000000e+04
4.855200000000000000e+04 1.333000000000000000e+04
4.998000000000000000e+04 1.326800000000000000e+04
5.140800000000000000e+04 1.278400000000000000e+04
5.283600000000000000e+04 1.244300000000000000e+04
5.426400000000000000e+04 1.217000000000000000e+04
5.569200000000000000e+04 1.167000000000000000e+04
5.712000000000000000e+04 1.143400000000000000e+04
5.854800000000000000e+04 1.078100000000000000e+04
5.997600000000000000e+04 1.023100000000000000e+04
6.140400000000000000e+04 9.911000000000000000e+03
6.283200000000000000e+04 9.504000000000000000e+03
6.426000000000000000e+04 9.098000000000000000e+03
6.568800000000000000e+04 8.513000000000000000e+03
6.711600000000000000e+04 8.101000000000000000e+03
6.854400000000000000e+04 7.570000000000000000e+03
6.997200000000000000e+04 7.045000000000000000e+03
7.140000000000000000e+04 6.788000000000000000e+03
7.282800000000000000e+04 6.347000000000000000e+03
7.425600000000000000e+04 5.921000000000000000e+03
7.568400000000000000e+04 5.474000000000000000e+03
7.711200000000000000e+04 4.905000000000000000e+03
7.854000000000000000e+04 4.657000000000000000e+03
7.996800000000000000e+04 4.482000000000000000e+03
8.139600000000000000e+04 4.073000000000000000e+03
8.282400000000000000e+04 3.785000000000000000e+03
8.425200000000000000e+04 3.550000000000000000e+03
8.568000000000000000e+04 3.196000000000000000e+03
8.710800000000000000e+04 3.116000000000000000e+03
8.853600000000000000e+04 2.892000000000000000e+03
8.996400000000000000e+04 2.782000000000000000e+03
9.139200000000000000e+04 2.681000000000000000e+03
9.282000000000000000e+04 2.531000000000000000e+03
9.424800000000000000e+04 2.495000000000000000e+03
9.567600000000000000e+04 2.506000000000000000e+03
9.710400000000000000e+04 2.407000000000000000e+03
9.853200000000000000e+04 2.453000000000000000e+03
9.996000000000000000e+04 2.315000000000000000e+03
1.013880000000000000e+05 2.368000000000000000e+03
1.028160000000000000e+05 2.498000000000000000e+03
1.042440000000000000e+05 2.626000000000000000e+03
1.056720000000000000e+05 2.539000000000000000e+03
1.071000000000000000e+05 2.660000000000000000e+03
1.085280000000000000e+05 2.926000000000000000e+03
1.099560000000000000e+05 3.053000000000000000e+03
1.113840000000000000e+05 3.290000000000000000e+03
1.128120000000000000e+05 3.420000000000000000e+03
1.142400000000000000e+05 3.682000000000000000e+03
1.156680000000000000e+05 3.904000000000000000e+03
1.170960000000000000e+05 4.322000000000000000e+03
1.185240000000000000e+05 4.596000000000000000e+03
1.199520000000000000e+05 4.929000000000000000e+03
1.213800000000000000e+05 5.525000000000000000e+03
1.228080000000000000e+05 5.664000000000000000e+03
1.242360000000000000e+05 6.118000000000000000e+03
1.256640000000000000e+05 6.456000000000000000e+03
1.270920000000000000e+05 7.029000000000000000e+03
1.285200000000000000e+05 7.481000000000000000e+03
1.299480000000000000e+05 7.937000000000000000e+03
1.313760000000000000e+05 8.389000000000000000e+03
1.328040000000000000e+05 8.716000000000000000e+03
1.342320000000000000e+05 9.349000000000000000e+03
1.356600000000000000e+05 9.910000000000000000e+03
1.370880000000000000e+05 1.045600000000000000e+04
1.385160000000000000e+05 1.072600000000000000e+04
1.399440000000000000e+05 1.127400000000000000e+04
1.413720000000000000e+05 1.170000000000000000e+04
1.428000000000000000e+05 1.205400000000000000e+04
1.442280000000000000e+05 1.231500000000000000e+04
1.456560000000000000e+05 1.272900000000000000e+04
1.470840000000000000e+05 1.319500000000000000e+04
1.485120000000000000e+05 1.374600000000000000e+04
1.499400000000000000e+05 1.379600000000000000e+04
1.513680000000000000e+05 1.418600000000000000e+04
1.527960000000000000e+05 1.427400000000000000e+04
1.542240000000000000e+05 1.474700000000000000e+04
1.556520000000000000e+05 1.488900000000000000e+04
1.570800000000000000e+05 1.503600000000000000e+04
1.585080000000000000e+05 1.501200000000000000e+04
1.599360000000000000e+05 1.535200000000000000e+04
1.613640000000000000e+05 1.536600000000000000e+04
1.627920000000000000e+05 1.552100000000000000e+04
1.642200000000000000e+05 1.565700000000000000e+04
1.656480000000000000e+05 1.582900000000000000e+04
1.670760000000000000e+05 1.581900000000000000e+04
1.685040000000000000e+05 1.578700000000000000e+04
1.699320000000000000e+05 1.582600000000000000e+04
1.713600000000000000e+05 1.571900000000000000e+04
1.727880000000000000e+05 1.560500000000000000e+04
1.742160000000000000e+05 1.563100000000000000e+04
1.756440000000000000e+05 1.559600000000000000e+04
1.770720000000000000e+05 1.555100000000000000e+04
1.785000000000000000e+05 1.529400000000000000e+04
1.799280000000000000e+05 1.528800000000000000e+04
1.813560000000000000e+05 1.511700000000000000e+04
1.827840000000000000e+05 1.505100000000000000e+04
1.842120000000000000e+05 1.466900000000000000e+04
1.856400000000000000e+05 1.471100000000000000e+04
1.870680000000000000e+05 1.428100000000000000e+04
1.884960000000000000e+05 1.438300000000000000e+04
1.899240000000000000e+05 1.393000000000000000e+04
1.913520000000000000e+05 1.376100000000000000e+04
1.927800000000000000e+05 1.319600000000000000e+04
1.942080000000000000e+05 1.294300000000000000e+04
1.956360000000000000e+05 1.265600000000000000e+04
1.970640000000000000e+05 1.228700000000000000e+04
1.984920000000000000e+05 1.175900000000000000e+04
1.999200000000000000e+05 1.154600000000000000e+04
2.013480000000000000e+05 1.081100000000000000e+04
2.027760000000000000e+05 1.042200000000000000e+04
2.042040000000000000e+05 1.004100000000000000e+04
2.056320000000000000e+05 9.524000000000000000e+03
2.070600000000000000e+05 9.129000000000000000e+03
2.084880000000000000e+05 8.481000000000000000e+03
2.099160000000000000e+05 8.104000000000000000e+03
2.113440000000000000e+05 7.591000000000000000e+03
2.127720000000000000e+05 7.243000000000000000e+03
2.142000000000000000e+05 6.805000000000000000e+03
2.156280000000000000e+05 6.247000000000000000e+03
2.170560000000000000e+05 5.780000000000000000e+03
2.184840000000000000e+05 5.479000000000000000e+03
2.199120000000000000e+05 4.981000000000000000e+03
2.213400000000000000e+05 4.695000000000000000e+03
2.227680000000000000e+05 4.396000000000000000e+03
2.241960000000000000e+05 4.183000000000000000e+03
2.256240000000000000e+05 3.770000000000000000e+03
2.270520000000000000e+05 3.594000000000000000e+03
2.284800000000000000e+05 3.277000000000000000e+03
2.299080000000000000e+05 3.085000000000000000e+03
2.313360000000000000e+05 2.872000000000000000e+03
2.327640000000000000e+05 2.921000000000000000e+03
2.341920000000000000e+05 2.640000000000000000e+03
2.356200000000000000e+05 2.618000000000000000e+03
2.370480000000000000e+05 2.469000000000000000e+03
2.384760000000000000e+05 2.418000000000000000e+03
2.399040000000000000e+05 2.397000000000000000e+03
2.413320000000000000e+05 2.371000000000000000e+03
2.427600000000000000e+05 2.393000000000000000e+03
2.441880000000000000e+05 2.360000000000000000e+03
2.456160000000000000e+05 2.411000000000000000e+03
2.470440000000000000e+05 2.460000000000000000e+03
2.484720000000000000e+05 2.563000000000000000e+03
2.499000000000000000e+05 2.683000000000000000e+03
2.513280000000000000e+05 2.936000000000000000e+03
2.527560000000000000e+05 2.985000000000000000e+03
2.541840000000000000e+05 3.251000000000000000e+03
2.556120000000000000e+05 3.320000000000000000e+03
2.570400000000000000e+05 3.694000000000000000e+03
2.584680000000000000e+05 3.988000000000000000e+03
2.598960000000000000e+05 4.285000000000000000e+03
2.613240000000000000e+05 4.509000000000000000e+03
2.627520000000000000e+05 4.811000000000000000e+03
2.641800000000000000e+05 5.369000000000000000e+03
2.656080000000000000e+05 5.651000000000000000e+03
2.670360000000000000e+05 6.120000000000000000e+03
2.684640000000000000e+05 6.430000000000000000e+03
2.698920000000000000e+05 7.068000000000000000e+03
2.713200000000000000e+05 7.443000000000000000e+03
2.727480000000000000e+05 7.897000000000000000e+03
2.741760000000000000e+05 8.472000000000000000e+03
2.756040000000000000e+05 8.755000000000000000e+03
2.770320000000000000e+05 9.263000000000000000e+03
2.784600000000000000e+05 9.917000000000000000e+03
2.798880000000000000e+05 1.025900000000000000e+04
2.813160000000000000e+05 1.069900000000000000e+04
2.827440000000000000e+05 1.128900000000000000e+04
2.841720000000000000e+05 1.159700000000000000e+04
