0.000000000000000000e+00 1.138200000000000000e+04
2.000000000000000000e+03 1.183800000000000000e+04
4.000000000000000000e+03 1.193500000000000000e+04
6.000000000000000000e+03 1.240200000000000000e+04
8.000000000000000000e+03 1.269300000000000000e+04
1.000000000000000000e+04 1.290900000000000000e+04
1.200000000000000000e+04 1.329900000000000000e+04
1.400000000000000000e+04 1.343100000000000000e+04
1.600000000000000000e+04 1.356700000000000000e+04
1.800000000000000000e+04 1.401400000000000000e+04
2.000000000000000000e+04 1.415300000000000000e+04
2.200000000000000000e+04 1.448000000000000000e+04
2.400000000000000000e+04 1.447900000000000000e+04
2.600000000000000000e+04 1.441800000000000000e+04
2.800000000000000000e+04 1.449100000000000000e+04
3.000000000000000000e+04 1.431300000000000000e+04
3.200000000000000000e+04 1.465800000000000000e+04
3.400000000000000000e+04 1.469600000000000000e+04
3.600000000000000000e+04 1.476300000000000000e+04
3.800000000000000000e+04 1.483900000000000000e+04
4.000000000000000000e+04 1.480900000000000000e+04
4.200000000000000000e+04 1.475400000000000000e+04
4.400000000000000000e+04 1.485100000000000000e+04
4.600000000000000000e+04 1.478800000000000000e+04
4.800000000000000000e+04 1.448700000000000000e+04
5.000000000000000000e+04 1.469400000000000000e+04
5.200000000000000000e+04 1.430400000000000000e+04
5.400000000000000000e+04 1.440100000000000000e+04
5.600000000000000000e+04 1.394800000000000000e+04
5.800000000000000000e+04 1.389000000000000000e+04
6.000000000000000000e+04 1.366900000000000000e+04
6.200000000000000000e+04 1.340400000000000000e+04
6.400000000000000000e+04 1.341200000000000000e+04
6.600000000000000000e+04 1.317000000000000000e+04
6.800000000000000000e+04 1.274500000000000000e+04
7.000000000000000000e+04 1.257600000000000000e+04
7.200000000000000000e+04 1.197600000000000000e+04
7.400000000000000000e+04 1.157300000000000000e+04
7.600000000000000000e+04 1.132300000000000000e+04
7.800000000000000000e+04 1.078600000000000000e+04
8.000000000000000000e+04 1.063200000000000000e+04
8.200000000000000000e+04 1.024400000000000000e+04
8.400000000000000000e+04 9.774000000000000000e+03
8.600000000000000000e+04 9.118000000000000000e+03
8.800000000000000000e+04 8.820000000000000000e+03
9.000000000000000000e+04 8.361000000000000000e+03
9.200000000000000000e+04 8.010000000000000000e+03
9.400000000000000000e+04 7.514000000000000000e+03
9.600000000000000000e+04 7.108000000000000000e+03
9.800000000000000000e+04 6.672000000000000000e+03
1.000000000000000000e+05 6.261000000000000000e+03
1.020000000000000000e+05 5.916000000000000000e+03
1.040000000000000000e+05 5.566000000000000000e+03
1.060000000000000000e+05 5.116000000000000000e+03
1.080000000000000000e+05 4.843000000000000000e+03
1.100000000000000000e+05 4.413000000000000000e+03
1.120000000000000000e+05 4.074000000000000000e+03
1.140000000000000000e+05 3.803000000000000000e+03
1.160000000000000000e+05 3.645000000000000000e+03
1.180000000000000000e+05 3.325000000000000000e+03
1.200000000000000000e+05 2.972000000000000000e+03
1.220000000000000000e+05 2.874000000000000000e+03
1.240000000000000000e+05 2.695000000000000000e+03
1.260000000000000000e+05 2.555000000000000000e+03
1.280000000000000000e+05 2.492000000000000000e+03
1.300000000000000000e+05 2.339000000000000000e+03
1.320000000000000000e+05 2.240000000000000000e+03
1.340000000000000000e+05 2.206000000000000000e+03
1.360000000000000000e+05 2.193000000000000000e+03
1.380000000000000000e+05 2.133000000000000000e+03
1.400000000000000000e+05 2.152000000000000000e+03
1.420000000000000000e+05 2.185000000000000000e+03
1.440000000000000000e+05 2.330000000000000000e+03
1.460000000000000000e+05 2.382000000000000000e+03
1.480000000000000000e+05 2.462000000000000000e+03
1.500000000000000000e+05 2.496000000000000000e+03
1.520000000000000000e+05 2.648000000000000000e+03
1.540000000000000000e+05 2.897000000000000000e+03
1.560000000000000000e+05 3.096000000000000000e+03
1.580000000000000000e+05 3.301000000000000000e+03
1.600000000000000000e+05 3.426000000000000000e+03
1.620000000000000000e+05 3.604000000000000000e+03
1.640000000000000000e+05 4.030000000000000000e+03
1.660000000000000000e+05 4.269000000000000000e+03
1.680000000000000000e+05 4.696000000000000000e+03
1.700000000000000000e+05 4.872000000000000000e+03
1.720000000000000000e+05 5.280000000000000000e+03
1.740000000000000000e+05 5.780000000000000000e+03
1.760000000000000000e+05 6.228000000000000000e+03
1.780000000000000000e+05 6.464000000000000000e+03
1.800000000000000000e+05 7.013000000000000000e+03
1.820000000000000000e+05 7.472000000000000000e+03
1.840000000000000000e+05 8.047000000000000000e+03
1.860000000000000000e+05 8.272000000000000000e+03
1.880000000000000000e+05 8.816000000000000000e+03
1.900000000000000000e+05 9.429000000000000000e+03
1.920000000000000000e+05 9.675000000000000000e+03
1.940000000000000000e+05 1.033000000000000000e+04
1.960000000000000000e+05 1.043300000000000000e+04
1.980000000000000000e+05 1.104800000000000000e+04
2.000000000000000000e+05 1.124800000000000000e+04
2.020000000000000000e+05 1.169700000000000000e+04
2.040000000000000000e+05 1.193900000000000000e+04
2.060000000000000000e+05 1.229800000000000000e+04
2.080000000000000000e+05 1.242200000000000000e+04
2.100000000000000000e+05 1.298100000000000000e+04
2.120000000000000000e+05 1.301800000000000000e+04
2.140000000000000000e+05 1.325500000000000000e+04
2.160000000000000000e+05 1.367700000000000000e+04
2.180000000000000000e+05 1.405100000000000000e+04
2.200000000000000000e+05 1.403400000000000000e+04
2.220000000000000000e+05 1.430100000000000000e+04
2.240000000000000000e+05 1.428100000000000000e+04
2.260000000000000000e+05 1.469500000000000000e+04
2.280000000000000000e+05 1.485400000000000000e+04
2.300000000000000000e+05 1.482600000000000000e+04
2.320000000000000000e+05 1.471400000000000000e+04
2.340000000000000000e+05 1.488100000000000000e+04
2.360000000000000000e+05 1.477900000000000000e+04
2.380000000000000000e+05 1.495400000000000000e+04
2.400000000000000000e+05 1.465700000000000000e+04
2.420000000000000000e+05 1.502100000000000000e+04
2.440000000000000000e+05 1.481300000000000000e+04
2.460000000000000000e+05 1.464200000000000000e+04
2.480000000000000000e+05 1.470500000000000000e+04
2.500000000000000000e+05 1.462200000000000000e+04
2.520000000000000000e+05 1.431100000000000000e+04
2.540000000000000000e+05 1.426700000000000000e+04
2.560000000000000000e+05 1.414500000000000000e+04
2.580000000000000000e+05 1.403900000000000000e+04
2.600000000000000000e+05 1.384700000000000000e+04
2.620000000000000000e+05 1.342900000000000000e+04
2.640000000000000000e+05 1.302400000000000000e+04
2.660000000000000000e+05 1.302600000000000000e+04
2.680000000000000000e+05 1.266200000000000000e+04
2.700000000000000000e+05 1.231200000000000000e+04
2.720000000000000000e+05 1.202300000000000000e+04
2.740000000000000000e+05 1.142100000000000000e+04
2.760000000000000000e+05 1.154200000000000000e+04
2.780000000000000000e+05 1.090900000000000000e+04
2.800000000000000000e+05 1.066700000000000000e+04
2.820000000000000000e+05 1.024900000000000000e+04
2.840000000000000000e+05 9.868000000000000000e+03
2.860000000000000000e+05 9.482000000000000000e+03
2.880000000000000000e+05 8.729000000000000000e+03
2.900000000000000000e+05 8.647000000000000000e+03
2.920000000000000000e+05 8.106000000000000000e+03
2.940000000000000000e+05 7.709000000000000000e+03
2.960000000000000000e+05 7.049000000000000000e+03
2.980000000000000000e+05 6.784000000000000000e+03
3.000000000000000000e+05 6.152000000000000000e+03
3.020000000000000000e+05 5.914000000000000000e+03
3.040000000000000000e+05 5.447000000000000000e+03
3.060000000000000000e+05 5.067000000000000000e+03
3.080000000000000000e+05 4.843000000000000000e+03
3.100000000000000000e+05 4.532000000000000000e+03
3.120000000000000000e+05 4.137000000000000000e+03
3.140000000000000000e+05 3.777000000000000000e+03
3.160000000000000000e+05 3.578000000000000000e+03
3.180000000000000000e+05 3.318000000000000000e+03
3.200000000000000000e+05 3.082000000000000000e+03
3.220000000000000000e+05 2.904000000000000000e+03
3.240000000000000000e+05 2.820000000000000000e+03
3.260000000000000000e+05 2.550000000000000000e+03
3.280000000000000000e+05 2.417000000000000000e+03
3.300000000000000000e+05 2.450000000000000000e+03
3.320000000000000000e+05 2.285000000000000000e+03
3.340000000000000000e+05 2.315000000000000000e+03
3.360000000000000000e+05 2.175000000000000000e+03
3.380000000000000000e+05 2.257000000000000000e+03
3.400000000000000000e+05 2.271000000000000000e+03
3.420000000000000000e+05 2.211000000000000000e+03
3.440000000000000000e+05 2.308000000000000000e+03
3.460000000000000000e+05 2.426000000000000000e+03
3.480000000000000000e+05 2.414000000000000000e+03
3.500000000000000000e+05 2.586000000000000000e+03
3.520000000000000000e+05 2.652000000000000000e+03
3.540000000000000000e+05 2.780000000000000000e+03
3.560000000000000000e+05 3.036000000000000000e+03
3.580000000000000000e+05 3.329000000000000000e+03
3.600000000000000000e+05 3.476000000000000000e+03
3.620000000000000000e+05 3.775000000000000000e+03
3.640000000000000000e+05 3.976000000000000000e+03
3.660000000000000000e+05 4.235000000000000000e+03
3.680000000000000000e+05 4.546000000000000000e+03
3.700000000000000000e+05 5.000000000000000000e+03
3.720000000000000000e+05 5.420000000000000000e+03
3.740000000000000000e+05 5.900000000000000000e+03
3.760000000000000000e+05 6.152000000000000000e+03
3.780000000000000000e+05 6.512000000000000000e+03
3.800000000000000000e+05 6.991000000000000000e+03
3.820000000000000000e+05 7.446000000000000000e+03
3.840000000000000000e+05 7.815000000000000000e+03
3.860000000000000000e+05 8.230000000000000000e+03
3.880000000000000000e+05 8.757000000000000000e+03
3.900000000000000000e+05 9.150000000000000000e+03
3.920000000000000000e+05 9.662000000000000000e+03
3.940000000000000000e+05 1.000500000000000000e+04
3.960000000000000000e+05 1.065300000000000000e+04
3.980000000000000000e+05 1.099200000000000000e+04
