0.000000000000000000e+00 1.384700000000000000e+04
5.000000000000000000e+03 1.421900000000000000e+04
1.000000000000000000e+04 1.479900000000000000e+04
1.500000000000000000e+04 1.529500000000000000e+04
2.000000000000000000e+04 1.548100000000000000e+04
2.500000000000000000e+04 1.596500000000000000e+04
3.000000000000000000e+04 1.616400000000000000e+04
3.500000000000000000e+04 1.679000000000000000e+04
4.000000000000000000e+04 1.682800000000000000e+04
4.500000000000000000e+04 1.712000000000000000e+04
5.000000000000000000e+04 1.760600000000000000e+04
5.500000000000000000e+04 1.774200000000000000e+04
6.000000000000000000e+04 1.762800000000000000e+04
6.500000000000000000e+04 1.803100000000000000e+04
7.000000000000000000e+04 1.813200000000000000e+04
7.500000000000000000e+04 1.811700000000000000e+04
8.000000000000000000e+04 1.798700000000000000e+04
8.500000000000000000e+04 1.849200000000000000e+04
9.000000000000000000e+04 1.837100000000000000e+04
9.500000000000000000e+04 1.832500000000000000e+04
1.000000000000000000e+05 1.824700000000000000e+04
1.050000000000000000e+05 1.826500000000000000e+04
1.100000000000000000e+05 1.814500000000000000e+04
1.150000000000000000e+05 1.801400000000000000e+04
1.200000000000000000e+05 1.802900000000000000e+04
1.250000000000000000e+05 1.792700000000000000e+04
1.300000000000000000e+05 1.755000000000000000e+04
1.350000000000000000e+05 1.756500000000000000e+04
1.400000000000000000e+05 1.754600000000000000e+04
1.450000000000000000e+05 1.725400000000000000e+04
1.500000000000000000e+05 1.696200000000000000e+04
1.550000000000000000e+05 1.680500000000000000e+04
1.600000000000000000e+05 1.632100000000000000e+04
1.650000000000000000e+05 1.603000000000000000e+04
1.700000000000000000e+05 1.574200000000000000e+04
1.750000000000000000e+05 1.525000000000000000e+04
1.800000000000000000e+05 1.487800000000000000e+04
1.850000000000000000e+05 1.466900000000000000e+04
1.900000000000000000e+05 1.405400000000000000e+04
1.950000000000000000e+05 1.361600000000000000e+04
2.000000000000000000e+05 1.300400000000000000e+04
2.050000000000000000e+05 1.271800000000000000e+04
2.100000000000000000e+05 1.179500000000000000e+04
2.150000000000000000e+05 1.153600000000000000e+04
2.200000000000000000e+05 1.105400000000000000e+04
2.250000000000000000e+05 1.033300000000000000e+04
2.300000000000000000e+05 9.715000000000000000e+03
2.350000000000000000e+05 9.350000000000000000e+03
2.400000000000000000e+05 8.645000000000000000e+03
2.450000000000000000e+05 8.168000000000000000e+03
2.500000000000000000e+05 7.589000000000000000e+03
2.550000000000000000e+05 7.104000000000000000e+03
2.600000000000000000e+05 6.734000000000000000e+03
2.650000000000000000e+05 6.133000000000000000e+03
2.700000000000000000e+05 5.791000000000000000e+03
2.750000000000000000e+05 5.444000000000000000e+03
2.800000000000000000e+05 5.033000000000000000e+03
2.850000000000000000e+05 4.666000000000000000e+03
2.900000000000000000e+05 4.397000000000000000e+03
2.950000000000000000e+05 4.060000000000000000e+03
3.000000000000000000e+05 3.860000000000000000e+03
3.050000000000000000e+05 3.544000000000000000e+03
3.100000000000000000e+05 3.373000000000000000e+03
3.150000000000000000e+05 3.134000000000000000e+03
3.200000000000000000e+05 3.058000000000000000e+03
3.250000000000000000e+05 2.996000000000000000e+03
3.300000000000000000e+05 2.927000000000000000e+03
3.350000000000000000e+05 2.763000000000000000e+03
3.400000000000000000e+05 2.701000000000000000e+03
3.450000000000000000e+05 2.646000000000000000e+03
3.500000000000000000e+05 2.692000000000000000e+03
3.550000000000000000e+05 2.594000000000000000e+03
3.600000000000000000e+05 2.762000000000000000e+03
3.650000000000000000e+05 2.875000000000000000e+03
3.700000000000000000e+05 3.013000000000000000e+03
3.750000000000000000e+05 3.133000000000000000e+03
3.800000000000000000e+05 3.209000000000000000e+03
3.850000000000000000e+05 3.428000000000000000e+03
3.900000000000000000e+05 3.639000000000000000e+03
3.950000000000000000e+05 3.887000000000000000e+03
4.000000000000000000e+05 4.293000000000000000e+03
4.050000000000000000e+05 4.533000000000000000e+03
4.100000000000000000e+05 4.962000000000000000e+03
4.150000000000000000e+05 5.310000000000000000e+03
4.200000000000000000e+05 5.624000000000000000e+03
4.250000000000000000e+05 6.204000000000000000e+03
4.300000000000000000e+05 6.601000000000000000e+03
4.350000000000000000e+05 7.244000000000000000e+03
4.400000000000000000e+05 7.625000000000000000e+03
4.450000000000000000e+05 8.121000000000000000e+03
4.500000000000000000e+05 8.701000000000000000e+03
4.550000000000000000e+05 9.358000000000000000e+03
4.600000000000000000e+05 9.721000000000000000e+03
4.650000000000000000e+05 1.015500000000000000e+04
4.700000000000000000e+05 1.073300000000000000e+04
4.750000000000000000e+05 1.127500000000000000e+04
4.800000000000000000e+05 1.199700000000000000e+04
4.850000000000000000e+05 1.262900000000000000e+04
4.900000000000000000e+05 1.309700000000000000e+04
4.950000000000000000e+05 1.348800000000000000e+04
5.000000000000000000e+05 1.411300000000000000e+04
5.050000000000000000e+05 1.449700000000000000e+04
5.100000000000000000e+05 1.476200000000000000e+04
5.150000000000000000e+05 1.521700000000000000e+04
5.200000000000000000e+05 1.573900000000000000e+04
5.250000000000000000e+05 1.595000000000000000e+04
5.300000000000000000e+05 1.656000000000000000e+04
5.350000000000000000e+05 1.668500000000000000e+04
5.400000000000000000e+05 1.672200000000000000e+04
5.450000000000000000e+05 1.710100000000000000e+04
5.500000000000000000e+05 1.753600000000000000e+04
5.550000000000000000e+05 1.777900000000000000e+04
5.600000000000000000e+05 1.769200000000000000e+04
5.650000000000000000e+05 1.800200000000000000e+04
5.700000000000000000e+05 1.794300000000000000e+04
5.750000000000000000e+05 1.832000000000000000e+04
5.800000000000000000e+05 1.825400000000000000e+04
5.850000000000000000e+05 1.844800000000000000e+04
5.900000000000000000e+05 1.839300000000000000e+04
5.950000000000000000e+05 1.835300000000000000e+04
6.000000000000000000e+05 1.852400000000000000e+04
6.050000000000000000e+05 1.850700000000000000e+04
6.100000000000000000e+05 1.822300000000000000e+04
6.150000000000000000e+05 1.841300000000000000e+04
6.200000000000000000e+05 1.821500000000000000e+04
6.250000000000000000e+05 1.816300000000000000e+04
6.300000000000000000e+05 1.778200000000000000e+04
6.350000000000000000e+05 1.781800000000000000e+04
6.400000000000000000e+05 1.781300000000000000e+04
6.450000000000000000e+05 1.721000000000000000e+04
6.500000000000000000e+05 1.716400000000000000e+04
6.550000000000000000e+05 1.664500000000000000e+04
6.600000000000000000e+05 1.645500000000000000e+04
6.650000000000000000e+05 1.627000000000000000e+04
6.700000000000000000e+05 1.600300000000000000e+04
6.750000000000000000e+05 1.537900000000000000e+04
6.800000000000000000e+05 1.502400000000000000e+04
6.850000000000000000e+05 1.437400000000000000e+04
6.900000000000000000e+05 1.415200000000000000e+04
6.950000000000000000e+05 1.341400000000000000e+04
7.000000000000000000e+05 1.301100000000000000e+04
7.050000000000000000e+05 1.275300000000000000e+04
7.100000000000000000e+05 1.197100000000000000e+04
7.150000000000000000e+05 1.142900000000000000e+04
7.200000000000000000e+05 1.101700000000000000e+04
7.250000000000000000e+05 1.051600000000000000e+04
7.300000000000000000e+05 9.585000000000000000e+03
7.350000000000000000e+05 9.269000000000000000e+03
7.400000000000000000e+05 8.713000000000000000e+03
7.450000000000000000e+05 8.479000000000000000e+03
7.500000000000000000e+05 7.741000000000000000e+03
7.550000000000000000e+05 7.159000000000000000e+03
7.600000000000000000e+05 6.945000000000000000e+03
7.650000000000000000e+05 6.215000000000000000e+03
7.700000000000000000e+05 5.771000000000000000e+03
7.750000000000000000e+05 5.606000000000000000e+03
7.800000000000000000e+05 5.003000000000000000e+03
7.850000000000000000e+05 4.698000000000000000e+03
7.900000000000000000e+05 4.297000000000000000e+03
7.950000000000000000e+05 4.040000000000000000e+03
8.000000000000000000e+05 3.781000000000000000e+03
8.050000000000000000e+05 3.556000000000000000e+03
8.100000000000000000e+05 3.349000000000000000e+03
8.150000000000000000e+05 3.225000000000000000e+03
8.200000000000000000e+05 3.126000000000000000e+03
8.250000000000000000e+05 2.832000000000000000e+03
8.300000000000000000e+05 2.844000000000000000e+03
8.350000000000000000e+05 2.834000000000000000e+03
8.400000000000000000e+05 2.753000000000000000e+03
8.450000000000000000e+05 2.759000000000000000e+03
8.500000000000000000e+05 2.695000000000000000e+03
8.550000000000000000e+05 2.779000000000000000e+03
8.600000000000000000e+05 2.829000000000000000e+03
8.650000000000000000e+05 2.845000000000000000e+03
8.700000000000000000e+05 3.082000000000000000e+03
8.750000000000000000e+05 3.029000000000000000e+03
8.800000000000000000e+05 3.299000000000000000e+03
8.850000000000000000e+05 3.482000000000000000e+03
8.900000000000000000e+05 3.690000000000000000e+03
8.950000000000000000e+05 4.030000000000000000e+03
9.000000000000000000e+05 4.201000000000000000e+03
9.050000000000000000e+05 4.463000000000000000e+03
9.100000000000000000e+05 4.891000000000000000e+03
9.150000000000000000e+05 5.151000000000000000e+03
9.200000000000000000e+05 5.639000000000000000e+03
9.250000000000000000e+05 6.160000000000000000e+03
9.300000000000000000e+05 6.538000000000000000e+03
9.350000000000000000e+05 6.971000000000000000e+03
9.400000000000000000e+05 7.652000000000000000e+03
9.450000000000000000e+05 7.972000000000000000e+03
9.500000000000000000e+05 8.657000000000000000e+03
9.550000000000000000e+05 9.216000000000000000e+03
9.600000000000000000e+05 9.512000000000000000e+03
9.650000000000000000e+05 1.036600000000000000e+04
9.700000000000000000e+05 1.074100000000000000e+04
9.750000000000000000e+05 1.143300000000000000e+04
9.800000000000000000e+05 1.183400000000000000e+04
9.850000000000000000e+05 1.264500000000000000e+04
9.900000000000000000e+05 1.299200000000000000e+04
9.950000000000000000e+05 1.352500000000000000e+04
