0.000000000000000000e+00 1.024700000000000000e+04
5.000000000000000000e+01 1.057200000000000000e+04
1.000000000000000000e+02 1.079700000000000000e+04
1.500000000000000000e+02 1.134300000000000000e+04
2.000000000000000000e+02 1.139400000000000000e+04
2.500000000000000000e+02 1.178600000000000000e+04
3.000000000000000000e+02 1.197200000000000000e+04
3.500000000000000000e+02 1.229700000000000000e+04
4.000000000000000000e+02 1.256900000000000000e+04
4.500000000000000000e+02 1.261900000000000000e+04
5.000000000000000000e+02 1.279000000000000000e+04
5.500000000000000000e+02 1.299000000000000000e+04
6.000000000000000000e+02 1.289800000000000000e+04
6.500000000000000000e+02 1.331000000000000000e+04
7.000000000000000000e+02 1.294700000000000000e+04
7.500000000000000000e+02 1.318700000000000000e+04
8.000000000000000000e+02 1.334300000000000000e+04
8.500000000000000000e+02 1.352500000000000000e+04
9.000000000000000000e+02 1.342400000000000000e+04
9.500000000000000000e+02 1.308300000000000000e+04
1.000000000000000000e+03 1.336400000000000000e+04
1.050000000000000000e+03 1.354100000000000000e+04
1.100000000000000000e+03 1.319800000000000000e+04
1.150000000000000000e+03 1.319700000000000000e+04
1.200000000000000000e+03 1.315400000000000000e+04
1.250000000000000000e+03 1.307500000000000000e+04
1.300000000000000000e+03 1.272500000000000000e+04
1.350000000000000000e+03 1.289900000000000000e+04
1.400000000000000000e+03 1.260300000000000000e+04
1.450000000000000000e+03 1.241400000000000000e+04
1.500000000000000000e+03 1.250000000000000000e+04
1.550000000000000000e+03 1.213100000000000000e+04
1.600000000000000000e+03 1.204800000000000000e+04
1.650000000000000000e+03 1.183700000000000000e+04
1.700000000000000000e+03 1.142900000000000000e+04
1.750000000000000000e+03 1.114000000000000000e+04
1.800000000000000000e+03 1.088700000000000000e+04
1.850000000000000000e+03 1.073600000000000000e+04
1.900000000000000000e+03 1.024200000000000000e+04
1.950000000000000000e+03 9.887000000000000000e+03
2.000000000000000000e+03 9.631000000000000000e+03
2.050000000000000000e+03 9.145000000000000000e+03
2.100000000000000000e+03 8.890000000000000000e+03
2.150000000000000000e+03 8.432000000000000000e+03
2.200000000000000000e+03 8.037000000000000000e+03
2.250000000000000000e+03 7.715000000000000000e+03
2.300000000000000000e+03 7.264000000000000000e+03
2.350000000000000000e+03 6.805000000000000000e+03
2.400000000000000000e+03 6.380000000000000000e+03
2.450000000000000000e+03 6.122000000000000000e+03
2.500000000000000000e+03 5.507000000000000000e+03
2.550000000000000000e+03 5.267000000000000000e+03
2.600000000000000000e+03 4.962000000000000000e+03
2.650000000000000000e+03 4.460000000000000000e+03
2.700000000000000000e+03 4.268000000000000000e+03
2.750000000000000000e+03 4.077000000000000000e+03
2.800000000000000000e+03 3.743000000000000000e+03
2.850000000000000000e+03 3.419000000000000000e+03
2.900000000000000000e+03 3.224000000000000000e+03
2.950000000000000000e+03 3.063000000000000000e+03
3.000000000000000000e+03 2.793000000000000000e+03
3.050000000000000000e+03 2.638000000000000000e+03
3.100000000000000000e+03 2.470000000000000000e+03
3.150000000000000000e+03 2.409000000000000000e+03
3.200000000000000000e+03 2.306000000000000000e+03
3.250000000000000000e+03 2.086000000000000000e+03
3.300000000000000000e+03 2.126000000000000000e+03
3.350000000000000000e+03 2.013000000000000000e+03
3.400000000000000000e+03 2.044000000000000000e+03
3.450000000000000000e+03 1.954000000000000000e+03
3.500000000000000000e+03 1.949000000000000000e+03
3.550000000000000000e+03 1.966000000000000000e+03
3.600000000000000000e+03 2.080000000000000000e+03
3.650000000000000000e+03 2.160000000000000000e+03
3.700000000000000000e+03 2.271000000000000000e+03
3.750000000000000000e+03 2.335000000000000000e+03
3.800000000000000000e+03 2.398000000000000000e+03
3.850000000000000000e+03 2.445000000000000000e+03
3.900000000000000000e+03 2.807000000000000000e+03
3.950000000000000000e+03 2.833000000000000000e+03
4.000000000000000000e+03 3.107000000000000000e+03
4.050000000000000000e+03 3.327000000000000000e+03
4.100000000000000000e+03 3.707000000000000000e+03
4.150000000000000000e+03 3.868000000000000000e+03
4.200000000000000000e+03 4.143000000000000000e+03
4.250000000000000000e+03 4.546000000000000000e+03
4.300000000000000000e+03 4.793000000000000000e+03
4.350000000000000000e+03 5.026000000000000000e+03
4.400000000000000000e+03 5.456000000000000000e+03
4.450000000000000000e+03 6.001000000000000000e+03
4.500000000000000000e+03 6.339000000000000000e+03
4.550000000000000000e+03 6.770000000000000000e+03
4.600000000000000000e+03 7.111000000000000000e+03
4.650000000000000000e+03 7.571000000000000000e+03
4.700000000000000000e+03 7.931000000000000000e+03
4.750000000000000000e+03 8.540000000000000000e+03
4.800000000000000000e+03 8.687000000000000000e+03
4.850000000000000000e+03 9.167000000000000000e+03
4.900000000000000000e+03 9.651000000000000000e+03
4.950000000000000000e+03 9.766000000000000000e+03
5.000000000000000000e+03 1.019800000000000000e+04
5.050000000000000000e+03 1.035800000000000000e+04
5.100000000000000000e+03 1.093300000000000000e+04
5.150000000000000000e+03 1.122500000000000000e+04
5.200000000000000000e+03 1.155800000000000000e+04
5.250000000000000000e+03 1.184600000000000000e+04
5.300000000000000000e+03 1.208200000000000000e+04
5.350000000000000000e+03 1.222800000000000000e+04
5.400000000000000000e+03 1.236100000000000000e+04
5.450000000000000000e+03 1.256500000000000000e+04
5.500000000000000000e+03 1.282200000000000000e+04
5.550000000000000000e+03 1.297000000000000000e+04
5.600000000000000000e+03 1.288600000000000000e+04
5.650000000000000000e+03 1.300600000000000000e+04
5.700000000000000000e+03 1.297800000000000000e+04
5.750000000000000000e+03 1.319900000000000000e+04
5.800000000000000000e+03 1.336900000000000000e+04
5.850000000000000000e+03 1.328000000000000000e+04
5.900000000000000000e+03 1.352400000000000000e+04
5.950000000000000000e+03 1.340600000000000000e+04
6.000000000000000000e+03 1.349800000000000000e+04
6.050000000000000000e+03 1.352300000000000000e+04
6.100000000000000000e+03 1.345400000000000000e+04
6.150000000000000000e+03 1.322400000000000000e+04
6.200000000000000000e+03 1.305800000000000000e+04
6.250000000000000000e+03 1.326200000000000000e+04
6.300000000000000000e+03 1.305800000000000000e+04
6.350000000000000000e+03 1.283900000000000000e+04
6.400000000000000000e+03 1.272200000000000000e+04
6.450000000000000000e+03 1.281000000000000000e+04
6.500000000000000000e+03 1.248900000000000000e+04
6.550000000000000000e+03 1.219700000000000000e+04
6.600000000000000000e+03 1.203800000000000000e+04
6.650000000000000000e+03 1.192500000000000000e+04
6.700000000000000000e+03 1.157800000000000000e+04
6.750000000000000000e+03 1.114200000000000000e+04
6.800000000000000000e+03 1.085500000000000000e+04
6.850000000000000000e+03 1.048300000000000000e+04
6.900000000000000000e+03 1.024600000000000000e+04
6.950000000000000000e+03 9.898000000000000000e+03
7.000000000000000000e+03 9.641000000000000000e+03
7.050000000000000000e+03 9.237000000000000000e+03
7.100000000000000000e+03 8.711000000000000000e+03
7.150000000000000000e+03 8.486000000000000000e+03
7.200000000000000000e+03 7.955000000000000000e+03
7.250000000000000000e+03 7.607000000000000000e+03
7.300000000000000000e+03 7.169000000000000000e+03
7.350000000000000000e+03 6.772000000000000000e+03
7.400000000000000000e+03 6.535000000000000000e+03
7.450000000000000000e+03 6.211000000000000000e+03
7.500000000000000000e+03 5.647000000000000000e+03
7.550000000000000000e+03 5.246000000000000000e+03
7.600000000000000000e+03 4.965000000000000000e+03
7.650000000000000000e+03 4.538000000000000000e+03
7.700000000000000000e+03 4.198000000000000000e+03
7.750000000000000000e+03 4.063000000000000000e+03
7.800000000000000000e+03 3.651000000000000000e+03
7.850000000000000000e+03 3.375000000000000000e+03
7.900000000000000000e+03 3.178000000000000000e+03
7.950000000000000000e+03 2.960000000000000000e+03
8.000000000000000000e+03 2.860000000000000000e+03
8.050000000000000000e+03 2.665000000000000000e+03
8.100000000000000000e+03 2.401000000000000000e+03
8.150000000000000000e+03 2.354000000000000000e+03
8.200000000000000000e+03 2.223000000000000000e+03
8.250000000000000000e+03 2.095000000000000000e+03
8.300000000000000000e+03 2.130000000000000000e+03
8.350000000000000000e+03 2.077000000000000000e+03
8.400000000000000000e+03 1.887000000000000000e+03
8.450000000000000000e+03 1.998000000000000000e+03
8.500000000000000000e+03 1.941000000000000000e+03
8.550000000000000000e+03 1.982000000000000000e+03
8.600000000000000000e+03 2.078000000000000000e+03
8.650000000000000000e+03 2.104000000000000000e+03
8.700000000000000000e+03 2.180000000000000000e+03
8.750000000000000000e+03 2.367000000000000000e+03
8.800000000000000000e+03 2.438000000000000000e+03
8.850000000000000000e+03 2.564000000000000000e+03
8.900000000000000000e+03 2.821000000000000000e+03
8.950000000000000000e+03 3.037000000000000000e+03
9.000000000000000000e+03 3.124000000000000000e+03
9.050000000000000000e+03 3.318000000000000000e+03
9.100000000000000000e+03 3.472000000000000000e+03
9.150000000000000000e+03 3.995000000000000000e+03
9.200000000000000000e+03 4.102000000000000000e+03
9.250000000000000000e+03 4.558000000000000000e+03
9.300000000000000000e+03 4.803000000000000000e+03
9.350000000000000000e+03 5.283000000000000000e+03
9.400000000000000000e+03 5.624000000000000000e+03
9.450000000000000000e+03 5.864000000000000000e+03
9.500000000000000000e+03 6.349000000000000000e+03
9.550000000000000000e+03 6.738000000000000000e+03
9.600000000000000000e+03 7.234000000000000000e+03
9.650000000000000000e+03 7.705000000000000000e+03
9.700000000000000000e+03 7.889000000000000000e+03
9.750000000000000000e+03 8.452000000000000000e+03
9.800000000000000000e+03 8.725000000000000000e+03
9.850000000000000000e+03 9.184000000000000000e+03
9.900000000000000000e+03 9.729000000000000000e+03
9.950000000000000000e+03 1.007200000000000000e+04
