0.000000000000000000e+00 1.856100000000000000e+04
3.333000000000000000e+03 1.901500000000000000e+04
6.666000000000000000e+03 1.970500000000000000e+04
9.999000000000000000e+03 2.012100000000000000e+04
1.333200000000000000e+04 2.064600000000000000e+04
1.666500000000000000e+04 2.128000000000000000e+04
1.999800000000000000e+04 2.164300000000000000e+04
2.333100000000000000e+04 2.208900000000000000e+04
2.666400000000000000e+04 2.252900000000000000e+04
2.999700000000000000e+04 2.256500000000000000e+04
3.333000000000000000e+04 2.275200000000000000e+04
3.666300000000000000e+04 2.337200000000000000e+04
3.999600000000000000e+04 2.379900000000000000e+04
4.332900000000000000e+04 2.373600000000000000e+04
4.666200000000000000e+04 2.411600000000000000e+04
4.999500000000000000e+04 2.430500000000000000e+04
5.332800000000000000e+04 2.386000000000000000e+04
5.666100000000000000e+04 2.420000000000000000e+04
5.999400000000000000e+04 2.402100000000000000e+04
6.332700000000000000e+04 2.409400000000000000e+04
6.666000000000000000e+04 2.412000000000000000e+04
6.999300000000000000e+04 2.434200000000000000e+04
7.332600000000000000e+04 2.416300000000000000e+04
7.665900000000000000e+04 2.391800000000000000e+04
7.999200000000000000e+04 2.383100000000000000e+04
8.332500000000000000e+04 2.396800000000000000e+04
8.665800000000000000e+04 2.338500000000000000e+04
8.999100000000000000e+04 2.363100000000000000e+04
9.332400000000000000e+04 2.282600000000000000e+04
9.665700000000000000e+04 2.305300000000000000e+04
9.999000000000000000e+04 2.223800000000000000e+04
1.033230000000000000e+05 2.204600000000000000e+04
1.066560000000000000e+05 2.167400000000000000e+04
1.099890000000000000e+05 2.158100000000000000e+04
1.133220000000000000e+05 2.092300000000000000e+04
1.166550000000000000e+05 2.017400000000000000e+04
1.199880000000000000e+05 1.971100000000000000e+04
1.233210000000000000e+05 1.911400000000000000e+04
1.266540000000000000e+05 1.868600000000000000e+04
1.299870000000000000e+05 1.788700000000000000e+04
1.333200000000000000e+05 1.721000000000000000e+04
1.366530000000000000e+05 1.659900000000000000e+04
1.399860000000000000e+05 1.581600000000000000e+04
1.433190000000000000e+05 1.523800000000000000e+04
1.466520000000000000e+05 1.455200000000000000e+04
1.499850000000000000e+05 1.378200000000000000e+04
1.533180000000000000e+05 1.304100000000000000e+04
1.566510000000000000e+05 1.224500000000000000e+04
1.599840000000000000e+05 1.147300000000000000e+04
1.633170000000000000e+05 1.090100000000000000e+04
1.666500000000000000e+05 1.009700000000000000e+04
1.699830000000000000e+05 9.625000000000000000e+03
1.733160000000000000e+05 8.879000000000000000e+03
1.766490000000000000e+05 8.342000000000000000e+03
1.799820000000000000e+05 7.782000000000000000e+03
1.833150000000000000e+05 7.141000000000000000e+03
1.866480000000000000e+05 6.723000000000000000e+03
1.899810000000000000e+05 6.064000000000000000e+03
1.933140000000000000e+05 5.817000000000000000e+03
1.966470000000000000e+05 5.310000000000000000e+03
1.999800000000000000e+05 5.035000000000000000e+03
2.033130000000000000e+05 4.689000000000000000e+03
2.066460000000000000e+05 4.374000000000000000e+03
2.099790000000000000e+05 4.208000000000000000e+03
2.133120000000000000e+05 4.035000000000000000e+03
2.166450000000000000e+05 3.820000000000000000e+03
2.199780000000000000e+05 3.644000000000000000e+03
2.233110000000000000e+05 3.682000000000000000e+03
2.266440000000000000e+05 3.586000000000000000e+03
2.299770000000000000e+05 3.650000000000000000e+03
2.333100000000000000e+05 3.648000000000000000e+03
2.366430000000000000e+05 3.674000000000000000e+03
2.399760000000000000e+05 3.603000000000000000e+03
2.433090000000000000e+05 3.850000000000000000e+03
2.466420000000000000e+05 3.923000000000000000e+03
2.499750000000000000e+05 4.138000000000000000e+03
2.533080000000000000e+05 4.308000000000000000e+03
2.566410000000000000e+05 4.631000000000000000e+03
2.599740000000000000e+05 4.984000000000000000e+03
2.633070000000000000e+05 5.168000000000000000e+03
2.666400000000000000e+05 5.621000000000000000e+03
2.699730000000000000e+05 6.061000000000000000e+03
2.733060000000000000e+05 6.699000000000000000e+03
2.766390000000000000e+05 6.988000000000000000e+03
2.799720000000000000e+05 7.571000000000000000e+03
2.833050000000000000e+05 8.100000000000000000e+03
2.866380000000000000e+05 8.860000000000000000e+03
2.899710000000000000e+05 9.424000000000000000e+03
2.933040000000000000e+05 1.002600000000000000e+04
2.966370000000000000e+05 1.090100000000000000e+04
2.999700000000000000e+05 1.151200000000000000e+04
3.033030000000000000e+05 1.214700000000000000e+04
3.066360000000000000e+05 1.294000000000000000e+04
3.099690000000000000e+05 1.367900000000000000e+04
3.133020000000000000e+05 1.398300000000000000e+04
3.166350000000000000e+05 1.504200000000000000e+04
3.199680000000000000e+05 1.597600000000000000e+04
3.233010000000000000e+05 1.643000000000000000e+04
3.266340000000000000e+05 1.718300000000000000e+04
3.299670000000000000e+05 1.807900000000000000e+04
3.333000000000000000e+05 1.831200000000000000e+04
3.366330000000000000e+05 1.907200000000000000e+04
3.399660000000000000e+05 1.965600000000000000e+04
3.432990000000000000e+05 2.027800000000000000e+04
3.466320000000000000e+05 2.090000000000000000e+04
3.499650000000000000e+05 2.121100000000000000e+04
3.532980000000000000e+05 2.172100000000000000e+04
3.566310000000000000e+05 2.228300000000000000e+04
3.599640000000000000e+05 2.231500000000000000e+04
3.632970000000000000e+05 2.266000000000000000e+04
3.666300000000000000e+05 2.282900000000000000e+04
3.699630000000000000e+05 2.356500000000000000e+04
3.732960000000000000e+05 2.357300000000000000e+04
3.766290000000000000e+05 2.399400000000000000e+04
3.799620000000000000e+05 2.414300000000000000e+04
3.832950000000000000e+05 2.422400000000000000e+04
3.866280000000000000e+05 2.415000000000000000e+04
3.899610000000000000e+05 2.420500000000000000e+04
3.932940000000000000e+05 2.451400000000000000e+04
3.966270000000000000e+05 2.434200000000000000e+04
3.999600000000000000e+05 2.445600000000000000e+04
4.032930000000000000e+05 2.438700000000000000e+04
4.066260000000000000e+05 2.423600000000000000e+04
4.099590000000000000e+05 2.410900000000000000e+04
4.132920000000000000e+05 2.420400000000000000e+04
4.166250000000000000e+05 2.419000000000000000e+04
4.199580000000000000e+05 2.340000000000000000e+04
4.232910000000000000e+05 2.333000000000000000e+04
4.266240000000000000e+05 2.322200000000000000e+04
4.299570000000000000e+05 2.275300000000000000e+04
4.332900000000000000e+05 2.260400000000000000e+04
4.366230000000000000e+05 2.207900000000000000e+04
4.399560000000000000e+05 2.163600000000000000e+04
4.432890000000000000e+05 2.144200000000000000e+04
4.466220000000000000e+05 2.121800000000000000e+04
4.499550000000000000e+05 2.014600000000000000e+04
4.532880000000000000e+05 1.958800000000000000e+04
4.566210000000000000e+05 1.927600000000000000e+04
4.599540000000000000e+05 1.846300000000000000e+04
4.632870000000000000e+05 1.816600000000000000e+04
4.666200000000000000e+05 1.722900000000000000e+04
4.699530000000000000e+05 1.678700000000000000e+04
4.732860000000000000e+05 1.591300000000000000e+04
4.766190000000000000e+05 1.536400000000000000e+04
4.799520000000000000e+05 1.445000000000000000e+04
4.832850000000000000e+05 1.393700000000000000e+04
4.866180000000000000e+05 1.306100000000000000e+04
4.899510000000000000e+05 1.221600000000000000e+04
4.932840000000000000e+05 1.159100000000000000e+04
4.966170000000000000e+05 1.092000000000000000e+04
4.999500000000000000e+05 1.059500000000000000e+04
5.032830000000000000e+05 9.581000000000000000e+03
5.066160000000000000e+05 8.912000000000000000e+03
5.099490000000000000e+05 8.397000000000000000e+03
5.132820000000000000e+05 7.787000000000000000e+03
5.166150000000000000e+05 7.128000000000000000e+03
5.199480000000000000e+05 6.828000000000000000e+03
5.232810000000000000e+05 6.168000000000000000e+03
5.266140000000000000e+05 5.686000000000000000e+03
5.299470000000000000e+05 5.332000000000000000e+03
5.332800000000000000e+05 5.137000000000000000e+03
5.366130000000000000e+05 4.728000000000000000e+03
5.399460000000000000e+05 4.548000000000000000e+03
5.432790000000000000e+05 4.412000000000000000e+03
5.466120000000000000e+05 4.090000000000000000e+03
5.499450000000000000e+05 3.827000000000000000e+03
5.532780000000000000e+05 3.671000000000000000e+03
5.566110000000000000e+05 3.784000000000000000e+03
5.599440000000000000e+05 3.583000000000000000e+03
5.632770000000000000e+05 3.583000000000000000e+03
5.666100000000000000e+05 3.494000000000000000e+03
5.699430000000000000e+05 3.690000000000000000e+03
5.732760000000000000e+05 3.747000000000000000e+03
5.766090000000000000e+05 3.838000000000000000e+03
5.799420000000000000e+05 3.997000000000000000e+03
5.832750000000000000e+05 4.062000000000000000e+03
5.866080000000000000e+05 4.310000000000000000e+03
5.899410000000000000e+05 4.684000000000000000e+03
5.932740000000000000e+05 5.111000000000000000e+03
5.966070000000000000e+05 5.245000000000000000e+03
5.999400000000000000e+05 5.557000000000000000e+03
6.032730000000000000e+05 6.114000000000000000e+03
6.066060000000000000e+05 6.555000000000000000e+03
6.099390000000000000e+05 7.157000000000000000e+03
6.132720000000000000e+05 7.600000000000000000e+03
6.166050000000000000e+05 8.051000000000000000e+03
6.199380000000000000e+05 8.697000000000000000e+03
6.232710000000000000e+05 9.408000000000000000e+03
6.266040000000000000e+05 9.814000000000000000e+03
6.299370000000000000e+05 1.080000000000000000e+04
6.332700000000000000e+05 1.141600000000000000e+04
6.366030000000000000e+05 1.221400000000000000e+04
6.399360000000000000e+05 1.281300000000000000e+04
6.432690000000000000e+05 1.365700000000000000e+04
6.466020000000000000e+05 1.430000000000000000e+04
6.499350000000000000e+05 1.509700000000000000e+04
6.532680000000000000e+05 1.585700000000000000e+04
6.566010000000000000e+05 1.637700000000000000e+04
6.599340000000000000e+05 1.726700000000000000e+04
6.632670000000000000e+05 1.793700000000000000e+04
