0.000000000000000000e+00 1.731700000000000000e+04
2.000000000000000000e+03 1.720500000000000000e+04
4.000000000000000000e+03 1.776200000000000000e+04
6.000000000000000000e+03 1.794800000000000000e+04
8.000000000000000000e+03 1.802600000000000000e+04
1.000000000000000000e+04 1.850700000000000000e+04
1.200000000000000000e+04 1.853200000000000000e+04
1.400000000000000000e+04 1.898700000000000000e+04
1.600000000000000000e+04 1.886000000000000000e+04
1.800000000000000000e+04 1.908800000000000000e+04
2.000000000000000000e+04 1.890000000000000000e+04
2.200000000000000000e+04 1.946100000000000000e+04
2.400000000000000000e+04 1.943800000000000000e+04
2.600000000000000000e+04 1.930300000000000000e+04
2.800000000000000000e+04 1.938200000000000000e+04
3.000000000000000000e+04 1.961200000000000000e+04
3.200000000000000000e+04 1.946000000000000000e+04
3.400000000000000000e+04 1.974300000000000000e+04
3.600000000000000000e+04 1.994500000000000000e+04
3.800000000000000000e+04 1.982700000000000000e+04
4.000000000000000000e+04 1.971900000000000000e+04
4.200000000000000000e+04 1.974600000000000000e+04
4.400000000000000000e+04 1.971800000000000000e+04
4.600000000000000000e+04 1.931900000000000000e+04
4.800000000000000000e+04 1.938100000000000000e+04
5.000000000000000000e+04 1.956500000000000000e+04
5.200000000000000000e+04 1.954900000000000000e+04
5.400000000000000000e+04 1.944700000000000000e+04
5.600000000000000000e+04 1.906100000000000000e+04
5.800000000000000000e+04 1.920600000000000000e+04
6.000000000000000000e+04 1.907200000000000000e+04
6.200000000000000000e+04 1.881800000000000000e+04
6.400000000000000000e+04 1.858600000000000000e+04
6.600000000000000000e+04 1.838300000000000000e+04
6.800000000000000000e+04 1.817000000000000000e+04
7.000000000000000000e+04 1.823600000000000000e+04
7.200000000000000000e+04 1.755900000000000000e+04
7.400000000000000000e+04 1.759700000000000000e+04
7.600000000000000000e+04 1.731900000000000000e+04
7.800000000000000000e+04 1.691700000000000000e+04
8.000000000000000000e+04 1.684300000000000000e+04
8.200000000000000000e+04 1.624900000000000000e+04
8.400000000000000000e+04 1.609800000000000000e+04
8.600000000000000000e+04 1.571700000000000000e+04
8.800000000000000000e+04 1.520100000000000000e+04
9.000000000000000000e+04 1.458200000000000000e+04
9.200000000000000000e+04 1.421900000000000000e+04
9.400000000000000000e+04 1.384300000000000000e+04
9.600000000000000000e+04 1.332400000000000000e+04
9.800000000000000000e+04 1.277900000000000000e+04
1.000000000000000000e+05 1.267800000000000000e+04
1.020000000000000000e+05 1.207700000000000000e+04
1.040000000000000000e+05 1.153500000000000000e+04
1.060000000000000000e+05 1.112200000000000000e+04
1.080000000000000000e+05 1.058900000000000000e+04
1.100000000000000000e+05 1.018900000000000000e+04
1.120000000000000000e+05 9.643000000000000000e+03
1.140000000000000000e+05 9.187000000000000000e+03
1.160000000000000000e+05 8.857000000000000000e+03
1.180000000000000000e+05 8.588000000000000000e+03
1.200000000000000000e+05 8.110000000000000000e+03
1.220000000000000000e+05 7.707000000000000000e+03
1.240000000000000000e+05 7.347000000000000000e+03
1.260000000000000000e+05 7.220000000000000000e+03
1.280000000000000000e+05 7.102000000000000000e+03
1.300000000000000000e+05 6.774000000000000000e+03
1.320000000000000000e+05 6.557000000000000000e+03
1.340000000000000000e+05 6.497000000000000000e+03
1.360000000000000000e+05 6.589000000000000000e+03
1.380000000000000000e+05 6.356000000000000000e+03
1.400000000000000000e+05 6.357000000000000000e+03
1.420000000000000000e+05 6.300000000000000000e+03
1.440000000000000000e+05 6.439000000000000000e+03
1.460000000000000000e+05 6.712000000000000000e+03
1.480000000000000000e+05 6.918000000000000000e+03
1.500000000000000000e+05 7.067000000000000000e+03
1.520000000000000000e+05 7.333000000000000000e+03
1.540000000000000000e+05 7.371000000000000000e+03
1.560000000000000000e+05 8.089000000000000000e+03
1.580000000000000000e+05 8.400000000000000000e+03
1.600000000000000000e+05 8.665000000000000000e+03
1.620000000000000000e+05 9.008000000000000000e+03
1.640000000000000000e+05 9.408000000000000000e+03
1.660000000000000000e+05 1.002700000000000000e+04
1.680000000000000000e+05 1.040100000000000000e+04
1.700000000000000000e+05 1.102900000000000000e+04
1.720000000000000000e+05 1.159600000000000000e+04
1.740000000000000000e+05 1.194800000000000000e+04
1.760000000000000000e+05 1.240200000000000000e+04
1.780000000000000000e+05 1.298900000000000000e+04
1.800000000000000000e+05 1.323400000000000000e+04
1.820000000000000000e+05 1.400000000000000000e+04
1.840000000000000000e+05 1.434400000000000000e+04
1.860000000000000000e+05 1.462200000000000000e+04
1.880000000000000000e+05 1.503300000000000000e+04
1.900000000000000000e+05 1.535000000000000000e+04
1.920000000000000000e+05 1.605700000000000000e+04
1.940000000000000000e+05 1.637000000000000000e+04
1.960000000000000000e+05 1.657100000000000000e+04
1.980000000000000000e+05 1.679900000000000000e+04
2.000000000000000000e+05 1.720200000000000000e+04
2.020000000000000000e+05 1.757000000000000000e+04
2.040000000000000000e+05 1.771900000000000000e+04
2.060000000000000000e+05 1.817200000000000000e+04
2.080000000000000000e+05 1.816700000000000000e+04
2.100000000000000000e+05 1.833300000000000000e+04
2.120000000000000000e+05 1.828100000000000000e+04
2.140000000000000000e+05 1.886300000000000000e+04
2.160000000000000000e+05 1.906300000000000000e+04
2.180000000000000000e+05 1.911500000000000000e+04
2.200000000000000000e+05 1.930500000000000000e+04
2.220000000000000000e+05 1.930800000000000000e+04
2.240000000000000000e+05 1.919500000000000000e+04
2.260000000000000000e+05 1.927500000000000000e+04
2.280000000000000000e+05 1.940100000000000000e+04
2.300000000000000000e+05 1.958800000000000000e+04
2.320000000000000000e+05 1.970000000000000000e+04
2.340000000000000000e+05 1.963300000000000000e+04
2.360000000000000000e+05 1.951400000000000000e+04
2.380000000000000000e+05 1.982500000000000000e+04
2.400000000000000000e+05 1.976500000000000000e+04
2.420000000000000000e+05 1.967300000000000000e+04
2.440000000000000000e+05 1.968500000000000000e+04
2.460000000000000000e+05 1.962400000000000000e+04
2.480000000000000000e+05 1.962000000000000000e+04
2.500000000000000000e+05 1.954800000000000000e+04
2.520000000000000000e+05 1.934900000000000000e+04
2.540000000000000000e+05 1.924000000000000000e+04
2.560000000000000000e+05 1.910800000000000000e+04
2.580000000000000000e+05 1.939800000000000000e+04
2.600000000000000000e+05 1.899100000000000000e+04
2.620000000000000000e+05 1.878500000000000000e+04
2.640000000000000000e+05 1.859300000000000000e+04
2.660000000000000000e+05 1.894500000000000000e+04
2.680000000000000000e+05 1.817500000000000000e+04
2.700000000000000000e+05 1.773700000000000000e+04
2.720000000000000000e+05 1.763900000000000000e+04
2.740000000000000000e+05 1.751200000000000000e+04
2.760000000000000000e+05 1.736600000000000000e+04
2.780000000000000000e+05 1.693000000000000000e+04
2.800000000000000000e+05 1.653400000000000000e+04
2.820000000000000000e+05 1.633800000000000000e+04
2.840000000000000000e+05 1.593000000000000000e+04
2.860000000000000000e+05 1.558500000000000000e+04
2.880000000000000000e+05 1.521400000000000000e+04
2.900000000000000000e+05 1.474900000000000000e+04
2.920000000000000000e+05 1.461700000000000000e+04
2.940000000000000000e+05 1.393600000000000000e+04
2.960000000000000000e+05 1.341300000000000000e+04
2.980000000000000000e+05 1.318000000000000000e+04
3.000000000000000000e+05 1.257300000000000000e+04
3.020000000000000000e+05 1.211100000000000000e+04
3.040000000000000000e+05 1.145100000000000000e+04
3.060000000000000000e+05 1.104400000000000000e+04
3.080000000000000000e+05 1.047100000000000000e+04
3.100000000000000000e+05 1.026500000000000000e+04
3.120000000000000000e+05 9.700000000000000000e+03
3.140000000000000000e+05 9.307000000000000000e+03
3.160000000000000000e+05 8.829000000000000000e+03
3.180000000000000000e+05 8.521000000000000000e+03
3.200000000000000000e+05 7.977000000000000000e+03
3.220000000000000000e+05 7.673000000000000000e+03
3.240000000000000000e+05 7.452000000000000000e+03
3.260000000000000000e+05 7.255000000000000000e+03
3.280000000000000000e+05 6.851000000000000000e+03
3.300000000000000000e+05 6.774000000000000000e+03
3.320000000000000000e+05 6.583000000000000000e+03
3.340000000000000000e+05 6.516000000000000000e+03
3.360000000000000000e+05 6.664000000000000000e+03
3.380000000000000000e+05 6.424000000000000000e+03
3.400000000000000000e+05 6.306000000000000000e+03
3.420000000000000000e+05 6.407000000000000000e+03
3.440000000000000000e+05 6.501000000000000000e+03
3.460000000000000000e+05 6.555000000000000000e+03
3.480000000000000000e+05 6.761000000000000000e+03
3.500000000000000000e+05 7.140000000000000000e+03
3.520000000000000000e+05 7.438000000000000000e+03
3.540000000000000000e+05 7.700000000000000000e+03
3.560000000000000000e+05 7.905000000000000000e+03
3.580000000000000000e+05 8.447000000000000000e+03
3.600000000000000000e+05 8.706000000000000000e+03
3.620000000000000000e+05 9.255000000000000000e+03
3.640000000000000000e+05 9.488000000000000000e+03
3.660000000000000000e+05 9.839000000000000000e+03
3.680000000000000000e+05 1.049200000000000000e+04
3.700000000000000000e+05 1.080900000000000000e+04
3.720000000000000000e+05 1.141300000000000000e+04
3.740000000000000000e+05 1.193900000000000000e+04
3.760000000000000000e+05 1.220600000000000000e+04
3.780000000000000000e+05 1.278100000000000000e+04
3.800000000000000000e+05 1.331100000000000000e+04
3.820000000000000000e+05 1.396600000000000000e+04
3.840000000000000000e+05 1.420900000000000000e+04
3.860000000000000000e+05 1.469600000000000000e+04
3.880000000000000000e+05 1.532500000000000000e+04
3.900000000000000000e+05 1.530700000000000000e+04
3.920000000000000000e+05 1.591200000000000000e+04
3.940000000000000000e+05 1.631500000000000000e+04
3.960000000000000000e+05 1.661400000000000000e+04
3.980000000000000000e+05 1.691300000000000000e+04
