0.000000000000000000e+00 1.357200000000000000e+04
5.000000000000000000e+01 1.424400000000000000e+04
1.000000000000000000e+02 1.453800000000000000e+04
1.500000000000000000e+02 1.448500000000000000e+04
2.000000000000000000e+02 1.498500000000000000e+04
2.500000000000000000e+02 1.494100000000000000e+04
3.000000000000000000e+02 1.542400000000000000e+04
3.500000000000000000e+02 1.543000000000000000e+04
4.000000000000000000e+02 1.562400000000000000e+04
4.500000000000000000e+02 1.573200000000000000e+04
5.000000000000000000e+02 1.616800000000000000e+04
5.500000000000000000e+02 1.631600000000000000e+04
6.000000000000000000e+02 1.620200000000000000e+04
6.500000000000000000e+02 1.636900000000000000e+04
7.000000000000000000e+02 1.654000000000000000e+04
7.500000000000000000e+02 1.644800000000000000e+04
8.000000000000000000e+02 1.675800000000000000e+04
8.500000000000000000e+02 1.679900000000000000e+04
9.000000000000000000e+02 1.693700000000000000e+04
9.500000000000000000e+02 1.688100000000000000e+04
1.000000000000000000e+03 1.654100000000000000e+04
1.050000000000000000e+03 1.696300000000000000e+04
1.100000000000000000e+03 1.672700000000000000e+04
1.150000000000000000e+03 1.684300000000000000e+04
1.200000000000000000e+03 1.667700000000000000e+04
1.250000000000000000e+03 1.695100000000000000e+04
1.300000000000000000e+03 1.653600000000000000e+04
1.350000000000000000e+03 1.664500000000000000e+04
1.400000000000000000e+03 1.656100000000000000e+04
1.450000000000000000e+03 1.640600000000000000e+04
1.500000000000000000e+03 1.625800000000000000e+04
1.550000000000000000e+03 1.627200000000000000e+04
1.600000000000000000e+03 1.608600000000000000e+04
1.650000000000000000e+03 1.578200000000000000e+04
1.700000000000000000e+03 1.591600000000000000e+04
1.750000000000000000e+03 1.565500000000000000e+04
1.800000000000000000e+03 1.520100000000000000e+04
1.850000000000000000e+03 1.508900000000000000e+04
1.900000000000000000e+03 1.477100000000000000e+04
1.950000000000000000e+03 1.480900000000000000e+04
2.000000000000000000e+03 1.460800000000000000e+04
2.050000000000000000e+03 1.400200000000000000e+04
2.100000000000000000e+03 1.401400000000000000e+04
2.150000000000000000e+03 1.368100000000000000e+04
2.200000000000000000e+03 1.350800000000000000e+04
2.250000000000000000e+03 1.322700000000000000e+04
2.300000000000000000e+03 1.267100000000000000e+04
2.350000000000000000e+03 1.243800000000000000e+04
2.400000000000000000e+03 1.195100000000000000e+04
2.450000000000000000e+03 1.160600000000000000e+04
2.500000000000000000e+03 1.135000000000000000e+04
2.550000000000000000e+03 1.113900000000000000e+04
2.600000000000000000e+03 1.068100000000000000e+04
2.650000000000000000e+03 1.029000000000000000e+04
2.700000000000000000e+03 9.948000000000000000e+03
2.750000000000000000e+03 9.610000000000000000e+03
2.800000000000000000e+03 9.226000000000000000e+03
2.850000000000000000e+03 8.860000000000000000e+03
2.900000000000000000e+03 8.485000000000000000e+03
2.950000000000000000e+03 8.427000000000000000e+03
3.000000000000000000e+03 7.993000000000000000e+03
3.050000000000000000e+03 7.593000000000000000e+03
3.100000000000000000e+03 7.495000000000000000e+03
3.150000000000000000e+03 7.153000000000000000e+03
3.200000000000000000e+03 6.846000000000000000e+03
3.250000000000000000e+03 6.684000000000000000e+03
3.300000000000000000e+03 6.459000000000000000e+03
3.350000000000000000e+03 6.182000000000000000e+03
3.400000000000000000e+03 6.114000000000000000e+03
3.450000000000000000e+03 6.005000000000000000e+03
3.500000000000000000e+03 5.858000000000000000e+03
3.550000000000000000e+03 5.782000000000000000e+03
3.600000000000000000e+03 5.756000000000000000e+03
3.650000000000000000e+03 5.700000000000000000e+03
3.700000000000000000e+03 5.599000000000000000e+03
3.750000000000000000e+03 5.770000000000000000e+03
3.800000000000000000e+03 5.940000000000000000e+03
3.850000000000000000e+03 5.935000000000000000e+03
3.900000000000000000e+03 6.037000000000000000e+03
3.950000000000000000e+03 6.387000000000000000e+03
4.000000000000000000e+03 6.558000000000000000e+03
4.050000000000000000e+03 6.754000000000000000e+03
4.100000000000000000e+03 7.061000000000000000e+03
4.150000000000000000e+03 7.246000000000000000e+03
4.200000000000000000e+03 7.549000000000000000e+03
4.250000000000000000e+03 8.100000000000000000e+03
4.300000000000000000e+03 8.532000000000000000e+03
4.350000000000000000e+03 8.637000000000000000e+03
4.400000000000000000e+03 9.100000000000000000e+03
4.450000000000000000e+03 9.443000000000000000e+03
4.500000000000000000e+03 9.965000000000000000e+03
4.550000000000000000e+03 1.038600000000000000e+04
4.600000000000000000e+03 1.078800000000000000e+04
4.650000000000000000e+03 1.129000000000000000e+04
4.700000000000000000e+03 1.164400000000000000e+04
4.750000000000000000e+03 1.193200000000000000e+04
4.800000000000000000e+03 1.231000000000000000e+04
4.850000000000000000e+03 1.292000000000000000e+04
4.900000000000000000e+03 1.323600000000000000e+04
4.950000000000000000e+03 1.359500000000000000e+04
5.000000000000000000e+03 1.381200000000000000e+04
5.050000000000000000e+03 1.402500000000000000e+04
5.100000000000000000e+03 1.440500000000000000e+04
5.150000000000000000e+03 1.464200000000000000e+04
5.200000000000000000e+03 1.473400000000000000e+04
5.250000000000000000e+03 1.532100000000000000e+04
5.300000000000000000e+03 1.543800000000000000e+04
5.350000000000000000e+03 1.545500000000000000e+04
5.400000000000000000e+03 1.574900000000000000e+04
5.450000000000000000e+03 1.612600000000000000e+04
5.500000000000000000e+03 1.587200000000000000e+04
5.550000000000000000e+03 1.602200000000000000e+04
5.600000000000000000e+03 1.622600000000000000e+04
5.650000000000000000e+03 1.638100000000000000e+04
5.700000000000000000e+03 1.649100000000000000e+04
5.750000000000000000e+03 1.644800000000000000e+04
5.800000000000000000e+03 1.647000000000000000e+04
5.850000000000000000e+03 1.652000000000000000e+04
5.900000000000000000e+03 1.664200000000000000e+04
5.950000000000000000e+03 1.676500000000000000e+04
6.000000000000000000e+03 1.695500000000000000e+04
6.050000000000000000e+03 1.681300000000000000e+04
6.100000000000000000e+03 1.671300000000000000e+04
6.150000000000000000e+03 1.689000000000000000e+04
6.200000000000000000e+03 1.643800000000000000e+04
6.250000000000000000e+03 1.693100000000000000e+04
6.300000000000000000e+03 1.655100000000000000e+04
6.350000000000000000e+03 1.657400000000000000e+04
6.400000000000000000e+03 1.644800000000000000e+04
6.450000000000000000e+03 1.638300000000000000e+04
6.500000000000000000e+03 1.623500000000000000e+04
6.550000000000000000e+03 1.637900000000000000e+04
6.600000000000000000e+03 1.598300000000000000e+04
6.650000000000000000e+03 1.604000000000000000e+04
6.700000000000000000e+03 1.565400000000000000e+04
6.750000000000000000e+03 1.569900000000000000e+04
6.800000000000000000e+03 1.540100000000000000e+04
6.850000000000000000e+03 1.515700000000000000e+04
6.900000000000000000e+03 1.504800000000000000e+04
6.950000000000000000e+03 1.446300000000000000e+04
7.000000000000000000e+03 1.445900000000000000e+04
7.050000000000000000e+03 1.422900000000000000e+04
7.100000000000000000e+03 1.396300000000000000e+04
7.150000000000000000e+03 1.360700000000000000e+04
7.200000000000000000e+03 1.366400000000000000e+04
7.250000000000000000e+03 1.292300000000000000e+04
7.300000000000000000e+03 1.292300000000000000e+04
7.350000000000000000e+03 1.245400000000000000e+04
7.400000000000000000e+03 1.197900000000000000e+04
7.450000000000000000e+03 1.176100000000000000e+04
7.500000000000000000e+03 1.138300000000000000e+04
7.550000000000000000e+03 1.102700000000000000e+04
7.600000000000000000e+03 1.068100000000000000e+04
7.650000000000000000e+03 1.036600000000000000e+04
7.700000000000000000e+03 1.015100000000000000e+04
7.750000000000000000e+03 9.572000000000000000e+03
7.800000000000000000e+03 9.277000000000000000e+03
7.850000000000000000e+03 9.008000000000000000e+03
7.900000000000000000e+03 8.365000000000000000e+03
7.950000000000000000e+03 8.338000000000000000e+03
8.000000000000000000e+03 7.914000000000000000e+03
8.050000000000000000e+03 7.522000000000000000e+03
8.100000000000000000e+03 7.407000000000000000e+03
8.150000000000000000e+03 6.921000000000000000e+03
8.200000000000000000e+03 6.766000000000000000e+03
8.250000000000000000e+03 6.605000000000000000e+03
8.300000000000000000e+03 6.450000000000000000e+03
8.350000000000000000e+03 6.360000000000000000e+03
8.400000000000000000e+03 6.127000000000000000e+03
8.450000000000000000e+03 6.001000000000000000e+03
8.500000000000000000e+03 5.864000000000000000e+03
8.550000000000000000e+03 5.780000000000000000e+03
8.600000000000000000e+03 5.648000000000000000e+03
8.650000000000000000e+03 5.693000000000000000e+03
8.700000000000000000e+03 5.647000000000000000e+03
8.750000000000000000e+03 5.830000000000000000e+03
8.800000000000000000e+03 5.957000000000000000e+03
8.850000000000000000e+03 5.955000000000000000e+03
8.900000000000000000e+03 6.123000000000000000e+03
8.950000000000000000e+03 6.405000000000000000e+03
9.000000000000000000e+03 6.607000000000000000e+03
9.050000000000000000e+03 6.617000000000000000e+03
9.100000000000000000e+03 6.981000000000000000e+03
9.150000000000000000e+03 7.190000000000000000e+03
9.200000000000000000e+03 7.491000000000000000e+03
9.250000000000000000e+03 7.934000000000000000e+03
9.300000000000000000e+03 8.329000000000000000e+03
9.350000000000000000e+03 8.572000000000000000e+03
9.400000000000000000e+03 9.184000000000000000e+03
9.450000000000000000e+03 9.554000000000000000e+03
9.500000000000000000e+03 1.004800000000000000e+04
9.550000000000000000e+03 1.047600000000000000e+04
9.600000000000000000e+03 1.083400000000000000e+04
9.650000000000000000e+03 1.128800000000000000e+04
9.700000000000000000e+03 1.158500000000000000e+04
9.750000000000000000e+03 1.206900000000000000e+04
9.800000000000000000e+03 1.259500000000000000e+04
9.850000000000000000e+03 1.259700000000000000e+04
9.900000000000000000e+03 1.329400000000000000e+04
9.950000000000000000e+03 1.360500000000000000e+04
