0.000000000000000000e+00 2.706200000000000000e+04
5.000000000000000000e+03 2.728300000000000000e+04
1.000000000000000000e+04 2.824400000000000000e+04
1.500000000000000000e+04 2.842400000000000000e+04
2.000000000000000000e+04 2.874200000000000000e+04
2.500000000000000000e+04 2.918800000000000000e+04
3.000000000000000000e+04 2.937500000000000000e+04
3.500000000000000000e+04 2.990900000000000000e+04
4.000000000000000000e+04 3.036300000000000000e+04
4.500000000000000000e+04 3.021000000000000000e+04
5.000000000000000000e+04 3.053100000000000000e+04
5.500000000000000000e+04 3.036100000000000000e+04
6.000000000000000000e+04 3.071500000000000000e+04
6.500000000000000000e+04 3.129000000000000000e+04
7.000000000000000000e+04 3.073200000000000000e+04
7.500000000000000000e+04 3.073600000000000000e+04
8.000000000000000000e+04 3.090500000000000000e+04
8.500000000000000000e+04 3.123700000000000000e+04
9.000000000000000000e+04 3.121200000000000000e+04
9.500000000000000000e+04 3.145900000000000000e+04
1.000000000000000000e+05 3.114000000000000000e+04
1.050000000000000000e+05 3.137700000000000000e+04
1.100000000000000000e+05 3.157300000000000000e+04
1.150000000000000000e+05 3.064300000000000000e+04
1.200000000000000000e+05 3.083100000000000000e+04
1.250000000000000000e+05 3.108600000000000000e+04
1.300000000000000000e+05 3.048000000000000000e+04
1.350000000000000000e+05 3.073900000000000000e+04
1.400000000000000000e+05 3.061600000000000000e+04
1.450000000000000000e+05 3.043100000000000000e+04
1.500000000000000000e+05 3.000600000000000000e+04
1.550000000000000000e+05 2.972500000000000000e+04
1.600000000000000000e+05 2.942200000000000000e+04
1.650000000000000000e+05 2.932700000000000000e+04
1.700000000000000000e+05 2.888700000000000000e+04
1.750000000000000000e+05 2.831500000000000000e+04
1.800000000000000000e+05 2.820000000000000000e+04
1.850000000000000000e+05 2.785300000000000000e+04
1.900000000000000000e+05 2.717700000000000000e+04
1.950000000000000000e+05 2.695700000000000000e+04
2.000000000000000000e+05 2.607700000000000000e+04
2.050000000000000000e+05 2.565200000000000000e+04
2.100000000000000000e+05 2.517200000000000000e+04
2.150000000000000000e+05 2.445800000000000000e+04
2.200000000000000000e+05 2.408700000000000000e+04
2.250000000000000000e+05 2.325700000000000000e+04
2.300000000000000000e+05 2.258600000000000000e+04
2.350000000000000000e+05 2.169500000000000000e+04
2.400000000000000000e+05 2.117000000000000000e+04
2.450000000000000000e+05 2.031300000000000000e+04
2.500000000000000000e+05 1.968200000000000000e+04
2.550000000000000000e+05 1.909400000000000000e+04
2.600000000000000000e+05 1.853700000000000000e+04
2.650000000000000000e+05 1.758300000000000000e+04
2.700000000000000000e+05 1.662000000000000000e+04
2.750000000000000000e+05 1.596100000000000000e+04
2.800000000000000000e+05 1.523000000000000000e+04
2.850000000000000000e+05 1.447000000000000000e+04
2.900000000000000000e+05 1.383300000000000000e+04
2.950000000000000000e+05 1.319600000000000000e+04
3.000000000000000000e+05 1.260000000000000000e+04
3.050000000000000000e+05 1.212800000000000000e+04
3.100000000000000000e+05 1.162300000000000000e+04
3.150000000000000000e+05 1.111600000000000000e+04
3.200000000000000000e+05 1.090800000000000000e+04
3.250000000000000000e+05 1.059500000000000000e+04
3.300000000000000000e+05 1.030500000000000000e+04
3.350000000000000000e+05 9.978000000000000000e+03
3.400000000000000000e+05 1.006300000000000000e+04
3.450000000000000000e+05 9.970000000000000000e+03
3.500000000000000000e+05 9.956000000000000000e+03
3.550000000000000000e+05 1.006700000000000000e+04
3.600000000000000000e+05 1.025600000000000000e+04
3.650000000000000000e+05 1.047600000000000000e+04
3.700000000000000000e+05 1.082400000000000000e+04
3.750000000000000000e+05 1.103000000000000000e+04
3.800000000000000000e+05 1.150300000000000000e+04
3.850000000000000000e+05 1.208200000000000000e+04
3.900000000000000000e+05 1.228300000000000000e+04
3.950000000000000000e+05 1.314100000000000000e+04
4.000000000000000000e+05 1.367400000000000000e+04
4.050000000000000000e+05 1.438100000000000000e+04
4.100000000000000000e+05 1.494200000000000000e+04
4.150000000000000000e+05 1.572400000000000000e+04
4.200000000000000000e+05 1.634400000000000000e+04
4.250000000000000000e+05 1.737200000000000000e+04
4.300000000000000000e+05 1.795200000000000000e+04
4.350000000000000000e+05 1.859700000000000000e+04
4.400000000000000000e+05 1.940100000000000000e+04
4.450000000000000000e+05 2.032200000000000000e+04
4.500000000000000000e+05 2.112700000000000000e+04
4.550000000000000000e+05 2.157400000000000000e+04
4.600000000000000000e+05 2.229800000000000000e+04
4.650000000000000000e+05 2.321100000000000000e+04
4.700000000000000000e+05 2.388000000000000000e+04
4.750000000000000000e+05 2.440800000000000000e+04
4.800000000000000000e+05 2.515800000000000000e+04
4.850000000000000000e+05 2.554900000000000000e+04
4.900000000000000000e+05 2.634100000000000000e+04
4.950000000000000000e+05 2.656500000000000000e+04
5.000000000000000000e+05 2.691600000000000000e+04
5.050000000000000000e+05 2.760000000000000000e+04
5.100000000000000000e+05 2.791800000000000000e+04
5.150000000000000000e+05 2.836800000000000000e+04
5.200000000000000000e+05 2.861700000000000000e+04
5.250000000000000000e+05 2.907900000000000000e+04
5.300000000000000000e+05 2.942400000000000000e+04
5.350000000000000000e+05 2.999200000000000000e+04
5.400000000000000000e+05 2.989200000000000000e+04
5.450000000000000000e+05 3.057100000000000000e+04
5.500000000000000000e+05 3.057100000000000000e+04
5.550000000000000000e+05 3.046200000000000000e+04
5.600000000000000000e+05 3.056100000000000000e+04
5.650000000000000000e+05 3.087700000000000000e+04
5.700000000000000000e+05 3.076600000000000000e+04
5.750000000000000000e+05 3.102100000000000000e+04
5.800000000000000000e+05 3.109100000000000000e+04
5.850000000000000000e+05 3.135200000000000000e+04
5.900000000000000000e+05 3.136800000000000000e+04
5.950000000000000000e+05 3.112800000000000000e+04
6.000000000000000000e+05 3.119900000000000000e+04
6.050000000000000000e+05 3.121200000000000000e+04
6.100000000000000000e+05 3.124700000000000000e+04
6.150000000000000000e+05 3.095500000000000000e+04
6.200000000000000000e+05 3.092500000000000000e+04
6.250000000000000000e+05 3.103400000000000000e+04
6.300000000000000000e+05 3.086300000000000000e+04
6.350000000000000000e+05 3.080300000000000000e+04
6.400000000000000000e+05 3.014500000000000000e+04
6.450000000000000000e+05 3.063400000000000000e+04
6.500000000000000000e+05 3.007700000000000000e+04
6.550000000000000000e+05 2.975600000000000000e+04
6.600000000000000000e+05 2.933800000000000000e+04
6.650000000000000000e+05 2.922900000000000000e+04
6.700000000000000000e+05 2.839700000000000000e+04
6.750000000000000000e+05 2.844000000000000000e+04
6.800000000000000000e+05 2.825000000000000000e+04
6.850000000000000000e+05 2.789300000000000000e+04
6.900000000000000000e+05 2.730900000000000000e+04
6.950000000000000000e+05 2.688600000000000000e+04
7.000000000000000000e+05 2.601000000000000000e+04
7.050000000000000000e+05 2.558800000000000000e+04
7.100000000000000000e+05 2.491000000000000000e+04
7.150000000000000000e+05 2.464100000000000000e+04
7.200000000000000000e+05 2.360400000000000000e+04
7.250000000000000000e+05 2.312900000000000000e+04
7.300000000000000000e+05 2.269000000000000000e+04
7.350000000000000000e+05 2.187200000000000000e+04
7.400000000000000000e+05 2.085700000000000000e+04
7.450000000000000000e+05 2.056100000000000000e+04
7.500000000000000000e+05 1.970700000000000000e+04
7.550000000000000000e+05 1.875400000000000000e+04
7.600000000000000000e+05 1.826800000000000000e+04
7.650000000000000000e+05 1.736800000000000000e+04
7.700000000000000000e+05 1.681300000000000000e+04
7.750000000000000000e+05 1.614500000000000000e+04
7.800000000000000000e+05 1.522000000000000000e+04
7.850000000000000000e+05 1.474200000000000000e+04
7.900000000000000000e+05 1.400200000000000000e+04
7.950000000000000000e+05 1.318000000000000000e+04
8.000000000000000000e+05 1.243500000000000000e+04
8.050000000000000000e+05 1.210900000000000000e+04
8.100000000000000000e+05 1.176200000000000000e+04
8.150000000000000000e+05 1.136200000000000000e+04
8.200000000000000000e+05 1.080400000000000000e+04
8.250000000000000000e+05 1.057900000000000000e+04
8.300000000000000000e+05 1.044100000000000000e+04
8.350000000000000000e+05 1.003300000000000000e+04
8.400000000000000000e+05 1.012900000000000000e+04
8.450000000000000000e+05 9.947000000000000000e+03
8.500000000000000000e+05 9.949000000000000000e+03
8.550000000000000000e+05 1.003500000000000000e+04
8.600000000000000000e+05 1.019900000000000000e+04
8.650000000000000000e+05 1.035400000000000000e+04
8.700000000000000000e+05 1.081600000000000000e+04
8.750000000000000000e+05 1.087800000000000000e+04
8.800000000000000000e+05 1.159800000000000000e+04
8.850000000000000000e+05 1.178600000000000000e+04
8.900000000000000000e+05 1.267100000000000000e+04
8.950000000000000000e+05 1.306000000000000000e+04
9.000000000000000000e+05 1.378800000000000000e+04
9.050000000000000000e+05 1.418000000000000000e+04
9.100000000000000000e+05 1.497100000000000000e+04
9.150000000000000000e+05 1.561200000000000000e+04
9.200000000000000000e+05 1.648100000000000000e+04
9.250000000000000000e+05 1.732300000000000000e+04
9.300000000000000000e+05 1.794300000000000000e+04
9.350000000000000000e+05 1.869100000000000000e+04
9.400000000000000000e+05 1.926300000000000000e+04
9.450000000000000000e+05 2.052800000000000000e+04
9.500000000000000000e+05 2.094000000000000000e+04
9.550000000000000000e+05 2.153200000000000000e+04
9.600000000000000000e+05 2.225300000000000000e+04
9.650000000000000000e+05 2.293600000000000000e+04
9.700000000000000000e+05 2.360500000000000000e+04
9.750000000000000000e+05 2.462600000000000000e+04
9.800000000000000000e+05 2.496900000000000000e+04
9.850000000000000000e+05 2.564500000000000000e+04
9.900000000000000000e+05 2.611000000000000000e+04
9.950000000000000000e+05 2.688300000000000000e+04
