0.000000000000000000e+00 1.156300000000000000e+04
1.400000000000000000e+01 1.228400000000000000e+04
2.800000000000000000e+01 1.251100000000000000e+04
4.200000000000000000e+01 1.268900000000000000e+04
5.600000000000000000e+01 1.313700000000000000e+04
7.000000000000000000e+01 1.324400000000000000e+04
8.400000000000000000e+01 1.358100000000000000e+04
9.800000000000000000e+01 1.401400000000000000e+04
1.120000000000000000e+02 1.398900000000000000e+04
1.260000000000000000e+02 1.415800000000000000e+04
1.400000000000000000e+02 1.421100000000000000e+04
1.540000000000000000e+02 1.473300000000000000e+04
1.680000000000000000e+02 1.489500000000000000e+04
1.820000000000000000e+02 1.473300000000000000e+04
1.960000000000000000e+02 1.494200000000000000e+04
2.100000000000000000e+02 1.536300000000000000e+04
2.240000000000000000e+02 1.538700000000000000e+04
2.380000000000000000e+02 1.533900000000000000e+04
2.520000000000000000e+02 1.546100000000000000e+04
2.660000000000000000e+02 1.551100000000000000e+04
2.800000000000000000e+02 1.577900000000000000e+04
2.940000000000000000e+02 1.576100000000000000e+04
3.080000000000000000e+02 1.566400000000000000e+04
3.220000000000000000e+02 1.576900000000000000e+04
3.360000000000000000e+02 1.567600000000000000e+04
3.500000000000000000e+02 1.593600000000000000e+04
3.640000000000000000e+02 1.591300000000000000e+04
3.780000000000000000e+02 1.567200000000000000e+04
3.920000000000000000e+02 1.556900000000000000e+04
4.060000000000000000e+02 1.585900000000000000e+04
4.200000000000000000e+02 1.583900000000000000e+04
4.340000000000000000e+02 1.560700000000000000e+04
4.480000000000000000e+02 1.553800000000000000e+04
4.620000000000000000e+02 1.545600000000000000e+04
4.760000000000000000e+02 1.541000000000000000e+04
4.900000000000000000e+02 1.526300000000000000e+04
5.040000000000000000e+02 1.517300000000000000e+04
5.180000000000000000e+02 1.529800000000000000e+04
5.320000000000000000e+02 1.503000000000000000e+04
5.460000000000000000e+02 1.453300000000000000e+04
5.600000000000000000e+02 1.458000000000000000e+04
5.740000000000000000e+02 1.478500000000000000e+04
5.880000000000000000e+02 1.446200000000000000e+04
6.020000000000000000e+02 1.421600000000000000e+04
6.160000000000000000e+02 1.416100000000000000e+04
6.300000000000000000e+02 1.366200000000000000e+04
6.440000000000000000e+02 1.369200000000000000e+04
6.580000000000000000e+02 1.346600000000000000e+04
6.720000000000000000e+02 1.324800000000000000e+04
6.860000000000000000e+02 1.293500000000000000e+04
7.000000000000000000e+02 1.265900000000000000e+04
7.140000000000000000e+02 1.246900000000000000e+04
7.280000000000000000e+02 1.203600000000000000e+04
7.420000000000000000e+02 1.199800000000000000e+04
7.560000000000000000e+02 1.164900000000000000e+04
7.700000000000000000e+02 1.144200000000000000e+04
7.840000000000000000e+02 1.100800000000000000e+04
7.980000000000000000e+02 1.098300000000000000e+04
8.120000000000000000e+02 1.046600000000000000e+04
8.260000000000000000e+02 1.026200000000000000e+04
8.400000000000000000e+02 1.008200000000000000e+04
8.540000000000000000e+02 9.723000000000000000e+03
8.680000000000000000e+02 9.665000000000000000e+03
8.820000000000000000e+02 9.266000000000000000e+03
8.960000000000000000e+02 9.014000000000000000e+03
9.100000000000000000e+02 8.967000000000000000e+03
9.240000000000000000e+02 8.612000000000000000e+03
9.380000000000000000e+02 8.376000000000000000e+03
9.520000000000000000e+02 8.131000000000000000e+03
9.660000000000000000e+02 7.899000000000000000e+03
9.800000000000000000e+02 7.922000000000000000e+03
9.940000000000000000e+02 7.652000000000000000e+03
1.008000000000000000e+03 7.526000000000000000e+03
1.022000000000000000e+03 7.558000000000000000e+03
1.036000000000000000e+03 7.373000000000000000e+03
1.050000000000000000e+03 7.079000000000000000e+03
1.064000000000000000e+03 7.323000000000000000e+03
1.078000000000000000e+03 7.174000000000000000e+03
1.092000000000000000e+03 7.095000000000000000e+03
1.106000000000000000e+03 7.105000000000000000e+03
1.120000000000000000e+03 7.198000000000000000e+03
1.134000000000000000e+03 7.109000000000000000e+03
1.148000000000000000e+03 7.099000000000000000e+03
1.162000000000000000e+03 7.301000000000000000e+03
1.176000000000000000e+03 7.332000000000000000e+03
1.190000000000000000e+03 7.310000000000000000e+03
1.204000000000000000e+03 7.511000000000000000e+03
1.218000000000000000e+03 7.681000000000000000e+03
1.232000000000000000e+03 7.851000000000000000e+03
1.246000000000000000e+03 8.209000000000000000e+03
1.260000000000000000e+03 8.453000000000000000e+03
1.274000000000000000e+03 8.617000000000000000e+03
1.288000000000000000e+03 8.779000000000000000e+03
1.302000000000000000e+03 9.019000000000000000e+03
1.316000000000000000e+03 9.629000000000000000e+03
1.330000000000000000e+03 9.700000000000000000e+03
1.344000000000000000e+03 1.022300000000000000e+04
1.358000000000000000e+03 1.034200000000000000e+04
1.372000000000000000e+03 1.084900000000000000e+04
1.386000000000000000e+03 1.101200000000000000e+04
1.400000000000000000e+03 1.140000000000000000e+04
1.414000000000000000e+03 1.151900000000000000e+04
1.428000000000000000e+03 1.186200000000000000e+04
1.442000000000000000e+03 1.220800000000000000e+04
1.456000000000000000e+03 1.262600000000000000e+04
1.470000000000000000e+03 1.299600000000000000e+04
1.484000000000000000e+03 1.292500000000000000e+04
1.498000000000000000e+03 1.353000000000000000e+04
1.512000000000000000e+03 1.354900000000000000e+04
1.526000000000000000e+03 1.415000000000000000e+04
1.540000000000000000e+03 1.385200000000000000e+04
1.554000000000000000e+03 1.437500000000000000e+04
1.568000000000000000e+03 1.448600000000000000e+04
1.582000000000000000e+03 1.467600000000000000e+04
1.596000000000000000e+03 1.499700000000000000e+04
1.610000000000000000e+03 1.522300000000000000e+04
1.624000000000000000e+03 1.518400000000000000e+04
1.638000000000000000e+03 1.508300000000000000e+04
1.652000000000000000e+03 1.531400000000000000e+04
1.666000000000000000e+03 1.565700000000000000e+04
1.680000000000000000e+03 1.563200000000000000e+04
1.694000000000000000e+03 1.574200000000000000e+04
1.708000000000000000e+03 1.569200000000000000e+04
1.722000000000000000e+03 1.571600000000000000e+04
1.736000000000000000e+03 1.602800000000000000e+04
1.750000000000000000e+03 1.581400000000000000e+04
1.764000000000000000e+03 1.563000000000000000e+04
1.778000000000000000e+03 1.575800000000000000e+04
1.792000000000000000e+03 1.576900000000000000e+04
1.806000000000000000e+03 1.569900000000000000e+04
1.820000000000000000e+03 1.573600000000000000e+04
1.834000000000000000e+03 1.587000000000000000e+04
1.848000000000000000e+03 1.586900000000000000e+04
1.862000000000000000e+03 1.548900000000000000e+04
1.876000000000000000e+03 1.597900000000000000e+04
1.890000000000000000e+03 1.535700000000000000e+04
1.904000000000000000e+03 1.535200000000000000e+04
1.918000000000000000e+03 1.556700000000000000e+04
1.932000000000000000e+03 1.550100000000000000e+04
1.946000000000000000e+03 1.523100000000000000e+04
1.960000000000000000e+03 1.517200000000000000e+04
1.974000000000000000e+03 1.475600000000000000e+04
1.988000000000000000e+03 1.473100000000000000e+04
2.002000000000000000e+03 1.442300000000000000e+04
2.016000000000000000e+03 1.436100000000000000e+04
2.030000000000000000e+03 1.404800000000000000e+04
2.044000000000000000e+03 1.412400000000000000e+04
2.058000000000000000e+03 1.382100000000000000e+04
2.072000000000000000e+03 1.369100000000000000e+04
2.086000000000000000e+03 1.360200000000000000e+04
2.100000000000000000e+03 1.330600000000000000e+04
2.114000000000000000e+03 1.287300000000000000e+04
2.128000000000000000e+03 1.270500000000000000e+04
2.142000000000000000e+03 1.244800000000000000e+04
2.156000000000000000e+03 1.216000000000000000e+04
2.170000000000000000e+03 1.180100000000000000e+04
2.184000000000000000e+03 1.167500000000000000e+04
2.198000000000000000e+03 1.125800000000000000e+04
2.212000000000000000e+03 1.110300000000000000e+04
2.226000000000000000e+03 1.062700000000000000e+04
2.240000000000000000e+03 1.067600000000000000e+04
2.254000000000000000e+03 1.034100000000000000e+04
2.268000000000000000e+03 9.926000000000000000e+03
2.282000000000000000e+03 9.762000000000000000e+03
2.296000000000000000e+03 9.649000000000000000e+03
2.310000000000000000e+03 9.228000000000000000e+03
2.324000000000000000e+03 9.260000000000000000e+03
2.338000000000000000e+03 9.013000000000000000e+03
2.352000000000000000e+03 8.517000000000000000e+03
2.366000000000000000e+03 8.319000000000000000e+03
2.380000000000000000e+03 8.158000000000000000e+03
2.394000000000000000e+03 8.131000000000000000e+03
2.408000000000000000e+03 7.778000000000000000e+03
2.422000000000000000e+03 7.726000000000000000e+03
2.436000000000000000e+03 7.647000000000000000e+03
2.450000000000000000e+03 7.414000000000000000e+03
2.464000000000000000e+03 7.325000000000000000e+03
2.478000000000000000e+03 7.125000000000000000e+03
2.492000000000000000e+03 7.170000000000000000e+03
2.506000000000000000e+03 7.050000000000000000e+03
2.520000000000000000e+03 6.965000000000000000e+03
2.534000000000000000e+03 6.918000000000000000e+03
2.548000000000000000e+03 7.045000000000000000e+03
2.562000000000000000e+03 7.140000000000000000e+03
2.576000000000000000e+03 7.065000000000000000e+03
2.590000000000000000e+03 7.108000000000000000e+03
2.604000000000000000e+03 7.141000000000000000e+03
2.618000000000000000e+03 7.137000000000000000e+03
2.632000000000000000e+03 7.444000000000000000e+03
2.646000000000000000e+03 7.629000000000000000e+03
2.660000000000000000e+03 7.714000000000000000e+03
2.674000000000000000e+03 8.068000000000000000e+03
2.688000000000000000e+03 8.370000000000000000e+03
2.702000000000000000e+03 8.460000000000000000e+03
2.716000000000000000e+03 8.916000000000000000e+03
2.730000000000000000e+03 8.962000000000000000e+03
2.744000000000000000e+03 9.131000000000000000e+03
2.758000000000000000e+03 9.714000000000000000e+03
2.772000000000000000e+03 9.753000000000000000e+03
2.786000000000000000e+03 1.034600000000000000e+04
2.800000000000000000e+03 1.048100000000000000e+04
2.814000000000000000e+03 1.075300000000000000e+04
2.828000000000000000e+03 1.120100000000000000e+04
2.842000000000000000e+03 1.138700000000000000e+04
