0.000000000000000000e+00 5.275600000000000000e+04
1.000000000000000000e+04 5.596400000000000000e+04
2.000000000000000000e+04 5.678100000000000000e+04
3.000000000000000000e+04 5.783300000000000000e+04
4.000000000000000000e+04 5.832500000000000000e+04
5.000000000000000000e+04 5.894800000000000000e+04
6.000000000000000000e+04 5.916000000000000000e+04
7.000000000000000000e+04 6.004100000000000000e+04
8.000000000000000000e+04 6.061800000000000000e+04
9.000000000000000000e+04 6.085700000000000000e+04
1.000000000000000000e+05 6.165400000000000000e+04
1.100000000000000000e+05 6.150800000000000000e+04
1.200000000000000000e+05 6.233100000000000000e+04
1.300000000000000000e+05 6.226800000000000000e+04
1.400000000000000000e+05 6.246400000000000000e+04
1.500000000000000000e+05 6.304000000000000000e+04
1.600000000000000000e+05 6.268100000000000000e+04
1.700000000000000000e+05 6.304400000000000000e+04
1.800000000000000000e+05 6.298100000000000000e+04
1.900000000000000000e+05 6.305900000000000000e+04
2.000000000000000000e+05 6.290200000000000000e+04
2.100000000000000000e+05 6.227700000000000000e+04
2.200000000000000000e+05 6.318000000000000000e+04
2.300000000000000000e+05 6.267800000000000000e+04
2.400000000000000000e+05 6.246300000000000000e+04
2.500000000000000000e+05 6.266700000000000000e+04
2.600000000000000000e+05 6.203600000000000000e+04
2.700000000000000000e+05 6.164500000000000000e+04
2.800000000000000000e+05 6.138800000000000000e+04
2.900000000000000000e+05 6.100800000000000000e+04
3.000000000000000000e+05 6.058100000000000000e+04
3.100000000000000000e+05 5.978300000000000000e+04
3.200000000000000000e+05 5.950900000000000000e+04
3.300000000000000000e+05 5.888300000000000000e+04
3.400000000000000000e+05 5.753600000000000000e+04
3.500000000000000000e+05 5.719100000000000000e+04
3.600000000000000000e+05 5.680900000000000000e+04
3.700000000000000000e+05 5.570600000000000000e+04
3.800000000000000000e+05 5.518600000000000000e+04
3.900000000000000000e+05 5.406700000000000000e+04
4.000000000000000000e+05 5.268500000000000000e+04
4.100000000000000000e+05 5.108300000000000000e+04
4.200000000000000000e+05 5.071100000000000000e+04
4.300000000000000000e+05 4.924300000000000000e+04
4.400000000000000000e+05 4.776200000000000000e+04
4.500000000000000000e+05 4.651700000000000000e+04
4.600000000000000000e+05 4.525300000000000000e+04
4.700000000000000000e+05 4.387000000000000000e+04
4.800000000000000000e+05 4.238300000000000000e+04
4.900000000000000000e+05 4.074900000000000000e+04
5.000000000000000000e+05 3.897800000000000000e+04
5.100000000000000000e+05 3.745200000000000000e+04
5.200000000000000000e+05 3.603200000000000000e+04
5.300000000000000000e+05 3.411200000000000000e+04
5.400000000000000000e+05 3.274600000000000000e+04
5.500000000000000000e+05 3.134500000000000000e+04
5.600000000000000000e+05 3.023300000000000000e+04
5.700000000000000000e+05 2.852700000000000000e+04
5.800000000000000000e+05 2.713500000000000000e+04
5.900000000000000000e+05 2.574200000000000000e+04
6.000000000000000000e+05 2.462000000000000000e+04
6.100000000000000000e+05 2.303900000000000000e+04
6.200000000000000000e+05 2.223600000000000000e+04
6.300000000000000000e+05 2.129800000000000000e+04
6.400000000000000000e+05 2.067400000000000000e+04
6.500000000000000000e+05 2.003800000000000000e+04
6.600000000000000000e+05 1.962200000000000000e+04
6.700000000000000000e+05 1.945100000000000000e+04
6.800000000000000000e+05 1.888100000000000000e+04
6.900000000000000000e+05 1.885600000000000000e+04
7.000000000000000000e+05 1.858800000000000000e+04
7.100000000000000000e+05 1.921500000000000000e+04
7.200000000000000000e+05 1.927300000000000000e+04
7.300000000000000000e+05 1.980800000000000000e+04
7.400000000000000000e+05 2.060500000000000000e+04
7.500000000000000000e+05 2.091400000000000000e+04
7.600000000000000000e+05 2.237300000000000000e+04
7.700000000000000000e+05 2.261600000000000000e+04
7.800000000000000000e+05 2.407100000000000000e+04
7.900000000000000000e+05 2.492100000000000000e+04
8.000000000000000000e+05 2.614400000000000000e+04
8.100000000000000000e+05 2.774900000000000000e+04
8.200000000000000000e+05 2.918300000000000000e+04
8.300000000000000000e+05 3.056200000000000000e+04
8.400000000000000000e+05 3.195900000000000000e+04
8.500000000000000000e+05 3.390600000000000000e+04
8.600000000000000000e+05 3.496500000000000000e+04
8.700000000000000000e+05 3.646300000000000000e+04
8.800000000000000000e+05 3.801000000000000000e+04
8.900000000000000000e+05 3.998400000000000000e+04
9.000000000000000000e+05 4.135800000000000000e+04
9.100000000000000000e+05 4.285600000000000000e+04
9.200000000000000000e+05 4.477700000000000000e+04
9.300000000000000000e+05 4.540600000000000000e+04
9.400000000000000000e+05 4.734200000000000000e+04
9.500000000000000000e+05 4.880000000000000000e+04
9.600000000000000000e+05 4.968200000000000000e+04
9.700000000000000000e+05 5.105700000000000000e+04
9.800000000000000000e+05 5.194800000000000000e+04
9.900000000000000000e+05 5.310500000000000000e+04
1.000000000000000000e+06 5.423500000000000000e+04
1.010000000000000000e+06 5.526300000000000000e+04
1.020000000000000000e+06 5.644900000000000000e+04
1.030000000000000000e+06 5.695900000000000000e+04
1.040000000000000000e+06 5.747400000000000000e+04
1.050000000000000000e+06 5.844900000000000000e+04
1.060000000000000000e+06 5.889700000000000000e+04
1.070000000000000000e+06 5.991500000000000000e+04
1.080000000000000000e+06 6.063900000000000000e+04
1.090000000000000000e+06 6.047900000000000000e+04
1.100000000000000000e+06 6.140600000000000000e+04
1.110000000000000000e+06 6.177500000000000000e+04
1.120000000000000000e+06 6.168800000000000000e+04
1.130000000000000000e+06 6.206400000000000000e+04
1.140000000000000000e+06 6.248800000000000000e+04
1.150000000000000000e+06 6.289900000000000000e+04
1.160000000000000000e+06 6.296300000000000000e+04
1.170000000000000000e+06 6.311300000000000000e+04
1.180000000000000000e+06 6.298800000000000000e+04
1.190000000000000000e+06 6.303500000000000000e+04
1.200000000000000000e+06 6.301700000000000000e+04
1.210000000000000000e+06 6.271900000000000000e+04
1.220000000000000000e+06 6.240400000000000000e+04
1.230000000000000000e+06 6.220100000000000000e+04
1.240000000000000000e+06 6.233700000000000000e+04
1.250000000000000000e+06 6.209900000000000000e+04
1.260000000000000000e+06 6.215500000000000000e+04
1.270000000000000000e+06 6.159000000000000000e+04
1.280000000000000000e+06 6.070100000000000000e+04
1.290000000000000000e+06 6.074800000000000000e+04
1.300000000000000000e+06 6.004200000000000000e+04
1.310000000000000000e+06 5.984100000000000000e+04
1.320000000000000000e+06 5.946900000000000000e+04
1.330000000000000000e+06 5.837200000000000000e+04
1.340000000000000000e+06 5.833200000000000000e+04
1.350000000000000000e+06 5.740600000000000000e+04
1.360000000000000000e+06 5.650500000000000000e+04
1.370000000000000000e+06 5.569600000000000000e+04
1.380000000000000000e+06 5.469600000000000000e+04
1.390000000000000000e+06 5.410600000000000000e+04
1.400000000000000000e+06 5.249400000000000000e+04
1.410000000000000000e+06 5.123000000000000000e+04
1.420000000000000000e+06 5.039400000000000000e+04
1.430000000000000000e+06 4.919300000000000000e+04
1.440000000000000000e+06 4.784600000000000000e+04
1.450000000000000000e+06 4.659200000000000000e+04
1.460000000000000000e+06 4.527100000000000000e+04
1.470000000000000000e+06 4.329800000000000000e+04
1.480000000000000000e+06 4.257500000000000000e+04
1.490000000000000000e+06 4.090300000000000000e+04
1.500000000000000000e+06 3.905500000000000000e+04
1.510000000000000000e+06 3.807900000000000000e+04
1.520000000000000000e+06 3.578500000000000000e+04
1.530000000000000000e+06 3.429700000000000000e+04
1.540000000000000000e+06 3.296700000000000000e+04
1.550000000000000000e+06 3.122500000000000000e+04
1.560000000000000000e+06 2.994300000000000000e+04
1.570000000000000000e+06 2.838700000000000000e+04
1.580000000000000000e+06 2.706100000000000000e+04
1.590000000000000000e+06 2.595100000000000000e+04
1.600000000000000000e+06 2.461400000000000000e+04
1.610000000000000000e+06 2.350300000000000000e+04
1.620000000000000000e+06 2.231400000000000000e+04
1.630000000000000000e+06 2.129600000000000000e+04
1.640000000000000000e+06 2.071100000000000000e+04
1.650000000000000000e+06 2.022800000000000000e+04
1.660000000000000000e+06 1.964100000000000000e+04
1.670000000000000000e+06 1.915700000000000000e+04
1.680000000000000000e+06 1.904400000000000000e+04
1.690000000000000000e+06 1.880700000000000000e+04
1.700000000000000000e+06 1.864300000000000000e+04
1.710000000000000000e+06 1.884900000000000000e+04
1.720000000000000000e+06 1.936200000000000000e+04
1.730000000000000000e+06 2.003100000000000000e+04
1.740000000000000000e+06 2.036400000000000000e+04
1.750000000000000000e+06 2.134000000000000000e+04
1.760000000000000000e+06 2.207300000000000000e+04
1.770000000000000000e+06 2.283700000000000000e+04
1.780000000000000000e+06 2.382600000000000000e+04
1.790000000000000000e+06 2.501300000000000000e+04
1.800000000000000000e+06 2.623100000000000000e+04
1.810000000000000000e+06 2.766000000000000000e+04
1.820000000000000000e+06 2.924000000000000000e+04
1.830000000000000000e+06 3.047300000000000000e+04
1.840000000000000000e+06 3.206100000000000000e+04
1.850000000000000000e+06 3.325400000000000000e+04
1.860000000000000000e+06 3.505300000000000000e+04
1.870000000000000000e+06 3.668600000000000000e+04
1.880000000000000000e+06 3.859100000000000000e+04
1.890000000000000000e+06 3.963200000000000000e+04
1.900000000000000000e+06 4.103100000000000000e+04
1.910000000000000000e+06 4.306800000000000000e+04
1.920000000000000000e+06 4.430400000000000000e+04
1.930000000000000000e+06 4.574200000000000000e+04
1.940000000000000000e+06 4.753300000000000000e+04
1.950000000000000000e+06 4.896800000000000000e+04
1.960000000000000000e+06 4.920500000000000000e+04
1.970000000000000000e+06 5.110000000000000000e+04
1.980000000000000000e+06 5.203800000000000000e+04
1.990000000000000000e+06 5.366700000000000000e+04
