0.000000000000000000e+00 1.272000000000000000e+04
2.000000000000000000e+01 1.331000000000000000e+04
4.000000000000000000e+01 1.370400000000000000e+04
6.000000000000000000e+01 1.388200000000000000e+04
8.000000000000000000e+01 1.410600000000000000e+04
1.000000000000000000e+02 1.447900000000000000e+04
1.200000000000000000e+02 1.460700000000000000e+04
1.400000000000000000e+02 1.473100000000000000e+04
1.600000000000000000e+02 1.503100000000000000e+04
1.800000000000000000e+02 1.539000000000000000e+04
2.000000000000000000e+02 1.551800000000000000e+04
2.200000000000000000e+02 1.583800000000000000e+04
2.400000000000000000e+02 1.600700000000000000e+04
2.600000000000000000e+02 1.624100000000000000e+04
2.800000000000000000e+02 1.601100000000000000e+04
3.000000000000000000e+02 1.633500000000000000e+04
3.200000000000000000e+02 1.675900000000000000e+04
3.400000000000000000e+02 1.660800000000000000e+04
3.600000000000000000e+02 1.681300000000000000e+04
3.800000000000000000e+02 1.685500000000000000e+04
4.000000000000000000e+02 1.688100000000000000e+04
4.200000000000000000e+02 1.676300000000000000e+04
4.400000000000000000e+02 1.720000000000000000e+04
4.600000000000000000e+02 1.695300000000000000e+04
4.800000000000000000e+02 1.716300000000000000e+04
5.000000000000000000e+02 1.725700000000000000e+04
5.200000000000000000e+02 1.721800000000000000e+04
5.400000000000000000e+02 1.692400000000000000e+04
5.600000000000000000e+02 1.701100000000000000e+04
5.800000000000000000e+02 1.693200000000000000e+04
6.000000000000000000e+02 1.720700000000000000e+04
6.200000000000000000e+02 1.697500000000000000e+04
6.400000000000000000e+02 1.662200000000000000e+04
6.600000000000000000e+02 1.661700000000000000e+04
6.800000000000000000e+02 1.636400000000000000e+04
7.000000000000000000e+02 1.655600000000000000e+04
7.200000000000000000e+02 1.658300000000000000e+04
7.400000000000000000e+02 1.627000000000000000e+04
7.600000000000000000e+02 1.611300000000000000e+04
7.800000000000000000e+02 1.618200000000000000e+04
8.000000000000000000e+02 1.588700000000000000e+04
8.200000000000000000e+02 1.571500000000000000e+04
8.400000000000000000e+02 1.525600000000000000e+04
8.600000000000000000e+02 1.513400000000000000e+04
8.800000000000000000e+02 1.507200000000000000e+04
9.000000000000000000e+02 1.450700000000000000e+04
9.200000000000000000e+02 1.419400000000000000e+04
9.400000000000000000e+02 1.391000000000000000e+04
9.600000000000000000e+02 1.358900000000000000e+04
9.800000000000000000e+02 1.335100000000000000e+04
1.000000000000000000e+03 1.312900000000000000e+04
1.020000000000000000e+03 1.277800000000000000e+04
1.040000000000000000e+03 1.266900000000000000e+04
1.060000000000000000e+03 1.228300000000000000e+04
1.080000000000000000e+03 1.179500000000000000e+04
1.100000000000000000e+03 1.143000000000000000e+04
1.120000000000000000e+03 1.128500000000000000e+04
1.140000000000000000e+03 1.099700000000000000e+04
1.160000000000000000e+03 1.057100000000000000e+04
1.180000000000000000e+03 1.031200000000000000e+04
1.200000000000000000e+03 9.791000000000000000e+03
1.220000000000000000e+03 9.554000000000000000e+03
1.240000000000000000e+03 9.269000000000000000e+03
1.260000000000000000e+03 9.014000000000000000e+03
1.280000000000000000e+03 8.823000000000000000e+03
1.300000000000000000e+03 8.395000000000000000e+03
1.320000000000000000e+03 8.266000000000000000e+03
1.340000000000000000e+03 8.044000000000000000e+03
1.360000000000000000e+03 7.886000000000000000e+03
1.380000000000000000e+03 7.675000000000000000e+03
1.400000000000000000e+03 7.586000000000000000e+03
1.420000000000000000e+03 7.303000000000000000e+03
1.440000000000000000e+03 7.299000000000000000e+03
1.460000000000000000e+03 7.222000000000000000e+03
1.480000000000000000e+03 7.052000000000000000e+03
1.500000000000000000e+03 6.932000000000000000e+03
1.520000000000000000e+03 6.906000000000000000e+03
1.540000000000000000e+03 6.986000000000000000e+03
1.560000000000000000e+03 7.002000000000000000e+03
1.580000000000000000e+03 6.882000000000000000e+03
1.600000000000000000e+03 6.954000000000000000e+03
1.620000000000000000e+03 6.917000000000000000e+03
1.640000000000000000e+03 7.183000000000000000e+03
1.660000000000000000e+03 7.441000000000000000e+03
1.680000000000000000e+03 7.530000000000000000e+03
1.700000000000000000e+03 7.868000000000000000e+03
1.720000000000000000e+03 8.155000000000000000e+03
1.740000000000000000e+03 8.215000000000000000e+03
1.760000000000000000e+03 8.553000000000000000e+03
1.780000000000000000e+03 8.828000000000000000e+03
1.800000000000000000e+03 9.311000000000000000e+03
1.820000000000000000e+03 9.685000000000000000e+03
1.840000000000000000e+03 9.911000000000000000e+03
1.860000000000000000e+03 1.028800000000000000e+04
1.880000000000000000e+03 1.061100000000000000e+04
1.900000000000000000e+03 1.080100000000000000e+04
1.920000000000000000e+03 1.138900000000000000e+04
1.940000000000000000e+03 1.189100000000000000e+04
1.960000000000000000e+03 1.198900000000000000e+04
1.980000000000000000e+03 1.259200000000000000e+04
2.000000000000000000e+03 1.286200000000000000e+04
2.020000000000000000e+03 1.301900000000000000e+04
2.040000000000000000e+03 1.351100000000000000e+04
2.060000000000000000e+03 1.373800000000000000e+04
2.080000000000000000e+03 1.401300000000000000e+04
2.100000000000000000e+03 1.468700000000000000e+04
2.120000000000000000e+03 1.465500000000000000e+04
2.140000000000000000e+03 1.516100000000000000e+04
2.160000000000000000e+03 1.521800000000000000e+04
2.180000000000000000e+03 1.512000000000000000e+04
2.200000000000000000e+03 1.565600000000000000e+04
2.220000000000000000e+03 1.574100000000000000e+04
2.240000000000000000e+03 1.590200000000000000e+04
2.260000000000000000e+03 1.631600000000000000e+04
2.280000000000000000e+03 1.641200000000000000e+04
2.300000000000000000e+03 1.649700000000000000e+04
2.320000000000000000e+03 1.656900000000000000e+04
2.340000000000000000e+03 1.665100000000000000e+04
2.360000000000000000e+03 1.689800000000000000e+04
2.380000000000000000e+03 1.672300000000000000e+04
2.400000000000000000e+03 1.661600000000000000e+04
2.420000000000000000e+03 1.700400000000000000e+04
2.440000000000000000e+03 1.730400000000000000e+04
2.460000000000000000e+03 1.703100000000000000e+04
2.480000000000000000e+03 1.725100000000000000e+04
2.500000000000000000e+03 1.706900000000000000e+04
2.520000000000000000e+03 1.676400000000000000e+04
2.540000000000000000e+03 1.689900000000000000e+04
2.560000000000000000e+03 1.695500000000000000e+04
2.580000000000000000e+03 1.709000000000000000e+04
2.600000000000000000e+03 1.676200000000000000e+04
2.620000000000000000e+03 1.694100000000000000e+04
2.640000000000000000e+03 1.675100000000000000e+04
2.660000000000000000e+03 1.652700000000000000e+04
2.680000000000000000e+03 1.645800000000000000e+04
2.700000000000000000e+03 1.664200000000000000e+04
2.720000000000000000e+03 1.634600000000000000e+04
2.740000000000000000e+03 1.605900000000000000e+04
2.760000000000000000e+03 1.617400000000000000e+04
2.780000000000000000e+03 1.591200000000000000e+04
2.800000000000000000e+03 1.564600000000000000e+04
2.820000000000000000e+03 1.556600000000000000e+04
2.840000000000000000e+03 1.544700000000000000e+04
2.860000000000000000e+03 1.508900000000000000e+04
2.880000000000000000e+03 1.486400000000000000e+04
2.900000000000000000e+03 1.461100000000000000e+04
2.920000000000000000e+03 1.400100000000000000e+04
2.940000000000000000e+03 1.415900000000000000e+04
2.960000000000000000e+03 1.379800000000000000e+04
2.980000000000000000e+03 1.342700000000000000e+04
3.000000000000000000e+03 1.297000000000000000e+04
3.020000000000000000e+03 1.265000000000000000e+04
3.040000000000000000e+03 1.232000000000000000e+04
3.060000000000000000e+03 1.199600000000000000e+04
3.080000000000000000e+03 1.190300000000000000e+04
3.100000000000000000e+03 1.152700000000000000e+04
3.120000000000000000e+03 1.099100000000000000e+04
3.140000000000000000e+03 1.076900000000000000e+04
3.160000000000000000e+03 1.040800000000000000e+04
3.180000000000000000e+03 1.014500000000000000e+04
3.200000000000000000e+03 9.881000000000000000e+03
3.220000000000000000e+03 9.464000000000000000e+03
3.240000000000000000e+03 9.089000000000000000e+03
3.260000000000000000e+03 8.937000000000000000e+03
3.280000000000000000e+03 8.729000000000000000e+03
3.300000000000000000e+03 8.488000000000000000e+03
3.320000000000000000e+03 8.310000000000000000e+03
3.340000000000000000e+03 8.093000000000000000e+03
3.360000000000000000e+03 7.864000000000000000e+03
3.380000000000000000e+03 7.572000000000000000e+03
3.400000000000000000e+03 7.474000000000000000e+03
3.420000000000000000e+03 7.236000000000000000e+03
3.440000000000000000e+03 7.268000000000000000e+03
3.460000000000000000e+03 7.091000000000000000e+03
3.480000000000000000e+03 6.993000000000000000e+03
3.500000000000000000e+03 6.996000000000000000e+03
3.520000000000000000e+03 6.971000000000000000e+03
3.540000000000000000e+03 6.867000000000000000e+03
3.560000000000000000e+03 7.010000000000000000e+03
3.580000000000000000e+03 6.965000000000000000e+03
3.600000000000000000e+03 6.890000000000000000e+03
3.620000000000000000e+03 7.248000000000000000e+03
3.640000000000000000e+03 7.134000000000000000e+03
3.660000000000000000e+03 7.388000000000000000e+03
3.680000000000000000e+03 7.622000000000000000e+03
3.700000000000000000e+03 7.943000000000000000e+03
3.720000000000000000e+03 8.088000000000000000e+03
3.740000000000000000e+03 8.326000000000000000e+03
3.760000000000000000e+03 8.640000000000000000e+03
3.780000000000000000e+03 8.947000000000000000e+03
3.800000000000000000e+03 9.302000000000000000e+03
3.820000000000000000e+03 9.476000000000000000e+03
3.840000000000000000e+03 1.003800000000000000e+04
3.860000000000000000e+03 1.028200000000000000e+04
3.880000000000000000e+03 1.101400000000000000e+04
3.900000000000000000e+03 1.137300000000000000e+04
3.920000000000000000e+03 1.146800000000000000e+04
3.940000000000000000e+03 1.170700000000000000e+04
3.960000000000000000e+03 1.224400000000000000e+04
3.980000000000000000e+03 1.259800000000000000e+04
