0.000000000000000000e+00 1.911300000000000000e+04
1.000000000000000000e+03 1.958600000000000000e+04
2.000000000000000000e+03 1.954300000000000000e+04
3.000000000000000000e+03 2.029300000000000000e+04
4.000000000000000000e+03 2.052900000000000000e+04
5.000000000000000000e+03 2.068300000000000000e+04
6.000000000000000000e+03 2.078900000000000000e+04
7.000000000000000000e+03 2.096600000000000000e+04
8.000000000000000000e+03 2.105400000000000000e+04
9.000000000000000000e+03 2.097600000000000000e+04
1.000000000000000000e+04 2.113800000000000000e+04
1.100000000000000000e+04 2.154400000000000000e+04
1.200000000000000000e+04 2.150900000000000000e+04
1.300000000000000000e+04 2.196300000000000000e+04
1.400000000000000000e+04 2.169500000000000000e+04
1.500000000000000000e+04 2.167500000000000000e+04
1.600000000000000000e+04 2.183400000000000000e+04
1.700000000000000000e+04 2.188100000000000000e+04
1.800000000000000000e+04 2.194600000000000000e+04
1.900000000000000000e+04 2.199700000000000000e+04
2.000000000000000000e+04 2.204700000000000000e+04
2.100000000000000000e+04 2.184500000000000000e+04
2.200000000000000000e+04 2.224600000000000000e+04
2.300000000000000000e+04 2.199000000000000000e+04
2.400000000000000000e+04 2.180600000000000000e+04
2.500000000000000000e+04 2.182100000000000000e+04
2.600000000000000000e+04 2.142500000000000000e+04
2.700000000000000000e+04 2.148800000000000000e+04
2.800000000000000000e+04 2.141600000000000000e+04
2.900000000000000000e+04 2.128000000000000000e+04
3.000000000000000000e+04 2.127400000000000000e+04
3.100000000000000000e+04 2.080900000000000000e+04
3.200000000000000000e+04 2.088100000000000000e+04
3.300000000000000000e+04 2.054200000000000000e+04
3.400000000000000000e+04 2.059700000000000000e+04
3.500000000000000000e+04 2.024400000000000000e+04
3.600000000000000000e+04 1.949200000000000000e+04
3.700000000000000000e+04 1.949000000000000000e+04
3.800000000000000000e+04 1.937900000000000000e+04
3.900000000000000000e+04 1.915300000000000000e+04
4.000000000000000000e+04 1.854600000000000000e+04
4.100000000000000000e+04 1.807500000000000000e+04
4.200000000000000000e+04 1.775200000000000000e+04
4.300000000000000000e+04 1.740100000000000000e+04
4.400000000000000000e+04 1.673900000000000000e+04
4.500000000000000000e+04 1.625500000000000000e+04
4.600000000000000000e+04 1.615700000000000000e+04
4.700000000000000000e+04 1.548000000000000000e+04
4.800000000000000000e+04 1.499700000000000000e+04
4.900000000000000000e+04 1.458100000000000000e+04
5.000000000000000000e+04 1.399600000000000000e+04
5.100000000000000000e+04 1.340000000000000000e+04
5.200000000000000000e+04 1.300500000000000000e+04
5.300000000000000000e+04 1.261600000000000000e+04
5.400000000000000000e+04 1.201400000000000000e+04
5.500000000000000000e+04 1.136800000000000000e+04
5.600000000000000000e+04 1.110300000000000000e+04
5.700000000000000000e+04 1.051000000000000000e+04
5.800000000000000000e+04 1.004200000000000000e+04
5.900000000000000000e+04 9.762000000000000000e+03
6.000000000000000000e+04 9.339000000000000000e+03
6.100000000000000000e+04 8.929000000000000000e+03
6.200000000000000000e+04 8.528000000000000000e+03
6.300000000000000000e+04 8.238000000000000000e+03
6.400000000000000000e+04 7.833000000000000000e+03
6.500000000000000000e+04 7.801000000000000000e+03
6.600000000000000000e+04 7.472000000000000000e+03
6.700000000000000000e+04 7.453000000000000000e+03
6.800000000000000000e+04 7.286000000000000000e+03
6.900000000000000000e+04 7.278000000000000000e+03
7.000000000000000000e+04 7.309000000000000000e+03
7.100000000000000000e+04 7.369000000000000000e+03
7.200000000000000000e+04 7.305000000000000000e+03
7.300000000000000000e+04 7.423000000000000000e+03
7.400000000000000000e+04 7.699000000000000000e+03
7.500000000000000000e+04 8.047000000000000000e+03
7.600000000000000000e+04 8.496000000000000000e+03
7.700000000000000000e+04 8.649000000000000000e+03
7.800000000000000000e+04 8.945000000000000000e+03
7.900000000000000000e+04 9.385000000000000000e+03
8.000000000000000000e+04 9.875000000000000000e+03
8.100000000000000000e+04 1.025200000000000000e+04
8.200000000000000000e+04 1.052900000000000000e+04
8.300000000000000000e+04 1.115500000000000000e+04
8.400000000000000000e+04 1.179500000000000000e+04
8.500000000000000000e+04 1.230700000000000000e+04
8.600000000000000000e+04 1.286600000000000000e+04
8.700000000000000000e+04 1.318700000000000000e+04
8.800000000000000000e+04 1.396400000000000000e+04
8.900000000000000000e+04 1.444000000000000000e+04
9.000000000000000000e+04 1.485700000000000000e+04
9.100000000000000000e+04 1.567800000000000000e+04
9.200000000000000000e+04 1.562300000000000000e+04
9.300000000000000000e+04 1.604800000000000000e+04
9.400000000000000000e+04 1.680500000000000000e+04
9.500000000000000000e+04 1.691800000000000000e+04
9.600000000000000000e+04 1.781600000000000000e+04
9.700000000000000000e+04 1.788400000000000000e+04
9.800000000000000000e+04 1.860000000000000000e+04
9.900000000000000000e+04 1.883000000000000000e+04
1.000000000000000000e+05 1.919500000000000000e+04
1.010000000000000000e+05 1.996300000000000000e+04
1.020000000000000000e+05 1.980200000000000000e+04
1.030000000000000000e+05 2.013600000000000000e+04
1.040000000000000000e+05 2.015900000000000000e+04
1.050000000000000000e+05 2.058600000000000000e+04
1.060000000000000000e+05 2.079300000000000000e+04
1.070000000000000000e+05 2.110200000000000000e+04
1.080000000000000000e+05 2.095500000000000000e+04
1.090000000000000000e+05 2.126800000000000000e+04
1.100000000000000000e+05 2.126800000000000000e+04
1.110000000000000000e+05 2.109000000000000000e+04
1.120000000000000000e+05 2.184100000000000000e+04
1.130000000000000000e+05 2.182200000000000000e+04
1.140000000000000000e+05 2.174000000000000000e+04
1.150000000000000000e+05 2.204600000000000000e+04
1.160000000000000000e+05 2.182400000000000000e+04
1.170000000000000000e+05 2.206100000000000000e+04
1.180000000000000000e+05 2.210500000000000000e+04
1.190000000000000000e+05 2.186700000000000000e+04
1.200000000000000000e+05 2.188500000000000000e+04
1.210000000000000000e+05 2.217900000000000000e+04
1.220000000000000000e+05 2.174500000000000000e+04
1.230000000000000000e+05 2.180600000000000000e+04
1.240000000000000000e+05 2.184200000000000000e+04
1.250000000000000000e+05 2.147800000000000000e+04
1.260000000000000000e+05 2.186900000000000000e+04
1.270000000000000000e+05 2.137100000000000000e+04
1.280000000000000000e+05 2.127400000000000000e+04
1.290000000000000000e+05 2.125900000000000000e+04
1.300000000000000000e+05 2.120100000000000000e+04
1.310000000000000000e+05 2.078700000000000000e+04
1.320000000000000000e+05 2.078600000000000000e+04
1.330000000000000000e+05 2.079800000000000000e+04
1.340000000000000000e+05 2.054800000000000000e+04
1.350000000000000000e+05 2.024700000000000000e+04
1.360000000000000000e+05 2.024800000000000000e+04
1.370000000000000000e+05 1.954200000000000000e+04
1.380000000000000000e+05 1.892400000000000000e+04
1.390000000000000000e+05 1.904100000000000000e+04
1.400000000000000000e+05 1.856300000000000000e+04
1.410000000000000000e+05 1.811400000000000000e+04
1.420000000000000000e+05 1.750300000000000000e+04
1.430000000000000000e+05 1.721300000000000000e+04
1.440000000000000000e+05 1.690000000000000000e+04
1.450000000000000000e+05 1.639500000000000000e+04
1.460000000000000000e+05 1.624000000000000000e+04
1.470000000000000000e+05 1.542800000000000000e+04
1.480000000000000000e+05 1.500700000000000000e+04
1.490000000000000000e+05 1.444000000000000000e+04
1.500000000000000000e+05 1.410100000000000000e+04
1.510000000000000000e+05 1.348800000000000000e+04
1.520000000000000000e+05 1.286400000000000000e+04
1.530000000000000000e+05 1.251900000000000000e+04
1.540000000000000000e+05 1.206700000000000000e+04
1.550000000000000000e+05 1.148700000000000000e+04
1.560000000000000000e+05 1.078200000000000000e+04
1.570000000000000000e+05 1.055600000000000000e+04
1.580000000000000000e+05 1.014600000000000000e+04
1.590000000000000000e+05 9.840000000000000000e+03
1.600000000000000000e+05 9.150000000000000000e+03
1.610000000000000000e+05 8.764000000000000000e+03
1.620000000000000000e+05 8.532000000000000000e+03
1.630000000000000000e+05 8.211000000000000000e+03
1.640000000000000000e+05 8.017000000000000000e+03
1.650000000000000000e+05 7.598000000000000000e+03
1.660000000000000000e+05 7.374000000000000000e+03
1.670000000000000000e+05 7.423000000000000000e+03
1.680000000000000000e+05 7.447000000000000000e+03
1.690000000000000000e+05 7.166000000000000000e+03
1.700000000000000000e+05 7.173000000000000000e+03
1.710000000000000000e+05 7.385000000000000000e+03
1.720000000000000000e+05 7.456000000000000000e+03
1.730000000000000000e+05 7.498000000000000000e+03
1.740000000000000000e+05 7.708000000000000000e+03
1.750000000000000000e+05 8.085000000000000000e+03
1.760000000000000000e+05 8.078000000000000000e+03
1.770000000000000000e+05 8.642000000000000000e+03
1.780000000000000000e+05 9.094000000000000000e+03
1.790000000000000000e+05 9.333000000000000000e+03
1.800000000000000000e+05 9.818000000000000000e+03
1.810000000000000000e+05 1.033900000000000000e+04
1.820000000000000000e+05 1.087400000000000000e+04
1.830000000000000000e+05 1.112900000000000000e+04
1.840000000000000000e+05 1.186200000000000000e+04
1.850000000000000000e+05 1.211500000000000000e+04
1.860000000000000000e+05 1.309600000000000000e+04
1.870000000000000000e+05 1.350300000000000000e+04
1.880000000000000000e+05 1.386400000000000000e+04
1.890000000000000000e+05 1.438000000000000000e+04
1.900000000000000000e+05 1.521300000000000000e+04
1.910000000000000000e+05 1.548600000000000000e+04
1.920000000000000000e+05 1.606700000000000000e+04
1.930000000000000000e+05 1.654900000000000000e+04
1.940000000000000000e+05 1.686700000000000000e+04
1.950000000000000000e+05 1.714000000000000000e+04
1.960000000000000000e+05 1.782100000000000000e+04
1.970000000000000000e+05 1.842000000000000000e+04
1.980000000000000000e+05 1.870100000000000000e+04
1.990000000000000000e+05 1.879100000000000000e+04
