0.000000000000000000e+00 1.443000000000000000e+04
5.000000000000000000e+02 1.444200000000000000e+04
1.000000000000000000e+03 1.469600000000000000e+04
1.500000000000000000e+03 1.488300000000000000e+04
2.000000000000000000e+03 1.512200000000000000e+04
2.500000000000000000e+03 1.538000000000000000e+04
3.000000000000000000e+03 1.540300000000000000e+04
3.500000000000000000e+03 1.561800000000000000e+04
4.000000000000000000e+03 1.607800000000000000e+04
4.500000000000000000e+03 1.573100000000000000e+04
5.000000000000000000e+03 1.585500000000000000e+04
5.500000000000000000e+03 1.589500000000000000e+04
6.000000000000000000e+03 1.611300000000000000e+04
6.500000000000000000e+03 1.630500000000000000e+04
7.000000000000000000e+03 1.634000000000000000e+04
7.500000000000000000e+03 1.647500000000000000e+04
8.000000000000000000e+03 1.663700000000000000e+04
8.500000000000000000e+03 1.638000000000000000e+04
9.000000000000000000e+03 1.610400000000000000e+04
9.500000000000000000e+03 1.642300000000000000e+04
1.000000000000000000e+04 1.642000000000000000e+04
1.050000000000000000e+04 1.632300000000000000e+04
1.100000000000000000e+04 1.620300000000000000e+04
1.150000000000000000e+04 1.626500000000000000e+04
1.200000000000000000e+04 1.622400000000000000e+04
1.250000000000000000e+04 1.614200000000000000e+04
1.300000000000000000e+04 1.591800000000000000e+04
1.350000000000000000e+04 1.609500000000000000e+04
1.400000000000000000e+04 1.618300000000000000e+04
1.450000000000000000e+04 1.571800000000000000e+04
1.500000000000000000e+04 1.575300000000000000e+04
1.550000000000000000e+04 1.563700000000000000e+04
1.600000000000000000e+04 1.550600000000000000e+04
1.650000000000000000e+04 1.518200000000000000e+04
1.700000000000000000e+04 1.498100000000000000e+04
1.750000000000000000e+04 1.503100000000000000e+04
1.800000000000000000e+04 1.485100000000000000e+04
1.850000000000000000e+04 1.481900000000000000e+04
1.900000000000000000e+04 1.439200000000000000e+04
1.950000000000000000e+04 1.419600000000000000e+04
2.000000000000000000e+04 1.381700000000000000e+04
2.050000000000000000e+04 1.346200000000000000e+04
2.100000000000000000e+04 1.324700000000000000e+04
2.150000000000000000e+04 1.297800000000000000e+04
2.200000000000000000e+04 1.261400000000000000e+04
2.250000000000000000e+04 1.235500000000000000e+04
2.300000000000000000e+04 1.214800000000000000e+04
2.350000000000000000e+04 1.169700000000000000e+04
2.400000000000000000e+04 1.124700000000000000e+04
2.450000000000000000e+04 1.084400000000000000e+04
2.500000000000000000e+04 1.049000000000000000e+04
2.550000000000000000e+04 1.009000000000000000e+04
2.600000000000000000e+04 9.724000000000000000e+03
2.650000000000000000e+04 9.439000000000000000e+03
2.700000000000000000e+04 8.840000000000000000e+03
2.750000000000000000e+04 8.581000000000000000e+03
2.800000000000000000e+04 8.061000000000000000e+03
2.850000000000000000e+04 7.841000000000000000e+03
2.900000000000000000e+04 7.486000000000000000e+03
2.950000000000000000e+04 7.047000000000000000e+03
3.000000000000000000e+04 6.755000000000000000e+03
3.050000000000000000e+04 6.525000000000000000e+03
3.100000000000000000e+04 6.360000000000000000e+03
3.150000000000000000e+04 6.004000000000000000e+03
3.200000000000000000e+04 5.833000000000000000e+03
3.250000000000000000e+04 5.826000000000000000e+03
3.300000000000000000e+04 5.626000000000000000e+03
3.350000000000000000e+04 5.520000000000000000e+03
3.400000000000000000e+04 5.352000000000000000e+03
3.450000000000000000e+04 5.364000000000000000e+03
3.500000000000000000e+04 5.340000000000000000e+03
3.550000000000000000e+04 5.302000000000000000e+03
3.600000000000000000e+04 5.456000000000000000e+03
3.650000000000000000e+04 5.469000000000000000e+03
3.700000000000000000e+04 5.781000000000000000e+03
3.750000000000000000e+04 6.035000000000000000e+03
3.800000000000000000e+04 6.152000000000000000e+03
3.850000000000000000e+04 6.373000000000000000e+03
3.900000000000000000e+04 6.491000000000000000e+03
3.950000000000000000e+04 6.727000000000000000e+03
4.000000000000000000e+04 7.100000000000000000e+03
4.050000000000000000e+04 7.612000000000000000e+03
4.100000000000000000e+04 7.971000000000000000e+03
4.150000000000000000e+04 8.425000000000000000e+03
4.200000000000000000e+04 8.661000000000000000e+03
4.250000000000000000e+04 9.016000000000000000e+03
4.300000000000000000e+04 9.479000000000000000e+03
4.350000000000000000e+04 9.893000000000000000e+03
4.400000000000000000e+04 1.007900000000000000e+04
4.450000000000000000e+04 1.086400000000000000e+04
4.500000000000000000e+04 1.107700000000000000e+04
4.550000000000000000e+04 1.161000000000000000e+04
4.600000000000000000e+04 1.164800000000000000e+04
4.650000000000000000e+04 1.225600000000000000e+04
4.700000000000000000e+04 1.256700000000000000e+04
4.750000000000000000e+04 1.283200000000000000e+04
4.800000000000000000e+04 1.323700000000000000e+04
4.850000000000000000e+04 1.363600000000000000e+04
4.900000000000000000e+04 1.358500000000000000e+04
4.950000000000000000e+04 1.411400000000000000e+04
5.000000000000000000e+04 1.419600000000000000e+04
5.050000000000000000e+04 1.458200000000000000e+04
5.100000000000000000e+04 1.479500000000000000e+04
5.150000000000000000e+04 1.512800000000000000e+04
5.200000000000000000e+04 1.496100000000000000e+04
5.250000000000000000e+04 1.528400000000000000e+04
5.300000000000000000e+04 1.557900000000000000e+04
5.350000000000000000e+04 1.548000000000000000e+04
5.400000000000000000e+04 1.581100000000000000e+04
5.450000000000000000e+04 1.595500000000000000e+04
5.500000000000000000e+04 1.615300000000000000e+04
5.550000000000000000e+04 1.631600000000000000e+04
5.600000000000000000e+04 1.620400000000000000e+04
5.650000000000000000e+04 1.609000000000000000e+04
5.700000000000000000e+04 1.648700000000000000e+04
5.750000000000000000e+04 1.618000000000000000e+04
5.800000000000000000e+04 1.642000000000000000e+04
5.850000000000000000e+04 1.636600000000000000e+04
5.900000000000000000e+04 1.638900000000000000e+04
5.950000000000000000e+04 1.645700000000000000e+04
6.000000000000000000e+04 1.639300000000000000e+04
6.050000000000000000e+04 1.661200000000000000e+04
6.100000000000000000e+04 1.631900000000000000e+04
6.150000000000000000e+04 1.638500000000000000e+04
6.200000000000000000e+04 1.619500000000000000e+04
6.250000000000000000e+04 1.626400000000000000e+04
6.300000000000000000e+04 1.623700000000000000e+04
6.350000000000000000e+04 1.603900000000000000e+04
6.400000000000000000e+04 1.595400000000000000e+04
6.450000000000000000e+04 1.586900000000000000e+04
6.500000000000000000e+04 1.548500000000000000e+04
6.550000000000000000e+04 1.553700000000000000e+04
6.600000000000000000e+04 1.532600000000000000e+04
6.650000000000000000e+04 1.542000000000000000e+04
6.700000000000000000e+04 1.517600000000000000e+04
6.750000000000000000e+04 1.472900000000000000e+04
6.800000000000000000e+04 1.486200000000000000e+04
6.850000000000000000e+04 1.445900000000000000e+04
6.900000000000000000e+04 1.455400000000000000e+04
6.950000000000000000e+04 1.429600000000000000e+04
7.000000000000000000e+04 1.400800000000000000e+04
7.050000000000000000e+04 1.379100000000000000e+04
7.100000000000000000e+04 1.330500000000000000e+04
7.150000000000000000e+04 1.290300000000000000e+04
7.200000000000000000e+04 1.273200000000000000e+04
7.250000000000000000e+04 1.248600000000000000e+04
7.300000000000000000e+04 1.212300000000000000e+04
7.350000000000000000e+04 1.197800000000000000e+04
7.400000000000000000e+04 1.122800000000000000e+04
7.450000000000000000e+04 1.101500000000000000e+04
7.500000000000000000e+04 1.055400000000000000e+04
7.550000000000000000e+04 1.027100000000000000e+04
7.600000000000000000e+04 9.769000000000000000e+03
7.650000000000000000e+04 9.249000000000000000e+03
7.700000000000000000e+04 8.988000000000000000e+03
7.750000000000000000e+04 8.484000000000000000e+03
7.800000000000000000e+04 8.134000000000000000e+03
7.850000000000000000e+04 7.842000000000000000e+03
7.900000000000000000e+04 7.428000000000000000e+03
7.950000000000000000e+04 7.229000000000000000e+03
8.000000000000000000e+04 6.784000000000000000e+03
8.050000000000000000e+04 6.802000000000000000e+03
8.100000000000000000e+04 6.246000000000000000e+03
8.150000000000000000e+04 6.027000000000000000e+03
8.200000000000000000e+04 5.890000000000000000e+03
8.250000000000000000e+04 5.426000000000000000e+03
8.300000000000000000e+04 5.650000000000000000e+03
8.350000000000000000e+04 5.483000000000000000e+03
8.400000000000000000e+04 5.308000000000000000e+03
8.450000000000000000e+04 5.391000000000000000e+03
8.500000000000000000e+04 5.270000000000000000e+03
8.550000000000000000e+04 5.432000000000000000e+03
8.600000000000000000e+04 5.315000000000000000e+03
8.650000000000000000e+04 5.477000000000000000e+03
8.700000000000000000e+04 5.688000000000000000e+03
8.750000000000000000e+04 5.912000000000000000e+03
8.800000000000000000e+04 5.996000000000000000e+03
8.850000000000000000e+04 6.328000000000000000e+03
8.900000000000000000e+04 6.513000000000000000e+03
8.950000000000000000e+04 7.054000000000000000e+03
9.000000000000000000e+04 6.999000000000000000e+03
9.050000000000000000e+04 7.527000000000000000e+03
9.100000000000000000e+04 7.884000000000000000e+03
9.150000000000000000e+04 8.204000000000000000e+03
9.200000000000000000e+04 8.723000000000000000e+03
9.250000000000000000e+04 9.123000000000000000e+03
9.300000000000000000e+04 9.444000000000000000e+03
9.350000000000000000e+04 1.016600000000000000e+04
9.400000000000000000e+04 1.040100000000000000e+04
9.450000000000000000e+04 1.055900000000000000e+04
9.500000000000000000e+04 1.099900000000000000e+04
9.550000000000000000e+04 1.139000000000000000e+04
9.600000000000000000e+04 1.177200000000000000e+04
9.650000000000000000e+04 1.235900000000000000e+04
9.700000000000000000e+04 1.253500000000000000e+04
9.750000000000000000e+04 1.300700000000000000e+04
9.800000000000000000e+04 1.316500000000000000e+04
9.850000000000000000e+04 1.349200000000000000e+04
9.900000000000000000e+04 1.384800000000000000e+04
9.950000000000000000e+04 1.375800000000000000e+04
