0.000000000000000000e+00 2.230800000000000000e+04
1.428000000000000000e+03 2.254000000000000000e+04
2.856000000000000000e+03 2.301100000000000000e+04
4.284000000000000000e+03 2.312500000000000000e+04
5.712000000000000000e+03 2.339300000000000000e+04
7.140000000000000000e+03 2.374300000000000000e+04
8.568000000000000000e+03 2.395200000000000000e+04
9.996000000000000000e+03 2.434000000000000000e+04
1.142400000000000000e+04 2.475800000000000000e+04
1.285200000000000000e+04 2.440400000000000000e+04
1.428000000000000000e+04 2.463000000000000000e+04
1.570800000000000000e+04 2.489200000000000000e+04
1.713600000000000000e+04 2.500800000000000000e+04
1.856400000000000000e+04 2.516400000000000000e+04
1.999200000000000000e+04 2.510200000000000000e+04
2.142000000000000000e+04 2.530100000000000000e+04
2.284800000000000000e+04 2.539400000000000000e+04
2.427600000000000000e+04 2.553200000000000000e+04
2.570400000000000000e+04 2.583300000000000000e+04
2.713200000000000000e+04 2.527200000000000000e+04
2.856000000000000000e+04 2.549700000000000000e+04
2.998800000000000000e+04 2.569900000000000000e+04
3.141600000000000000e+04 2.526200000000000000e+04
3.284400000000000000e+04 2.533900000000000000e+04
3.427200000000000000e+04 2.509700000000000000e+04
3.570000000000000000e+04 2.519900000000000000e+04
3.712800000000000000e+04 2.491600000000000000e+04
3.855600000000000000e+04 2.476300000000000000e+04
3.998400000000000000e+04 2.467700000000000000e+04
4.141200000000000000e+04 2.469900000000000000e+04
4.284000000000000000e+04 2.449500000000000000e+04
4.426800000000000000e+04 2.446800000000000000e+04
4.569600000000000000e+04 2.406200000000000000e+04
4.712400000000000000e+04 2.370700000000000000e+04
4.855200000000000000e+04 2.355600000000000000e+04
4.998000000000000000e+04 2.332800000000000000e+04
5.140800000000000000e+04 2.311200000000000000e+04
5.283600000000000000e+04 2.247800000000000000e+04
5.426400000000000000e+04 2.215900000000000000e+04
5.569200000000000000e+04 2.167600000000000000e+04
5.712000000000000000e+04 2.135800000000000000e+04
5.854800000000000000e+04 2.104700000000000000e+04
5.997600000000000000e+04 2.038000000000000000e+04
6.140400000000000000e+04 2.012500000000000000e+04
6.283200000000000000e+04 1.956100000000000000e+04
6.426000000000000000e+04 1.891100000000000000e+04
6.568800000000000000e+04 1.844900000000000000e+04
6.711600000000000000e+04 1.788900000000000000e+04
6.854400000000000000e+04 1.728300000000000000e+04
6.997200000000000000e+04 1.662300000000000000e+04
7.140000000000000000e+04 1.626400000000000000e+04
7.282800000000000000e+04 1.568500000000000000e+04
7.425600000000000000e+04 1.489900000000000000e+04
7.568400000000000000e+04 1.434900000000000000e+04
7.711200000000000000e+04 1.386900000000000000e+04
7.854000000000000000e+04 1.309600000000000000e+04
7.996800000000000000e+04 1.257800000000000000e+04
8.139600000000000000e+04 1.202000000000000000e+04
8.282400000000000000e+04 1.149500000000000000e+04
8.425200000000000000e+04 1.111200000000000000e+04
8.568000000000000000e+04 1.061300000000000000e+04
8.710800000000000000e+04 9.994000000000000000e+03
8.853600000000000000e+04 9.878000000000000000e+03
8.996400000000000000e+04 9.371000000000000000e+03
9.139200000000000000e+04 8.897000000000000000e+03
9.282000000000000000e+04 8.989000000000000000e+03
9.424800000000000000e+04 8.577000000000000000e+03
9.567600000000000000e+04 8.580000000000000000e+03
9.710400000000000000e+04 8.178000000000000000e+03
9.853200000000000000e+04 8.290000000000000000e+03
9.996000000000000000e+04 8.333000000000000000e+03
1.013880000000000000e+05 8.448000000000000000e+03
1.028160000000000000e+05 8.281000000000000000e+03
1.042440000000000000e+05 8.942000000000000000e+03
1.056720000000000000e+05 8.961000000000000000e+03
1.071000000000000000e+05 8.986000000000000000e+03
1.085280000000000000e+05 9.334000000000000000e+03
1.099560000000000000e+05 1.002200000000000000e+04
1.113840000000000000e+05 1.033700000000000000e+04
1.128120000000000000e+05 1.089400000000000000e+04
1.142400000000000000e+05 1.117300000000000000e+04
1.156680000000000000e+05 1.185900000000000000e+04
1.170960000000000000e+05 1.229900000000000000e+04
1.185240000000000000e+05 1.288800000000000000e+04
1.199520000000000000e+05 1.368200000000000000e+04
1.213800000000000000e+05 1.413500000000000000e+04
1.228080000000000000e+05 1.464600000000000000e+04
1.242360000000000000e+05 1.545600000000000000e+04
1.256640000000000000e+05 1.616000000000000000e+04
1.270920000000000000e+05 1.640000000000000000e+04
1.285200000000000000e+05 1.722400000000000000e+04
1.299480000000000000e+05 1.773600000000000000e+04
1.313760000000000000e+05 1.838500000000000000e+04
1.328040000000000000e+05 1.912300000000000000e+04
1.342320000000000000e+05 1.954100000000000000e+04
1.356600000000000000e+05 2.017000000000000000e+04
1.370880000000000000e+05 2.046300000000000000e+04
1.385160000000000000e+05 2.109700000000000000e+04
1.399440000000000000e+05 2.118600000000000000e+04
1.413720000000000000e+05 2.197800000000000000e+04
1.428000000000000000e+05 2.222300000000000000e+04
1.442280000000000000e+05 2.224800000000000000e+04
1.456560000000000000e+05 2.254500000000000000e+04
1.470840000000000000e+05 2.331800000000000000e+04
1.485120000000000000e+05 2.341000000000000000e+04
1.499400000000000000e+05 2.388600000000000000e+04
1.513680000000000000e+05 2.379200000000000000e+04
1.527960000000000000e+05 2.447500000000000000e+04
1.542240000000000000e+05 2.470400000000000000e+04
1.556520000000000000e+05 2.467100000000000000e+04
1.570800000000000000e+05 2.467800000000000000e+04
1.585080000000000000e+05 2.509900000000000000e+04
1.599360000000000000e+05 2.478900000000000000e+04
1.613640000000000000e+05 2.499600000000000000e+04
1.627920000000000000e+05 2.533000000000000000e+04
1.642200000000000000e+05 2.497900000000000000e+04
1.656480000000000000e+05 2.541300000000000000e+04
1.670760000000000000e+05 2.550100000000000000e+04
1.685040000000000000e+05 2.518700000000000000e+04
1.699320000000000000e+05 2.523400000000000000e+04
1.713600000000000000e+05 2.523800000000000000e+04
1.727880000000000000e+05 2.549300000000000000e+04
1.742160000000000000e+05 2.548500000000000000e+04
1.756440000000000000e+05 2.542000000000000000e+04
1.770720000000000000e+05 2.561600000000000000e+04
1.785000000000000000e+05 2.519600000000000000e+04
1.799280000000000000e+05 2.522700000000000000e+04
1.813560000000000000e+05 2.494300000000000000e+04
1.827840000000000000e+05 2.473200000000000000e+04
1.842120000000000000e+05 2.485200000000000000e+04
1.856400000000000000e+05 2.447700000000000000e+04
1.870680000000000000e+05 2.419900000000000000e+04
1.884960000000000000e+05 2.420300000000000000e+04
1.899240000000000000e+05 2.389000000000000000e+04
1.913520000000000000e+05 2.370200000000000000e+04
1.927800000000000000e+05 2.344000000000000000e+04
1.942080000000000000e+05 2.281700000000000000e+04
1.956360000000000000e+05 2.259500000000000000e+04
1.970640000000000000e+05 2.213700000000000000e+04
1.984920000000000000e+05 2.174700000000000000e+04
1.999200000000000000e+05 2.134900000000000000e+04
2.013480000000000000e+05 2.090400000000000000e+04
2.027760000000000000e+05 2.053200000000000000e+04
2.042040000000000000e+05 2.007400000000000000e+04
2.056320000000000000e+05 1.961800000000000000e+04
2.070600000000000000e+05 1.898600000000000000e+04
2.084880000000000000e+05 1.880900000000000000e+04
2.099160000000000000e+05 1.835200000000000000e+04
2.113440000000000000e+05 1.737500000000000000e+04
2.127720000000000000e+05 1.690200000000000000e+04
2.142000000000000000e+05 1.614700000000000000e+04
2.156280000000000000e+05 1.581900000000000000e+04
2.170560000000000000e+05 1.515200000000000000e+04
2.184840000000000000e+05 1.443400000000000000e+04
2.199120000000000000e+05 1.374900000000000000e+04
2.213400000000000000e+05 1.323400000000000000e+04
2.227680000000000000e+05 1.240900000000000000e+04
2.241960000000000000e+05 1.228000000000000000e+04
2.256240000000000000e+05 1.147700000000000000e+04
2.270520000000000000e+05 1.093700000000000000e+04
2.284800000000000000e+05 1.060200000000000000e+04
2.299080000000000000e+05 1.019200000000000000e+04
2.313360000000000000e+05 9.721000000000000000e+03
2.327640000000000000e+05 9.344000000000000000e+03
2.341920000000000000e+05 9.169000000000000000e+03
2.356200000000000000e+05 8.798000000000000000e+03
2.370480000000000000e+05 8.519000000000000000e+03
2.384760000000000000e+05 8.417000000000000000e+03
2.399040000000000000e+05 8.392000000000000000e+03
2.413320000000000000e+05 8.305000000000000000e+03
2.427600000000000000e+05 8.331000000000000000e+03
2.441880000000000000e+05 8.299000000000000000e+03
2.456160000000000000e+05 8.479000000000000000e+03
2.470440000000000000e+05 8.702000000000000000e+03
2.484720000000000000e+05 8.826000000000000000e+03
2.499000000000000000e+05 9.336000000000000000e+03
2.513280000000000000e+05 9.395000000000000000e+03
2.527560000000000000e+05 9.748000000000000000e+03
2.541840000000000000e+05 1.025900000000000000e+04
2.556120000000000000e+05 1.078100000000000000e+04
2.570400000000000000e+05 1.130000000000000000e+04
2.584680000000000000e+05 1.169700000000000000e+04
2.598960000000000000e+05 1.230700000000000000e+04
2.613240000000000000e+05 1.299200000000000000e+04
2.627520000000000000e+05 1.331900000000000000e+04
2.641800000000000000e+05 1.414500000000000000e+04
2.656080000000000000e+05 1.455100000000000000e+04
2.670360000000000000e+05 1.522300000000000000e+04
2.684640000000000000e+05 1.580900000000000000e+04
2.698920000000000000e+05 1.656500000000000000e+04
2.713200000000000000e+05 1.727600000000000000e+04
2.727480000000000000e+05 1.776900000000000000e+04
2.741760000000000000e+05 1.815000000000000000e+04
2.756040000000000000e+05 1.896100000000000000e+04
2.770320000000000000e+05 1.944700000000000000e+04
2.784600000000000000e+05 1.994500000000000000e+04
2.798880000000000000e+05 2.064500000000000000e+04
2.813160000000000000e+05 2.098400000000000000e+04
2.827440000000000000e+05 2.143900000000000000e+04
2.841720000000000000e+05 2.203200000000000000e+04
