0.000000000000000000e+00 1.327800000000000000e+04
3.300000000000000000e+01 1.395800000000000000e+04
6.600000000000000000e+01 1.423800000000000000e+04
9.900000000000000000e+01 1.436200000000000000e+04
1.320000000000000000e+02 1.444700000000000000e+04
1.650000000000000000e+02 1.486100000000000000e+04
1.980000000000000000e+02 1.526500000000000000e+04
2.310000000000000000e+02 1.531200000000000000e+04
2.640000000000000000e+02 1.536100000000000000e+04
2.970000000000000000e+02 1.548400000000000000e+04
3.300000000000000000e+02 1.565400000000000000e+04
3.630000000000000000e+02 1.566500000000000000e+04
3.960000000000000000e+02 1.582100000000000000e+04
4.290000000000000000e+02 1.595000000000000000e+04
4.620000000000000000e+02 1.616300000000000000e+04
4.950000000000000000e+02 1.601100000000000000e+04
5.280000000000000000e+02 1.662800000000000000e+04
5.610000000000000000e+02 1.651900000000000000e+04
5.940000000000000000e+02 1.615500000000000000e+04
6.270000000000000000e+02 1.659100000000000000e+04
6.600000000000000000e+02 1.643300000000000000e+04
6.930000000000000000e+02 1.669700000000000000e+04
7.260000000000000000e+02 1.657700000000000000e+04
7.590000000000000000e+02 1.628800000000000000e+04
7.920000000000000000e+02 1.653000000000000000e+04
8.250000000000000000e+02 1.644200000000000000e+04
8.580000000000000000e+02 1.656400000000000000e+04
8.910000000000000000e+02 1.618000000000000000e+04
9.240000000000000000e+02 1.628300000000000000e+04
9.570000000000000000e+02 1.642400000000000000e+04
9.900000000000000000e+02 1.634500000000000000e+04
1.023000000000000000e+03 1.615900000000000000e+04
1.056000000000000000e+03 1.604300000000000000e+04
1.089000000000000000e+03 1.613100000000000000e+04
1.122000000000000000e+03 1.591200000000000000e+04
1.155000000000000000e+03 1.596100000000000000e+04
1.188000000000000000e+03 1.589100000000000000e+04
1.221000000000000000e+03 1.546400000000000000e+04
1.254000000000000000e+03 1.531800000000000000e+04
1.287000000000000000e+03 1.508700000000000000e+04
1.320000000000000000e+03 1.490000000000000000e+04
1.353000000000000000e+03 1.477000000000000000e+04
1.386000000000000000e+03 1.454000000000000000e+04
1.419000000000000000e+03 1.423500000000000000e+04
1.452000000000000000e+03 1.421200000000000000e+04
1.485000000000000000e+03 1.370800000000000000e+04
1.518000000000000000e+03 1.360100000000000000e+04
1.551000000000000000e+03 1.313700000000000000e+04
1.584000000000000000e+03 1.296000000000000000e+04
1.617000000000000000e+03 1.260100000000000000e+04
1.650000000000000000e+03 1.197200000000000000e+04
1.683000000000000000e+03 1.184400000000000000e+04
1.716000000000000000e+03 1.169500000000000000e+04
1.749000000000000000e+03 1.105300000000000000e+04
1.782000000000000000e+03 1.073100000000000000e+04
1.815000000000000000e+03 1.047800000000000000e+04
1.848000000000000000e+03 1.008300000000000000e+04
1.881000000000000000e+03 9.847000000000000000e+03
1.914000000000000000e+03 9.633000000000000000e+03
1.947000000000000000e+03 9.245000000000000000e+03
1.980000000000000000e+03 8.916000000000000000e+03
2.013000000000000000e+03 8.645000000000000000e+03
2.046000000000000000e+03 8.312000000000000000e+03
2.079000000000000000e+03 8.016000000000000000e+03
2.112000000000000000e+03 7.751000000000000000e+03
2.145000000000000000e+03 7.526000000000000000e+03
2.178000000000000000e+03 7.411000000000000000e+03
2.211000000000000000e+03 7.245000000000000000e+03
2.244000000000000000e+03 6.933000000000000000e+03
2.277000000000000000e+03 6.738000000000000000e+03
2.310000000000000000e+03 6.662000000000000000e+03
2.343000000000000000e+03 6.498000000000000000e+03
2.376000000000000000e+03 6.411000000000000000e+03
2.409000000000000000e+03 6.591000000000000000e+03
2.442000000000000000e+03 6.222000000000000000e+03
2.475000000000000000e+03 6.344000000000000000e+03
2.508000000000000000e+03 6.286000000000000000e+03
2.541000000000000000e+03 6.436000000000000000e+03
2.574000000000000000e+03 6.446000000000000000e+03
2.607000000000000000e+03 6.582000000000000000e+03
2.640000000000000000e+03 6.649000000000000000e+03
2.673000000000000000e+03 6.833000000000000000e+03
2.706000000000000000e+03 6.942000000000000000e+03
2.739000000000000000e+03 7.341000000000000000e+03
2.772000000000000000e+03 7.535000000000000000e+03
2.805000000000000000e+03 7.734000000000000000e+03
2.838000000000000000e+03 8.199000000000000000e+03
2.871000000000000000e+03 8.349000000000000000e+03
2.904000000000000000e+03 8.829000000000000000e+03
2.937000000000000000e+03 9.089000000000000000e+03
2.970000000000000000e+03 9.645000000000000000e+03
3.003000000000000000e+03 9.710000000000000000e+03
3.036000000000000000e+03 1.031300000000000000e+04
3.069000000000000000e+03 1.071100000000000000e+04
3.102000000000000000e+03 1.106000000000000000e+04
3.135000000000000000e+03 1.159300000000000000e+04
3.168000000000000000e+03 1.175600000000000000e+04
3.201000000000000000e+03 1.201000000000000000e+04
3.234000000000000000e+03 1.249500000000000000e+04
3.267000000000000000e+03 1.264600000000000000e+04
3.300000000000000000e+03 1.326800000000000000e+04
3.333000000000000000e+03 1.327200000000000000e+04
3.366000000000000000e+03 1.360800000000000000e+04
3.399000000000000000e+03 1.412500000000000000e+04
3.432000000000000000e+03 1.437000000000000000e+04
3.465000000000000000e+03 1.429900000000000000e+04
3.498000000000000000e+03 1.497700000000000000e+04
3.531000000000000000e+03 1.513800000000000000e+04
3.564000000000000000e+03 1.544000000000000000e+04
3.597000000000000000e+03 1.538100000000000000e+04
3.630000000000000000e+03 1.559100000000000000e+04
3.663000000000000000e+03 1.580100000000000000e+04
3.696000000000000000e+03 1.591400000000000000e+04
3.729000000000000000e+03 1.595500000000000000e+04
3.762000000000000000e+03 1.607300000000000000e+04
3.795000000000000000e+03 1.629500000000000000e+04
3.828000000000000000e+03 1.641900000000000000e+04
3.861000000000000000e+03 1.662100000000000000e+04
3.894000000000000000e+03 1.639300000000000000e+04
3.927000000000000000e+03 1.649800000000000000e+04
3.960000000000000000e+03 1.644600000000000000e+04
3.993000000000000000e+03 1.655700000000000000e+04
4.026000000000000000e+03 1.687600000000000000e+04
4.059000000000000000e+03 1.653700000000000000e+04
4.092000000000000000e+03 1.650400000000000000e+04
4.125000000000000000e+03 1.676900000000000000e+04
4.158000000000000000e+03 1.669900000000000000e+04
4.191000000000000000e+03 1.654300000000000000e+04
4.224000000000000000e+03 1.647700000000000000e+04
4.257000000000000000e+03 1.643100000000000000e+04
4.290000000000000000e+03 1.650400000000000000e+04
4.323000000000000000e+03 1.624200000000000000e+04
4.356000000000000000e+03 1.611200000000000000e+04
4.389000000000000000e+03 1.640400000000000000e+04
4.422000000000000000e+03 1.608300000000000000e+04
4.455000000000000000e+03 1.585100000000000000e+04
4.488000000000000000e+03 1.584200000000000000e+04
4.521000000000000000e+03 1.592400000000000000e+04
4.554000000000000000e+03 1.544400000000000000e+04
4.587000000000000000e+03 1.543700000000000000e+04
4.620000000000000000e+03 1.511100000000000000e+04
4.653000000000000000e+03 1.495500000000000000e+04
4.686000000000000000e+03 1.514000000000000000e+04
4.719000000000000000e+03 1.444800000000000000e+04
4.752000000000000000e+03 1.436000000000000000e+04
4.785000000000000000e+03 1.409400000000000000e+04
4.818000000000000000e+03 1.380700000000000000e+04
4.851000000000000000e+03 1.344000000000000000e+04
4.884000000000000000e+03 1.312000000000000000e+04
4.917000000000000000e+03 1.304400000000000000e+04
4.950000000000000000e+03 1.247900000000000000e+04
4.983000000000000000e+03 1.202800000000000000e+04
5.016000000000000000e+03 1.210200000000000000e+04
5.049000000000000000e+03 1.138700000000000000e+04
5.082000000000000000e+03 1.127700000000000000e+04
5.115000000000000000e+03 1.089400000000000000e+04
5.148000000000000000e+03 1.065600000000000000e+04
5.181000000000000000e+03 1.028700000000000000e+04
5.214000000000000000e+03 9.891000000000000000e+03
5.247000000000000000e+03 9.428000000000000000e+03
5.280000000000000000e+03 9.030000000000000000e+03
5.313000000000000000e+03 8.842000000000000000e+03
5.346000000000000000e+03 8.672000000000000000e+03
5.379000000000000000e+03 8.350000000000000000e+03
5.412000000000000000e+03 8.059000000000000000e+03
5.445000000000000000e+03 7.941000000000000000e+03
5.478000000000000000e+03 7.558000000000000000e+03
5.511000000000000000e+03 7.313000000000000000e+03
5.544000000000000000e+03 7.179000000000000000e+03
5.577000000000000000e+03 6.835000000000000000e+03
5.610000000000000000e+03 6.719000000000000000e+03
5.643000000000000000e+03 6.547000000000000000e+03
5.676000000000000000e+03 6.523000000000000000e+03
5.709000000000000000e+03 6.270000000000000000e+03
5.742000000000000000e+03 6.290000000000000000e+03
5.775000000000000000e+03 6.129000000000000000e+03
5.808000000000000000e+03 6.285000000000000000e+03
5.841000000000000000e+03 6.157000000000000000e+03
5.874000000000000000e+03 6.357000000000000000e+03
5.907000000000000000e+03 6.406000000000000000e+03
5.940000000000000000e+03 6.487000000000000000e+03
5.973000000000000000e+03 6.600000000000000000e+03
6.006000000000000000e+03 6.826000000000000000e+03
6.039000000000000000e+03 7.075000000000000000e+03
6.072000000000000000e+03 7.263000000000000000e+03
6.105000000000000000e+03 7.403000000000000000e+03
6.138000000000000000e+03 7.995000000000000000e+03
6.171000000000000000e+03 8.145000000000000000e+03
6.204000000000000000e+03 8.452000000000000000e+03
6.237000000000000000e+03 8.939000000000000000e+03
6.270000000000000000e+03 9.080000000000000000e+03
6.303000000000000000e+03 9.682000000000000000e+03
6.336000000000000000e+03 9.801000000000000000e+03
6.369000000000000000e+03 1.034600000000000000e+04
6.402000000000000000e+03 1.066900000000000000e+04
6.435000000000000000e+03 1.118100000000000000e+04
6.468000000000000000e+03 1.139800000000000000e+04
6.501000000000000000e+03 1.194500000000000000e+04
6.534000000000000000e+03 1.202700000000000000e+04
6.567000000000000000e+03 1.237500000000000000e+04
6.600000000000000000e+03 1.289500000000000000e+04
6.633000000000000000e+03 1.326200000000000000e+04
