0.000000000000000000e+00 1.760200000000000000e+04
2.000000000000000000e+02 1.773400000000000000e+04
4.000000000000000000e+02 1.780100000000000000e+04
6.000000000000000000e+02 1.829000000000000000e+04
8.000000000000000000e+02 1.848700000000000000e+04
1.000000000000000000e+03 1.864900000000000000e+04
1.200000000000000000e+03 1.896700000000000000e+04
1.400000000000000000e+03 1.937900000000000000e+04
1.600000000000000000e+03 1.910700000000000000e+04
1.800000000000000000e+03 1.957100000000000000e+04
2.000000000000000000e+03 1.963800000000000000e+04
2.200000000000000000e+03 1.990500000000000000e+04
2.400000000000000000e+03 1.971000000000000000e+04
2.600000000000000000e+03 1.996300000000000000e+04
2.800000000000000000e+03 1.991800000000000000e+04
3.000000000000000000e+03 1.982100000000000000e+04
3.200000000000000000e+03 2.007600000000000000e+04
3.400000000000000000e+03 2.015000000000000000e+04
3.600000000000000000e+03 2.000200000000000000e+04
3.800000000000000000e+03 2.002800000000000000e+04
4.000000000000000000e+03 2.013100000000000000e+04
4.200000000000000000e+03 2.010400000000000000e+04
4.400000000000000000e+03 2.007700000000000000e+04
4.600000000000000000e+03 1.997900000000000000e+04
4.800000000000000000e+03 2.005400000000000000e+04
5.000000000000000000e+03 2.004100000000000000e+04
5.200000000000000000e+03 1.991000000000000000e+04
5.400000000000000000e+03 1.939800000000000000e+04
5.600000000000000000e+03 1.955700000000000000e+04
5.800000000000000000e+03 1.984500000000000000e+04
6.000000000000000000e+03 1.949800000000000000e+04
6.200000000000000000e+03 1.914500000000000000e+04
6.400000000000000000e+03 1.898800000000000000e+04
6.600000000000000000e+03 1.872300000000000000e+04
6.800000000000000000e+03 1.839400000000000000e+04
7.000000000000000000e+03 1.827800000000000000e+04
7.200000000000000000e+03 1.833600000000000000e+04
7.400000000000000000e+03 1.805900000000000000e+04
7.600000000000000000e+03 1.735500000000000000e+04
7.800000000000000000e+03 1.731600000000000000e+04
8.000000000000000000e+03 1.686300000000000000e+04
8.200000000000000000e+03 1.639200000000000000e+04
8.400000000000000000e+03 1.667000000000000000e+04
8.600000000000000000e+03 1.599900000000000000e+04
8.800000000000000000e+03 1.560200000000000000e+04
9.000000000000000000e+03 1.527300000000000000e+04
9.200000000000000000e+03 1.493300000000000000e+04
9.400000000000000000e+03 1.413900000000000000e+04
9.600000000000000000e+03 1.373300000000000000e+04
9.800000000000000000e+03 1.339000000000000000e+04
1.000000000000000000e+04 1.300600000000000000e+04
1.020000000000000000e+04 1.245500000000000000e+04
1.040000000000000000e+04 1.206800000000000000e+04
1.060000000000000000e+04 1.153100000000000000e+04
1.080000000000000000e+04 1.104500000000000000e+04
1.100000000000000000e+04 1.058200000000000000e+04
1.120000000000000000e+04 1.009600000000000000e+04
1.140000000000000000e+04 9.960000000000000000e+03
1.160000000000000000e+04 9.205000000000000000e+03
1.180000000000000000e+04 8.826000000000000000e+03
1.200000000000000000e+04 8.613000000000000000e+03
1.220000000000000000e+04 8.227000000000000000e+03
1.240000000000000000e+04 7.905000000000000000e+03
1.260000000000000000e+04 7.655000000000000000e+03
1.280000000000000000e+04 7.453000000000000000e+03
1.300000000000000000e+04 7.111000000000000000e+03
1.320000000000000000e+04 6.927000000000000000e+03
1.340000000000000000e+04 6.882000000000000000e+03
1.360000000000000000e+04 6.652000000000000000e+03
1.380000000000000000e+04 6.526000000000000000e+03
1.400000000000000000e+04 6.543000000000000000e+03
1.420000000000000000e+04 6.500000000000000000e+03
1.440000000000000000e+04 6.588000000000000000e+03
1.460000000000000000e+04 6.618000000000000000e+03
1.480000000000000000e+04 6.914000000000000000e+03
1.500000000000000000e+04 6.825000000000000000e+03
1.520000000000000000e+04 7.085000000000000000e+03
1.540000000000000000e+04 7.418000000000000000e+03
1.560000000000000000e+04 7.647000000000000000e+03
1.580000000000000000e+04 8.119000000000000000e+03
1.600000000000000000e+04 8.294000000000000000e+03
1.620000000000000000e+04 9.106000000000000000e+03
1.640000000000000000e+04 9.394000000000000000e+03
1.660000000000000000e+04 9.754000000000000000e+03
1.680000000000000000e+04 1.015200000000000000e+04
1.700000000000000000e+04 1.081300000000000000e+04
1.720000000000000000e+04 1.128500000000000000e+04
1.740000000000000000e+04 1.163700000000000000e+04
1.760000000000000000e+04 1.243000000000000000e+04
1.780000000000000000e+04 1.284100000000000000e+04
1.800000000000000000e+04 1.339200000000000000e+04
1.820000000000000000e+04 1.389800000000000000e+04
1.840000000000000000e+04 1.447700000000000000e+04
1.860000000000000000e+04 1.461500000000000000e+04
1.880000000000000000e+04 1.521500000000000000e+04
1.900000000000000000e+04 1.541300000000000000e+04
1.920000000000000000e+04 1.611600000000000000e+04
1.940000000000000000e+04 1.632900000000000000e+04
1.960000000000000000e+04 1.690200000000000000e+04
1.980000000000000000e+04 1.701800000000000000e+04
2.000000000000000000e+04 1.764700000000000000e+04
2.020000000000000000e+04 1.761400000000000000e+04
2.040000000000000000e+04 1.799400000000000000e+04
2.060000000000000000e+04 1.850300000000000000e+04
2.080000000000000000e+04 1.862200000000000000e+04
2.100000000000000000e+04 1.891400000000000000e+04
2.120000000000000000e+04 1.898800000000000000e+04
2.140000000000000000e+04 1.921400000000000000e+04
2.160000000000000000e+04 1.913000000000000000e+04
2.180000000000000000e+04 1.962700000000000000e+04
2.200000000000000000e+04 1.991800000000000000e+04
2.220000000000000000e+04 1.947400000000000000e+04
2.240000000000000000e+04 1.981800000000000000e+04
2.260000000000000000e+04 1.997900000000000000e+04
2.280000000000000000e+04 2.003100000000000000e+04
2.300000000000000000e+04 2.013100000000000000e+04
2.320000000000000000e+04 2.040500000000000000e+04
2.340000000000000000e+04 2.012300000000000000e+04
2.360000000000000000e+04 2.001800000000000000e+04
2.380000000000000000e+04 1.989700000000000000e+04
2.400000000000000000e+04 2.027700000000000000e+04
2.420000000000000000e+04 2.008000000000000000e+04
2.440000000000000000e+04 2.008200000000000000e+04
2.460000000000000000e+04 2.011500000000000000e+04
2.480000000000000000e+04 2.006600000000000000e+04
2.500000000000000000e+04 1.988600000000000000e+04
2.520000000000000000e+04 1.988900000000000000e+04
2.540000000000000000e+04 1.986500000000000000e+04
2.560000000000000000e+04 1.959700000000000000e+04
2.580000000000000000e+04 1.946500000000000000e+04
2.600000000000000000e+04 1.944600000000000000e+04
2.620000000000000000e+04 1.927800000000000000e+04
2.640000000000000000e+04 1.902800000000000000e+04
2.660000000000000000e+04 1.894400000000000000e+04
2.680000000000000000e+04 1.845800000000000000e+04
2.700000000000000000e+04 1.848800000000000000e+04
2.720000000000000000e+04 1.811300000000000000e+04
2.740000000000000000e+04 1.789000000000000000e+04
2.760000000000000000e+04 1.763800000000000000e+04
2.780000000000000000e+04 1.733700000000000000e+04
2.800000000000000000e+04 1.690800000000000000e+04
2.820000000000000000e+04 1.622700000000000000e+04
2.840000000000000000e+04 1.627600000000000000e+04
2.860000000000000000e+04 1.606900000000000000e+04
2.880000000000000000e+04 1.534300000000000000e+04
2.900000000000000000e+04 1.520300000000000000e+04
2.920000000000000000e+04 1.474600000000000000e+04
2.940000000000000000e+04 1.424400000000000000e+04
2.960000000000000000e+04 1.380300000000000000e+04
2.980000000000000000e+04 1.337900000000000000e+04
3.000000000000000000e+04 1.290100000000000000e+04
3.020000000000000000e+04 1.237500000000000000e+04
3.040000000000000000e+04 1.203800000000000000e+04
3.060000000000000000e+04 1.147600000000000000e+04
3.080000000000000000e+04 1.090100000000000000e+04
3.100000000000000000e+04 1.055800000000000000e+04
3.120000000000000000e+04 1.007000000000000000e+04
3.140000000000000000e+04 9.744000000000000000e+03
3.160000000000000000e+04 9.333000000000000000e+03
3.180000000000000000e+04 8.998000000000000000e+03
3.200000000000000000e+04 8.515000000000000000e+03
3.220000000000000000e+04 8.288000000000000000e+03
3.240000000000000000e+04 7.797000000000000000e+03
3.260000000000000000e+04 7.428000000000000000e+03
3.280000000000000000e+04 7.349000000000000000e+03
3.300000000000000000e+04 7.093000000000000000e+03
3.320000000000000000e+04 6.957000000000000000e+03
3.340000000000000000e+04 6.609000000000000000e+03
3.360000000000000000e+04 6.676000000000000000e+03
3.380000000000000000e+04 6.578000000000000000e+03
3.400000000000000000e+04 6.381000000000000000e+03
3.420000000000000000e+04 6.652000000000000000e+03
3.440000000000000000e+04 6.522000000000000000e+03
3.460000000000000000e+04 6.688000000000000000e+03
3.480000000000000000e+04 6.944000000000000000e+03
3.500000000000000000e+04 6.982000000000000000e+03
3.520000000000000000e+04 7.232000000000000000e+03
3.540000000000000000e+04 7.481000000000000000e+03
3.560000000000000000e+04 7.828000000000000000e+03
3.580000000000000000e+04 8.165000000000000000e+03
3.600000000000000000e+04 8.595000000000000000e+03
3.620000000000000000e+04 9.094000000000000000e+03
3.640000000000000000e+04 9.402000000000000000e+03
3.660000000000000000e+04 9.672000000000000000e+03
3.680000000000000000e+04 1.015300000000000000e+04
3.700000000000000000e+04 1.070700000000000000e+04
3.720000000000000000e+04 1.121200000000000000e+04
3.740000000000000000e+04 1.165500000000000000e+04
3.760000000000000000e+04 1.237800000000000000e+04
3.780000000000000000e+04 1.280200000000000000e+04
3.800000000000000000e+04 1.358200000000000000e+04
3.820000000000000000e+04 1.390900000000000000e+04
3.840000000000000000e+04 1.426800000000000000e+04
3.860000000000000000e+04 1.456900000000000000e+04
3.880000000000000000e+04 1.514800000000000000e+04
3.900000000000000000e+04 1.553100000000000000e+04
3.920000000000000000e+04 1.609000000000000000e+04
3.940000000000000000e+04 1.660500000000000000e+04
3.960000000000000000e+04 1.654200000000000000e+04
3.980000000000000000e+04 1.750000000000000000e+04
