0.000000000000000000e+00 1.192000000000000000e+04
1.420000000000000000e+02 1.258600000000000000e+04
2.840000000000000000e+02 1.285000000000000000e+04
4.260000000000000000e+02 1.318300000000000000e+04
5.680000000000000000e+02 1.353300000000000000e+04
7.100000000000000000e+02 1.386900000000000000e+04
8.520000000000000000e+02 1.431800000000000000e+04
9.940000000000000000e+02 1.459600000000000000e+04
1.136000000000000000e+03 1.483100000000000000e+04
1.278000000000000000e+03 1.522700000000000000e+04
1.420000000000000000e+03 1.547000000000000000e+04
1.562000000000000000e+03 1.562800000000000000e+04
1.704000000000000000e+03 1.571800000000000000e+04
1.846000000000000000e+03 1.581700000000000000e+04
1.988000000000000000e+03 1.614100000000000000e+04
2.130000000000000000e+03 1.605100000000000000e+04
2.272000000000000000e+03 1.619800000000000000e+04
2.414000000000000000e+03 1.620800000000000000e+04
2.556000000000000000e+03 1.634300000000000000e+04
2.698000000000000000e+03 1.623700000000000000e+04
2.840000000000000000e+03 1.623500000000000000e+04
2.982000000000000000e+03 1.630500000000000000e+04
3.124000000000000000e+03 1.623900000000000000e+04
3.266000000000000000e+03 1.612200000000000000e+04
3.408000000000000000e+03 1.614500000000000000e+04
3.550000000000000000e+03 1.591500000000000000e+04
3.692000000000000000e+03 1.580400000000000000e+04
3.834000000000000000e+03 1.564500000000000000e+04
3.976000000000000000e+03 1.531700000000000000e+04
4.118000000000000000e+03 1.515700000000000000e+04
4.260000000000000000e+03 1.494700000000000000e+04
4.402000000000000000e+03 1.487700000000000000e+04
4.544000000000000000e+03 1.452000000000000000e+04
4.686000000000000000e+03 1.421100000000000000e+04
4.828000000000000000e+03 1.367700000000000000e+04
4.970000000000000000e+03 1.352900000000000000e+04
5.112000000000000000e+03 1.315600000000000000e+04
5.254000000000000000e+03 1.262200000000000000e+04
5.396000000000000000e+03 1.215300000000000000e+04
5.538000000000000000e+03 1.178200000000000000e+04
5.680000000000000000e+03 1.118000000000000000e+04
5.822000000000000000e+03 1.076100000000000000e+04
5.964000000000000000e+03 1.019500000000000000e+04
6.106000000000000000e+03 9.818000000000000000e+03
6.248000000000000000e+03 9.481000000000000000e+03
6.390000000000000000e+03 8.907000000000000000e+03
6.532000000000000000e+03 8.224000000000000000e+03
6.674000000000000000e+03 7.754000000000000000e+03
6.816000000000000000e+03 7.230000000000000000e+03
6.958000000000000000e+03 6.895000000000000000e+03
7.100000000000000000e+03 6.419000000000000000e+03
7.242000000000000000e+03 5.948000000000000000e+03
7.384000000000000000e+03 5.612000000000000000e+03
7.526000000000000000e+03 5.025000000000000000e+03
7.668000000000000000e+03 4.671000000000000000e+03
7.810000000000000000e+03 4.308000000000000000e+03
7.952000000000000000e+03 3.977000000000000000e+03
8.094000000000000000e+03 3.704000000000000000e+03
8.236000000000000000e+03 3.355000000000000000e+03
8.378000000000000000e+03 3.021000000000000000e+03
8.520000000000000000e+03 2.718000000000000000e+03
8.662000000000000000e+03 2.675000000000000000e+03
8.804000000000000000e+03 2.475000000000000000e+03
8.946000000000000000e+03 2.381000000000000000e+03
9.088000000000000000e+03 2.199000000000000000e+03
9.230000000000000000e+03 2.185000000000000000e+03
9.372000000000000000e+03 2.059000000000000000e+03
9.514000000000000000e+03 2.008000000000000000e+03
9.656000000000000000e+03 1.946000000000000000e+03
9.798000000000000000e+03 1.900000000000000000e+03
9.940000000000000000e+03 2.004000000000000000e+03
1.008200000000000000e+04 1.932000000000000000e+03
1.022400000000000000e+04 1.905000000000000000e+03
1.036600000000000000e+04 2.014000000000000000e+03
1.050800000000000000e+04 2.061000000000000000e+03
1.065000000000000000e+04 2.291000000000000000e+03
1.079200000000000000e+04 2.215000000000000000e+03
1.093400000000000000e+04 2.541000000000000000e+03
1.107600000000000000e+04 2.590000000000000000e+03
1.121800000000000000e+04 2.821000000000000000e+03
1.136000000000000000e+04 3.085000000000000000e+03
1.150200000000000000e+04 3.345000000000000000e+03
1.164400000000000000e+04 3.587000000000000000e+03
1.178600000000000000e+04 3.963000000000000000e+03
1.192800000000000000e+04 4.245000000000000000e+03
1.207000000000000000e+04 4.667000000000000000e+03
1.221200000000000000e+04 5.058000000000000000e+03
1.235400000000000000e+04 5.423000000000000000e+03
1.249600000000000000e+04 5.857000000000000000e+03
1.263800000000000000e+04 6.372000000000000000e+03
1.278000000000000000e+04 6.734000000000000000e+03
1.292200000000000000e+04 7.277000000000000000e+03
1.306400000000000000e+04 7.627000000000000000e+03
1.320600000000000000e+04 8.323000000000000000e+03
1.334800000000000000e+04 8.792000000000000000e+03
1.349000000000000000e+04 9.220000000000000000e+03
1.363200000000000000e+04 9.759000000000000000e+03
1.377400000000000000e+04 1.036900000000000000e+04
1.391600000000000000e+04 1.075500000000000000e+04
1.405800000000000000e+04 1.132900000000000000e+04
1.420000000000000000e+04 1.172500000000000000e+04
1.434200000000000000e+04 1.209900000000000000e+04
1.448400000000000000e+04 1.256100000000000000e+04
1.462600000000000000e+04 1.291200000000000000e+04
1.476800000000000000e+04 1.354600000000000000e+04
1.491000000000000000e+04 1.370700000000000000e+04
1.505200000000000000e+04 1.423600000000000000e+04
1.519400000000000000e+04 1.464300000000000000e+04
1.533600000000000000e+04 1.451800000000000000e+04
1.547800000000000000e+04 1.485100000000000000e+04
1.562000000000000000e+04 1.515200000000000000e+04
1.576200000000000000e+04 1.540900000000000000e+04
1.590400000000000000e+04 1.565000000000000000e+04
1.604600000000000000e+04 1.599600000000000000e+04
1.618800000000000000e+04 1.596500000000000000e+04
1.633000000000000000e+04 1.612900000000000000e+04
1.647200000000000000e+04 1.623800000000000000e+04
1.661400000000000000e+04 1.649400000000000000e+04
1.675600000000000000e+04 1.620300000000000000e+04
1.689800000000000000e+04 1.629300000000000000e+04
1.704000000000000000e+04 1.629400000000000000e+04
1.718200000000000000e+04 1.602600000000000000e+04
1.732400000000000000e+04 1.644700000000000000e+04
1.746600000000000000e+04 1.622800000000000000e+04
1.760800000000000000e+04 1.619300000000000000e+04
1.775000000000000000e+04 1.579900000000000000e+04
1.789200000000000000e+04 1.605800000000000000e+04
1.803400000000000000e+04 1.560900000000000000e+04
1.817600000000000000e+04 1.548400000000000000e+04
1.831800000000000000e+04 1.541000000000000000e+04
1.846000000000000000e+04 1.529800000000000000e+04
1.860200000000000000e+04 1.485900000000000000e+04
1.874400000000000000e+04 1.453700000000000000e+04
1.888600000000000000e+04 1.429700000000000000e+04
1.902800000000000000e+04 1.390000000000000000e+04
1.917000000000000000e+04 1.381300000000000000e+04
1.931200000000000000e+04 1.326700000000000000e+04
1.945400000000000000e+04 1.293500000000000000e+04
1.959600000000000000e+04 1.251500000000000000e+04
1.973800000000000000e+04 1.217600000000000000e+04
1.988000000000000000e+04 1.181300000000000000e+04
2.002200000000000000e+04 1.123900000000000000e+04
2.016400000000000000e+04 1.070900000000000000e+04
2.030600000000000000e+04 1.008400000000000000e+04
2.044800000000000000e+04 9.595000000000000000e+03
2.059000000000000000e+04 9.291000000000000000e+03
2.073200000000000000e+04 8.850000000000000000e+03
2.087400000000000000e+04 7.904000000000000000e+03
2.101600000000000000e+04 7.560000000000000000e+03
2.115800000000000000e+04 7.303000000000000000e+03
2.130000000000000000e+04 6.663000000000000000e+03
2.144200000000000000e+04 6.189000000000000000e+03
2.158400000000000000e+04 5.740000000000000000e+03
2.172600000000000000e+04 5.419000000000000000e+03
2.186800000000000000e+04 4.894000000000000000e+03
2.201000000000000000e+04 4.511000000000000000e+03
2.215200000000000000e+04 4.342000000000000000e+03
2.229400000000000000e+04 3.974000000000000000e+03
2.243600000000000000e+04 3.597000000000000000e+03
2.257800000000000000e+04 3.338000000000000000e+03
2.272000000000000000e+04 3.013000000000000000e+03
2.286200000000000000e+04 2.782000000000000000e+03
2.300400000000000000e+04 2.580000000000000000e+03
2.314600000000000000e+04 2.511000000000000000e+03
2.328800000000000000e+04 2.253000000000000000e+03
2.343000000000000000e+04 2.227000000000000000e+03
2.357200000000000000e+04 2.094000000000000000e+03
2.371400000000000000e+04 2.073000000000000000e+03
2.385600000000000000e+04 1.942000000000000000e+03
2.399800000000000000e+04 1.836000000000000000e+03
2.414000000000000000e+04 1.812000000000000000e+03
2.428200000000000000e+04 1.866000000000000000e+03
2.442400000000000000e+04 2.031000000000000000e+03
2.456600000000000000e+04 1.923000000000000000e+03
2.470800000000000000e+04 2.001000000000000000e+03
2.485000000000000000e+04 2.107000000000000000e+03
2.499200000000000000e+04 2.230000000000000000e+03
2.513400000000000000e+04 2.341000000000000000e+03
2.527600000000000000e+04 2.491000000000000000e+03
2.541800000000000000e+04 2.665000000000000000e+03
2.556000000000000000e+04 2.960000000000000000e+03
2.570200000000000000e+04 3.076000000000000000e+03
2.584400000000000000e+04 3.459000000000000000e+03
2.598600000000000000e+04 3.819000000000000000e+03
2.612800000000000000e+04 4.015000000000000000e+03
2.627000000000000000e+04 4.413000000000000000e+03
2.641200000000000000e+04 4.726000000000000000e+03
2.655400000000000000e+04 5.200000000000000000e+03
2.669600000000000000e+04 5.699000000000000000e+03
2.683800000000000000e+04 6.024000000000000000e+03
2.698000000000000000e+04 6.504000000000000000e+03
2.712200000000000000e+04 6.999000000000000000e+03
2.726400000000000000e+04 7.440000000000000000e+03
2.740600000000000000e+04 7.984000000000000000e+03
2.754800000000000000e+04 8.503000000000000000e+03
2.769000000000000000e+04 9.091000000000000000e+03
2.783200000000000000e+04 9.427000000000000000e+03
2.797400000000000000e+04 1.010100000000000000e+04
2.811600000000000000e+04 1.045600000000000000e+04
2.825800000000000000e+04 1.100100000000000000e+04
2.840000000000000000e+04 1.155500000000000000e+04
