0.000000000000000000e+00 1.357700000000000000e+04
2.000000000000000000e+03 1.404500000000000000e+04
4.000000000000000000e+03 1.444200000000000000e+04
6.000000000000000000e+03 1.499700000000000000e+04
8.000000000000000000e+03 1.529600000000000000e+04
1.000000000000000000e+04 1.563900000000000000e+04
1.200000000000000000e+04 1.594800000000000000e+04
1.400000000000000000e+04 1.624000000000000000e+04
1.600000000000000000e+04 1.663900000000000000e+04
1.800000000000000000e+04 1.671100000000000000e+04
2.000000000000000000e+04 1.708700000000000000e+04
2.200000000000000000e+04 1.764500000000000000e+04
2.400000000000000000e+04 1.769800000000000000e+04
2.600000000000000000e+04 1.804800000000000000e+04
2.800000000000000000e+04 1.812000000000000000e+04
3.000000000000000000e+04 1.811100000000000000e+04
3.200000000000000000e+04 1.820700000000000000e+04
3.400000000000000000e+04 1.824300000000000000e+04
3.600000000000000000e+04 1.819800000000000000e+04
3.800000000000000000e+04 1.824700000000000000e+04
4.000000000000000000e+04 1.846900000000000000e+04
4.200000000000000000e+04 1.841900000000000000e+04
4.400000000000000000e+04 1.813200000000000000e+04
4.600000000000000000e+04 1.828400000000000000e+04
4.800000000000000000e+04 1.804800000000000000e+04
5.000000000000000000e+04 1.779700000000000000e+04
5.200000000000000000e+04 1.802600000000000000e+04
5.400000000000000000e+04 1.746700000000000000e+04
5.600000000000000000e+04 1.691500000000000000e+04
5.800000000000000000e+04 1.703700000000000000e+04
6.000000000000000000e+04 1.696800000000000000e+04
6.200000000000000000e+04 1.661600000000000000e+04
6.400000000000000000e+04 1.621300000000000000e+04
6.600000000000000000e+04 1.578300000000000000e+04
6.800000000000000000e+04 1.544000000000000000e+04
7.000000000000000000e+04 1.505900000000000000e+04
7.200000000000000000e+04 1.443000000000000000e+04
7.400000000000000000e+04 1.407900000000000000e+04
7.600000000000000000e+04 1.386300000000000000e+04
7.800000000000000000e+04 1.331800000000000000e+04
8.000000000000000000e+04 1.282800000000000000e+04
8.200000000000000000e+04 1.215300000000000000e+04
8.400000000000000000e+04 1.138200000000000000e+04
8.600000000000000000e+04 1.102300000000000000e+04
8.800000000000000000e+04 1.021900000000000000e+04
9.000000000000000000e+04 9.853000000000000000e+03
9.200000000000000000e+04 9.359000000000000000e+03
9.400000000000000000e+04 8.769000000000000000e+03
9.600000000000000000e+04 8.375000000000000000e+03
9.800000000000000000e+04 7.553000000000000000e+03
1.000000000000000000e+05 6.899000000000000000e+03
1.020000000000000000e+05 6.561000000000000000e+03
1.040000000000000000e+05 6.118000000000000000e+03
1.060000000000000000e+05 5.573000000000000000e+03
1.080000000000000000e+05 5.116000000000000000e+03
1.100000000000000000e+05 4.844000000000000000e+03
1.120000000000000000e+05 4.433000000000000000e+03
1.140000000000000000e+05 4.031000000000000000e+03
1.160000000000000000e+05 3.655000000000000000e+03
1.180000000000000000e+05 3.475000000000000000e+03
1.200000000000000000e+05 3.282000000000000000e+03
1.220000000000000000e+05 3.029000000000000000e+03
1.240000000000000000e+05 2.777000000000000000e+03
1.260000000000000000e+05 2.646000000000000000e+03
1.280000000000000000e+05 2.507000000000000000e+03
1.300000000000000000e+05 2.370000000000000000e+03
1.320000000000000000e+05 2.292000000000000000e+03
1.340000000000000000e+05 2.171000000000000000e+03
1.360000000000000000e+05 2.161000000000000000e+03
1.380000000000000000e+05 2.173000000000000000e+03
1.400000000000000000e+05 2.101000000000000000e+03
1.420000000000000000e+05 2.195000000000000000e+03
1.440000000000000000e+05 2.223000000000000000e+03
1.460000000000000000e+05 2.287000000000000000e+03
1.480000000000000000e+05 2.380000000000000000e+03
1.500000000000000000e+05 2.520000000000000000e+03
1.520000000000000000e+05 2.674000000000000000e+03
1.540000000000000000e+05 2.809000000000000000e+03
1.560000000000000000e+05 3.122000000000000000e+03
1.580000000000000000e+05 3.440000000000000000e+03
1.600000000000000000e+05 3.535000000000000000e+03
1.620000000000000000e+05 3.956000000000000000e+03
1.640000000000000000e+05 4.197000000000000000e+03
1.660000000000000000e+05 4.557000000000000000e+03
1.680000000000000000e+05 5.116000000000000000e+03
1.700000000000000000e+05 5.476000000000000000e+03
1.720000000000000000e+05 5.996000000000000000e+03
1.740000000000000000e+05 6.348000000000000000e+03
1.760000000000000000e+05 6.917000000000000000e+03
1.780000000000000000e+05 7.509000000000000000e+03
1.800000000000000000e+05 7.960000000000000000e+03
1.820000000000000000e+05 8.723000000000000000e+03
1.840000000000000000e+05 9.050000000000000000e+03
1.860000000000000000e+05 9.656000000000000000e+03
1.880000000000000000e+05 1.030300000000000000e+04
1.900000000000000000e+05 1.066900000000000000e+04
1.920000000000000000e+05 1.139500000000000000e+04
1.940000000000000000e+05 1.199100000000000000e+04
1.960000000000000000e+05 1.244800000000000000e+04
1.980000000000000000e+05 1.300500000000000000e+04
2.000000000000000000e+05 1.333100000000000000e+04
2.020000000000000000e+05 1.409500000000000000e+04
2.040000000000000000e+05 1.433200000000000000e+04
2.060000000000000000e+05 1.499700000000000000e+04
2.080000000000000000e+05 1.501200000000000000e+04
2.100000000000000000e+05 1.557800000000000000e+04
2.120000000000000000e+05 1.605700000000000000e+04
2.140000000000000000e+05 1.620500000000000000e+04
2.160000000000000000e+05 1.667700000000000000e+04
2.180000000000000000e+05 1.711900000000000000e+04
2.200000000000000000e+05 1.737100000000000000e+04
2.220000000000000000e+05 1.728200000000000000e+04
2.240000000000000000e+05 1.771500000000000000e+04
2.260000000000000000e+05 1.786400000000000000e+04
2.280000000000000000e+05 1.789200000000000000e+04
2.300000000000000000e+05 1.810900000000000000e+04
2.320000000000000000e+05 1.803700000000000000e+04
2.340000000000000000e+05 1.813600000000000000e+04
2.360000000000000000e+05 1.826100000000000000e+04
2.380000000000000000e+05 1.844800000000000000e+04
2.400000000000000000e+05 1.851200000000000000e+04
2.420000000000000000e+05 1.802900000000000000e+04
2.440000000000000000e+05 1.842700000000000000e+04
2.460000000000000000e+05 1.844800000000000000e+04
2.480000000000000000e+05 1.789000000000000000e+04
2.500000000000000000e+05 1.751500000000000000e+04
2.520000000000000000e+05 1.769300000000000000e+04
2.540000000000000000e+05 1.766900000000000000e+04
2.560000000000000000e+05 1.724900000000000000e+04
2.580000000000000000e+05 1.729800000000000000e+04
2.600000000000000000e+05 1.685700000000000000e+04
2.620000000000000000e+05 1.645800000000000000e+04
2.640000000000000000e+05 1.640300000000000000e+04
2.660000000000000000e+05 1.585900000000000000e+04
2.680000000000000000e+05 1.549200000000000000e+04
2.700000000000000000e+05 1.510500000000000000e+04
2.720000000000000000e+05 1.466400000000000000e+04
2.740000000000000000e+05 1.411100000000000000e+04
2.760000000000000000e+05 1.361200000000000000e+04
2.780000000000000000e+05 1.337300000000000000e+04
2.800000000000000000e+05 1.276400000000000000e+04
2.820000000000000000e+05 1.200900000000000000e+04
2.840000000000000000e+05 1.168700000000000000e+04
2.860000000000000000e+05 1.094500000000000000e+04
2.880000000000000000e+05 1.043300000000000000e+04
2.900000000000000000e+05 9.787000000000000000e+03
2.920000000000000000e+05 9.229000000000000000e+03
2.940000000000000000e+05 8.556000000000000000e+03
2.960000000000000000e+05 8.003000000000000000e+03
2.980000000000000000e+05 7.560000000000000000e+03
3.000000000000000000e+05 7.178000000000000000e+03
3.020000000000000000e+05 6.569000000000000000e+03
3.040000000000000000e+05 6.020000000000000000e+03
3.060000000000000000e+05 5.623000000000000000e+03
3.080000000000000000e+05 5.207000000000000000e+03
3.100000000000000000e+05 4.785000000000000000e+03
3.120000000000000000e+05 4.439000000000000000e+03
3.140000000000000000e+05 4.122000000000000000e+03
3.160000000000000000e+05 3.772000000000000000e+03
3.180000000000000000e+05 3.401000000000000000e+03
3.200000000000000000e+05 3.141000000000000000e+03
3.220000000000000000e+05 2.915000000000000000e+03
3.240000000000000000e+05 2.747000000000000000e+03
3.260000000000000000e+05 2.575000000000000000e+03
3.280000000000000000e+05 2.471000000000000000e+03
3.300000000000000000e+05 2.290000000000000000e+03
3.320000000000000000e+05 2.333000000000000000e+03
3.340000000000000000e+05 2.157000000000000000e+03
3.360000000000000000e+05 2.211000000000000000e+03
3.380000000000000000e+05 2.241000000000000000e+03
3.400000000000000000e+05 2.153000000000000000e+03
3.420000000000000000e+05 2.156000000000000000e+03
3.440000000000000000e+05 2.321000000000000000e+03
3.460000000000000000e+05 2.276000000000000000e+03
3.480000000000000000e+05 2.380000000000000000e+03
3.500000000000000000e+05 2.568000000000000000e+03
3.520000000000000000e+05 2.693000000000000000e+03
3.540000000000000000e+05 2.821000000000000000e+03
3.560000000000000000e+05 3.166000000000000000e+03
3.580000000000000000e+05 3.338000000000000000e+03
3.600000000000000000e+05 3.593000000000000000e+03
3.620000000000000000e+05 3.882000000000000000e+03
3.640000000000000000e+05 4.472000000000000000e+03
3.660000000000000000e+05 4.578000000000000000e+03
3.680000000000000000e+05 4.925000000000000000e+03
3.700000000000000000e+05 5.541000000000000000e+03
3.720000000000000000e+05 5.834000000000000000e+03
3.740000000000000000e+05 6.267000000000000000e+03
3.760000000000000000e+05 6.795000000000000000e+03
3.780000000000000000e+05 7.330000000000000000e+03
3.800000000000000000e+05 7.948000000000000000e+03
3.820000000000000000e+05 8.474000000000000000e+03
3.840000000000000000e+05 9.177000000000000000e+03
3.860000000000000000e+05 9.857000000000000000e+03
3.880000000000000000e+05 1.028500000000000000e+04
3.900000000000000000e+05 1.080900000000000000e+04
3.920000000000000000e+05 1.143100000000000000e+04
3.940000000000000000e+05 1.191300000000000000e+04
3.960000000000000000e+05 1.244300000000000000e+04
3.980000000000000000e+05 1.310400000000000000e+04
