0.000000000000000000e+00 1.376300000000000000e+04
1.000000000000000000e+03 1.446500000000000000e+04
2.000000000000000000e+03 1.492000000000000000e+04
3.000000000000000000e+03 1.518500000000000000e+04
4.000000000000000000e+03 1.587500000000000000e+04
5.000000000000000000e+03 1.612400000000000000e+04
6.000000000000000000e+03 1.660800000000000000e+04
7.000000000000000000e+03 1.692000000000000000e+04
8.000000000000000000e+03 1.707200000000000000e+04
9.000000000000000000e+03 1.726200000000000000e+04
1.000000000000000000e+04 1.756300000000000000e+04
1.100000000000000000e+04 1.791300000000000000e+04
1.200000000000000000e+04 1.805000000000000000e+04
1.300000000000000000e+04 1.834500000000000000e+04
1.400000000000000000e+04 1.861000000000000000e+04
1.500000000000000000e+04 1.857100000000000000e+04
1.600000000000000000e+04 1.870800000000000000e+04
1.700000000000000000e+04 1.885200000000000000e+04
1.800000000000000000e+04 1.876200000000000000e+04
1.900000000000000000e+04 1.861700000000000000e+04
2.000000000000000000e+04 1.837500000000000000e+04
2.100000000000000000e+04 1.873800000000000000e+04
2.200000000000000000e+04 1.876300000000000000e+04
2.300000000000000000e+04 1.833800000000000000e+04
2.400000000000000000e+04 1.851800000000000000e+04
2.500000000000000000e+04 1.831300000000000000e+04
2.600000000000000000e+04 1.792200000000000000e+04
2.700000000000000000e+04 1.793900000000000000e+04
2.800000000000000000e+04 1.759300000000000000e+04
2.900000000000000000e+04 1.737000000000000000e+04
3.000000000000000000e+04 1.716200000000000000e+04
3.100000000000000000e+04 1.695300000000000000e+04
3.200000000000000000e+04 1.653200000000000000e+04
3.300000000000000000e+04 1.622400000000000000e+04
3.400000000000000000e+04 1.573500000000000000e+04
3.500000000000000000e+04 1.547800000000000000e+04
3.600000000000000000e+04 1.465700000000000000e+04
3.700000000000000000e+04 1.453000000000000000e+04
3.800000000000000000e+04 1.411200000000000000e+04
3.900000000000000000e+04 1.344300000000000000e+04
4.000000000000000000e+04 1.284000000000000000e+04
4.100000000000000000e+04 1.247000000000000000e+04
4.200000000000000000e+04 1.178400000000000000e+04
4.300000000000000000e+04 1.128800000000000000e+04
4.400000000000000000e+04 1.053400000000000000e+04
4.500000000000000000e+04 1.022900000000000000e+04
4.600000000000000000e+04 9.311000000000000000e+03
4.700000000000000000e+04 8.830000000000000000e+03
4.800000000000000000e+04 8.327000000000000000e+03
4.900000000000000000e+04 7.873000000000000000e+03
5.000000000000000000e+04 7.159000000000000000e+03
5.100000000000000000e+04 6.624000000000000000e+03
5.200000000000000000e+04 6.154000000000000000e+03
5.300000000000000000e+04 5.654000000000000000e+03
5.400000000000000000e+04 5.298000000000000000e+03
5.500000000000000000e+04 4.777000000000000000e+03
5.600000000000000000e+04 4.347000000000000000e+03
5.700000000000000000e+04 4.105000000000000000e+03
5.800000000000000000e+04 3.644000000000000000e+03
5.900000000000000000e+04 3.457000000000000000e+03
6.000000000000000000e+04 3.259000000000000000e+03
6.100000000000000000e+04 3.029000000000000000e+03
6.200000000000000000e+04 2.831000000000000000e+03
6.300000000000000000e+04 2.748000000000000000e+03
6.400000000000000000e+04 2.388000000000000000e+03
6.500000000000000000e+04 2.198000000000000000e+03
6.600000000000000000e+04 2.432000000000000000e+03
6.700000000000000000e+04 2.258000000000000000e+03
6.800000000000000000e+04 2.148000000000000000e+03
6.900000000000000000e+04 2.146000000000000000e+03
7.000000000000000000e+04 2.263000000000000000e+03
7.100000000000000000e+04 2.263000000000000000e+03
7.200000000000000000e+04 2.286000000000000000e+03
7.300000000000000000e+04 2.423000000000000000e+03
7.400000000000000000e+04 2.491000000000000000e+03
7.500000000000000000e+04 2.639000000000000000e+03
7.600000000000000000e+04 2.717000000000000000e+03
7.700000000000000000e+04 2.923000000000000000e+03
7.800000000000000000e+04 3.151000000000000000e+03
7.900000000000000000e+04 3.507000000000000000e+03
8.000000000000000000e+04 3.650000000000000000e+03
8.100000000000000000e+04 4.015000000000000000e+03
8.200000000000000000e+04 4.438000000000000000e+03
8.300000000000000000e+04 4.700000000000000000e+03
8.400000000000000000e+04 5.162000000000000000e+03
8.500000000000000000e+04 5.643000000000000000e+03
8.600000000000000000e+04 6.044000000000000000e+03
8.700000000000000000e+04 6.634000000000000000e+03
8.800000000000000000e+04 7.037000000000000000e+03
8.900000000000000000e+04 7.775000000000000000e+03
9.000000000000000000e+04 8.242000000000000000e+03
9.100000000000000000e+04 8.772000000000000000e+03
9.200000000000000000e+04 9.488000000000000000e+03
9.300000000000000000e+04 9.914000000000000000e+03
9.400000000000000000e+04 1.055800000000000000e+04
9.500000000000000000e+04 1.094400000000000000e+04
9.600000000000000000e+04 1.182000000000000000e+04
9.700000000000000000e+04 1.226600000000000000e+04
9.800000000000000000e+04 1.278900000000000000e+04
9.900000000000000000e+04 1.313100000000000000e+04
1.000000000000000000e+05 1.377900000000000000e+04
1.010000000000000000e+05 1.448600000000000000e+04
1.020000000000000000e+05 1.487800000000000000e+04
1.030000000000000000e+05 1.539000000000000000e+04
1.040000000000000000e+05 1.592700000000000000e+04
1.050000000000000000e+05 1.607200000000000000e+04
1.060000000000000000e+05 1.646700000000000000e+04
1.070000000000000000e+05 1.712600000000000000e+04
1.080000000000000000e+05 1.724800000000000000e+04
1.090000000000000000e+05 1.758600000000000000e+04
1.100000000000000000e+05 1.760900000000000000e+04
1.110000000000000000e+05 1.762900000000000000e+04
1.120000000000000000e+05 1.805300000000000000e+04
1.130000000000000000e+05 1.809400000000000000e+04
1.140000000000000000e+05 1.836000000000000000e+04
1.150000000000000000e+05 1.850900000000000000e+04
1.160000000000000000e+05 1.841300000000000000e+04
1.170000000000000000e+05 1.887700000000000000e+04
1.180000000000000000e+05 1.870700000000000000e+04
1.190000000000000000e+05 1.901200000000000000e+04
1.200000000000000000e+05 1.896200000000000000e+04
1.210000000000000000e+05 1.868300000000000000e+04
1.220000000000000000e+05 1.875100000000000000e+04
1.230000000000000000e+05 1.882000000000000000e+04
1.240000000000000000e+05 1.836200000000000000e+04
1.250000000000000000e+05 1.838500000000000000e+04
1.260000000000000000e+05 1.817900000000000000e+04
1.270000000000000000e+05 1.773100000000000000e+04
1.280000000000000000e+05 1.783500000000000000e+04
1.290000000000000000e+05 1.745600000000000000e+04
1.300000000000000000e+05 1.722000000000000000e+04
1.310000000000000000e+05 1.675900000000000000e+04
1.320000000000000000e+05 1.650300000000000000e+04
1.330000000000000000e+05 1.615400000000000000e+04
1.340000000000000000e+05 1.606600000000000000e+04
1.350000000000000000e+05 1.552500000000000000e+04
1.360000000000000000e+05 1.493500000000000000e+04
1.370000000000000000e+05 1.449400000000000000e+04
1.380000000000000000e+05 1.403000000000000000e+04
1.390000000000000000e+05 1.355200000000000000e+04
1.400000000000000000e+05 1.287500000000000000e+04
1.410000000000000000e+05 1.251100000000000000e+04
1.420000000000000000e+05 1.200100000000000000e+04
1.430000000000000000e+05 1.128500000000000000e+04
1.440000000000000000e+05 1.058500000000000000e+04
1.450000000000000000e+05 1.011100000000000000e+04
1.460000000000000000e+05 9.426000000000000000e+03
1.470000000000000000e+05 9.056000000000000000e+03
1.480000000000000000e+05 8.286000000000000000e+03
1.490000000000000000e+05 7.834000000000000000e+03
1.500000000000000000e+05 7.271000000000000000e+03
1.510000000000000000e+05 6.733000000000000000e+03
1.520000000000000000e+05 6.163000000000000000e+03
1.530000000000000000e+05 5.648000000000000000e+03
1.540000000000000000e+05 5.126000000000000000e+03
1.550000000000000000e+05 4.878000000000000000e+03
1.560000000000000000e+05 4.509000000000000000e+03
1.570000000000000000e+05 4.182000000000000000e+03
1.580000000000000000e+05 3.780000000000000000e+03
1.590000000000000000e+05 3.441000000000000000e+03
1.600000000000000000e+05 3.306000000000000000e+03
1.610000000000000000e+05 3.138000000000000000e+03
1.620000000000000000e+05 2.835000000000000000e+03
1.630000000000000000e+05 2.590000000000000000e+03
1.640000000000000000e+05 2.427000000000000000e+03
1.650000000000000000e+05 2.452000000000000000e+03
1.660000000000000000e+05 2.292000000000000000e+03
1.670000000000000000e+05 2.280000000000000000e+03
1.680000000000000000e+05 2.080000000000000000e+03
1.690000000000000000e+05 2.253000000000000000e+03
1.700000000000000000e+05 2.220000000000000000e+03
1.710000000000000000e+05 2.296000000000000000e+03
1.720000000000000000e+05 2.229000000000000000e+03
1.730000000000000000e+05 2.362000000000000000e+03
1.740000000000000000e+05 2.474000000000000000e+03
1.750000000000000000e+05 2.585000000000000000e+03
1.760000000000000000e+05 2.773000000000000000e+03
1.770000000000000000e+05 2.925000000000000000e+03
1.780000000000000000e+05 3.126000000000000000e+03
1.790000000000000000e+05 3.467000000000000000e+03
1.800000000000000000e+05 3.766000000000000000e+03
1.810000000000000000e+05 4.023000000000000000e+03
1.820000000000000000e+05 4.395000000000000000e+03
1.830000000000000000e+05 4.685000000000000000e+03
1.840000000000000000e+05 5.075000000000000000e+03
1.850000000000000000e+05 5.641000000000000000e+03
1.860000000000000000e+05 6.110000000000000000e+03
1.870000000000000000e+05 6.435000000000000000e+03
1.880000000000000000e+05 7.070000000000000000e+03
1.890000000000000000e+05 7.683000000000000000e+03
1.900000000000000000e+05 8.145000000000000000e+03
1.910000000000000000e+05 8.665000000000000000e+03
1.920000000000000000e+05 9.184000000000000000e+03
1.930000000000000000e+05 9.921000000000000000e+03
1.940000000000000000e+05 1.049800000000000000e+04
1.950000000000000000e+05 1.107700000000000000e+04
1.960000000000000000e+05 1.149800000000000000e+04
1.970000000000000000e+05 1.236500000000000000e+04
1.980000000000000000e+05 1.293900000000000000e+04
1.990000000000000000e+05 1.320500000000000000e+04
