0.000000000000000000e+00 1.139000000000000000e+04
1.400000000000000000e+01 1.205900000000000000e+04
2.800000000000000000e+01 1.245400000000000000e+04
4.200000000000000000e+01 1.295700000000000000e+04
5.600000000000000000e+01 1.315400000000000000e+04
7.000000000000000000e+01 1.363700000000000000e+04
8.400000000000000000e+01 1.389600000000000000e+04
9.800000000000000000e+01 1.411200000000000000e+04
1.120000000000000000e+02 1.435600000000000000e+04
1.260000000000000000e+02 1.484600000000000000e+04
1.400000000000000000e+02 1.489600000000000000e+04
1.540000000000000000e+02 1.509900000000000000e+04
1.680000000000000000e+02 1.538100000000000000e+04
1.820000000000000000e+02 1.537600000000000000e+04
1.960000000000000000e+02 1.550500000000000000e+04
2.100000000000000000e+02 1.533400000000000000e+04
2.240000000000000000e+02 1.585000000000000000e+04
2.380000000000000000e+02 1.561700000000000000e+04
2.520000000000000000e+02 1.573600000000000000e+04
2.660000000000000000e+02 1.592200000000000000e+04
2.800000000000000000e+02 1.585600000000000000e+04
2.940000000000000000e+02 1.570900000000000000e+04
3.080000000000000000e+02 1.550500000000000000e+04
3.220000000000000000e+02 1.582000000000000000e+04
3.360000000000000000e+02 1.567200000000000000e+04
3.500000000000000000e+02 1.564600000000000000e+04
3.640000000000000000e+02 1.534400000000000000e+04
3.780000000000000000e+02 1.521100000000000000e+04
3.920000000000000000e+02 1.513900000000000000e+04
4.060000000000000000e+02 1.509200000000000000e+04
4.200000000000000000e+02 1.484600000000000000e+04
4.340000000000000000e+02 1.443800000000000000e+04
4.480000000000000000e+02 1.417500000000000000e+04
4.620000000000000000e+02 1.399800000000000000e+04
4.760000000000000000e+02 1.346100000000000000e+04
4.900000000000000000e+02 1.316500000000000000e+04
5.040000000000000000e+02 1.280200000000000000e+04
5.180000000000000000e+02 1.258300000000000000e+04
5.320000000000000000e+02 1.226800000000000000e+04
5.460000000000000000e+02 1.154400000000000000e+04
5.600000000000000000e+02 1.105200000000000000e+04
5.740000000000000000e+02 1.084600000000000000e+04
5.880000000000000000e+02 1.039400000000000000e+04
6.020000000000000000e+02 1.007200000000000000e+04
6.160000000000000000e+02 9.578000000000000000e+03
6.300000000000000000e+02 8.984000000000000000e+03
6.440000000000000000e+02 8.238000000000000000e+03
6.580000000000000000e+02 8.002000000000000000e+03
6.720000000000000000e+02 7.491000000000000000e+03
6.860000000000000000e+02 6.735000000000000000e+03
7.000000000000000000e+02 6.416000000000000000e+03
7.140000000000000000e+02 6.057000000000000000e+03
7.280000000000000000e+02 5.611000000000000000e+03
7.420000000000000000e+02 5.122000000000000000e+03
7.560000000000000000e+02 4.818000000000000000e+03
7.700000000000000000e+02 4.526000000000000000e+03
7.840000000000000000e+02 4.046000000000000000e+03
7.980000000000000000e+02 3.770000000000000000e+03
8.120000000000000000e+02 3.546000000000000000e+03
8.260000000000000000e+02 3.257000000000000000e+03
8.400000000000000000e+02 2.917000000000000000e+03
8.540000000000000000e+02 2.754000000000000000e+03
8.680000000000000000e+02 2.533000000000000000e+03
8.820000000000000000e+02 2.354000000000000000e+03
8.960000000000000000e+02 2.242000000000000000e+03
9.100000000000000000e+02 2.148000000000000000e+03
9.240000000000000000e+02 2.043000000000000000e+03
9.380000000000000000e+02 1.953000000000000000e+03
9.520000000000000000e+02 1.914000000000000000e+03
9.660000000000000000e+02 1.829000000000000000e+03
9.800000000000000000e+02 1.880000000000000000e+03
9.940000000000000000e+02 1.834000000000000000e+03
1.008000000000000000e+03 1.963000000000000000e+03
1.022000000000000000e+03 1.849000000000000000e+03
1.036000000000000000e+03 1.899000000000000000e+03
1.050000000000000000e+03 2.022000000000000000e+03
1.064000000000000000e+03 2.126000000000000000e+03
1.078000000000000000e+03 2.204000000000000000e+03
1.092000000000000000e+03 2.333000000000000000e+03
1.106000000000000000e+03 2.565000000000000000e+03
1.120000000000000000e+03 2.768000000000000000e+03
1.134000000000000000e+03 2.991000000000000000e+03
1.148000000000000000e+03 3.231000000000000000e+03
1.162000000000000000e+03 3.405000000000000000e+03
1.176000000000000000e+03 3.770000000000000000e+03
1.190000000000000000e+03 4.094000000000000000e+03
1.204000000000000000e+03 4.482000000000000000e+03
1.218000000000000000e+03 4.773000000000000000e+03
1.232000000000000000e+03 5.283000000000000000e+03
1.246000000000000000e+03 5.555000000000000000e+03
1.260000000000000000e+03 6.182000000000000000e+03
1.274000000000000000e+03 6.608000000000000000e+03
1.288000000000000000e+03 6.919000000000000000e+03
1.302000000000000000e+03 7.400000000000000000e+03
1.316000000000000000e+03 8.012000000000000000e+03
1.330000000000000000e+03 8.428000000000000000e+03
1.344000000000000000e+03 8.750000000000000000e+03
1.358000000000000000e+03 9.312000000000000000e+03
1.372000000000000000e+03 9.872000000000000000e+03
1.386000000000000000e+03 1.029900000000000000e+04
1.400000000000000000e+03 1.066400000000000000e+04
1.414000000000000000e+03 1.112800000000000000e+04
1.428000000000000000e+03 1.146800000000000000e+04
1.442000000000000000e+03 1.208300000000000000e+04
1.456000000000000000e+03 1.257900000000000000e+04
1.470000000000000000e+03 1.278000000000000000e+04
1.484000000000000000e+03 1.311900000000000000e+04
1.498000000000000000e+03 1.332700000000000000e+04
1.512000000000000000e+03 1.369100000000000000e+04
1.526000000000000000e+03 1.403400000000000000e+04
1.540000000000000000e+03 1.429100000000000000e+04
1.554000000000000000e+03 1.458100000000000000e+04
1.568000000000000000e+03 1.484200000000000000e+04
1.582000000000000000e+03 1.499200000000000000e+04
1.596000000000000000e+03 1.515600000000000000e+04
1.610000000000000000e+03 1.543400000000000000e+04
1.624000000000000000e+03 1.560800000000000000e+04
1.638000000000000000e+03 1.545800000000000000e+04
1.652000000000000000e+03 1.571000000000000000e+04
1.666000000000000000e+03 1.583200000000000000e+04
1.680000000000000000e+03 1.590800000000000000e+04
1.694000000000000000e+03 1.578900000000000000e+04
1.708000000000000000e+03 1.562800000000000000e+04
1.722000000000000000e+03 1.586400000000000000e+04
1.736000000000000000e+03 1.586000000000000000e+04
1.750000000000000000e+03 1.569800000000000000e+04
1.764000000000000000e+03 1.567000000000000000e+04
1.778000000000000000e+03 1.555800000000000000e+04
1.792000000000000000e+03 1.529300000000000000e+04
1.806000000000000000e+03 1.533300000000000000e+04
1.820000000000000000e+03 1.506400000000000000e+04
1.834000000000000000e+03 1.501000000000000000e+04
1.848000000000000000e+03 1.463200000000000000e+04
1.862000000000000000e+03 1.449900000000000000e+04
1.876000000000000000e+03 1.412000000000000000e+04
1.890000000000000000e+03 1.390600000000000000e+04
1.904000000000000000e+03 1.341800000000000000e+04
1.918000000000000000e+03 1.323900000000000000e+04
1.932000000000000000e+03 1.291500000000000000e+04
1.946000000000000000e+03 1.257900000000000000e+04
1.960000000000000000e+03 1.205400000000000000e+04
1.974000000000000000e+03 1.155100000000000000e+04
1.988000000000000000e+03 1.111000000000000000e+04
2.002000000000000000e+03 1.072500000000000000e+04
2.016000000000000000e+03 1.038200000000000000e+04
2.030000000000000000e+03 1.008400000000000000e+04
2.044000000000000000e+03 9.520000000000000000e+03
2.058000000000000000e+03 8.923000000000000000e+03
2.072000000000000000e+03 8.323000000000000000e+03
2.086000000000000000e+03 8.027000000000000000e+03
2.100000000000000000e+03 7.530000000000000000e+03
2.114000000000000000e+03 6.921000000000000000e+03
2.128000000000000000e+03 6.657000000000000000e+03
2.142000000000000000e+03 6.023000000000000000e+03
2.156000000000000000e+03 5.608000000000000000e+03
2.170000000000000000e+03 5.141000000000000000e+03
2.184000000000000000e+03 4.904000000000000000e+03
2.198000000000000000e+03 4.445000000000000000e+03
2.212000000000000000e+03 4.058000000000000000e+03
2.226000000000000000e+03 3.796000000000000000e+03
2.240000000000000000e+03 3.609000000000000000e+03
2.254000000000000000e+03 3.308000000000000000e+03
2.268000000000000000e+03 3.036000000000000000e+03
2.282000000000000000e+03 2.704000000000000000e+03
2.296000000000000000e+03 2.626000000000000000e+03
2.310000000000000000e+03 2.402000000000000000e+03
2.324000000000000000e+03 2.305000000000000000e+03
2.338000000000000000e+03 2.174000000000000000e+03
2.352000000000000000e+03 2.036000000000000000e+03
2.366000000000000000e+03 1.979000000000000000e+03
2.380000000000000000e+03 1.901000000000000000e+03
2.394000000000000000e+03 1.842000000000000000e+03
2.408000000000000000e+03 1.854000000000000000e+03
2.422000000000000000e+03 1.869000000000000000e+03
2.436000000000000000e+03 1.841000000000000000e+03
2.450000000000000000e+03 1.783000000000000000e+03
2.464000000000000000e+03 1.937000000000000000e+03
2.478000000000000000e+03 2.149000000000000000e+03
2.492000000000000000e+03 2.161000000000000000e+03
2.506000000000000000e+03 2.243000000000000000e+03
2.520000000000000000e+03 2.348000000000000000e+03
2.534000000000000000e+03 2.582000000000000000e+03
2.548000000000000000e+03 2.729000000000000000e+03
2.562000000000000000e+03 2.983000000000000000e+03
2.576000000000000000e+03 3.110000000000000000e+03
2.590000000000000000e+03 3.427000000000000000e+03
2.604000000000000000e+03 3.788000000000000000e+03
2.618000000000000000e+03 4.120000000000000000e+03
2.632000000000000000e+03 4.277000000000000000e+03
2.646000000000000000e+03 4.761000000000000000e+03
2.660000000000000000e+03 5.191000000000000000e+03
2.674000000000000000e+03 5.473000000000000000e+03
2.688000000000000000e+03 6.113000000000000000e+03
2.702000000000000000e+03 6.358000000000000000e+03
2.716000000000000000e+03 6.957000000000000000e+03
2.730000000000000000e+03 7.408000000000000000e+03
2.744000000000000000e+03 7.891000000000000000e+03
2.758000000000000000e+03 8.266000000000000000e+03
2.772000000000000000e+03 8.866000000000000000e+03
2.786000000000000000e+03 9.317000000000000000e+03
2.800000000000000000e+03 9.668000000000000000e+03
2.814000000000000000e+03 1.033800000000000000e+04
2.828000000000000000e+03 1.091400000000000000e+04
2.842000000000000000e+03 1.119800000000000000e+04
