0.000000000000000000e+00 1.212300000000000000e+04
1.000000000000000000e+02 1.256800000000000000e+04
2.000000000000000000e+02 1.270300000000000000e+04
3.000000000000000000e+02 1.335000000000000000e+04
4.000000000000000000e+02 1.375900000000000000e+04
5.000000000000000000e+02 1.416000000000000000e+04
6.000000000000000000e+02 1.426600000000000000e+04
7.000000000000000000e+02 1.484000000000000000e+04
8.000000000000000000e+02 1.492500000000000000e+04
9.000000000000000000e+02 1.532600000000000000e+04
1.000000000000000000e+03 1.561300000000000000e+04
1.100000000000000000e+03 1.581000000000000000e+04
1.200000000000000000e+03 1.601900000000000000e+04
1.300000000000000000e+03 1.589800000000000000e+04
1.400000000000000000e+03 1.621400000000000000e+04
1.500000000000000000e+03 1.614600000000000000e+04
1.600000000000000000e+03 1.629200000000000000e+04
1.700000000000000000e+03 1.655500000000000000e+04
1.800000000000000000e+03 1.620600000000000000e+04
1.900000000000000000e+03 1.654800000000000000e+04
2.000000000000000000e+03 1.644400000000000000e+04
2.100000000000000000e+03 1.637600000000000000e+04
2.200000000000000000e+03 1.639400000000000000e+04
2.300000000000000000e+03 1.625900000000000000e+04
2.400000000000000000e+03 1.615400000000000000e+04
2.500000000000000000e+03 1.596400000000000000e+04
2.600000000000000000e+03 1.588200000000000000e+04
2.700000000000000000e+03 1.561200000000000000e+04
2.800000000000000000e+03 1.569300000000000000e+04
2.900000000000000000e+03 1.534700000000000000e+04
3.000000000000000000e+03 1.507400000000000000e+04
3.100000000000000000e+03 1.504600000000000000e+04
3.200000000000000000e+03 1.464500000000000000e+04
3.300000000000000000e+03 1.402400000000000000e+04
3.400000000000000000e+03 1.397300000000000000e+04
3.500000000000000000e+03 1.339900000000000000e+04
3.600000000000000000e+03 1.318900000000000000e+04
3.700000000000000000e+03 1.259200000000000000e+04
3.800000000000000000e+03 1.203300000000000000e+04
3.900000000000000000e+03 1.169300000000000000e+04
4.000000000000000000e+03 1.133300000000000000e+04
4.100000000000000000e+03 1.086600000000000000e+04
4.200000000000000000e+03 1.026800000000000000e+04
4.300000000000000000e+03 9.792000000000000000e+03
4.400000000000000000e+03 9.250000000000000000e+03
4.500000000000000000e+03 8.745000000000000000e+03
4.600000000000000000e+03 8.211000000000000000e+03
4.700000000000000000e+03 7.848000000000000000e+03
4.800000000000000000e+03 7.386000000000000000e+03
4.900000000000000000e+03 6.765000000000000000e+03
5.000000000000000000e+03 6.349000000000000000e+03
5.100000000000000000e+03 5.823000000000000000e+03
5.200000000000000000e+03 5.550000000000000000e+03
5.300000000000000000e+03 5.027000000000000000e+03
5.400000000000000000e+03 4.585000000000000000e+03
5.500000000000000000e+03 4.316000000000000000e+03
5.600000000000000000e+03 3.912000000000000000e+03
5.700000000000000000e+03 3.529000000000000000e+03
5.800000000000000000e+03 3.254000000000000000e+03
5.900000000000000000e+03 3.071000000000000000e+03
6.000000000000000000e+03 2.826000000000000000e+03
6.100000000000000000e+03 2.649000000000000000e+03
6.200000000000000000e+03 2.475000000000000000e+03
6.300000000000000000e+03 2.273000000000000000e+03
6.400000000000000000e+03 2.166000000000000000e+03
6.500000000000000000e+03 2.090000000000000000e+03
6.600000000000000000e+03 2.077000000000000000e+03
6.700000000000000000e+03 1.983000000000000000e+03
6.800000000000000000e+03 1.943000000000000000e+03
6.900000000000000000e+03 1.934000000000000000e+03
7.000000000000000000e+03 1.865000000000000000e+03
7.100000000000000000e+03 1.876000000000000000e+03
7.200000000000000000e+03 1.949000000000000000e+03
7.300000000000000000e+03 2.013000000000000000e+03
7.400000000000000000e+03 2.112000000000000000e+03
7.500000000000000000e+03 2.211000000000000000e+03
7.600000000000000000e+03 2.431000000000000000e+03
7.700000000000000000e+03 2.607000000000000000e+03
7.800000000000000000e+03 2.745000000000000000e+03
7.900000000000000000e+03 2.936000000000000000e+03
8.000000000000000000e+03 3.330000000000000000e+03
8.100000000000000000e+03 3.458000000000000000e+03
8.200000000000000000e+03 3.765000000000000000e+03
8.300000000000000000e+03 4.206000000000000000e+03
8.400000000000000000e+03 4.579000000000000000e+03
8.500000000000000000e+03 4.810000000000000000e+03
8.600000000000000000e+03 5.322000000000000000e+03
8.700000000000000000e+03 5.847000000000000000e+03
8.800000000000000000e+03 6.082000000000000000e+03
8.900000000000000000e+03 6.760000000000000000e+03
9.000000000000000000e+03 7.185000000000000000e+03
9.100000000000000000e+03 7.603000000000000000e+03
9.200000000000000000e+03 7.957000000000000000e+03
9.300000000000000000e+03 8.791000000000000000e+03
9.400000000000000000e+03 9.202000000000000000e+03
9.500000000000000000e+03 9.868000000000000000e+03
9.600000000000000000e+03 9.887000000000000000e+03
9.700000000000000000e+03 1.058700000000000000e+04
9.800000000000000000e+03 1.119700000000000000e+04
9.900000000000000000e+03 1.178800000000000000e+04
1.000000000000000000e+04 1.207300000000000000e+04
1.010000000000000000e+04 1.241100000000000000e+04
1.020000000000000000e+04 1.298800000000000000e+04
1.030000000000000000e+04 1.336600000000000000e+04
1.040000000000000000e+04 1.375900000000000000e+04
1.050000000000000000e+04 1.410100000000000000e+04
1.060000000000000000e+04 1.441300000000000000e+04
1.070000000000000000e+04 1.460600000000000000e+04
1.080000000000000000e+04 1.499400000000000000e+04
1.090000000000000000e+04 1.554700000000000000e+04
1.100000000000000000e+04 1.540000000000000000e+04
1.110000000000000000e+04 1.560200000000000000e+04
1.120000000000000000e+04 1.590800000000000000e+04
1.130000000000000000e+04 1.607600000000000000e+04
1.140000000000000000e+04 1.597600000000000000e+04
1.150000000000000000e+04 1.632800000000000000e+04
1.160000000000000000e+04 1.640100000000000000e+04
1.170000000000000000e+04 1.662400000000000000e+04
1.180000000000000000e+04 1.640400000000000000e+04
1.190000000000000000e+04 1.656500000000000000e+04
1.200000000000000000e+04 1.646800000000000000e+04
1.210000000000000000e+04 1.635300000000000000e+04
1.220000000000000000e+04 1.620800000000000000e+04
1.230000000000000000e+04 1.627100000000000000e+04
1.240000000000000000e+04 1.619600000000000000e+04
1.250000000000000000e+04 1.619600000000000000e+04
1.260000000000000000e+04 1.587100000000000000e+04
1.270000000000000000e+04 1.582100000000000000e+04
1.280000000000000000e+04 1.555800000000000000e+04
1.290000000000000000e+04 1.551100000000000000e+04
1.300000000000000000e+04 1.506200000000000000e+04
1.310000000000000000e+04 1.506800000000000000e+04
1.320000000000000000e+04 1.448200000000000000e+04
1.330000000000000000e+04 1.426100000000000000e+04
1.340000000000000000e+04 1.366400000000000000e+04
1.350000000000000000e+04 1.333200000000000000e+04
1.360000000000000000e+04 1.306100000000000000e+04
1.370000000000000000e+04 1.259400000000000000e+04
1.380000000000000000e+04 1.237000000000000000e+04
1.390000000000000000e+04 1.176600000000000000e+04
1.400000000000000000e+04 1.131300000000000000e+04
1.410000000000000000e+04 1.088300000000000000e+04
1.420000000000000000e+04 1.031300000000000000e+04
1.430000000000000000e+04 9.835000000000000000e+03
1.440000000000000000e+04 9.261000000000000000e+03
1.450000000000000000e+04 8.750000000000000000e+03
1.460000000000000000e+04 8.386000000000000000e+03
1.470000000000000000e+04 7.785000000000000000e+03
1.480000000000000000e+04 7.219000000000000000e+03
1.490000000000000000e+04 6.822000000000000000e+03
1.500000000000000000e+04 6.314000000000000000e+03
1.510000000000000000e+04 6.013000000000000000e+03
1.520000000000000000e+04 5.317000000000000000e+03
1.530000000000000000e+04 5.037000000000000000e+03
1.540000000000000000e+04 4.620000000000000000e+03
1.550000000000000000e+04 4.366000000000000000e+03
1.560000000000000000e+04 3.848000000000000000e+03
1.570000000000000000e+04 3.653000000000000000e+03
1.580000000000000000e+04 3.291000000000000000e+03
1.590000000000000000e+04 3.030000000000000000e+03
1.600000000000000000e+04 2.889000000000000000e+03
1.610000000000000000e+04 2.603000000000000000e+03
1.620000000000000000e+04 2.523000000000000000e+03
1.630000000000000000e+04 2.366000000000000000e+03
1.640000000000000000e+04 2.144000000000000000e+03
1.650000000000000000e+04 2.018000000000000000e+03
1.660000000000000000e+04 1.995000000000000000e+03
1.670000000000000000e+04 1.961000000000000000e+03
1.680000000000000000e+04 1.895000000000000000e+03
1.690000000000000000e+04 1.914000000000000000e+03
1.700000000000000000e+04 2.019000000000000000e+03
1.710000000000000000e+04 1.935000000000000000e+03
1.720000000000000000e+04 1.928000000000000000e+03
1.730000000000000000e+04 2.115000000000000000e+03
1.740000000000000000e+04 2.099000000000000000e+03
1.750000000000000000e+04 2.294000000000000000e+03
1.760000000000000000e+04 2.374000000000000000e+03
1.770000000000000000e+04 2.641000000000000000e+03
1.780000000000000000e+04 2.820000000000000000e+03
1.790000000000000000e+04 2.981000000000000000e+03
1.800000000000000000e+04 3.275000000000000000e+03
1.810000000000000000e+04 3.580000000000000000e+03
1.820000000000000000e+04 3.725000000000000000e+03
1.830000000000000000e+04 4.133000000000000000e+03
1.840000000000000000e+04 4.567000000000000000e+03
1.850000000000000000e+04 4.863000000000000000e+03
1.860000000000000000e+04 5.271000000000000000e+03
1.870000000000000000e+04 5.734000000000000000e+03
1.880000000000000000e+04 6.125000000000000000e+03
1.890000000000000000e+04 6.605000000000000000e+03
1.900000000000000000e+04 7.027000000000000000e+03
1.910000000000000000e+04 7.544000000000000000e+03
1.920000000000000000e+04 8.106000000000000000e+03
1.930000000000000000e+04 8.656000000000000000e+03
1.940000000000000000e+04 9.179000000000000000e+03
1.950000000000000000e+04 9.672000000000000000e+03
1.960000000000000000e+04 1.018600000000000000e+04
1.970000000000000000e+04 1.068300000000000000e+04
1.980000000000000000e+04 1.120900000000000000e+04
1.990000000000000000e+04 1.163200000000000000e+04
