0.000000000000000000e+00 1.174300000000000000e+04
3.300000000000000000e+01 1.245500000000000000e+04
6.600000000000000000e+01 1.285600000000000000e+04
9.900000000000000000e+01 1.313500000000000000e+04
1.320000000000000000e+02 1.347700000000000000e+04
1.650000000000000000e+02 1.377900000000000000e+04
1.980000000000000000e+02 1.412500000000000000e+04
2.310000000000000000e+02 1.438600000000000000e+04
2.640000000000000000e+02 1.471900000000000000e+04
2.970000000000000000e+02 1.513400000000000000e+04
3.300000000000000000e+02 1.522100000000000000e+04
3.630000000000000000e+02 1.519800000000000000e+04
3.960000000000000000e+02 1.551000000000000000e+04
4.290000000000000000e+02 1.566300000000000000e+04
4.620000000000000000e+02 1.584700000000000000e+04
4.950000000000000000e+02 1.590700000000000000e+04
5.280000000000000000e+02 1.614000000000000000e+04
5.610000000000000000e+02 1.616600000000000000e+04
5.940000000000000000e+02 1.624000000000000000e+04
6.270000000000000000e+02 1.619200000000000000e+04
6.600000000000000000e+02 1.621300000000000000e+04
6.930000000000000000e+02 1.607600000000000000e+04
7.260000000000000000e+02 1.614200000000000000e+04
7.590000000000000000e+02 1.603800000000000000e+04
7.920000000000000000e+02 1.581500000000000000e+04
8.250000000000000000e+02 1.582700000000000000e+04
8.580000000000000000e+02 1.586400000000000000e+04
8.910000000000000000e+02 1.536200000000000000e+04
9.240000000000000000e+02 1.524100000000000000e+04
9.570000000000000000e+02 1.496600000000000000e+04
9.900000000000000000e+02 1.477900000000000000e+04
1.023000000000000000e+03 1.458000000000000000e+04
1.056000000000000000e+03 1.426600000000000000e+04
1.089000000000000000e+03 1.424700000000000000e+04
1.122000000000000000e+03 1.364000000000000000e+04
1.155000000000000000e+03 1.335800000000000000e+04
1.188000000000000000e+03 1.294900000000000000e+04
1.221000000000000000e+03 1.250600000000000000e+04
1.254000000000000000e+03 1.206500000000000000e+04
1.287000000000000000e+03 1.183100000000000000e+04
1.320000000000000000e+03 1.119800000000000000e+04
1.353000000000000000e+03 1.082200000000000000e+04
1.386000000000000000e+03 1.052300000000000000e+04
1.419000000000000000e+03 9.900000000000000000e+03
1.452000000000000000e+03 9.482000000000000000e+03
1.485000000000000000e+03 8.897000000000000000e+03
1.518000000000000000e+03 8.422000000000000000e+03
1.551000000000000000e+03 7.853000000000000000e+03
1.584000000000000000e+03 7.356000000000000000e+03
1.617000000000000000e+03 6.985000000000000000e+03
1.650000000000000000e+03 6.351000000000000000e+03
1.683000000000000000e+03 5.847000000000000000e+03
1.716000000000000000e+03 5.487000000000000000e+03
1.749000000000000000e+03 5.214000000000000000e+03
1.782000000000000000e+03 4.692000000000000000e+03
1.815000000000000000e+03 4.284000000000000000e+03
1.848000000000000000e+03 3.937000000000000000e+03
1.881000000000000000e+03 3.780000000000000000e+03
1.914000000000000000e+03 3.476000000000000000e+03
1.947000000000000000e+03 2.995000000000000000e+03
1.980000000000000000e+03 2.959000000000000000e+03
2.013000000000000000e+03 2.651000000000000000e+03
2.046000000000000000e+03 2.464000000000000000e+03
2.079000000000000000e+03 2.287000000000000000e+03
2.112000000000000000e+03 2.270000000000000000e+03
2.145000000000000000e+03 2.090000000000000000e+03
2.178000000000000000e+03 2.000000000000000000e+03
2.211000000000000000e+03 1.921000000000000000e+03
2.244000000000000000e+03 1.915000000000000000e+03
2.277000000000000000e+03 1.844000000000000000e+03
2.310000000000000000e+03 1.867000000000000000e+03
2.343000000000000000e+03 1.887000000000000000e+03
2.376000000000000000e+03 1.883000000000000000e+03
2.409000000000000000e+03 1.980000000000000000e+03
2.442000000000000000e+03 1.953000000000000000e+03
2.475000000000000000e+03 2.142000000000000000e+03
2.508000000000000000e+03 2.372000000000000000e+03
2.541000000000000000e+03 2.385000000000000000e+03
2.574000000000000000e+03 2.540000000000000000e+03
2.607000000000000000e+03 2.682000000000000000e+03
2.640000000000000000e+03 2.892000000000000000e+03
2.673000000000000000e+03 3.270000000000000000e+03
2.706000000000000000e+03 3.509000000000000000e+03
2.739000000000000000e+03 3.868000000000000000e+03
2.772000000000000000e+03 4.059000000000000000e+03
2.805000000000000000e+03 4.405000000000000000e+03
2.838000000000000000e+03 4.763000000000000000e+03
2.871000000000000000e+03 5.191000000000000000e+03
2.904000000000000000e+03 5.515000000000000000e+03
2.937000000000000000e+03 6.160000000000000000e+03
2.970000000000000000e+03 6.721000000000000000e+03
3.003000000000000000e+03 7.158000000000000000e+03
3.036000000000000000e+03 7.489000000000000000e+03
3.069000000000000000e+03 8.031000000000000000e+03
3.102000000000000000e+03 8.559000000000000000e+03
3.135000000000000000e+03 9.036000000000000000e+03
3.168000000000000000e+03 9.357000000000000000e+03
3.201000000000000000e+03 1.001700000000000000e+04
3.234000000000000000e+03 1.054300000000000000e+04
3.267000000000000000e+03 1.082100000000000000e+04
3.300000000000000000e+03 1.125900000000000000e+04
3.333000000000000000e+03 1.167300000000000000e+04
3.366000000000000000e+03 1.234700000000000000e+04
3.399000000000000000e+03 1.282800000000000000e+04
3.432000000000000000e+03 1.319300000000000000e+04
3.465000000000000000e+03 1.338900000000000000e+04
3.498000000000000000e+03 1.395500000000000000e+04
3.531000000000000000e+03 1.406600000000000000e+04
3.564000000000000000e+03 1.443900000000000000e+04
3.597000000000000000e+03 1.472500000000000000e+04
3.630000000000000000e+03 1.495800000000000000e+04
3.663000000000000000e+03 1.504800000000000000e+04
3.696000000000000000e+03 1.547600000000000000e+04
3.729000000000000000e+03 1.559300000000000000e+04
3.762000000000000000e+03 1.584600000000000000e+04
3.795000000000000000e+03 1.590400000000000000e+04
3.828000000000000000e+03 1.618100000000000000e+04
3.861000000000000000e+03 1.609100000000000000e+04
3.894000000000000000e+03 1.629300000000000000e+04
3.927000000000000000e+03 1.637500000000000000e+04
3.960000000000000000e+03 1.596000000000000000e+04
3.993000000000000000e+03 1.604200000000000000e+04
4.026000000000000000e+03 1.608400000000000000e+04
4.059000000000000000e+03 1.617700000000000000e+04
4.092000000000000000e+03 1.588100000000000000e+04
4.125000000000000000e+03 1.600100000000000000e+04
4.158000000000000000e+03 1.577400000000000000e+04
4.191000000000000000e+03 1.565600000000000000e+04
4.224000000000000000e+03 1.543900000000000000e+04
4.257000000000000000e+03 1.510800000000000000e+04
4.290000000000000000e+03 1.523900000000000000e+04
4.323000000000000000e+03 1.512000000000000000e+04
4.356000000000000000e+03 1.471600000000000000e+04
4.389000000000000000e+03 1.453300000000000000e+04
4.422000000000000000e+03 1.405700000000000000e+04
4.455000000000000000e+03 1.381800000000000000e+04
4.488000000000000000e+03 1.325100000000000000e+04
4.521000000000000000e+03 1.306000000000000000e+04
4.554000000000000000e+03 1.255900000000000000e+04
4.587000000000000000e+03 1.238200000000000000e+04
4.620000000000000000e+03 1.144200000000000000e+04
4.653000000000000000e+03 1.140000000000000000e+04
4.686000000000000000e+03 1.069900000000000000e+04
4.719000000000000000e+03 1.015800000000000000e+04
4.752000000000000000e+03 9.877000000000000000e+03
4.785000000000000000e+03 9.320000000000000000e+03
4.818000000000000000e+03 8.736000000000000000e+03
4.851000000000000000e+03 8.209000000000000000e+03
4.884000000000000000e+03 7.903000000000000000e+03
4.917000000000000000e+03 7.271000000000000000e+03
4.950000000000000000e+03 6.903000000000000000e+03
4.983000000000000000e+03 6.519000000000000000e+03
5.016000000000000000e+03 5.944000000000000000e+03
5.049000000000000000e+03 5.534000000000000000e+03
5.082000000000000000e+03 5.125000000000000000e+03
5.115000000000000000e+03 4.717000000000000000e+03
5.148000000000000000e+03 4.441000000000000000e+03
5.181000000000000000e+03 4.001000000000000000e+03
5.214000000000000000e+03 3.618000000000000000e+03
5.247000000000000000e+03 3.415000000000000000e+03
5.280000000000000000e+03 3.143000000000000000e+03
5.313000000000000000e+03 2.914000000000000000e+03
5.346000000000000000e+03 2.725000000000000000e+03
5.379000000000000000e+03 2.535000000000000000e+03
5.412000000000000000e+03 2.277000000000000000e+03
5.445000000000000000e+03 2.142000000000000000e+03
5.478000000000000000e+03 2.149000000000000000e+03
5.511000000000000000e+03 1.996000000000000000e+03
5.544000000000000000e+03 1.957000000000000000e+03
5.577000000000000000e+03 1.816000000000000000e+03
5.610000000000000000e+03 1.813000000000000000e+03
5.643000000000000000e+03 1.819000000000000000e+03
5.676000000000000000e+03 1.872000000000000000e+03
5.709000000000000000e+03 1.892000000000000000e+03
5.742000000000000000e+03 2.030000000000000000e+03
5.775000000000000000e+03 2.065000000000000000e+03
5.808000000000000000e+03 2.182000000000000000e+03
5.841000000000000000e+03 2.217000000000000000e+03
5.874000000000000000e+03 2.446000000000000000e+03
5.907000000000000000e+03 2.563000000000000000e+03
5.940000000000000000e+03 2.804000000000000000e+03
5.973000000000000000e+03 2.925000000000000000e+03
6.006000000000000000e+03 3.247000000000000000e+03
6.039000000000000000e+03 3.473000000000000000e+03
6.072000000000000000e+03 3.874000000000000000e+03
6.105000000000000000e+03 4.163000000000000000e+03
6.138000000000000000e+03 4.457000000000000000e+03
6.171000000000000000e+03 4.819000000000000000e+03
6.204000000000000000e+03 5.347000000000000000e+03
6.237000000000000000e+03 5.686000000000000000e+03
6.270000000000000000e+03 6.133000000000000000e+03
6.303000000000000000e+03 6.562000000000000000e+03
6.336000000000000000e+03 6.982000000000000000e+03
6.369000000000000000e+03 7.553000000000000000e+03
6.402000000000000000e+03 7.942000000000000000e+03
6.435000000000000000e+03 8.592000000000000000e+03
6.468000000000000000e+03 9.045000000000000000e+03
6.501000000000000000e+03 9.535000000000000000e+03
6.534000000000000000e+03 9.983000000000000000e+03
6.567000000000000000e+03 1.042300000000000000e+04
6.600000000000000000e+03 1.103900000000000000e+04
6.633000000000000000e+03 1.138600000000000000e+04
