0.000000000000000000e+00 1.472200000000000000e+04
1.428000000000000000e+03 1.513200000000000000e+04
2.856000000000000000e+03 1.550300000000000000e+04
4.284000000000000000e+03 1.584400000000000000e+04
5.712000000000000000e+03 1.663000000000000000e+04
7.140000000000000000e+03 1.689000000000000000e+04
8.568000000000000000e+03 1.710300000000000000e+04
9.996000000000000000e+03 1.758200000000000000e+04
1.142400000000000000e+04 1.793800000000000000e+04
1.285200000000000000e+04 1.837500000000000000e+04
1.428000000000000000e+04 1.836000000000000000e+04
1.570800000000000000e+04 1.881900000000000000e+04
1.713600000000000000e+04 1.898900000000000000e+04
1.856400000000000000e+04 1.929200000000000000e+04
1.999200000000000000e+04 1.949800000000000000e+04
2.142000000000000000e+04 1.936700000000000000e+04
2.284800000000000000e+04 1.962800000000000000e+04
2.427600000000000000e+04 1.975200000000000000e+04
2.570400000000000000e+04 1.936100000000000000e+04
2.713200000000000000e+04 1.984000000000000000e+04
2.856000000000000000e+04 1.969700000000000000e+04
2.998800000000000000e+04 1.982700000000000000e+04
3.141600000000000000e+04 1.956200000000000000e+04
3.284400000000000000e+04 1.931800000000000000e+04
3.427200000000000000e+04 1.929900000000000000e+04
3.570000000000000000e+04 1.915700000000000000e+04
3.712800000000000000e+04 1.895700000000000000e+04
3.855600000000000000e+04 1.876200000000000000e+04
3.998400000000000000e+04 1.870000000000000000e+04
4.141200000000000000e+04 1.852800000000000000e+04
4.284000000000000000e+04 1.814700000000000000e+04
4.426800000000000000e+04 1.796300000000000000e+04
4.569600000000000000e+04 1.727200000000000000e+04
4.712400000000000000e+04 1.695300000000000000e+04
4.855200000000000000e+04 1.658900000000000000e+04
4.998000000000000000e+04 1.639800000000000000e+04
5.140800000000000000e+04 1.565900000000000000e+04
5.283600000000000000e+04 1.516800000000000000e+04
5.426400000000000000e+04 1.482500000000000000e+04
5.569200000000000000e+04 1.407800000000000000e+04
5.712000000000000000e+04 1.378700000000000000e+04
5.854800000000000000e+04 1.307400000000000000e+04
5.997600000000000000e+04 1.231600000000000000e+04
6.140400000000000000e+04 1.187700000000000000e+04
6.283200000000000000e+04 1.112900000000000000e+04
6.426000000000000000e+04 1.054100000000000000e+04
6.568800000000000000e+04 9.983000000000000000e+03
6.711600000000000000e+04 9.215000000000000000e+03
6.854400000000000000e+04 8.634000000000000000e+03
6.997200000000000000e+04 8.244000000000000000e+03
7.140000000000000000e+04 7.574000000000000000e+03
7.282800000000000000e+04 7.211000000000000000e+03
7.425600000000000000e+04 6.610000000000000000e+03
7.568400000000000000e+04 6.064000000000000000e+03
7.711200000000000000e+04 5.605000000000000000e+03
7.854000000000000000e+04 5.151000000000000000e+03
7.996800000000000000e+04 4.774000000000000000e+03
8.139600000000000000e+04 4.301000000000000000e+03
8.282400000000000000e+04 3.919000000000000000e+03
8.425200000000000000e+04 3.730000000000000000e+03
8.568000000000000000e+04 3.408000000000000000e+03
8.710800000000000000e+04 3.242000000000000000e+03
8.853600000000000000e+04 2.993000000000000000e+03
8.996400000000000000e+04 2.773000000000000000e+03
9.139200000000000000e+04 2.767000000000000000e+03
9.282000000000000000e+04 2.532000000000000000e+03
9.424800000000000000e+04 2.446000000000000000e+03
9.567600000000000000e+04 2.430000000000000000e+03
9.710400000000000000e+04 2.361000000000000000e+03
9.853200000000000000e+04 2.297000000000000000e+03
9.996000000000000000e+04 2.303000000000000000e+03
1.013880000000000000e+05 2.339000000000000000e+03
1.028160000000000000e+05 2.370000000000000000e+03
1.042440000000000000e+05 2.496000000000000000e+03
1.056720000000000000e+05 2.590000000000000000e+03
1.071000000000000000e+05 2.720000000000000000e+03
1.085280000000000000e+05 2.883000000000000000e+03
1.099560000000000000e+05 3.070000000000000000e+03
1.113840000000000000e+05 3.283000000000000000e+03
1.128120000000000000e+05 3.610000000000000000e+03
1.142400000000000000e+05 3.947000000000000000e+03
1.156680000000000000e+05 4.212000000000000000e+03
1.170960000000000000e+05 4.538000000000000000e+03
1.185240000000000000e+05 4.941000000000000000e+03
1.199520000000000000e+05 5.470000000000000000e+03
1.213800000000000000e+05 6.015000000000000000e+03
1.228080000000000000e+05 6.403000000000000000e+03
1.242360000000000000e+05 6.765000000000000000e+03
1.256640000000000000e+05 7.562000000000000000e+03
1.270920000000000000e+05 7.874000000000000000e+03
1.285200000000000000e+05 8.539000000000000000e+03
1.299480000000000000e+05 9.172000000000000000e+03
1.313760000000000000e+05 9.735000000000000000e+03
1.328040000000000000e+05 1.022200000000000000e+04
1.342320000000000000e+05 1.098700000000000000e+04
1.356600000000000000e+05 1.170900000000000000e+04
1.370880000000000000e+05 1.221500000000000000e+04
1.385160000000000000e+05 1.291700000000000000e+04
1.399440000000000000e+05 1.348100000000000000e+04
1.413720000000000000e+05 1.398000000000000000e+04
1.428000000000000000e+05 1.449500000000000000e+04
1.442280000000000000e+05 1.498400000000000000e+04
1.456560000000000000e+05 1.568000000000000000e+04
1.470840000000000000e+05 1.576000000000000000e+04
1.485120000000000000e+05 1.652400000000000000e+04
1.499400000000000000e+05 1.679000000000000000e+04
1.513680000000000000e+05 1.725700000000000000e+04
1.527960000000000000e+05 1.752000000000000000e+04
1.542240000000000000e+05 1.814200000000000000e+04
1.556520000000000000e+05 1.829300000000000000e+04
1.570800000000000000e+05 1.843600000000000000e+04
1.585080000000000000e+05 1.890400000000000000e+04
1.599360000000000000e+05 1.892000000000000000e+04
1.613640000000000000e+05 1.930600000000000000e+04
1.627920000000000000e+05 1.936000000000000000e+04
1.642200000000000000e+05 1.917700000000000000e+04
1.656480000000000000e+05 1.941400000000000000e+04
1.670760000000000000e+05 1.955700000000000000e+04
1.685040000000000000e+05 2.000200000000000000e+04
1.699320000000000000e+05 1.974900000000000000e+04
1.713600000000000000e+05 1.956800000000000000e+04
1.727880000000000000e+05 1.938800000000000000e+04
1.742160000000000000e+05 1.949200000000000000e+04
1.756440000000000000e+05 1.940800000000000000e+04
1.770720000000000000e+05 1.938100000000000000e+04
1.785000000000000000e+05 1.943300000000000000e+04
1.799280000000000000e+05 1.906000000000000000e+04
1.813560000000000000e+05 1.891100000000000000e+04
1.827840000000000000e+05 1.868300000000000000e+04
1.842120000000000000e+05 1.833500000000000000e+04
1.856400000000000000e+05 1.816500000000000000e+04
1.870680000000000000e+05 1.781000000000000000e+04
1.884960000000000000e+05 1.741900000000000000e+04
1.899240000000000000e+05 1.703300000000000000e+04
1.913520000000000000e+05 1.670000000000000000e+04
1.927800000000000000e+05 1.623600000000000000e+04
1.942080000000000000e+05 1.578400000000000000e+04
1.956360000000000000e+05 1.537600000000000000e+04
1.970640000000000000e+05 1.478600000000000000e+04
1.984920000000000000e+05 1.408300000000000000e+04
1.999200000000000000e+05 1.362600000000000000e+04
2.013480000000000000e+05 1.297600000000000000e+04
2.027760000000000000e+05 1.240700000000000000e+04
2.042040000000000000e+05 1.193300000000000000e+04
2.056320000000000000e+05 1.127500000000000000e+04
2.070600000000000000e+05 1.095700000000000000e+04
2.084880000000000000e+05 9.979000000000000000e+03
2.099160000000000000e+05 9.264000000000000000e+03
2.113440000000000000e+05 8.832000000000000000e+03
2.127720000000000000e+05 7.987000000000000000e+03
2.142000000000000000e+05 7.754000000000000000e+03
2.156280000000000000e+05 7.132000000000000000e+03
2.170560000000000000e+05 6.678000000000000000e+03
2.184840000000000000e+05 6.025000000000000000e+03
2.199120000000000000e+05 5.538000000000000000e+03
2.213400000000000000e+05 5.138000000000000000e+03
2.227680000000000000e+05 4.753000000000000000e+03
2.241960000000000000e+05 4.374000000000000000e+03
2.256240000000000000e+05 4.075000000000000000e+03
2.270520000000000000e+05 3.637000000000000000e+03
2.284800000000000000e+05 3.411000000000000000e+03
2.299080000000000000e+05 3.128000000000000000e+03
2.313360000000000000e+05 2.957000000000000000e+03
2.327640000000000000e+05 2.811000000000000000e+03
2.341920000000000000e+05 2.591000000000000000e+03
2.356200000000000000e+05 2.569000000000000000e+03
2.370480000000000000e+05 2.401000000000000000e+03
2.384760000000000000e+05 2.345000000000000000e+03
2.399040000000000000e+05 2.288000000000000000e+03
2.413320000000000000e+05 2.223000000000000000e+03
2.427600000000000000e+05 2.292000000000000000e+03
2.441880000000000000e+05 2.459000000000000000e+03
2.456160000000000000e+05 2.430000000000000000e+03
2.470440000000000000e+05 2.434000000000000000e+03
2.484720000000000000e+05 2.531000000000000000e+03
2.499000000000000000e+05 2.805000000000000000e+03
2.513280000000000000e+05 2.892000000000000000e+03
2.527560000000000000e+05 3.129000000000000000e+03
2.541840000000000000e+05 3.253000000000000000e+03
2.556120000000000000e+05 3.584000000000000000e+03
2.570400000000000000e+05 3.974000000000000000e+03
2.584680000000000000e+05 4.179000000000000000e+03
2.598960000000000000e+05 4.571000000000000000e+03
2.613240000000000000e+05 4.941000000000000000e+03
2.627520000000000000e+05 5.177000000000000000e+03
2.641800000000000000e+05 5.931000000000000000e+03
2.656080000000000000e+05 6.309000000000000000e+03
2.670360000000000000e+05 6.846000000000000000e+03
2.684640000000000000e+05 7.428000000000000000e+03
2.698920000000000000e+05 7.894000000000000000e+03
2.713200000000000000e+05 8.580000000000000000e+03
2.727480000000000000e+05 9.223000000000000000e+03
2.741760000000000000e+05 9.613000000000000000e+03
2.756040000000000000e+05 1.022500000000000000e+04
2.770320000000000000e+05 1.088200000000000000e+04
2.784600000000000000e+05 1.167000000000000000e+04
2.798880000000000000e+05 1.214400000000000000e+04
2.813160000000000000e+05 1.259800000000000000e+04
2.827440000000000000e+05 1.305100000000000000e+04
2.841720000000000000e+05 1.397300000000000000e+04
